timestamp,event_type,packet_id,message_id,src,dst,size,prev_hop,next_hop,flags
1769719001.4662197,SENT,b6d7024e-d121-4fc1-a563-f54afac66bf3,95c6f64f-175b-44b7-bb5e-9ad0210de824,c1,DROP,2015,?,p1,
1769719001.4663455,CREATED,a281eaf6-44cd-4b8d-9459-56a8a8db5e23,8a027b14-b1ed-4b29-939f-302499a3db73,c1,DROP,27,?,?,
1769719001.5147424,SENT,e3a76894-3b48-470a-8d68-77d539963d40,68ff9850-6568-4924-9d47-a1f96331d35c,c1,DROP,2010,?,p1,
1769719001.5148616,CREATED,5ded15c1-5011-4368-8b44-d96c78eb09ab,0ec81a14-e9c9-4ea4-bc54-d0270ef0905c,c1,DROP,26,?,?,
1769719001.5752816,SENT,6832c078-04f3-44bd-9acc-5f094a31efd3,50c4ef83-67d1-4ed6-bdeb-a7cf056e72c4,c1,DROP,2039,?,p1,
1769719001.5754023,CREATED,4a18f15c-b083-4fe1-b869-9753ab58f166,cfd849a1-0b4a-4262-8843-ea65438dd6c9,c1,DROP,27,?,?,
1769719001.648387,SENT,0ff7be60-d2f6-4b94-8a4e-60ce513310e9,9364a19d-9620-42da-b398-1b89bf7c8d2e,c1,DROP,2016,?,p1,
1769719001.6485057,CREATED,da326bce-dabe-4234-aded-0945f65bb297,dc70c29d-0bf6-47d2-a9fe-6b13f706ec69,c1,DROP,27,?,?,
1769719001.702639,SENT,7bdec75e-31fc-4d4c-a85e-107ef095bfd5,ea212da7-744e-473a-8739-8d242508a206,c1,DROP,2044,?,p1,
1769719001.7027617,CREATED,dfc8da16-9a27-462c-a095-ffc95d6d5102,ee823e66-efaa-4f1e-9d64-86e76ce8a9ee,c1,DROP,27,?,?,
1769719001.8364637,SENT,42c724b9-15ee-4df8-9904-05607d6355f4,3d68bdba-f346-41aa-b851-1d418c405b05,c1,DROP,2020,?,p1,
1769719001.8365924,CREATED,b40d8a53-2e60-44e4-b3a8-c396ec1fee35,e8d8a498-5c59-4dac-a936-9fa40ed3ab4f,c1,DROP,27,?,?,
1769719001.8999987,SENT,21ba438a-00d2-471e-990c-bbb0b5b2184d,47a7748b-03a1-4510-8ac8-84284fe7a018,c1,DROP,2017,?,p1,
1769719001.9001672,CREATED,9d4f9f5b-38aa-45cb-a235-ba627874441a,bf9cda19-7af3-401b-9dfc-d86cf0578a85,c1,DROP,26,?,?,
1769719002.0229526,SENT,f05b42bc-23f1-434a-97df-0928fe0b1ccd,6a9a7e7d-200d-4979-a5d1-54b30e2375ae,c1,DROP,2025,?,p1,
1769719002.0232031,CREATED,3100108d-6e7c-4c84-86ba-06c898e91d4b,232cfb4b-a1ed-49d7-98e1-5ad52af37c47,c1,DROP,27,?,?,
1769719002.030885,SENT,16dfceb5-60dd-4ae9-8a8b-cef14dfe0ac2,0e7899ec-d0da-4b73-a39e-d7831d4c1be7,c1,DROP,2032,?,p1,
1769719002.0309937,CREATED,793d389f-3a8a-411e-8564-ba6cce27f2af,f9913a1e-96f2-4710-a0b3-5bac31d7a914,c1,DROP,27,?,?,
1769719002.1692486,SENT,ba9d1490-fdfc-438b-a702-31d0f9ce4b24,e7c149ad-7266-41de-8feb-e0164fe42027,c1,DROP,2020,?,p1,
1769719002.169512,CREATED,43e1281b-77ac-4d32-bc49-48c611f414d9,2e0fec4c-84b3-436b-a17b-7847fc48c80f,c1,DROP,27,?,?,
1769719002.2568855,SENT,dd93bf6b-5b7c-42dc-ba6b-95e2a403d4ce,9dc3ebc9-bd00-4943-a70f-9500e9b18b20,c1,DROP,2037,?,p1,
1769719002.2570024,CREATED,bb6c4a82-8153-4d4f-802c-847a9c9d0017,840ae7ea-cd1d-43c5-96f1-3b5d188dc818,c1,DROP,27,?,?,
1769719002.3499844,SENT,dd4ca2e2-3baf-4c7c-b765-47e49fbf204f,0a9e1839-647a-4880-9eab-905d456ccd6f,c1,DROP,2019,?,p1,
1769719002.3501413,CREATED,611c7d11-9f63-4584-9b9b-57dbcb2a3cf4,953b51f4-62fe-47a1-b807-5cf6064a208c,c1,DROP,27,?,?,
1769719002.4320297,SENT,110ed993-765c-489b-bf1c-40bfdc3948bb,3b99d049-d80c-4cb1-a108-8451d86e9c64,c1,c5,3392,?,p1,
1769719002.4322164,CREATED,31495316-6b10-47d5-af68-f07a0e50a833,8df22b6f-f47f-42a1-b825-de524f3764e8,c1,c5,27,?,?,surb={'id': '1c2f0e81-ae45-4f6f-bfa2-bdef0f93e961', 'route': ['p2', 'e5', 'i12', 'x4', 'p1', 'c1']}
1769719002.4463375,SENT,e65a9ea6-3bfb-4982-9be5-d03831c0a244,b9491e99-5d12-4351-a51d-b76278e6d6d5,c1,c5,3401,?,p1,
1769719002.4464738,CREATED,950c855b-e69a-4280-9cb5-177580963acc,3e8ffa4f-b1f3-4ea3-bdd3-645b51bd02a5,c1,c5,27,?,?,surb={'id': '0199c7ff-6e5d-4386-8327-dff089c982c8', 'route': ['p2', 'e5', 'i1', 'x12', 'p1', 'c1']}
1769719002.8167734,SENT,995c299a-bb53-4938-98f6-fb5dd198535d,4fa89200-088b-408c-a7d1-c949cca30d3d,c1,c5,3396,?,p1,
1769719002.8169034,CREATED,30ae3440-4b50-499a-af75-698b72c9a93f,b8839b74-607c-40ec-a697-8621b6850a9e,c1,c5,27,?,?,surb={'id': '3d524ecf-395e-4056-afa7-d7aa44ca58d8', 'route': ['p2', 'e8', 'i7', 'x1', 'p1', 'c1']}
1769719002.8363175,SENT,6a9857d2-fb43-471c-845b-915cbf09ce4c,a690c2ec-1477-47df-a08d-90717b51ed97,c1,c5,3360,?,p1,
1769719002.8364503,CREATED,bbd0127d-22de-42a8-b5fc-e7189d4a3cdc,efb8b7a9-2dc7-44b6-9fe3-c3dc3d13993e,c1,c5,27,?,?,surb={'id': 'c168c2aa-334d-4eae-ae45-2a4b4095b140', 'route': ['p2', 'e11', 'i3', 'x6', 'p1', 'c1']}
1769719002.848237,SENT,883b26f6-07f5-4b8f-b19a-57d8c17bfc10,c21d2c81-18bd-43a0-8422-a04f232179ab,c1,DROP,2032,?,p1,
1769719002.848356,CREATED,0972d691-6170-4229-849a-b624b711f497,7fa22373-241a-4e5f-a9a3-9d280a3b79f8,c1,DROP,27,?,?,
1769719002.877833,RECEIVED,f25498d5-24cb-4444-8b71-263c17650861,d21cea5a-ab20-4a35-856a-719540017c91,c2,c1,27,p1,?,surb={'id': '534611a2-c795-4db9-aba1-952604367b1a', 'route': ['p1', 'e5', 'i4', 'x12', 'p2', 'c2']}
1769719002.9107497,SENT,68605167-5a01-4bcd-b5d4-a6cff01fbc09,27ce2b5f-fa1a-4c75-b34b-d1303a77a035,c1,DROP,2016,?,p1,
1769719002.9108684,CREATED,07180c6c-6ed5-44d6-bb5e-b15ada21b219,c8d189fb-ecb9-409c-88ce-33056cd71f39,c1,DROP,27,?,?,
1769719002.9494665,RECEIVED,1fcfaec3-cfc1-4419-a5f7-ed17cbd1696f,798dc06b-011a-4adf-aa8f-db322f8a420f,c3,c1,27,p1,?,surb={'id': 'ad0d051d-b0e2-487c-8f9d-55a5528276ff', 'route': ['p1', 'e1', 'i10', 'x8', 'p3', 'c3']}
1769719003.010549,SENT,10110afb-a00c-47c0-9063-572701c76a18,7c3f4a33-41cb-451d-a53b-b02d321a851a,c1,DROP,2042,?,p1,
1769719003.0106688,CREATED,5036c7a9-5684-4428-b80d-855c115e3130,56c1d4d1-43e4-4fb7-9090-be63fea412e9,c1,DROP,27,?,?,
1769719003.0545552,SENT,35a8da3f-370a-42ec-b598-9a46b7a8da1d,a01619dd-96ab-43bc-be9c-c15cc32166a6,c1,DROP,2016,?,p1,
1769719003.0546715,CREATED,bca6318a-5e46-4b90-b2ab-95780334a1fc,d90454b1-20ca-42c9-abdb-6cacd0298bbb,c1,DROP,26,?,?,
1769719003.1744633,SENT,326092de-6006-4fb9-93d8-df0e58109a81,2279a872-5637-4787-b50f-198412ab9aa9,c1,DROP,2024,?,p1,
1769719003.174546,CREATED,ebe9bfe7-edf8-4e4f-a8ad-ed472c0b8399,f293fa50-9bd7-484d-b91b-e0cc2f1f3335,c1,DROP,27,?,?,
1769719003.241513,SENT,7dba8e3e-1dd7-487b-8e34-16991cde67d4,67896401-f47e-4099-bae0-c32c89f7bb5a,c1,c5,3390,?,p1,
1769719003.2415698,CREATED,2acf9c7b-a2e4-4ac0-bbf3-537bd8b8e9d0,eb557175-fae9-4be4-80e2-cf1714920071,c1,c5,27,?,?,surb={'id': 'ee4aebea-a45d-4e8e-8311-a49111df40d3', 'route': ['p2', 'e10', 'i10', 'x4', 'p1', 'c1']}
1769719003.248914,RECEIVED,9767f659-1493-4b44-8dc8-4facba4bdfe3,890961e6-176a-4af7-92b4-ade5c44d75a2,c3,c1,27,p1,?,surb={'id': 'fc345c64-6b09-4b66-9cf1-32f6ed0462dd', 'route': ['p1', 'e3', 'i10', 'x9', 'p3', 'c3']}
1769719003.3361533,SENT,40410fc5-d52a-4c69-bb81-ad874d4d9025,3852f425-2912-4587-b1d3-7d30bd8346a9,c1,DROP,2031,?,p1,
1769719003.3362157,CREATED,d26b2e77-b548-4c73-83b5-a160013ab338,080b9059-b3e7-4207-85f5-108401f65dfc,c1,DROP,27,?,?,
1769719003.524735,SENT,d7fb4219-341f-4b63-b42b-7a49a512d8f0,fd65f144-a9f3-48fc-bbfa-a6f3b4f01452,c1,DROP,2015,?,p1,
1769719003.524857,CREATED,5ffdee42-3e5f-4379-b34f-3498587872fb,46d82fe9-0ae9-47b2-b213-2b0395a79a22,c1,DROP,27,?,?,
1769719003.6779997,SENT,02b0c9ed-de4a-4d37-9f03-0860c7381981,27110811-53a6-406f-8eee-dab89c4c875a,c1,DROP,2015,?,p1,
1769719003.6780827,CREATED,a7a0f214-b55e-4901-8315-df567090f8b9,29dd106d-34e7-4dfe-9694-14da677fe75f,c1,DROP,27,?,?,
1769719003.715369,SENT,3ecc293d-081a-4dec-8afd-fe7cc02f450d,b36c8225-cf63-40b0-a25a-317ecac25b93,c1,DROP,2020,?,p1,
1769719003.7154276,CREATED,e4977a15-537c-453f-96cb-e02273810f5e,76704c01-3dd7-451a-aaee-f68cbffa8c16,c1,DROP,27,?,?,
1769719003.7671213,SENT,d5a5bebf-245e-418f-979c-5f13804828c9,f658db99-f001-4f93-bc24-72e02d41a8f7,c1,DROP,2012,?,p1,
1769719003.7671866,CREATED,670c416b-c2ab-4157-a6a8-8c788c8c0de1,b0898dad-f16e-4568-8d1b-bbf9523cbdb3,c1,DROP,25,?,?,
1769719003.860579,SENT,1352cf17-58bc-4c4b-bc17-52145032e733,6f7d2e7d-a8f1-4a94-a9f0-52657c1b0b7e,c1,DROP,2020,?,p1,
1769719003.8606431,CREATED,2471a1b4-4b01-4d3b-b63b-393989b3530f,8e110ff8-23e1-40a2-b990-a6dda60a39fb,c1,DROP,27,?,?,
1769719003.862975,SENT,ef960f24-9166-46ee-af77-2b456c09e7eb,5e9baee1-37bd-4fe0-880d-d74f05448358,c1,DROP,2034,?,p1,
1769719003.8630311,CREATED,25cb3161-4096-49da-8254-b21642b4393a,e0ba49e2-beb0-493f-8cf2-78c2d02a5030,c1,DROP,26,?,?,
1769719003.9278939,RECEIVED,dee88d4c-4fbf-45e0-9d0e-a13e9b60933e,71f63e0b-3901-45e7-9b97-16d2e628f48c,c3,c1,26,p1,?,surb={'id': '24ff0397-5bb7-4040-8693-7d57e70ff469', 'route': ['p1', 'e11', 'i6', 'x3', 'p3', 'c3']}
1769719003.9646986,SENT,1725515d-c098-4640-84a3-0f7c5ce9f205,de0bdd62-9d6b-4785-9ab1-0870d6bd34b9,c1,c5,3384,?,p1,
1769719003.964778,CREATED,2a845b99-bd17-4c3a-bee9-a55c9209dc37,c48b8069-9be1-4163-9807-7286a4e399b0,c1,c5,27,?,?,surb={'id': '7be02a6c-ea06-4c4c-85ac-41250a397f8a', 'route': ['p2', 'e4', 'i11', 'x1', 'p1', 'c1']}
1769719003.982322,SENT,02d1ea5c-87b1-4842-8b48-2b31c42fb487,a2e0bb26-f628-4e29-b3a4-89a62e151f6f,c1,DROP,2031,?,p1,
1769719003.982392,CREATED,58a6d0a7-dcee-4bef-a8cd-4b1b08f3e01b,52dfd3a5-f350-4f8f-ba14-1fc1950e7bda,c1,DROP,26,?,?,
1769719004.226423,SENT,7964697b-63e7-45a3-b995-10493a27754d,0d4a8647-2e3d-4925-96a5-b92b084d3294,c1,c5,3375,?,p1,
1769719004.2264936,CREATED,e064c18a-c9d4-4f94-a3b6-592d85629580,c56436ec-c72e-46e0-98f0-c4e43e2a0bbc,c1,c5,27,?,?,surb={'id': '20fc8d6b-b674-4f92-8e2f-915f5611a428', 'route': ['p2', 'e7', 'i9', 'x10', 'p1', 'c1']}
1769719004.2463956,SENT,c8312741-30ec-4f4b-b14c-73ad99777dec,542e53d5-3199-44d2-95e6-975a6e330a97,c1,c5,3385,?,p1,
1769719004.2464645,CREATED,27949161-4d85-484d-bf1d-4c609f144121,2357c5a5-dabb-436a-9e33-4045f3237f58,c1,c5,27,?,?,surb={'id': '655829f4-9b55-4460-96c7-f2ef6dfb681e', 'route': ['p2', 'e12', 'i3', 'x3', 'p1', 'c1']}
1769719004.320127,RECEIVED,ecb5ebb0-3c93-4c96-a512-8143ef3fee00,3b46cc53-d709-4729-89e8-bc3c010819c4,c3,c1,26,p1,?,surb={'id': 'eecd080c-bc73-4642-a660-afc7f64c7307', 'route': ['p1', 'e11', 'i8', 'x9', 'p3', 'c3']}
1769719004.3565776,SENT,43d0cd99-fc6e-4ae2-adfe-1013b899b809,bcfb0aee-70de-4089-bf3d-54fe736e7edd,c1,c5,3359,?,p1,
1769719004.356649,CREATED,9c6151fd-4d4b-4a2d-80c3-515cb360bdd9,fca6bb2e-391d-480a-ada2-f90930c39c38,c1,c5,26,?,?,surb={'id': '9fe3a340-e735-4f6c-8ef9-b5a41187e2b6', 'route': ['p2', 'e10', 'i8', 'x3', 'p1', 'c1']}
1769719004.3879304,SENT,4d5de737-408e-4057-b571-bac24ac20233,971fd502-ddee-4a58-9db8-5c7d8e09095f,c1,c5,3379,?,p1,
1769719004.3880026,CREATED,30f7c1e9-a7b3-48f1-9b2f-c53a84c2cb5e,afed6815-41f9-4863-84c7-aa4117b24559,c1,c5,25,?,?,surb={'id': 'f3f17f5c-f05f-4b77-bcc9-51b528b1f68d', 'route': ['p2', 'e12', 'i6', 'x9', 'p1', 'c1']}
1769719004.50276,RECEIVED,d81bf2fa-55f9-49b2-9a11-4904fd187230,c9c87cab-476e-4140-8202-323737b9f7fb,c5,c1,27,p1,?,surb={'id': '89c69a60-a03d-45bb-822a-917380b7d647', 'route': ['p1', 'e12', 'i7', 'x10', 'p2', 'c5']}
1769719004.5370908,SENT,b0ac6bea-df24-4b0a-8e35-cc1ea5410098,694c6743-b234-42a9-8864-ef2fa606e2d4,c1,c5,3363,?,p1,
1769719004.5371618,CREATED,3054c236-8caf-460a-932c-99bd20c18c5c,649d49cb-bbf2-4c7f-a13f-74bcb35cebf4,c1,c5,26,?,?,surb={'id': 'fd92fb91-5b85-4a06-88a6-9bb83179e73a', 'route': ['p2', 'e10', 'i11', 'x9', 'p1', 'c1']}
1769719004.5901499,SENT,a09b6120-6350-4caf-b8e7-1e1ac66b49f4,01ed6e9e-7350-4fcc-901d-cd4e021e3adc,c1,c5,3376,?,p1,
1769719004.5902212,CREATED,e724487c-cffa-4739-9a19-88473f82b72c,ce5b80a6-dbbb-40f0-af05-44bab4408442,c1,c5,27,?,?,surb={'id': '21674e79-f998-476c-9c63-cc57b366def4', 'route': ['p2', 'e3', 'i9', 'x7', 'p1', 'c1']}
1769719004.6349223,SENT,a3d19f10-8c6a-4ba0-be3b-b5969ed0d02a,5d1e256a-fcae-4d9c-89a8-fa66269813ea,c1,DROP,2017,?,p1,
1769719004.6356037,CREATED,f34a82cd-62a6-4d16-b821-791571bdc742,3ed56ae2-e2bf-4bc6-b53e-cb9e4c6b54bc,c1,DROP,26,?,?,
1769719004.6353457,RECEIVED,baba562d-dae9-4660-96e4-0fe51fbf0259,748450c8-7039-47a6-84fd-3df470080e3a,c3,c1,27,p1,?,surb={'id': 'baac564f-e789-42c6-a2ce-d45611ccac25', 'route': ['p1', 'e9', 'i9', 'x1', 'p3', 'c3']}
1769719004.7257445,RECEIVED,afb96058-3267-4054-ada3-67176f64de8f,897a0c6f-99a0-4cc6-a041-5289ef421dce,c5,c1,27,p1,?,surb={'id': 'fa8aca62-f227-4790-9440-5cc2594fd513', 'route': ['p1', 'e5', 'i6', 'x1', 'p2', 'c5']}
1769719004.7295043,RECEIVED,24d51030-2f3e-47fb-af97-8b43c1d29c99,14dafc59-5fa2-43ea-9ac8-8838e66ea7b1,c5,c1,26,p1,?,surb={'id': 'a5386837-6e49-4cd6-9418-aa2d44f8a63b', 'route': ['p1', 'e3', 'i5', 'x3', 'p2', 'c5']}
1769719004.9215832,SENT,e8f197c5-611b-4cfb-93cc-bce216407d3a,6b9d898c-fbb8-4013-925f-62c81aa7205d,c1,c5,3396,?,p1,
1769719004.9216452,CREATED,93fe1d86-75a7-4898-bbba-f640c473f5e0,1f926b50-4baf-425a-9fab-309a02d90d04,c1,c5,27,?,?,surb={'id': '03fe2136-020d-44cc-b3ac-d9133fbc8668', 'route': ['p2', 'e10', 'i12', 'x1', 'p1', 'c1']}
1769719004.9728591,SENT,41a56a07-fd8e-41b0-9123-99b3d7ae4ba3,0a57503d-84c9-4527-80dc-f8ca73c478bf,c1,DROP,2033,?,p1,
1769719004.972921,CREATED,48637096-b948-46a8-b988-187c60ec1e45,39d54856-6959-4b11-a512-8de563cad45e,c1,DROP,26,?,?,
1769719005.121731,SENT,1b325b64-88af-4b42-8122-a63594fccc65,6db08e0d-9407-4933-abbd-5c2abc594456,c1,DROP,2013,?,p1,
1769719005.1217933,CREATED,c8c59c9f-7b5b-453a-81a2-407efed26767,579d4f02-5ffc-43f4-9505-892debfa7306,c1,DROP,27,?,?,
1769719005.1482475,SENT,2768471a-e649-48b9-90e8-6b87b7fd50ca,3aec2aeb-fcec-4a1b-aaba-f0957caca3fa,c1,DROP,2014,?,p1,
1769719005.1483104,CREATED,ebfaae17-9613-4756-8c64-8b7434434685,1df42c5b-05d5-442f-ab37-82b06b629a2f,c1,DROP,27,?,?,
1769719005.1937826,RECEIVED,ca78f1d0-a3a5-4f15-9bc9-7783ec8b8d0c,49262b16-95f3-43a0-8eab-8e5ca70c473a,c5,c1,27,p1,?,surb={'id': '4d9c0e0e-62c8-4fa0-8b23-e0093a71a2ba', 'route': ['p1', 'e3', 'i8', 'x11', 'p2', 'c5']}
1769719005.1968405,SENT,fc5717d1-2548-4d75-b71d-30041a3428a7,33196c9b-8da1-4876-ada8-7e08c2b53321,c1,DROP,2027,?,p1,
1769719005.196903,CREATED,19d88ab0-c94f-47c6-ade2-6caeb3620894,61d3055e-2a7d-4300-bfba-9c0887c3f78c,c1,DROP,26,?,?,
1769719005.2468925,SENT,600ff452-6ca8-48e7-a81c-d4b68b577ed4,d8c01b2f-8026-4ef9-ae77-2084e76122ac,c1,DROP,2031,?,p1,
1769719005.2469556,CREATED,9a456fec-159d-44e5-ab72-b84271231814,3350e06a-3a16-4e84-98c9-04ef98d4b595,c1,DROP,27,?,?,
1769719005.3099463,RECEIVED,78548484-66b0-40a5-abe1-aed979154db5,13572c24-cf5a-48e1-b0a7-02b44261b580,c2,c1,27,p1,?,surb={'id': 'd24b4775-1f68-4124-8a8a-4fe0597d2cdd', 'route': ['p1', 'e9', 'i6', 'x3', 'p2', 'c2']}
1769719005.3632236,SENT,587f19ea-8a47-432b-beab-a72cd6fc5ce5,0f9357a2-4c4b-4158-bd1a-636a8eb1a9be,c1,DROP,2028,?,p1,
1769719005.3632758,CREATED,d1507ad0-2bda-4b12-9f37-f6417a5275d2,2dedac0c-e9ff-4d0b-8e69-4a8b7eae7c63,c1,DROP,27,?,?,
1769719005.3774087,SENT,794ab6f9-d6d0-46d2-8a4b-0238f8822e7e,3fba7d29-b681-40c0-be88-f6b7e23f2044,c1,DROP,2031,?,p1,
1769719005.3774717,CREATED,0dad94c8-da80-4f7a-bae6-31e2a161ef1c,65763428-592d-443b-80b8-6a17eb01e98b,c1,DROP,27,?,?,
1769719005.3835454,SENT,370e58bf-3cf1-4b0e-ab30-f761a5e69b59,fd907e25-ba2a-479e-bd79-bd03879270f5,c1,DROP,2015,?,p1,
1769719005.383605,CREATED,04472ffa-19b3-4552-a22c-684d806d905e,820358e3-47f2-4cab-bb29-3882a5d289ef,c1,DROP,27,?,?,
1769719005.383781,RECEIVED,32c5efa8-9dbd-4d7f-bfb2-9926437de421,dc58c667-8b6a-48a6-b899-c76ae987b4fb,c2,c1,26,p1,?,surb={'id': 'a38d7dc2-188d-4ddd-8f3c-3094ab7bd115', 'route': ['p1', 'e9', 'i7', 'x11', 'p2', 'c2']}
1769719005.41751,RECEIVED,ac1a4a13-d8bf-4f34-b590-b7fc638b767b,f6e6e329-df22-4361-852e-50525d2a150e,c5,c1,27,p1,?,surb={'id': '96f101f2-acb5-47ab-b635-b24ca4adfebf', 'route': ['p1', 'e2', 'i8', 'x8', 'p2', 'c5']}
1769719005.4217598,RECEIVED,379bbbe1-9827-401b-857d-3eac8949bd3c,149b1acb-52ed-4a47-b1ef-4a8dc21051ee,c2,c1,27,p1,?,surb={'id': '0e7f2386-0db2-4878-80b1-51a3304e2729', 'route': ['p1', 'e3', 'i4', 'x5', 'p2', 'c2']}
1769719005.4471009,SENT,fd797c09-71c0-4086-ae2f-a805b70fbe39,2e9e6eee-0dbc-458b-b595-9b3da100e653,c1,DROP,2015,?,p1,
1769719005.4471655,CREATED,003f1bd0-f6c0-4ea8-88be-ca66eb198390,887f8818-c258-4f92-bad4-496632c758a1,c1,DROP,27,?,?,
1769719005.4961863,SENT,cc3d18ab-cbc0-4309-9c36-a2664c70c2a3,f399c7b0-68cc-4a72-bd6e-48e0f5ee4c53,c1,DROP,2031,?,p1,
1769719005.4962494,CREATED,1ff20a13-872f-4fe6-bfdc-148d30295131,f3a0e56e-fb69-4ee1-b4b9-2b96821de85d,c1,DROP,27,?,?,
1769719005.549827,SENT,0e680da9-eaff-441d-9b02-9e61e03ca3e4,4879d4c1-0fe4-4df8-9e09-6f7954d880e7,c1,DROP,2020,?,p1,
1769719005.54991,CREATED,7a32d5eb-7a8a-4df4-8d4c-2c38d509cd8e,2fa56101-2a11-4f5e-b280-62a085fd7520,c1,DROP,27,?,?,
1769719005.555156,RECEIVED,7ec6f7d8-4e6c-4d65-b26a-9febc6208561,29964c65-db0f-47e5-bec3-3419df7f53e6,c5,c1,27,p1,?,surb={'id': 'aa358c14-ad5e-48ae-8473-2eb719700a3e', 'route': ['p1', 'e5', 'i6', 'x12', 'p2', 'c5']}
1769719005.5675302,SENT,9eec5416-b4a5-42ec-954c-5d2cd06dc511,0515c144-0645-4207-89ef-fb1cb3a7c57b,c1,DROP,2015,?,p1,
1769719005.5675945,CREATED,8aaae504-a8f7-44b2-a6c4-cc19d9f9d231,c87c5139-31b7-4804-8cd7-d4de0c4bb485,c1,DROP,27,?,?,
1769719005.6398098,SENT,4de4d768-83e4-4972-a4dc-45eb016661ff,0ee32b9b-2370-481d-b78a-aef9a9b4d839,c1,DROP,2027,?,p1,
1769719005.63987,CREATED,d0268d72-40c4-4512-b5e3-f862652fdf1d,0df28a61-aca3-45a1-992a-63f9283e5ae8,c1,DROP,26,?,?,
1769719005.6519744,RECEIVED,150bcef7-70cd-405d-969d-1c51cac8ab31,adf9f727-1add-4aba-8138-e4cb9da61057,c3,c1,27,p1,?,surb={'id': '5c08c1e5-021a-4b1d-917d-0659f2ecb80d', 'route': ['p1', 'e2', 'i11', 'x11', 'p3', 'c3']}
1769719005.6589837,SENT,f83b8536-3b45-4d34-94eb-a3b90caeb724,b7cbf5b1-2ed4-4443-b363-dbc3812c417d,c1,DROP,2028,?,p1,
1769719005.6591148,CREATED,3155535a-d113-4038-b436-919aa6edc6b5,9d848faa-726d-49da-a798-f04523111ba9,c1,DROP,27,?,?,
1769719005.6689808,SENT,841d866a-5ab2-40aa-93c4-697d5cde46b9,01212bd2-cae2-49a6-999d-8b9b9964311c,c1,DROP,2017,?,p1,
1769719005.6690545,CREATED,6baf7906-665f-4dda-aa25-280695a80e83,143fe65b-6fc5-4f1b-bfef-c8127b6527ef,c1,DROP,26,?,?,
1769719005.67565,SENT,f60a9e30-b4ac-48f5-a59c-7b295b8ffdc3,60358028-1db1-4fdb-b78b-44e074dcaec2,c1,c5,3372,?,p1,
1769719005.6757233,CREATED,0314fead-5661-4386-b15d-66b0b29d07bf,8d46cc1a-8dce-47e3-b975-d51e97c29613,c1,c5,27,?,?,surb={'id': '7bff278f-feb6-4dff-9d36-f76bb4ea2ed2', 'route': ['p2', 'e12', 'i6', 'x9', 'p1', 'c1']}
1769719005.7311394,SENT,562e13c8-d7f0-4c31-a00a-4dbd19a1347d,fb05e2ac-01fb-4ed7-926d-ec7df255b4d2,c1,c5,3389,?,p1,
1769719005.7312253,CREATED,789077e0-6b37-4339-af12-7c357d1f2d75,21b52888-d581-4050-9133-c1cc9b2db456,c1,c5,27,?,?,surb={'id': 'c16dc9ba-b1c3-479f-8fbc-7a4e5cf3b52c', 'route': ['p2', 'e7', 'i2', 'x10', 'p1', 'c1']}
1769719005.8425817,SENT,0165af3e-1264-47ed-8d3f-207a27466109,58e8928d-3ba9-4171-8b6e-6f024e0d1c5a,c1,c5,3398,?,p1,
1769719005.8426328,CREATED,5b054895-8320-4845-934f-33a14624cfce,d9458986-c2dd-4362-813a-d3fc822d4d01,c1,c5,27,?,?,surb={'id': 'c4fc7e7c-d96e-4b53-b32d-0a7095e3aeda', 'route': ['p2', 'e6', 'i12', 'x3', 'p1', 'c1']}
1769719005.8783114,RECEIVED,1b1cfa97-6a31-4362-ab34-cbe4536eafbd,04cc350a-4de1-4999-b357-31a44e5171d1,c3,c1,27,p1,?,surb={'id': '8a41918f-c754-43ed-a628-74d200936745', 'route': ['p1', 'e6', 'i11', 'x8', 'p3', 'c3']}
1769719005.9209175,SENT,3202f4b7-5f08-4b5c-ac28-d98b90320f35,e4ee7b6d-6404-4b3a-9c53-243621ee5aa5,c1,DROP,2032,?,p1,
1769719005.9209616,CREATED,368d60a6-61ea-4748-9700-b29870cfa7b3,c6c4a649-9b5c-4ad7-9eac-2afa79c2acca,c1,DROP,26,?,?,
1769719005.9287658,RECEIVED,d9f5e0e1-d012-452b-b3f1-a6a535dc8a62,940568af-b02d-496f-a12c-9c6d358024e6,c5,c1,27,p1,?,surb={'id': 'b71d183e-5925-427a-9b55-1d09b873b0d1', 'route': ['p1', 'e5', 'i4', 'x3', 'p2', 'c5']}
1769719005.9694824,RECEIVED,0c18a7e5-4ac1-457f-9d6e-6d892e515c5a,36a724b1-0ac9-46af-add8-67fed77d351c,c3,c1,27,p1,?,surb={'id': '538ee332-67eb-4a87-8d19-68bf771fd52a', 'route': ['p1', 'e7', 'i7', 'x10', 'p3', 'c3']}
1769719006.0163195,SENT,13adb677-3ff5-4202-8155-dafc65b02e90,83422db6-487b-4fa3-b558-a01629cc78a5,c1,DROP,2015,?,p1,
1769719006.016365,CREATED,4ec49c97-e751-4479-9bb0-3c54ed448ece,296d9cbf-c606-4293-8c3e-236eb6cf46d6,c1,DROP,27,?,?,
1769719006.1576586,SENT,af143085-4a26-4309-a3b1-b2cd076b0ea5,6eeb1245-92a1-47cc-9537-9c42e8cbb02f,c1,DROP,2012,?,p1,
1769719006.1577165,CREATED,10272179-91e3-4d86-a161-082201fa18a5,75ce050b-d635-4a9c-9050-248b39253e3d,c1,DROP,26,?,?,
1769719006.1586864,RECEIVED,8a379efd-c0bd-420a-ad38-f42b119f6dee,e9c6c4e5-6498-4035-82ec-d89b7ad579df,c3,c1,27,p1,?,surb={'id': '13b9ce69-4350-4538-ae4f-f86ce19c8555', 'route': ['p1', 'e9', 'i1', 'x1', 'p3', 'c3']}
1769719006.218523,RECEIVED,fb565b80-ac00-4dbe-9aab-5ffcfeb1d000,54ad098a-2134-4e45-9b38-3cfe4008fc5a,c2,c1,26,p1,?,surb={'id': '545b0b4e-167a-4f53-b258-00cdfbb8ebc4', 'route': ['p1', 'e6', 'i9', 'x6', 'p2', 'c2']}
1769719006.2673047,SENT,f0c03762-2b46-4dbc-a88a-1654098becde,fb5ed277-0a7b-4734-82a5-dbaee1b760b8,c1,DROP,2027,?,p1,
1769719006.2673626,CREATED,80ce5b21-a73e-45d9-86f6-ee641305cff8,7eb0f526-3f47-4412-b98e-80fc36317aa1,c1,DROP,26,?,?,
1769719006.273854,SENT,48df14c8-519f-4986-a044-e1314ac5a5c3,3621c9a8-4f4d-405c-9741-c01e8d978df8,c1,DROP,2048,?,p1,
1769719006.2739096,CREATED,6f602617-728a-456b-9647-532034109ec0,6815d42b-4e43-425a-8a08-e7358a6d6b72,c1,DROP,27,?,?,
1769719006.2817085,SENT,be942b6f-baa8-4751-bf69-818a5db854aa,82b819c4-523f-4b95-b552-457b43450048,c1,DROP,2039,?,p1,
1769719006.2817657,CREATED,3b2aa471-59ad-4591-b374-c0f5eeb1741f,a5ca611c-6ce0-4303-b42b-d60acc2cb014,c1,DROP,27,?,?,
1769719006.32054,RECEIVED,aa7d2732-2e3d-4296-a411-2a9c366d6b65,5d38651e-3119-419b-9664-d625e4f0940f,c2,c1,26,p1,?,surb={'id': '614f5ccf-a2a3-48d2-8bec-5d2340c05435', 'route': ['p1', 'e11', 'i7', 'x3', 'p2', 'c2']}
1769719006.3882294,SENT,d34da4c5-a688-4764-9a17-46b7968576be,c828aac3-d624-4161-bddd-9549c284d604,c1,DROP,2017,?,p1,
1769719006.3882723,CREATED,afb39ad2-0d1f-4041-9497-e730c3f07a24,7d0d7741-70f2-4596-a078-bc3149ee62dc,c1,DROP,27,?,?,
1769719006.4317589,RECEIVED,183aac51-f594-4fd3-b16e-15678531a1fe,80f3a9a4-78c8-47ae-929f-4fa78fc0d368,c2,c1,26,p1,?,surb={'id': '74355fe5-3da2-4a39-a3a4-e4f59a66ef68', 'route': ['p1', 'e5', 'i4', 'x10', 'p2', 'c2']}
1769719006.4720073,SENT,af0abfc4-041f-4b14-b4f2-f4f15279b8a9,ad7ca8c7-ed7b-4337-ac74-66868ac1335d,c1,DROP,2028,?,p1,
1769719006.472109,CREATED,3bf92726-3777-4133-9a98-178c6791b6e7,fca98616-a543-4996-b2ad-85821b96ee3f,c1,DROP,26,?,?,
1769719006.4892662,SENT,766e087d-f2f1-478d-ba1b-b15b2b467e96,62845ae7-f91e-4c38-a13a-3176ea92c98d,c1,DROP,2015,?,p1,
1769719006.4893122,CREATED,4ced6598-fa11-40b8-9073-c5aacb9778b8,990ef8f5-9b13-4d49-bd81-f49ef5b5ef1d,c1,DROP,27,?,?,
1769719006.4968567,RECEIVED,88eb1eb7-edc7-4776-bd8c-2fb6e8a7ce28,77402ff1-de58-4402-922e-14f1066dbbf0,c3,c1,27,p1,?,surb={'id': '1891f8dd-7654-48de-a115-ba1ae414affa', 'route': ['p1', 'e4', 'i7', 'x10', 'p3', 'c3']}
1769719006.4973803,SENT,84aef687-e329-496d-935f-154d25619632,f65db681-d6b7-4503-9a24-22ca8f7b10f2,c1,DROP,2028,?,p1,
1769719006.4974332,CREATED,41b5370d-56cb-4d1d-bc7d-59f6399b6694,269c806d-8f2e-4f0c-ba17-a211dfba4de9,c1,DROP,26,?,?,
1769719006.5034013,SENT,c0d889ab-8823-482e-8d05-4b41c7071f52,01636b49-6412-4cd2-8a37-e49c82eb544d,c1,DROP,2020,?,p1,
1769719006.5034473,CREATED,c234ff46-62d1-4fc8-86ce-38185872366d,e7cf27f1-d90a-4f5a-8b36-398b9dd8922b,c1,DROP,26,?,?,
1769719006.5150628,RECEIVED,85657037-0f0e-4ab0-874e-1e5d690e2f16,796805a7-750e-451f-9747-0243d83ed493,c2,c1,25,p1,?,surb={'id': '4722d91e-6c12-4133-9e3e-5d755d5cbc53', 'route': ['p1', 'e9', 'i1', 'x6', 'p2', 'c2']}
1769719006.619827,SENT,4a43eeb8-a820-4538-9f99-fd68a49858bf,dad607d2-4ae5-47be-9296-daf3ccd1c0c6,c1,DROP,2037,?,p1,
1769719006.6198769,CREATED,9a3842f6-1cda-49b7-a08e-05c0d1bb350e,204d88b3-4b9c-4c6b-8443-fd3501a2477e,c1,DROP,27,?,?,
1769719006.689228,SENT,d544ec2e-6577-4fd3-95da-28b9bdf0dce4,3a2a8cbd-7fa7-4a76-9eaf-a4ce4d0da15f,c1,DROP,2015,?,p1,
1769719006.6892736,CREATED,221fbe90-7bee-4cba-b429-42dd4fd2f7af,984ed27e-2096-4c66-a898-7fae83321e55,c1,DROP,26,?,?,
1769719006.7097404,SENT,03a3fd66-207d-4396-b30b-98fd73b976d2,f883c2ff-30d6-4e41-a9c5-506f3d4ddf5b,c1,c5,3376,?,p1,
1769719006.7097914,CREATED,94722e9c-d3b2-47b7-845d-bdaf68163492,019f9cab-709d-464c-bccf-cde6b1ddc545,c1,c5,26,?,?,surb={'id': '57e6ccd3-823d-42da-8437-8ce2aab34dc7', 'route': ['p2', 'e6', 'i3', 'x3', 'p1', 'c1']}
1769719006.7145495,SENT,1b6ada3e-be98-4585-aa93-d657cc7373cd,08637ea6-c2ff-4bad-b599-a54d68c10ac5,c1,DROP,2016,?,p1,
1769719006.7145963,CREATED,cdb029da-8cb9-4199-aeb4-f6aee45dcd35,74dada20-aa73-4065-9993-1d06454cbd26,c1,DROP,27,?,?,
1769719006.7947667,RECEIVED,b40a450e-36c3-4e4f-a6c9-e0a228832f28,140c6bca-2284-41f0-8791-4c67e1889d6a,c5,c1,26,p1,?,surb={'id': '1df3f4a1-cc74-4216-9258-22ad008bf48f', 'route': ['p1', 'e5', 'i9', 'x7', 'p2', 'c5']}
1769719006.829162,SENT,26f8240d-ff15-4c96-9809-f97d3269722c,d70567f6-99c2-4170-a049-16f3ab8a8882,c1,c5,3376,?,p1,
1769719006.829213,CREATED,03b1cc4f-8c9f-41e9-aea1-ada43e6c2a19,e122326e-5222-4fd0-90d3-d4353f204c99,c1,c5,26,?,?,surb={'id': '183f0617-f689-4bb6-8ac8-58b1d628cbdb', 'route': ['p2', 'e4', 'i11', 'x9', 'p1', 'c1']}
1769719006.8321068,SENT,81bf801b-07a5-464f-b608-c4c567a1e873,31c02f3f-0721-49cf-aa73-981c2d18cd53,c1,DROP,2023,?,p1,
1769719006.8321538,CREATED,fa2fc00d-23d8-44e4-a1e2-b68bdac561b8,46816aff-79cd-4e06-a9c8-97e2d4c7f6a9,c1,DROP,27,?,?,
1769719006.842194,SENT,461833b8-5425-4f57-a9b7-8dee4bee96d1,796bce74-384d-43e9-a825-34041aba9144,c1,DROP,2015,?,p1,
1769719006.842241,CREATED,791dd774-f175-40d0-94a7-300695ecc707,cb19037e-71c4-4330-838b-263d52d41ca8,c1,DROP,26,?,?,
1769719006.9934533,RECEIVED,d62233ac-468f-424f-96f7-b2bf701b2786,693b2490-8e09-4bb9-be12-d81464311326,c3,c1,27,p1,?,surb={'id': '9b729a5c-4f65-46a0-bbd7-1765c5c7c498', 'route': ['p1', 'e2', 'i10', 'x7', 'p3', 'c3']}
1769719007.0275126,SENT,3bd72d8b-f987-489e-8ef9-efd2a18bd18b,6b59db2c-468a-4780-8797-a849f6e606ea,c1,DROP,2019,?,p1,
1769719007.0275602,CREATED,6f4941c4-9c93-4a76-b9dc-9d7539f31992,067cb0bf-b36f-444a-b191-6f836180d5fb,c1,DROP,27,?,?,
1769719007.0677187,SENT,be698f3f-6624-4612-a269-3cd7317dcd41,3e847be0-53cd-45db-8b59-602c3a3dd242,c1,DROP,2028,?,p1,
1769719007.0677586,CREATED,2eea587a-bfdd-499e-8b3b-d9531c0b09cd,cdcfc972-d28b-4c33-8eff-a299207d8911,c1,DROP,27,?,?,
1769719007.1050034,RECEIVED,fa12263e-a38d-4c62-8d0a-f6d9b1519c58,3e322c2a-c8f6-4977-938b-77d3248210c2,c3,c1,27,p1,?,surb={'id': 'e249cc14-ef7c-4721-b410-74866090fa82', 'route': ['p1', 'e6', 'i8', 'x6', 'p3', 'c3']}
1769719007.142665,RECEIVED,7d163439-8c63-40d2-bd3b-cf86c4e37810,a136c9be-353c-4eba-892b-9650e417ca30,c5,c1,27,p1,?,surb={'id': '646e9e5e-3cb2-40e4-8390-9be8de88a60a', 'route': ['p1', 'e7', 'i10', 'x4', 'p2', 'c5']}
1769719007.2301874,SENT,dd9ce98e-64ce-4451-8ae4-fc0700704ba1,d5d5b31b-264e-49a7-9644-3cc240d60010,c1,DROP,2014,?,p1,
1769719007.2302344,CREATED,b54591f5-1344-4597-9cc0-8d4b33e5ea0e,4b188530-ce2b-4379-9a0b-ad43b0d75eed,c1,DROP,27,?,?,
1769719007.2450821,SENT,609aa45a-765b-4872-9410-a22675886b0f,7412da36-5fd0-481e-93f0-b8acf9c4c9cf,c1,DROP,2016,?,p1,
1769719007.245124,CREATED,4df511a9-b16e-477c-81a4-78fdc22acda3,ef63e74b-0088-47b1-a45b-d1ab10b5d833,c1,DROP,25,?,?,
1769719007.2520957,RECEIVED,c6afb094-f78a-44b0-896c-87957f5740f4,b30b7fea-9709-4800-bb29-b787eca4b632,c5,c1,27,p1,?,surb={'id': 'a715ce09-f4ba-4fdb-bcb9-6ac700b61f47', 'route': ['p1', 'e5', 'i5', 'x1', 'p2', 'c5']}
1769719007.2655187,SENT,6bad1b78-911a-4faf-8487-8730d8e32b2e,602cdd1a-6124-4b31-b452-8bc29634751a,c1,DROP,2019,?,p1,
1769719007.2655585,CREATED,fe3e38db-6767-4767-b0f6-88d4dfbc2284,597a8a40-e64e-43c6-a7f2-8e3407c95f71,c1,DROP,27,?,?,
1769719007.2934113,SENT,36658e4b-ac7a-4ecf-b73c-4ccda90832c3,87d058aa-c1d1-4ad3-b2bf-db2b1187890a,c1,DROP,2014,?,p1,
1769719007.2934477,CREATED,8451ce95-5408-4819-97a0-b28115fcdafa,b108ee94-1dee-4295-a01f-0fc6a569e46a,c1,DROP,27,?,?,
1769719007.3247864,SENT,5a3d0ff7-604a-4c42-bb3c-11abf28d49e1,8de6fe57-7f65-4eff-94e7-ed0cedf7966c,c1,DROP,2016,?,p1,
1769719007.3248265,CREATED,efd7d707-3069-43e9-9e28-1d8334a7a9d8,aa7fa901-8e68-4e2e-8267-8e9fc4fbbaec,c1,DROP,27,?,?,
1769719007.3360505,SENT,58beb487-9bf7-43eb-849e-a61e84af1738,6a7b8204-871b-4a82-aca3-5263043ada2f,c1,c5,3401,?,p1,
1769719007.3360994,CREATED,37eb3e24-a1b6-49d1-99d1-244de0def3a7,6b7e3642-9b68-4cc8-969d-743a629fa5b2,c1,c5,27,?,?,surb={'id': '490a7733-5d37-42b0-9ddd-943036d530a1', 'route': ['p2', 'e6', 'i5', 'x12', 'p1', 'c1']}
1769719007.3855395,SENT,40f743ed-f28a-4ce9-8faa-4a9b1ec33a8b,2e0101d0-d0c6-42df-85d9-a8d038623581,c1,DROP,2015,?,p1,
1769719007.3855817,CREATED,d68c4830-2ee6-4856-807c-6f63df5bf52a,7ed0619e-8512-44de-92f2-96cbc2bed344,c1,DROP,27,?,?,
1769719007.4071794,RECEIVED,8002990e-d883-40e2-8550-648e80aa2c3f,49ebc2d4-4135-47da-9a1d-303fa5b738d4,c2,c1,27,p1,?,surb={'id': '2ca74a40-aba7-4c1b-b472-b3b748ba5977', 'route': ['p1', 'e2', 'i4', 'x6', 'p2', 'c2']}
1769719007.4114084,RECEIVED,25a1992b-d448-42e4-af25-e162d4cccacf,9332c85d-8c44-469a-9d63-4a4123ec5eda,c2,c1,27,p1,?,surb={'id': '82a623f1-a1b7-4faa-9997-0a5a195b08b2', 'route': ['p1', 'e6', 'i12', 'x7', 'p2', 'c2']}
1769719007.4707494,SENT,e38fb3c6-eb8a-440f-90f9-ec95fec714fd,e4663188-86a3-4b53-ac70-4519793b4350,c1,DROP,2011,?,p1,
1769719007.47079,CREATED,980f300c-24f8-4a23-bb60-654cc18ba88a,368786bf-4b9e-44b0-a898-eb18b0410d2e,c1,DROP,27,?,?,
1769719007.5391345,SENT,ba82acb1-58aa-4c17-a153-6a5d066fbc74,05976a46-c1b3-4318-b69a-7cd486793040,c1,DROP,2035,?,p1,
1769719007.5391812,CREATED,dc74d75b-cf7f-40a5-aa96-1c155fd276d0,6c4fd015-7eb1-4244-ae26-7fe97a3fe03d,c1,DROP,27,?,?,
1769719007.5653634,SENT,f7a05bb5-eb4c-4e65-ad64-b338146ed8eb,d0a75c3c-12cd-49db-9baa-8d69c782e9f1,c1,DROP,2023,?,p1,
1769719007.5654032,CREATED,c0347f2e-a1a8-47ee-84a7-c61560cfe30e,c97a3ecd-f420-4c5f-8ff9-ea68098bc5ca,c1,DROP,26,?,?,
1769719007.5884674,SENT,d6d43559-8cf5-4d82-b6e6-b44ad8720718,38f3fa2e-2e28-4d6f-b610-cb772278fae7,c1,DROP,2045,?,p1,
1769719007.5885086,CREATED,ca3d401f-7bbf-4349-b64b-9d59ba746cd3,342f915d-70cf-481b-9960-28633ac99121,c1,DROP,27,?,?,
1769719007.6015136,SENT,18eee7b7-ba98-4ecc-969c-14e0ae4245b3,2fa09fac-95af-491e-8930-60f66601f391,c1,DROP,2024,?,p1,
1769719007.6015544,CREATED,1a56d940-08aa-4deb-ad66-ec7b162b34f1,0a771aa2-2e53-497f-86d8-baab338ef066,c1,DROP,26,?,?,
1769719007.6109958,SENT,f8eef8fb-ea39-4008-89ec-e45353ad9357,28d0bcae-a875-4f04-af90-ca885cb38ba9,c1,DROP,2016,?,p1,
1769719007.6110528,CREATED,083cb2cd-5ed5-4c88-a906-cabb38d26b89,fdc92b3a-362d-40a5-b0a9-9de348b33c0a,c1,DROP,27,?,?,
1769719007.7339716,RECEIVED,9b8406b0-bc98-4a29-bf70-1f2d45072d8f,fdfa315b-ab9b-4db1-a031-eda80c24c530,c3,c1,27,p1,?,surb={'id': '1c74181c-c980-4e62-af04-b88a853dcdaa', 'route': ['p1', 'e9', 'i11', 'x2', 'p3', 'c3']}
1769719007.738473,SENT,8caeb25a-d5aa-4a1a-9f81-96f1de13f769,4be0e281-5bf4-4279-891e-4c4bc9bf618c,c1,DROP,2036,?,p1,
1769719007.7385144,CREATED,86f856e2-4ab1-4197-a08d-1ca94ec5f458,e75e4c40-a6a6-40c7-831e-06bc78f11024,c1,DROP,27,?,?,
1769719007.7573237,SENT,ae5ef233-d309-4684-ac73-58a6c9805c34,a34fc686-3667-47c9-8d58-261410f4b2a0,c1,DROP,2032,?,p1,
1769719007.7573652,CREATED,c115e8c6-c88b-43c6-9edb-3a54353d25ce,b61062f4-6f15-4951-9daa-7cc2cf8616b3,c1,DROP,26,?,?,
1769719007.8108974,SENT,4789f7ac-c8a1-4aee-80f4-5e8af8a847bd,1addfc82-58b3-4c9c-a922-df9af6355474,c1,DROP,2020,?,p1,
1769719007.8109376,CREATED,69ef7fa7-81a7-41d7-a553-e1eb8ed525d2,a70f79af-1e78-4dd9-a807-ec61d83d5ad6,c1,DROP,27,?,?,
1769719007.924053,SENT,ef106ff5-a2e8-42a3-8649-4762b151dc27,d6309b49-5bfa-4974-975e-4eef30d6cede,c1,DROP,2032,?,p1,
1769719007.9240956,CREATED,09683070-5748-4175-bde5-2bfd8bdfd8a6,7c2daa48-f4bb-4fc9-9f60-6891ad8911fc,c1,DROP,27,?,?,
1769719007.9783533,SENT,fcbdc89a-c0d5-49d1-92a6-5c084f8b13a8,ee08be67-3caa-4239-adb3-d43e9d6582f1,c1,DROP,2015,?,p1,
1769719007.9783916,CREATED,2fcecb40-d524-4d5f-94ec-3e9242409b95,80f8744c-0c94-48f9-8d5d-2b224d7c4774,c1,DROP,27,?,?,
1769719007.9861617,SENT,e9920e62-dfd3-4c12-ae09-b3ed5a2ed1fd,5970d205-3467-42ed-953c-4aa13c43da40,c1,DROP,2012,?,p1,
1769719007.9862044,CREATED,b9d659ef-63d1-400c-a0c8-ecff833d2789,4bae3be1-2b64-436f-b95b-b0d2701b2801,c1,DROP,26,?,?,
1769719008.0163436,SENT,ae7c4b39-90e0-48bb-aa6f-a5f823322c23,ed51d205-2874-4b33-8ba2-7a8fbaeb6af6,c1,c5,3383,?,p1,
1769719008.01639,CREATED,0c595e79-8098-4042-8535-eaf416f829ce,37b0f82d-bc02-4d21-8b91-ce5adf394546,c1,c5,27,?,?,surb={'id': '193f23f8-3c99-441a-b928-0397e443dd39', 'route': ['p2', 'e2', 'i1', 'x1', 'p1', 'c1']}
1769719008.07059,SENT,f627281b-fd02-4153-9f02-a941d03bcd45,0dd6a526-9444-42ad-9f20-92c2f14f3a8d,c1,c5,3376,?,p1,
1769719008.070633,CREATED,86ecb525-e178-458d-bd46-859b89a85486,a7c8de4a-b74e-4676-98c3-ed0438522e96,c1,c5,27,?,?,surb={'id': '3f57b91c-5e78-433a-ace5-f9f22b51d685', 'route': ['p2', 'e5', 'i4', 'x4', 'p1', 'c1']}
1769719008.0874238,SENT,da70fa87-d21f-4702-8acb-967ae9732fef,50e0e530-d6f1-47a9-a053-407c45e1fd8c,c1,c5,3354,?,p1,
1769719008.0874665,CREATED,5ef28e3b-e874-468b-b4d9-1a8abbdc6b41,d291f0eb-8d21-46bf-a505-ae911f80ccd0,c1,c5,26,?,?,surb={'id': '1254b86f-2967-463b-b4c4-d4c57e58f4fa', 'route': ['p2', 'e12', 'i10', 'x9', 'p1', 'c1']}
1769719008.098496,RECEIVED,b0d65bfc-a77f-4ae3-ab32-9559bea90179,f496e0a9-945c-42f4-ae85-32640d6e0a3f,c3,c1,27,p1,?,surb={'id': '03b59838-181c-4eda-b465-c2d99656a8d3', 'route': ['p1', 'e1', 'i9', 'x4', 'p3', 'c3']}
1769719008.1461225,RECEIVED,456a6c6a-9e93-4906-8b95-ce0f29e0bbfb,342e3fe7-9af5-4865-a415-3093e41a0be1,c5,c1,26,p1,?,surb={'id': '1b20d8db-c33a-485c-9c56-aae9569a6df1', 'route': ['p1', 'e3', 'i11', 'x2', 'p2', 'c5']}
1769719008.1584773,RECEIVED,b47078bd-6c31-4696-8a61-b46cb42a0d8b,027999c1-af07-4b0a-a1de-41ff2713b7c6,c5,c1,25,p1,?,surb={'id': 'ee12ead9-ac79-47d3-b9cf-157457e72376', 'route': ['p1', 'e4', 'i2', 'x11', 'p2', 'c5']}
1769719008.2106106,SENT,34f22567-7dcb-46a0-9d2b-dc3495ca37c5,83765ae9-5825-40dc-b36d-433d34f6d77a,c1,c5,3383,?,p1,
1769719008.2106576,CREATED,c96c27d6-fb3f-47f0-899e-438f0fcaf4d5,3b13ab8f-8013-40ca-afd5-f0042f8757d0,c1,c5,27,?,?,surb={'id': '3904610a-7a01-4e93-8330-2b31f7e1794f', 'route': ['p2', 'e3', 'i1', 'x9', 'p1', 'c1']}
1769719008.2176743,SENT,0bee6520-0929-491a-8d0e-97c4cdf90f3c,dbd42c84-f14a-49d7-a3c6-561f82b951ed,c1,DROP,2032,?,p1,
1769719008.2177165,CREATED,7affb302-10f9-4745-95f8-ff860235423e,5b33c789-9bfc-482e-b377-4b1d8428e220,c1,DROP,27,?,?,
1769719008.256862,RECEIVED,07398a62-910b-4eee-8f98-a71afda07fc8,1c0fde76-3200-401b-8715-324f596301ec,c2,c1,27,p1,?,surb={'id': 'bcc988c4-efbc-4e83-bc18-2c40502339c4', 'route': ['p1', 'e11', 'i6', 'x12', 'p2', 'c2']}
1769719008.2569277,SENT,d7fc086b-9cae-45fd-bba5-28054841593e,5bc0d083-9bbd-413c-8652-92f2ba6acad2,c1,DROP,2028,?,p1,
1769719008.2571046,CREATED,21bba0ab-4e8b-4976-b751-5065cbd1f133,a128f045-66d9-4547-b27a-84ad8d78c418,c1,DROP,27,?,?,
1769719008.264362,SENT,797243a3-0ace-404c-a67d-aa585af89888,2a28aa19-21e9-4309-ba71-70c89a5d7ce2,c1,c5,3386,?,p1,
1769719008.264409,CREATED,a4ec3c9e-d107-4008-b64f-26056cb30d12,33ea3ae1-000e-4b9a-93c9-32302567a250,c1,c5,27,?,?,surb={'id': 'f9d8f148-f8a5-44cd-af9d-3df6da154d28', 'route': ['p2', 'e7', 'i9', 'x1', 'p1', 'c1']}
1769719008.2670496,SENT,e2b62447-a2e0-4bf0-a401-48b4ceaeaea3,3b53d411-4ed2-4b38-be48-582dd1a12c5c,c1,DROP,2045,?,p1,
1769719008.267092,CREATED,50a69b2d-4a15-444b-b07f-4b6f0414a785,e0d17fbb-12a6-46c9-9bd9-484187c3a2c8,c1,DROP,27,?,?,
1769719008.3434563,RECEIVED,861edbea-848a-49ba-8502-dbb01e53f096,292311ad-3951-44e0-9558-ebc79219b3b3,c3,c1,27,p1,?,surb={'id': '31a35c12-ecb2-47e0-b343-19685b997ff8', 'route': ['p1', 'e6', 'i12', 'x2', 'p3', 'c3']}
1769719008.3838737,SENT,b45a10ba-0f01-4c5a-82b2-47db1db74c4c,1800f024-91d1-478e-9cf4-406d847c4fe8,c1,DROP,2019,?,p1,
1769719008.3839135,CREATED,82348ec7-35c6-4148-af93-cde229bee7db,3e3f075e-b026-4b15-a93c-c02fda91dcff,c1,DROP,26,?,?,
1769719008.4133053,RECEIVED,1721822b-2abb-482b-bca4-ec182e9e259b,f4b9aabe-dfa0-4091-91ed-b7dd1710f9d8,c5,c1,27,p1,?,surb={'id': '6997c131-aa6e-4286-ad84-78434c1ac9fd', 'route': ['p1', 'e8', 'i8', 'x5', 'p2', 'c5']}
1769719008.4282284,SENT,7716ad95-3bf9-4185-878f-7d85dceee0b5,e9ae2afb-9c65-4282-b77b-2b35fa16ca87,c1,DROP,2017,?,p1,
1769719008.428269,CREATED,68a11cbe-cd20-41bc-988a-a1d6837e0164,ff005180-b160-473e-baaa-2eb3d28df138,c1,DROP,26,?,?,
1769719008.4335914,RECEIVED,a6a63ffb-d1a8-46c9-bc7e-64cf6839693c,07a057e1-138c-4317-9bee-6eb2bb7594c5,c5,c1,27,p1,?,surb={'id': '7161aad8-d21b-4e20-b51e-d343412a97ff', 'route': ['p1', 'e9', 'i8', 'x10', 'p2', 'c5']}
1769719008.438338,RECEIVED,df9b438c-e090-408a-bdf2-e3bc329e4506,153897bc-59fd-444c-98a2-e9df104edbed,c3,c1,27,p1,?,surb={'id': '71acba3e-698d-423e-af8c-97c50141b0c7', 'route': ['p1', 'e4', 'i6', 'x2', 'p3', 'c3']}
1769719008.479267,RECEIVED,82d3dedb-0852-4fc5-83c2-1e487305e1e5,b4776fa0-3b91-4f0b-97b1-ac3c5713c9d6,c2,c1,27,p1,?,surb={'id': 'abe80f91-e861-4352-92a3-cdb8df147cf8', 'route': ['p1', 'e5', 'i7', 'x1', 'p2', 'c2']}
1769719008.498461,RECEIVED,bd0d25a6-1e0e-44d2-b411-faa6dfd4432c,bd1a53e5-a08c-411a-9ec0-9792fc74bc51,c2,c1,27,p1,?,surb={'id': '0f4156f2-995a-4f1a-8174-102edd48f695', 'route': ['p1', 'e8', 'i3', 'x12', 'p2', 'c2']}
1769719008.5355916,SENT,a97e6339-3ff2-43a2-8501-8b0231c2f169,3816e586-5566-4704-b214-02f83ef9acb9,c1,c5,3379,?,p1,
1769719008.5356321,CREATED,186534e4-e4a9-48ed-ba26-26bb54be4ee9,8b797043-0793-44bf-b8cd-5514e29cfc19,c1,c5,27,?,?,surb={'id': '813ab02a-1527-4465-9da9-302b53a74908', 'route': ['p2', 'e9', 'i6', 'x8', 'p1', 'c1']}
1769719008.6022093,RECEIVED,3b11f79a-d797-4652-bf65-32f78f9959cc,5b2dc9c2-5a10-48d3-a8b5-3245fd50ae06,c3,c1,27,p1,?,surb={'id': 'be15a961-c972-45d5-ab1e-199638fff61b', 'route': ['p1', 'e5', 'i3', 'x3', 'p3', 'c3']}
1769719008.7426789,RECEIVED,007ed85d-f753-4b28-acd0-a66e3163e7ed,6d9a0ecd-124a-4b80-8d55-84c392cf5fe7,c5,c1,27,p1,?,surb={'id': '10b8a56f-5f80-4586-ae7f-13eea07dbb76', 'route': ['p1', 'e11', 'i10', 'x12', 'p2', 'c5']}
1769719008.7485366,SENT,0732c4da-027b-40b0-81c4-a8a75215bc0e,84667d66-46c6-49d6-b7a0-6f6a1aab61d8,c1,c5,3360,?,p1,
1769719008.7485824,CREATED,66d13a2e-b124-4ed6-a198-18d745ac033f,5e4b0793-90b3-49e9-b44a-34c336413a81,c1,c5,27,?,?,surb={'id': '3cd3ff97-6eb5-4ae0-b625-3b4a567c5688', 'route': ['p2', 'e1', 'i5', 'x6', 'p1', 'c1']}
1769719008.7881842,SENT,468530ac-09c8-4980-a412-0b752ea34abc,6776f885-9297-470d-a458-130dcf48144f,c1,c5,3381,?,p1,
1769719008.7882278,CREATED,1e357a65-71b1-4f09-8162-d35d2f924843,4dc30333-371f-4616-a5eb-25638310c001,c1,c5,27,?,?,surb={'id': '90a85770-78be-4739-82de-78dcc098227e', 'route': ['p2', 'e12', 'i8', 'x8', 'p1', 'c1']}
1769719008.835268,SENT,adf12c22-f247-48cd-b0a2-2ff4b82dee24,81abdd85-315a-4b0c-8d24-9327f793290c,c1,DROP,2024,?,p1,
1769719008.8353071,CREATED,da231221-e65d-470f-baf7-ab568cb67577,02feaa2b-0074-485e-b73c-9e27578e85bc,c1,DROP,27,?,?,
1769719008.9247582,RECEIVED,d835b282-3022-4b89-ad46-8b96f4c573c9,3e2c177b-d77f-4e2c-b972-d5cc2d06df4c,c5,c1,27,p1,?,surb={'id': '9cc6811c-1c24-4e7f-8468-2195b858136f', 'route': ['p1', 'e6', 'i1', 'x7', 'p2', 'c5']}
1769719008.946894,SENT,6ed52e75-9b0f-4218-8c4c-31b297867434,e0724836-de87-452c-84d6-ada2022c7581,c1,DROP,2019,?,p1,
1769719008.9469347,CREATED,e7611727-be3e-49af-9f42-5ee512abe848,fa4fff87-868e-499c-ade8-116bb0d40dc3,c1,DROP,26,?,?,
1769719008.9939017,SENT,a774871e-e3ec-447f-afde-dd34056b886f,752b39e1-f143-4a9b-a338-eaf1110d4563,c1,DROP,2024,?,p1,
1769719008.9939406,CREATED,e707e389-d640-4f81-b4a7-c79184ed8bd5,550b5b9f-ba91-40f1-9862-3dc55a3ccf75,c1,DROP,27,?,?,
1769719009.0661848,SENT,a1fdd64a-6b18-44ad-8db6-7fbd57046fed,1885ece1-a50a-41b7-a538-43a60c40a9a6,c1,DROP,2011,?,p1,
1769719009.066224,CREATED,fb6864d6-706d-44dc-bcb6-2dff3b631fad,2f4b147a-63b8-46d7-acf0-490be5ce9d59,c1,DROP,26,?,?,
1769719009.083508,RECEIVED,4ecf2b02-7726-440c-bca7-1529658af455,f37ad9bf-0e72-41ce-a132-8edf96606b52,c3,c1,27,p1,?,surb={'id': '36c69aca-1211-4442-bfc2-83cef77f91df', 'route': ['p1', 'e1', 'i5', 'x5', 'p3', 'c3']}
1769719009.0856633,SENT,7d916954-c6ab-411b-bc8a-7d7f949f2187,4cbee638-5513-421d-8545-ef7ab1005b40,c1,c5,3399,?,p1,
1769719009.0857067,CREATED,67757e45-3594-4fd9-8770-8e078468d79f,94cf731b-e51f-461b-a139-79af5b96ec30,c1,c5,27,?,?,surb={'id': 'c4a19bb1-afd9-4fc0-ab51-d703f51ee082', 'route': ['p2', 'e10', 'i2', 'x5', 'p1', 'c1']}
1769719009.140052,RECEIVED,236295a0-ecba-4abf-a52c-a925eaf73442,46b1252a-6fed-4be8-8e5d-96d048a64372,c3,c1,26,p1,?,surb={'id': '75e11bdc-d106-4d6a-99ec-30427a6f3776', 'route': ['p1', 'e4', 'i4', 'x7', 'p3', 'c3']}
1769719009.1402757,SENT,1008304f-5bb9-45b4-9c6e-b32230a6f9c3,bcd4b197-ff6f-4d1c-ad98-c856dbd61475,c1,DROP,2031,?,p1,
1769719009.140304,CREATED,3c2ef971-af64-49bd-9a96-6fa56434bca7,9b2c396f-8efb-4514-903e-c60567b0ccc8,c1,DROP,26,?,?,
1769719009.1610742,SENT,8952b44c-434f-49cd-a5a6-30188d829257,9d38bc67-f2f9-4bde-9405-86f0fccfe64c,c1,c5,3380,?,p1,
1769719009.16112,CREATED,634eae21-801d-4e99-adc5-88b29e878db3,0ec3d79e-f859-4d19-8a74-3e79d139c6c6,c1,c5,26,?,?,surb={'id': '4d337248-c9da-47c4-8347-4abb7469460a', 'route': ['p2', 'e7', 'i6', 'x7', 'p1', 'c1']}
1769719009.2553833,RECEIVED,c925acf7-22e8-4e4c-998c-c6a77f08c2c8,cd9269e2-4dc9-411d-9d8c-0eab1239a9e8,c5,c1,27,p1,?,surb={'id': 'b5c58e2d-b2b2-479a-8e4a-dba87ebd5f81', 'route': ['p1', 'e7', 'i6', 'x4', 'p2', 'c5']}
1769719009.3833008,SENT,d4912e18-7b2b-420d-becc-d1d33848a83b,cdd83e26-c796-4d12-93f0-c4857b5cb45c,c1,DROP,2015,?,p1,
1769719009.3833876,CREATED,3c2a3400-73f3-4fd0-8a3a-30b8e4aa222e,f1fe07f1-a4e8-40ab-a571-2cd3b89fc9bf,c1,DROP,26,?,?,
1769719009.4522047,RECEIVED,4613e00d-700b-40e7-8c23-9fdf46d95355,c73479e2-a163-43ef-bf46-30055de428ad,c3,c1,27,p1,?,surb={'id': '84521569-d3e7-4e13-b3c7-fe2e28759efd', 'route': ['p1', 'e3', 'i9', 'x1', 'p3', 'c3']}
1769719009.5868692,RECEIVED,bbd145b7-3f4b-4f44-b1e5-0c26644e8133,04fdd737-f51a-43de-9347-9abb471bfb34,c3,c1,27,p1,?,surb={'id': '75148b45-7267-47c0-b15f-6a7ac0da9b24', 'route': ['p1', 'e10', 'i9', 'x1', 'p3', 'c3']}
1769719009.5905147,SENT,8bd45cfa-a56e-4491-9f48-524c453df07b,aedca48b-23c7-4b37-aef7-348b69d232c1,c1,c5,3388,?,p1,
1769719009.590558,CREATED,932846e5-8c9a-41f7-b275-1f21fef60fb6,e85e8f9d-6f5f-465e-a890-57dab7640ea6,c1,c5,27,?,?,surb={'id': 'd060760d-5c34-4bf8-b101-5e7f909fc2eb', 'route': ['p2', 'e4', 'i5', 'x1', 'p1', 'c1']}
1769719009.6398785,SENT,6e98b123-347a-4541-bdeb-478b1520134f,1eabcee3-e6e4-415a-9dd0-d75179d00ec8,c1,DROP,2035,?,p1,
1769719009.6399167,CREATED,86d67f94-3363-4ffe-9406-4a7fd460568c,3e66a137-f17b-453b-8f8d-994f1f4a5010,c1,DROP,27,?,?,
1769719009.644855,RECEIVED,1b3a0491-f41b-4012-9e27-60ab50960494,e4a2a182-40ca-4d7d-a2e7-8071c5dbb1d8,c2,c1,27,p1,?,surb={'id': '28005a94-bdae-479e-89ac-2d204e89d963', 'route': ['p1', 'e7', 'i2', 'x3', 'p2', 'c2']}
1769719009.6676476,SENT,a226c81b-9fb1-4573-8d6b-45e16f9fd18b,17a846a7-0c35-4ecf-b590-0d3d6d294773,c1,DROP,2031,?,p1,
1769719009.6676846,CREATED,100f94d7-7022-4f88-984d-d5a037aaba92,e46c5811-4f0d-46a6-9447-a8b36ef8a479,c1,DROP,27,?,?,
1769719009.6939995,RECEIVED,5763e05b-b294-46e1-943c-928d2a675f2e,75f3e558-98dd-406e-bff6-55769c6184da,c5,c1,27,p1,?,surb={'id': '185c9035-5ff6-4bef-a0f7-fe28e3cdce7a', 'route': ['p1', 'e11', 'i2', 'x12', 'p2', 'c5']}
1769719009.7088501,SENT,8f28d3af-43a4-4c8f-ab30-79b900b5c640,d5fe49a4-c68c-47ea-be64-ce80ca6f6b7b,c1,DROP,2040,?,p1,
1769719009.70889,CREATED,31dfb7f2-1e80-4b99-8e08-8a251ab57afe,93cc0a0c-23cb-420d-a5de-1b7d69d546da,c1,DROP,27,?,?,
1769719009.775002,SENT,f5fef552-2feb-416f-aa56-a2519261d88f,06c534d9-ee7c-46e0-8965-9cc23ee28648,c1,DROP,2034,?,p1,
1769719009.7750638,CREATED,accc753d-9d7f-4a2d-b599-9eeafb6eccc7,1b695d16-5aee-4626-ba3e-e3387bf61a22,c1,DROP,27,?,?,
1769719009.7974145,SENT,c2bc4f3d-dc7d-40db-afa3-03cb52e8a13e,ddc7b235-324c-40ec-924c-bd4c32247d93,c1,DROP,2033,?,p1,
1769719009.7974567,CREATED,c45bc7ed-826f-4579-b1c6-38a90a163896,be444196-1cba-48ca-a70a-e41e5114590e,c1,DROP,27,?,?,
1769719009.8250167,RECEIVED,bd880103-ca7f-45d3-8daf-26a4a7009726,f1d83386-1ab1-473b-a4fa-f60133dd1ce2,c5,c1,27,p1,?,surb={'id': '25bf0bf1-235b-413f-bfbf-664406fbde45', 'route': ['p1', 'e6', 'i6', 'x12', 'p2', 'c5']}
1769719009.8777318,SENT,2dfff9b4-2cc0-4c68-ba61-009d0d0662c7,5fca23c2-b3fe-4578-821f-891511981bb4,c1,DROP,2045,?,p1,
1769719009.877771,CREATED,6806f868-aca3-47c8-aff6-8cf5492a9b1e,4c75cedd-95f0-4e0f-930d-7020608b35b8,c1,DROP,27,?,?,
1769719009.904332,RECEIVED,e035cff1-097b-4d3b-b3f5-4c288a728e30,29ad211b-66b3-49fe-aaa2-2287a33c9a52,c3,c1,27,p1,?,surb={'id': '38ae7159-7ee2-40d4-8160-caece1999def', 'route': ['p1', 'e6', 'i6', 'x7', 'p3', 'c3']}
1769719009.934065,SENT,c80be7bb-4e91-4587-aee4-c8acf09791cb,d3bb1946-623b-49aa-96e9-0af8cafba940,c1,DROP,2019,?,p1,
1769719009.9341068,CREATED,7c0e5d1a-7c42-4fd4-97d7-a54e7432cff1,ddf4e015-aaf6-4c15-bf8a-6ed3685124c0,c1,DROP,26,?,?,
1769719010.03552,RECEIVED,9a81fe24-47ef-46e3-8c8f-f556328b3571,ce398d5b-be38-4785-a6cb-e6ee98f123e7,c2,c1,26,p1,?,surb={'id': '0c5efdec-1ec6-466a-96b4-e3e3f74dda63', 'route': ['p1', 'e11', 'i1', 'x8', 'p2', 'c2']}
1769719010.0507548,SENT,94f260e6-a101-439e-bb01-8d130519008e,6dfd066a-f603-4412-b046-7a4f8c5d314e,c1,DROP,2031,?,p1,
1769719010.0507927,CREATED,d0f99f9f-8ca3-4e5a-9747-751f2576bd37,4bd3a634-6cdf-4bfd-a697-a49774095b31,c1,DROP,26,?,?,
1769719010.0750954,RECEIVED,1bb4b26c-2f32-4177-8eb6-34d045ff195c,e8dcc615-6181-4741-8499-5ca9d96afca5,c5,c1,25,p1,?,surb={'id': '496d60f7-c8fa-48c3-a9c4-cb6ff4ee0edf', 'route': ['p1', 'e12', 'i11', 'x3', 'p2', 'c5']}
1769719010.0885966,SENT,586928c2-c157-486f-b593-97c653d3d1fe,b9e7c661-c969-481e-836e-4b8fed149aa9,c1,c5,3383,?,p1,
1769719010.0886428,CREATED,f4c46c10-3b8a-4735-b336-3360636bcaea,5b188abd-61a8-4e78-b6bc-9d9607889471,c1,c5,26,?,?,surb={'id': 'd94889ee-ed0f-4812-aabf-935a68c9eeb1', 'route': ['p2', 'e12', 'i5', 'x7', 'p1', 'c1']}
1769719010.1149309,SENT,c38c957b-530d-4fb6-99c3-f69ca3571fbc,004a16cb-7770-4a9a-9fd4-a30c02569b64,c1,DROP,2020,?,p1,
1769719010.1149735,CREATED,f7f18af8-7594-4ff6-99f5-542c05fa6498,a4b468f3-ed81-455a-b558-5455deb7d4b9,c1,DROP,27,?,?,
1769719010.1775742,SENT,c426aa4c-5bc0-44c2-be2a-9536ce80d8bb,342caf90-8e86-47ba-a4d4-409cdd4ede8d,c1,c5,3393,?,p1,
1769719010.177619,CREATED,dc35e592-40a9-4ef1-9072-0ac684e0520b,d67a78b4-092b-4bcb-a220-475c6d94b5f4,c1,c5,27,?,?,surb={'id': '687373b5-b673-4a45-a982-5e642d7b02fb', 'route': ['p2', 'e12', 'i11', 'x12', 'p1', 'c1']}
1769719010.2876892,RECEIVED,d955649e-3392-4dcf-8e79-bc074b09c1a4,52251d93-e6d6-47d9-9b39-10025cd20ae2,c5,c1,27,p1,?,surb={'id': '0634d642-1b28-4a6f-abd7-102b6833ddeb', 'route': ['p1', 'e3', 'i1', 'x2', 'p2', 'c5']}
1769719010.3590965,RECEIVED,dd6f98f3-c9a7-4137-b694-bc956a664f5e,289be0df-5c1d-4927-bd61-1839095ea98e,c2,c1,27,p1,?,surb={'id': '95622799-cbbb-4ddf-83f9-ee7e20014ec7', 'route': ['p1', 'e4', 'i9', 'x2', 'p2', 'c2']}
1769719010.3596342,SENT,7c664b9b-41ce-442e-9f7a-0489b414aae7,cf1a4f40-de67-4a90-9639-9ea0c9559744,c1,DROP,2019,?,p1,
1769719010.359666,CREATED,c86c74d5-b3aa-4d3a-b002-12d3b33c6207,2b52f52a-a349-41a6-81c1-0f307d3dba34,c1,DROP,26,?,?,
1769719010.4325051,SENT,d74ddbed-0394-402f-b88d-41733f306903,40522d1f-b357-4b3b-9dc7-831c08a9b806,c1,DROP,2037,?,p1,
1769719010.4325442,CREATED,c3937cb3-e025-480a-a203-512881d4c91c,12906b09-1428-40f0-85dc-7d8b235e7dd4,c1,DROP,27,?,?,
1769719010.4357212,SENT,e1aa1d9b-0d9a-4ddc-95ed-5cd5d2967d92,b89046a9-b518-4410-816f-1826f952ee51,c1,DROP,2012,?,p1,
1769719010.4357574,CREATED,aa84f97d-765a-43e1-af14-4b04a68d0871,5093665d-1059-4d07-b02d-a07724fdcdff,c1,DROP,26,?,?,
1769719010.5250924,SENT,b4e2fa5c-0689-4671-b531-cd039f8b50ba,c78fa2d5-20d2-4dee-8ca3-16f67bf9f38d,c1,DROP,2024,?,p1,
1769719010.5251405,CREATED,6fef167c-21e3-41a9-87ac-4583c818a509,dc98b54a-fcd2-4cc9-883d-37bc02eac432,c1,DROP,27,?,?,
1769719010.5312386,SENT,b8c4fbc7-410a-4329-b344-0fde079b4d6f,bc0ff5f0-9ad6-4a62-a0f4-71311608767c,c1,DROP,2039,?,p1,
1769719010.531276,CREATED,264d7b8e-2353-47ba-84ae-869c351ce179,2964b1e7-e679-4603-91ea-6d0b7bed7e45,c1,DROP,27,?,?,
1769719010.5358937,SENT,ccb11cae-b0c4-43f2-b77f-2f06073ff968,5ab1ac99-8657-493d-9e58-5999b1b75c5f,c1,DROP,2029,?,p1,
1769719010.535933,CREATED,a2998b61-c6e0-41c6-89aa-ceee1d5be3ec,810b68eb-7bd7-4c49-891d-42dc61ed4c47,c1,DROP,27,?,?,
1769719010.567995,SENT,3d119f89-acd1-43e3-b029-0a2bcb6c5ec6,44bbbc4e-4b3a-493d-accf-2d1fff8d6fa0,c1,DROP,2016,?,p1,
1769719010.5680344,CREATED,6c1f18b1-e26e-403e-b58f-1ffd59fa6860,18ff7a7a-2474-4d34-b3f6-24a1097d077c,c1,DROP,27,?,?,
1769719010.6433265,RECEIVED,d2004ec4-d558-49c1-a259-224c38828810,412982d2-ed7b-4bed-b3f9-074f483d7115,c2,c1,26,p1,?,surb={'id': '7edd6f9e-9a18-40a5-b95d-2dade9629e72', 'route': ['p1', 'e5', 'i10', 'x9', 'p2', 'c2']}
1769719010.6450174,RECEIVED,5d9881a2-ddc9-4866-8c99-21a5e9427809,492d0b29-3450-47fe-be0b-f62e59f04389,c2,c1,27,p1,?,surb={'id': '8bdfdf23-9514-4a36-92bf-7b37794d376f', 'route': ['p1', 'e2', 'i11', 'x8', 'p2', 'c2']}
1769719010.6582096,RECEIVED,d6cc9637-2e68-4a89-ac32-294581a2d434,9341d868-6e23-47c8-a366-7d81e7734ee4,c5,c1,27,p1,?,surb={'id': '9050876a-8399-4b40-9883-ddd09f134d93', 'route': ['p1', 'e1', 'i12', 'x1', 'p2', 'c5']}
1769719010.684423,SENT,1da1ecf6-95b0-43ec-9626-b8566e462573,a3947308-2862-405d-9213-775a413bf997,c1,DROP,2044,?,p1,
1769719010.6844616,CREATED,cf5a0d3a-6519-4000-b181-65966f304302,0f0e6720-1d98-4083-ad2a-c4c8d4183d1e,c1,DROP,26,?,?,
1769719010.7429283,SENT,f232087c-847c-4e8a-97fc-4a4f45f93304,7d0d7262-c5e2-4ae9-b4f2-8bba4626e26b,c1,DROP,2015,?,p1,
1769719010.7429678,CREATED,b5f087a9-401d-45b0-a172-8dac33f35fea,7cd2074e-c4a5-461f-88f5-b8fb0e9b6e01,c1,DROP,27,?,?,
1769719010.8183672,SENT,4a551a5d-7bee-41c9-ab18-79cc2588519c,83b9cd42-02ff-48a8-b63d-6a4d7799b334,c1,DROP,2030,?,p1,
1769719010.818406,CREATED,ee413d19-521b-49c5-8245-e24a5b5f42ca,7937d0a0-dd4d-4558-a4c5-bb0098af11c3,c1,DROP,25,?,?,
1769719010.9202888,RECEIVED,5f94caf3-a7c1-4f48-a05c-ccf6e0f856be,9d6cfce2-bd56-4238-b271-08c8cd620e9d,c5,c1,26,p1,?,surb={'id': '1357c288-1798-44b1-a5ad-bc69debeb911', 'route': ['p1', 'e7', 'i5', 'x7', 'p2', 'c5']}
1769719010.9391592,SENT,8c59e3fb-e096-45df-82ef-6b42b1b21396,f90d2ea1-3fb4-40dc-8426-a5b8f32d8610,c1,DROP,2029,?,p1,
1769719010.939258,CREATED,a2b54d19-8670-462e-bf2c-e0529e456653,ba9d64e5-af8e-4cba-a9c8-2b648f951c63,c1,DROP,26,?,?,
1769719010.9930313,SENT,d37c0f7a-b2ee-4ebd-b652-445d2051a664,ba6d301e-5842-417c-a21c-42e8b98d7903,c1,c5,3383,?,p1,
1769719010.9931006,CREATED,48eff504-a1e0-4a07-912c-c2d01da78e9f,d8c3804f-bc97-414a-8163-592a95a724c3,c1,c5,27,?,?,surb={'id': 'abe60729-2e09-403e-9022-944d3dc671a4', 'route': ['p2', 'e10', 'i4', 'x7', 'p1', 'c1']}
1769719011.0169184,SENT,f525fba3-341d-457d-8b16-05568efee683,7aac1f97-7c38-4490-a57d-7caf02be4155,c1,DROP,2015,?,p1,
1769719011.016958,CREATED,08742b0c-4a05-4ad4-89ac-f9ca0f901a62,4647271d-7e58-453e-b69f-39ccfb094cb4,c1,DROP,27,?,?,
1769719011.2636335,SENT,15e00048-054e-4978-b9b2-4678aa089075,89444d6b-dd76-4f86-9775-bd2976975791,c1,DROP,2024,?,p1,
1769719011.263672,CREATED,b9f82097-c692-4bcb-b27d-493e14fc45e6,752a013f-500c-48d0-8abf-8b26fd8ac91f,c1,DROP,27,?,?,
1769719011.287672,SENT,b2d8e81e-27ad-4135-9a45-6be52c86249b,79ed761b-e735-4714-be60-1e709f3fa2b8,c1,DROP,2031,?,p1,
1769719011.2877097,CREATED,60dfa110-9e09-4fcb-a26d-7384cb9a57c4,be37f80b-8a0b-449c-9e21-590228337994,c1,DROP,27,?,?,
1769719011.325417,RECEIVED,fb4b9580-bbd8-446f-88c6-ad334a3b85af,93f8691a-99a4-4a0d-9f81-46ea67ee9f06,c2,c1,27,p1,?,surb={'id': '3fcc295e-2101-4270-bc79-1badfa9b8313', 'route': ['p1', 'e10', 'i12', 'x4', 'p2', 'c2']}
1769719011.3524163,SENT,94735c24-834e-4a78-83b1-4295e9368af2,8df3d8f0-d2b3-4a37-976a-525443f14107,c1,DROP,2028,?,p1,
1769719011.3524568,CREATED,9c640bdb-3300-4e2e-899c-f8ad2da6b040,2903f4c3-f35c-4aa2-b614-90fe51bb6334,c1,DROP,27,?,?,
1769719011.4431007,SENT,82a3c51d-a098-4237-b662-fa42a5060ca0,9328dff6-035d-47c5-ad9a-bb59f4afe492,c1,DROP,2015,?,p1,
1769719011.443143,CREATED,a50f7921-9a87-4de7-a5b4-ba5c5e9c4bad,cbfadbdc-28c5-458b-9042-41a36b08fb45,c1,DROP,26,?,?,
1769719011.5793111,SENT,04e1b1e3-8160-4cee-b211-1b786c807362,623ad6d3-2ebd-4918-be26-e30bfd382897,c1,DROP,2017,?,p1,
1769719011.5793598,CREATED,596fad3c-7d13-456a-98d5-10f5c0e45e8e,fcf0c623-12cf-4ceb-af00-f4ea8093854a,c1,DROP,27,?,?,
1769719011.5962534,SENT,67ec917e-ab84-47f8-ac81-2beb6cd55126,7972c065-49b1-4fa5-9575-6f86ac815c58,c1,DROP,2031,?,p1,
1769719011.5962942,CREATED,2ca7b7e8-640f-49c0-9321-e4ff1ccaa18b,88c1439c-4dc1-4db4-8863-af095e9f8ae8,c1,DROP,27,?,?,
1769719011.653603,SENT,2dac5b94-dbea-4609-8c95-329f6a517bdf,7f34b2ea-2c34-41e9-8e68-cf80fe8e5f66,c1,DROP,2016,?,p1,
1769719011.6536424,CREATED,1d7aee67-6e3e-4995-a070-7fdbcf42cf00,c419eb67-6747-4fa2-851a-163d388331fc,c1,DROP,27,?,?,
1769719011.6888142,SENT,e99e3188-e740-49e8-8a6b-811d81d5ac18,fb233964-07e8-4f72-bf8c-47e265055003,c1,DROP,2028,?,p1,
1769719011.6888535,CREATED,2be7ccaf-1cbc-43a1-83be-744d524f2f55,bac4af4a-cfc1-4c6f-8972-100ddcde0211,c1,DROP,25,?,?,
1769719011.7940989,SENT,08da9dde-648b-47e0-b793-e3033639ec28,3507e068-db5b-4650-8198-4da3287cba3d,c1,c5,3382,?,p1,
1769719011.7941372,CREATED,800745e6-580f-4971-bf97-e4f3fc642c40,e651725c-7b63-4911-929f-9c418db2966b,c1,c5,27,?,?,surb={'id': '3b0606be-a88f-4221-93f1-3e75bc4f7c19', 'route': ['p2', 'e10', 'i6', 'x1', 'p1', 'c1']}
1769719011.8929024,RECEIVED,4dbcb410-a80e-40df-82f2-af69fbcec455,661d43e2-8575-440a-82eb-dacf3cdd2209,c5,c1,27,p1,?,surb={'id': 'f3d61510-eb44-41a2-a711-bd235e5a4094', 'route': ['p1', 'e1', 'i3', 'x9', 'p2', 'c5']}
1769719011.8957498,RECEIVED,1a6bc57c-ce2d-42d2-ad07-4e489ba43963,ee03b805-7b01-4a2e-b7c5-7d4c24d75897,c5,c1,27,p1,?,surb={'id': 'e2b7e741-ea6f-41b8-8fb2-945c9cd2e271', 'route': ['p1', 'e3', 'i9', 'x4', 'p2', 'c5']}
1769719011.9605317,SENT,0a46de62-23f9-41b3-9542-09c42b662c4d,b3d90b1c-ddb1-4276-bbf4-c08213749c77,c1,c5,3383,?,p1,
1769719011.9605799,CREATED,de6e6616-f6dd-48b3-9ec8-6b8243667a9d,6cfb31a9-6d3c-4529-91bd-fd35cd1ccd02,c1,c5,27,?,?,surb={'id': '798fa794-e0ab-4933-8266-d9f7ee139b25', 'route': ['p2', 'e1', 'i10', 'x1', 'p1', 'c1']}
1769719012.0870168,RECEIVED,b7044bd5-4499-446e-91e0-9027cf40345e,d612254d-8299-4fb5-88a5-b7e63d49c526,c5,c1,27,p1,?,surb={'id': 'dde17d13-db5c-4d0d-95b1-d37d07ca5734', 'route': ['p1', 'e11', 'i4', 'x10', 'p2', 'c5']}
1769719012.2280674,SENT,b035f4a2-55c9-4b9d-92c1-038068243a03,dfd6b8a7-07bd-4d45-854f-9d83c4e197fc,c1,c5,3355,?,p1,
1769719012.2281122,CREATED,3556b47f-8288-418d-b813-89315ebcdf59,9017fcec-e2f6-4db9-ae08-304da9e55463,c1,c5,27,?,?,surb={'id': 'd3309bcd-868e-438a-b979-e822e6e1c9ef', 'route': ['p2', 'e2', 'i8', 'x1', 'p1', 'c1']}
1769719012.240413,SENT,8f8909f3-b1c8-4154-861f-8481365f2dea,b0a25dde-e3d9-4705-a425-d4f4896d6f35,c1,c5,3400,?,p1,
1769719012.2404552,CREATED,5609cb21-1122-44f6-9975-e1c01d37cc45,7dad9c78-204e-46d7-a802-7d157d038e14,c1,c5,27,?,?,surb={'id': '1e35ff32-1c57-4cab-9c27-c26bfbca4a1a', 'route': ['p2', 'e11', 'i5', 'x10', 'p1', 'c1']}
1769719012.2621858,SENT,21637fd1-4606-477d-b62c-53659c1ae890,6de45bb9-5dc6-41e8-bb99-e5fd2d686668,c1,DROP,2032,?,p1,
1769719012.2622252,CREATED,4b4bf0df-34a7-4fc1-a499-83dcfd7e96dd,f294c9d4-0ff2-41e1-80d6-6f34d5548d2a,c1,DROP,26,?,?,
1769719012.2825387,SENT,fdec56d6-480d-4978-ac26-6bdf66dda8d8,97020054-1b64-452c-94b1-043c4d18fe12,c1,DROP,2033,?,p1,
1769719012.2825778,CREATED,5ab69b0f-4b56-4045-bd1f-fbf14f5f105f,7c3f0aa1-6abe-40fd-9f1e-418719efb212,c1,DROP,27,?,?,
1769719012.377131,RECEIVED,2ad0a051-9a59-4201-b7c1-cc274365a396,92daf458-940d-470f-9899-325dc9bbe472,c2,c1,26,p1,?,surb={'id': 'f3da4f38-bb07-40e9-a8b3-36b98c3f474f', 'route': ['p1', 'e6', 'i11', 'x5', 'p2', 'c2']}
1769719012.4296155,RECEIVED,b95b0014-6716-49db-bcd6-36c7ff255461,fbf23d13-0c8b-40bf-a908-c4f452ee0bd7,c5,c1,26,p1,?,surb={'id': '90cdd851-0c85-4af9-b5f8-88eae21977d5', 'route': ['p1', 'e8', 'i2', 'x11', 'p2', 'c5']}
1769719012.5476305,SENT,40d75d8b-2694-43cf-91f4-43242ca23281,14a236ae-b36e-4a7b-aa2d-0a77f72af4f4,c1,DROP,2012,?,p1,
1769719012.5476692,CREATED,1bca0475-8b99-4e0b-b1b8-124ae0fdea55,aed0735a-f5b3-4c83-ba4d-a7653be449d8,c1,DROP,27,?,?,
1769719012.5809863,SENT,116e812e-7737-4062-b04b-1b904ef9939b,5f90f63c-7816-4ea1-b9c5-e5b9f78efec9,c1,DROP,2019,?,p1,
1769719012.581024,CREATED,691e5f23-e013-4e60-a605-6a306af2fa6c,7c7d852a-91a9-4e4d-9031-4e9f8fbf45a9,c1,DROP,27,?,?,
1769719012.6429398,RECEIVED,98552ca2-88b8-42bb-a0dd-a45143cf2b5b,02d58783-35f4-4bfb-bdd0-99170cf6eb6c,c3,c1,27,p1,?,surb={'id': 'ae58250f-372c-4de8-b3ef-4c48a6b6da51', 'route': ['p1', 'e10', 'i9', 'x6', 'p3', 'c3']}
1769719012.6763623,SENT,33a1311c-5d8f-4d62-b3ad-43fead1677ed,9d040ea5-0f8a-49ec-9051-2361fa52de79,c1,c5,3399,?,p1,
1769719012.676408,CREATED,8b7ad66b-c772-487e-b053-7cd0aca5381b,6e3eeb6d-850a-4dac-b683-cdbca9584e71,c1,c5,27,?,?,surb={'id': '15189912-0be6-4eaf-b317-9076c11ed637', 'route': ['p2', 'e5', 'i9', 'x4', 'p1', 'c1']}
1769719012.6841896,SENT,ae213e4f-233a-4d11-8edd-de99bda51703,47a4e0ee-eea8-4ba4-96c0-7ebd2637da36,c1,c5,3359,?,p1,
1769719012.6842325,CREATED,4d0d4619-b229-450a-8b6a-d3951172fd5b,6c6b2aaa-64fd-4f15-a557-73f6017d8b3f,c1,c5,27,?,?,surb={'id': 'b4801b83-0631-48c1-8462-b9f499b8ef3d', 'route': ['p2', 'e7', 'i12', 'x7', 'p1', 'c1']}
1769719012.7238395,SENT,fdeb2f93-7328-4a90-9fc0-496f6766822a,866e5f30-9c08-4ecf-8aa8-bb0821b005a5,c1,DROP,2031,?,p1,
1769719012.7238774,CREATED,7b85894d-1ecb-4ba0-8d13-c2504b5b9afa,06a08e31-5127-42ed-b6b2-d47a21f9104e,c1,DROP,27,?,?,
1769719012.952002,SENT,d4ad9cdd-1548-4302-b45f-e58bfabbee55,bea5620a-d481-46e0-8a56-017d3740ddec,c1,DROP,2016,?,p1,
1769719012.952053,CREATED,77ba1910-430e-4328-9941-f94234451f7b,e9ab96f4-d543-4053-b963-982611ae6e2c,c1,DROP,27,?,?,
1769719013.0119686,SENT,82359883-e83f-4e8a-b6a6-8255920b9c9a,dc8d0681-e3ba-48b4-8840-5fa0a8ae1709,c1,c5,3360,?,p1,
1769719013.0120144,CREATED,4a4b866a-d9f3-42c4-a6c3-af545e5dbedc,c539ae03-99aa-4c29-9d7e-ff3b58f22ba5,c1,c5,26,?,?,surb={'id': 'f499f109-0930-42a5-aa69-5f52c79459d9', 'route': ['p2', 'e11', 'i3', 'x10', 'p1', 'c1']}
1769719013.0260437,SENT,e11008dd-6850-48a4-8de7-598f0cc3eed8,66d38984-24ce-4d31-9a2c-9adc814eb0f1,c1,DROP,2015,?,p1,
1769719013.026085,CREATED,da971cbf-d48a-4aac-b7b8-3fa554ab528c,5e75764f-3b8e-415f-8e67-37efecf15dbc,c1,DROP,26,?,?,
1769719013.069251,SENT,606d73f1-e7d7-4b8d-a470-de498cee0dc8,6154bb75-432e-4fef-903f-70ab49a36aaa,c1,DROP,2024,?,p1,
1769719013.0692997,CREATED,ce4791c8-6d63-42f5-a45b-61a36086e898,40e14ab3-11d7-4853-8766-499fe8313b9c,c1,DROP,27,?,?,
1769719013.0725894,SENT,ef107a9f-7f46-4077-9578-07e342359ae1,405d653e-8bcb-4380-9856-df22550634cf,c1,c5,3388,?,p1,
1769719013.0726337,CREATED,669f2b39-85fd-40b9-ac9c-32d291e90382,b8b2eaa0-39fc-437d-a757-0c58e3725cdc,c1,c5,27,?,?,surb={'id': 'f602f893-1713-46db-98c8-964db6aab96f', 'route': ['p2', 'e2', 'i10', 'x8', 'p1', 'c1']}
1769719013.0762496,SENT,b1dc95e0-24d6-4625-ab19-619445b8f81d,586fa393-ddba-4ec0-88b4-4890253cac99,c1,DROP,2017,?,p1,
1769719013.0762885,CREATED,7d5962ad-bdf7-4166-8f14-5f9d9c00800a,95d42508-7689-4b7c-b73d-a429ae814311,c1,DROP,27,?,?,
1769719013.088271,SENT,df1a887e-dfaa-4cab-9af0-3fb712877d01,0b8af086-8766-4aff-bb59-7cc333a9b4d5,c1,DROP,2015,?,p1,
1769719013.0883808,CREATED,3d1731db-d9d8-4034-a6c9-5cb1e356483b,387c33f5-6cde-4732-a55e-ce1a4a029d2c,c1,DROP,27,?,?,
1769719013.1172395,SENT,a49f1a69-f723-48ed-86de-c84fe23d8482,b0c3c6c5-a5b1-484c-8ad6-4638caaf5c99,c1,DROP,2024,?,p1,
1769719013.1172767,CREATED,ab15c1ce-b17a-4923-b242-b9660ea61e57,c62afcbd-6834-4c86-9a23-d0bf4c100c6d,c1,DROP,27,?,?,
1769719013.179088,RECEIVED,25086948-73a1-4e8f-bf8b-63d9d7a2b16f,c968bee1-d01c-421d-8277-f4108b6acefc,c2,c1,26,p1,?,surb={'id': '3f6c3784-4e95-4305-bc85-d5b27a736501', 'route': ['p1', 'e10', 'i12', 'x4', 'p2', 'c2']}
1769719013.239404,RECEIVED,ecbde1fa-4242-4e9e-b4d2-2c90a203407f,56bd7d19-9d15-49dc-b410-c8a1c7ce60f5,c3,c1,27,p1,?,surb={'id': 'c1fe2eda-ae31-4654-b5ff-91b5bab0b49b', 'route': ['p1', 'e3', 'i8', 'x3', 'p3', 'c3']}
1769719013.2766335,SENT,7fc8aa0a-1e14-4869-bd6c-04478de07dcb,14f69615-1a72-4d01-b4c6-c01453c80645,c1,c5,3392,?,p1,
1769719013.276675,CREATED,9694970d-2dae-4f81-9378-d3e2e4711f26,325a0640-d9b3-4b5d-90fd-9e3aefb9daf8,c1,c5,27,?,?,surb={'id': '30ac25ae-3f55-4736-8f5e-df9faa91db54', 'route': ['p2', 'e2', 'i12', 'x4', 'p1', 'c1']}
1769719013.3153713,SENT,7179f883-c3e6-4270-851e-a6666b5a3e36,97481820-23b7-4d67-8d2d-f8659d5950ff,c1,DROP,2024,?,p1,
1769719013.315406,CREATED,35328b0f-e3f7-42c2-9a13-3d63b12fd3db,04adf90b-c0f8-498e-87ca-4693a8796f85,c1,DROP,27,?,?,
1769719013.356628,SENT,91546c1f-28f7-449d-ab73-9e5a532a9003,a86dc81c-084f-427f-b7e6-33c7c9a1ea28,c1,DROP,2031,?,p1,
1769719013.356666,CREATED,296fc022-bdf2-4ffa-8bd3-69370169e41f,034bd2f4-47b7-43be-afb9-f5666f3d1ede,c1,DROP,27,?,?,
1769719013.3887186,SENT,6f17835a-a274-4172-b105-4bb15a079409,e50cae77-5f80-4cb3-aa96-33b3fc8e359d,c1,DROP,2031,?,p1,
1769719013.3887577,CREATED,dfb9cdd1-418a-4360-bb21-3366c24b9475,4150325b-4d05-4acb-8ff7-135a375b095f,c1,DROP,26,?,?,
1769719013.4894278,SENT,f3bfefd0-2a34-4d97-b3d5-72798509ad62,edb89c2e-e8e8-48ec-9c20-41562d182a81,c1,DROP,2036,?,p1,
1769719013.4894667,CREATED,2e821698-a527-40aa-a4fa-0a2cb4c6456e,ff374a62-2495-4532-bb9c-0652d51b3159,c1,DROP,27,?,?,
1769719013.502701,RECEIVED,518adf08-047f-48dc-a26b-32732eea03f8,0427f93e-443b-4901-b83d-f374dee66fde,c2,c1,27,p1,?,surb={'id': '257e5b0e-abbc-4058-b72b-08e6c6e3950e', 'route': ['p1', 'e6', 'i1', 'x10', 'p2', 'c2']}
1769719013.542298,RECEIVED,581644b9-662c-4bd8-91c4-1f6cc347d5d5,8f618869-0026-4a9d-bb09-6100a714b137,c3,c1,27,p1,?,surb={'id': '1b9f2467-6723-4053-adde-868254fb7c0e', 'route': ['p1', 'e3', 'i9', 'x12', 'p3', 'c3']}
1769719013.542932,SENT,61eab5fd-410f-4be5-b33b-b7d541e2572c,dd13cedd-7b75-4d62-a758-5ea9c829061a,c1,DROP,2029,?,p1,
1769719013.5429668,CREATED,cd86eca2-8f65-440d-a201-008d973cea5c,4268f007-cd5c-488b-b729-14b530395e6f,c1,DROP,27,?,?,
1769719013.5748599,SENT,6f579337-6ab2-4b31-b258-97d8301dc51e,0cf575f6-be2b-47ea-89fd-4bfc962d1508,c1,DROP,2015,?,p1,
1769719013.574898,CREATED,d6ed1f5d-cebc-4768-b5de-71967575b3a9,7779a258-0a35-4780-9cf0-9787c403aedf,c1,DROP,27,?,?,
1769719013.5869544,SENT,55044232-9515-48e6-b990-c2cca07eda79,9952214f-2763-4a96-bd21-9b8fd0ca3520,c1,DROP,2027,?,p1,
1769719013.5869942,CREATED,5879a286-0e82-4634-9543-8a7caf4848bb,efd2b9d3-0b0f-4915-8292-04059e59ca2c,c1,DROP,27,?,?,
1769719013.5902703,SENT,57224aaa-bc7b-4649-b1fc-22c10204cba1,98777769-9efa-418c-9082-da373a52f641,c1,DROP,2016,?,p1,
1769719013.5903094,CREATED,45dc3828-90ff-4e6c-9a3a-3665d3b176be,9ef24194-e508-4d4b-9c35-829f8615e538,c1,DROP,26,?,?,
1769719013.5928357,RECEIVED,49095790-3e0f-456c-8ece-53fdcbdd8131,ecf56322-0466-4f60-bb48-98cfcf7cd60d,c5,c1,26,p1,?,surb={'id': 'a09e2acb-880e-4589-ac0d-f4cd8c272613', 'route': ['p1', 'e9', 'i12', 'x7', 'p2', 'c5']}
1769719013.5961723,RECEIVED,a8efb78e-dde2-421a-bc80-d40763bd4990,b35d78d0-8c0e-437b-8808-90b0117c3bf7,c2,c1,27,p1,?,surb={'id': '37f3feb3-5338-4a1f-8360-ce5da6586ba2', 'route': ['p1', 'e3', 'i4', 'x6', 'p2', 'c2']}
1769719013.6770906,SENT,58f21a2c-5176-4682-a493-b5504a89deb9,269a0c6d-6dc1-4876-b4c3-1c50f69a3e93,c1,c5,3388,?,p1,
1769719013.6771383,CREATED,c0748e8f-dbdd-4eb3-a941-d269e4f48dc7,14945514-3779-481e-9064-c2b13e06ba9a,c1,c5,26,?,?,surb={'id': 'fa4b0887-5fb4-4ac2-a5fe-3c0c22ba9dbb', 'route': ['p2', 'e3', 'i7', 'x3', 'p1', 'c1']}
1769719013.7097204,RECEIVED,b83d82f1-27cb-4dea-aa69-31648424d2ff,0732e00c-8b9f-4e1f-9ba7-86430cfdc621,c3,c1,26,p1,?,surb={'id': '53e8be1f-19f4-4dd9-8c60-ad91709cd6c4', 'route': ['p1', 'e7', 'i5', 'x1', 'p3', 'c3']}
1769719013.7257876,RECEIVED,e40d6b2c-02ea-4ea3-a4f2-0bbf752524a0,48e1c5a2-16a8-47f1-893f-0e4ad69f6473,c5,c1,27,p1,?,surb={'id': '46a260fc-3315-4a7e-9451-044053f09da1', 'route': ['p1', 'e3', 'i1', 'x3', 'p2', 'c5']}
1769719013.7492068,SENT,5a8ff9ba-1fd0-4d28-9827-8d6616ea49ae,a2ae06dd-353f-43f8-948a-d70445f4ad29,c1,DROP,2016,?,p1,
1769719013.7492452,CREATED,948cc76c-03a0-4099-ad5e-acf3c3d93914,15490e9a-c828-4627-a8e1-926afa867263,c1,DROP,27,?,?,
1769719013.777579,RECEIVED,d1a733ac-b93a-42ab-b37d-29a78a855fdf,e3e8e4c4-6e63-4273-9488-9cd336233811,c2,c1,27,p1,?,surb={'id': 'bff1ba44-96de-425a-a6a6-9777ead10d5d', 'route': ['p1', 'e7', 'i2', 'x12', 'p2', 'c2']}
1769719013.7805772,SENT,5bbe9541-de39-4c42-94ea-78d1ee44cf8c,1411d324-e214-4d0d-afae-2062eba96e4b,c1,DROP,2020,?,p1,
1769719013.7806156,CREATED,73939f1e-9e1f-48ad-9922-74de3bb0eb14,a7b78de0-41e8-47ee-af46-df91fe4a01e8,c1,DROP,27,?,?,
1769719013.8097968,SENT,3f3f6502-776d-444d-bcaa-13140eea6b51,5631d899-eea9-4777-b279-d9c0c6034d5d,c1,DROP,2011,?,p1,
1769719013.8098996,CREATED,56fa4289-e4c6-4b54-b980-065b623aa244,ec52126e-5869-4f7d-9955-cdf954ab4848,c1,DROP,26,?,?,
1769719013.8420167,SENT,a0225e01-3adb-4672-8348-dd7dcb96afdc,a35f2698-376b-4adf-a82b-509f9f7f9362,c1,DROP,2003,?,p1,
1769719013.8420684,CREATED,32b9c031-9afa-47d4-bc94-c4109c41655c,2e2a2af2-588c-4716-bb98-87356206af3a,c1,DROP,25,?,?,
1769719013.855666,SENT,612bac97-ecf4-4b3e-8c15-8885cb4d511e,a9fe16e1-ba8b-4ba7-89b7-460894fd4d47,c1,DROP,2019,?,p1,
1769719013.8557048,CREATED,1c489e46-935b-4ec7-b887-42a5864f22a2,a24eeabd-4258-4115-9503-0a12234f14bd,c1,DROP,25,?,?,
1769719013.8713913,SENT,cdaa589c-45c0-4301-a6d5-c1b3da921a81,6f997efe-0cfc-4cfb-8d74-80259f636e34,c1,DROP,2038,?,p1,
1769719013.8714244,CREATED,5ff6b47c-7ae0-4c90-bc8d-f7ba0c8825f5,1f50709c-73b6-4ba2-9807-6aa97947392f,c1,DROP,27,?,?,
1769719013.8835487,RECEIVED,915033d8-1812-41d8-920f-6101ba127a19,c8f29028-8953-45b9-a70d-36825ab202ca,c3,c1,26,p1,?,surb={'id': '64ec2ef9-4b39-4e8f-82f8-3af28cfaff8a', 'route': ['p1', 'e3', 'i5', 'x3', 'p3', 'c3']}
1769719013.9068542,RECEIVED,e0e6dff4-f18a-4204-b08f-94709d3b5451,42080486-ecff-4031-a01f-aec8585ad17c,c2,c1,27,p1,?,surb={'id': '14b29242-6070-4efa-a620-88913c06d5ab', 'route': ['p1', 'e10', 'i6', 'x7', 'p2', 'c2']}
1769719013.9712129,SENT,7f956a3b-af33-4248-b8eb-c3daf132110f,2967cbe3-a71e-4635-bcad-1ace87b3d0ed,c1,DROP,2016,?,p1,
1769719013.971253,CREATED,96df324b-f6fd-4d83-9b43-8dc869afa94d,30ca36de-4a01-45b7-8457-681a05fde92b,c1,DROP,27,?,?,
1769719014.0589955,SENT,6ac2e65e-b262-4809-bd58-b41c82129edd,57f2a66a-6583-4786-ae40-a7fd5f570e3b,c1,DROP,2024,?,p1,
1769719014.0590336,CREATED,5e585d8f-381b-4f49-b5f5-6a37dfa79577,154d66ac-0ab6-46fc-9cec-648d23ab6a4d,c1,DROP,26,?,?,
1769719014.0965397,SENT,c01418e4-6920-4e4d-928b-c7a733e4146f,77ac89ba-170e-4d08-8092-e7ce3cb87352,c1,DROP,2026,?,p1,
1769719014.0965784,CREATED,1b5d7dd3-1a7e-4a89-8235-6664a0be311f,b7bb6394-916f-42c4-815a-8ed6e972b226,c1,DROP,27,?,?,
1769719014.184103,SENT,10c43d19-b84e-46a0-a2ef-fe753bab6648,acd6d4c5-41cf-4e73-b249-dd950af2c4d0,c1,DROP,2015,?,p1,
1769719014.1841497,CREATED,bcd7bce2-a251-404f-92df-0e072a6b590c,0aa9382f-7d6b-4db2-a20d-1d4f4b0fc779,c1,DROP,27,?,?,
1769719014.2103815,SENT,d5614adb-77df-4d78-8d2c-146754f7f51f,057f795c-5bfa-4b61-9954-bb4b3ecdc234,c1,DROP,2028,?,p1,
1769719014.2104197,CREATED,dfdebd5c-b3f4-4039-bdf3-a79dd3abae64,eaddbf94-2dd0-4953-b644-557df84b5457,c1,DROP,27,?,?,
1769719014.283608,SENT,4041e6ab-8f6f-4985-9e55-9be22ac29140,33789861-739e-4206-9228-a09eb127d667,c1,DROP,2024,?,p1,
1769719014.2836485,CREATED,96368078-e986-4c16-bced-d0fa41a0569d,bcf7368a-ea76-48f5-82c8-42767f7adf1f,c1,DROP,27,?,?,
1769719014.3428817,SENT,9b9d330c-472c-4c8a-b372-64d3542ad86c,7cd7799f-28cf-4b48-94fd-ba61ca187289,c1,DROP,2020,?,p1,
1769719014.3429217,CREATED,01815ee0-7c40-4f20-bb8a-db3336436f77,d16da67a-1bc6-490d-814f-c31d95b5d6bd,c1,DROP,27,?,?,
1769719014.5193331,SENT,7c92472e-82a5-4603-b4ed-59534d9ab204,d8df4f95-4eb3-48d7-bacb-72f8dadc2c9a,c1,DROP,2024,?,p1,
1769719014.5193803,CREATED,cfb75bf5-67e4-4839-9d30-a3087b2d1c9b,94ba8d9d-261a-42fb-91dd-a339b5958048,c1,DROP,27,?,?,
1769719014.5466664,RECEIVED,8ce7abe9-53c0-4306-94f6-96adbc995980,e748c16c-e637-4c3c-a1eb-cb66cbab4ecd,c5,c1,27,p1,?,surb={'id': '115f9a40-9852-4da9-8a68-f1248483951e', 'route': ['p1', 'e5', 'i11', 'x4', 'p2', 'c5']}
1769719014.598897,SENT,6842f685-85ae-4675-81d6-39690f27074c,c293570b-129f-4297-8ce9-8e441c765293,c1,DROP,2016,?,p1,
1769719014.5989354,CREATED,087a900e-df4a-46cd-bf03-6a7757ed8020,4d7db11c-0cf0-4711-bf7e-be6e89ebffdd,c1,DROP,27,?,?,
1769719014.6482143,SENT,b5c5c96a-9320-4c3f-a579-365b9662b46c,6a3e6239-4998-4072-ad08-dd16e0e1059d,c1,DROP,2040,?,p1,
1769719014.6482534,CREATED,f5c53ea1-d29e-4105-a3bf-e3119eb8ab0a,5d55b3b0-1cde-491b-8881-a3770d6e844c,c1,DROP,26,?,?,
1769719014.6623034,RECEIVED,922ed8ed-2703-4543-ab57-b0b58b6034c1,46464828-60d4-48bd-b486-bb25135b9268,c2,c1,27,p1,?,surb={'id': '2597ddf0-4ec3-4030-89fb-12f49bd59039', 'route': ['p1', 'e2', 'i6', 'x7', 'p2', 'c2']}
1769719014.6841402,SENT,a32e5070-7654-42d9-b0f0-76012fe498bd,9814f8fe-4d67-433f-824b-cbfc78023b1d,c1,DROP,2027,?,p1,
1769719014.6841784,CREATED,706183a8-8170-4ea0-85f3-bf0bbcacd1a6,40873e01-0464-4a4b-821b-ed6a4d72dc98,c1,DROP,27,?,?,
1769719014.7006855,SENT,0df909d1-2439-41e7-8c7c-945e33083475,2ed7aec2-e2ee-42e5-bd26-053c3182bc00,c1,DROP,2031,?,p1,
1769719014.7007258,CREATED,bedf128f-abb8-48f3-820a-1905122ada52,7c21ca39-83d9-427a-ae2c-59e8dba14def,c1,DROP,27,?,?,
1769719014.7407558,RECEIVED,796a4912-c03e-4d7b-9a34-a252777c75aa,49d37d4f-4138-4c10-81fb-5b6e4004521d,c5,c1,27,p1,?,surb={'id': 'd90afde5-1da2-4a29-b875-c7463cd4fb64', 'route': ['p1', 'e8', 'i2', 'x12', 'p2', 'c5']}
1769719014.901669,RECEIVED,dfcd1c58-09c0-42d7-aa84-650ae1f8ab64,408bed30-87fb-4b12-ab0d-d79f0ec65850,c5,c1,26,p1,?,surb={'id': 'b5c9a70b-93bb-4823-aa69-01c15fc6627c', 'route': ['p1', 'e6', 'i8', 'x7', 'p2', 'c5']}
1769719014.92138,SENT,7f37c474-8f62-4cf6-9c59-fcf04b4fdb52,559e0709-7dd6-4367-84d4-2db946433eb1,c1,DROP,2029,?,p1,
1769719014.921419,CREATED,08412f19-00ac-4dc7-ab10-b9574837a57b,eebc2a95-1755-40b8-939f-b6b06e98d686,c1,DROP,27,?,?,
1769719014.9681597,SENT,eecd0e1d-2794-4d79-895f-2de3ff7be2a2,a7757882-e2df-41f3-ad35-5b8e2882b300,c1,DROP,2023,?,p1,
1769719014.9682012,CREATED,b63826b2-d0ec-42de-aa88-67cb55d02871,b65d5fb3-3d4e-4432-9e24-cd08baa2ec34,c1,DROP,26,?,?,
1769719015.0941164,RECEIVED,825e5563-a5a9-4c02-8461-bf1d10199fc4,7f769739-2298-4ac2-9186-7548f191b1d0,c5,c1,27,p1,?,surb={'id': '8a8be1cf-3f39-420e-9184-496f1748f36d', 'route': ['p1', 'e1', 'i12', 'x8', 'p2', 'c5']}
1769719015.108088,RECEIVED,e98127a3-8526-4adb-b1da-026b92740df5,5d9d5c49-bdb2-469c-a620-9d739ad7b016,c3,c1,27,p1,?,surb={'id': '3d164673-78b7-4548-bfe2-baa3f07f548f', 'route': ['p1', 'e1', 'i1', 'x11', 'p3', 'c3']}
1769719015.1274107,SENT,5e18280a-c607-41e5-ad83-17a4148a52a8,7332d8cb-22b7-409a-8e65-e10cff8adf3b,c1,DROP,2024,?,p1,
1769719015.1274521,CREATED,02d9f50d-36b1-4fa8-9ef7-9868da3e8577,fae6f406-8a93-468e-a450-8555c34d1b0d,c1,DROP,27,?,?,
1769719015.2332327,SENT,fbcc3006-53a5-4e64-b6a7-e113eded9c4c,56c5289b-3c27-411c-853c-9f94380c25ea,c1,c5,3399,?,p1,
1769719015.2332866,CREATED,96105536-16bf-4032-a897-dc7be35f96fb,01697f56-b253-474c-9a6b-05b8a93be8fd,c1,c5,27,?,?,surb={'id': '1cda11b5-d0d2-4bc9-9fa0-b56d38e5c674', 'route': ['p2', 'e1', 'i11', 'x6', 'p1', 'c1']}
1769719015.2716587,SENT,ffae6159-afe6-4eb0-94eb-c38a6b766890,b32fc9d7-7b2a-4346-9c71-7d8f10c11e42,c1,DROP,2036,?,p1,
1769719015.2716959,CREATED,966cd0c6-e6dc-42c4-891b-0dc028d4ab5b,e250ac76-41f0-4d2a-9137-dada6db1089e,c1,DROP,26,?,?,
1769719015.3076262,SENT,2d2cda0b-ba3e-4577-a5a1-d60a54d8f789,b505bece-50ed-4f07-a1ac-049d5a373cad,c1,DROP,2015,?,p1,
1769719015.3076632,CREATED,5cb899b0-c989-4bc5-af14-2b87c53cceb7,94ee8c5a-18d0-46c3-9e1b-f760ef24df78,c1,DROP,27,?,?,
1769719015.3160572,SENT,a8482449-5b07-4230-ad28-0df65ae694a3,30b4e0de-3e04-4a78-ba27-f900f6151d94,c1,DROP,2035,?,p1,
1769719015.3160994,CREATED,2e5297b5-9641-4c90-9423-ed8a641f4a36,cf1563d3-cad8-40d0-9f2d-2bb668dc1d81,c1,DROP,27,?,?,
1769719015.365514,SENT,8fc8ad19-928e-4666-a05c-4ee6c5d7dfd8,1db5bb41-36c6-4194-9e67-702857ecf58f,c1,DROP,2036,?,p1,
1769719015.3655536,CREATED,5321f00f-013c-438d-8819-7d2bafad6da3,f317b0ff-6074-4113-8b31-d8373a2857a7,c1,DROP,27,?,?,
1769719015.3667047,RECEIVED,98bb634c-2472-4956-a0ab-26207b3c12b2,3423354a-7dde-48b4-a7c5-af5bac6d4338,c5,c1,27,p1,?,surb={'id': '6e17fc47-162a-4431-b939-e56370ab41c6', 'route': ['p1', 'e8', 'i2', 'x1', 'p2', 'c5']}
1769719015.414469,SENT,70ac2f96-d6a4-47e5-b164-34a70804a048,1fdd55b3-8e03-4168-8d55-8f750f5ec089,c1,DROP,2020,?,p1,
1769719015.4145105,CREATED,5e3776e2-e4c9-4914-bad5-9a82d8011e52,eaf498b9-0f03-49fd-b308-c35234c54c6f,c1,DROP,27,?,?,
1769719015.4281628,RECEIVED,7da1c85f-a25b-42bf-ae8a-0a33416973e8,81afc8fd-839d-4baf-a2a4-cf9f910e1482,c2,c1,26,p1,?,surb={'id': '52b19440-baf0-42e9-abc4-b5adb75dde1b', 'route': ['p1', 'e6', 'i8', 'x10', 'p2', 'c2']}
1769719015.4952195,RECEIVED,f9ea997e-4f7c-4a77-8820-b9a14dfb0e6b,dd249900-644f-40d7-890e-d0fbc5762a62,c5,c1,27,p1,?,surb={'id': '7f1aea68-2817-41a5-8363-4851ef1edd51', 'route': ['p1', 'e10', 'i2', 'x8', 'p2', 'c5']}
1769719015.505433,SENT,b8ceae8c-a9e5-485f-8bd9-1fc9ba911c77,aba63aa0-78b0-4649-81c2-e597231c63fd,c1,c5,3368,?,p1,
1769719015.505482,CREATED,40d2ccd6-2556-4d48-999d-8c21c4be2c67,68e1d5e2-5693-4b27-9a16-e7b525b7e0cf,c1,c5,27,?,?,surb={'id': '7fdf533c-aaa2-43e0-8b25-e8d0dc8e5a1d', 'route': ['p2', 'e4', 'i8', 'x3', 'p1', 'c1']}
1769719015.520578,SENT,1342e3ca-936f-4949-8f72-5d8aacfb7c04,bb80101e-a190-4f73-872b-0f7829e8e481,c1,DROP,2044,?,p1,
1769719015.520619,CREATED,9ede1be8-e721-4b08-9114-d126829b888c,b0d5fea4-d757-4371-9775-409f0d26ea52,c1,DROP,27,?,?,
1769719015.550784,SENT,47a7823a-65d1-4aac-8acb-a66a9efe8885,43195c6d-203b-456e-9700-ad8fc4de5a93,c1,c5,3383,?,p1,
1769719015.5508308,CREATED,e4a5f2cb-da07-44b4-b927-a0c71d17ad57,f4a8d92b-b305-48ff-a87e-7f4c862db3ee,c1,c5,27,?,?,surb={'id': '45b8c2f1-6b10-4be2-9d24-d019a0afe7c5', 'route': ['p2', 'e5', 'i12', 'x6', 'p1', 'c1']}
1769719015.5556352,RECEIVED,bb8b87ee-cc4d-487d-b7a6-e0e6cb96b550,5347fac6-cf59-41f4-9dbf-6b0774fe01ef,c3,c1,26,p1,?,surb={'id': '09eb0112-4735-477f-92ac-803a36a710e8', 'route': ['p1', 'e9', 'i9', 'x1', 'p3', 'c3']}
1769719015.563963,SENT,347f5985-325a-4197-bdef-ce3759623d03,7e6396dd-1c46-4601-a13d-8a39e2be548a,c1,DROP,2015,?,p1,
1769719015.5640028,CREATED,56549a7a-f735-4190-80fd-8c930af4f8ef,bfe52ffb-90dd-413a-acc3-651e46580aa6,c1,DROP,27,?,?,
1769719015.638378,SENT,29503fe4-4979-4857-bf85-7382ee721037,50f9dce3-e0ab-4d5f-a086-29b7dfc383de,c1,c5,3379,?,p1,
1769719015.6384275,CREATED,002ce1fb-00c1-4c23-b17e-70de7e136439,7ee0e2ac-6eae-4526-94ea-c824ee0f955b,c1,c5,26,?,?,surb={'id': 'f8a4b07e-5b11-43d4-bbe6-28e3cae318f0', 'route': ['p2', 'e4', 'i10', 'x7', 'p1', 'c1']}
1769719015.6875346,SENT,3618b011-1d0c-43c9-9e46-07390f50787c,9d6d7d33-4cfe-4547-8297-88b19956612d,c1,DROP,2033,?,p1,
1769719015.687578,CREATED,e2b00b4d-ca83-4aa4-88fc-5ba82a9909d0,98e06487-9965-48f5-9cc2-2314bfe96dfb,c1,DROP,26,?,?,
1769719015.6941862,SENT,abec95fe-efd2-45ad-8237-6050a1a473ca,be21f8b3-4fc5-465a-8757-5533b8b5cb67,c1,DROP,2032,?,p1,
1769719015.6942308,CREATED,44c4f539-b39c-465b-9abc-92aa60180dbe,7e09bfe2-8848-4d61-8574-1703c0eafa0b,c1,DROP,25,?,?,
1769719015.6967742,RECEIVED,ccdbbda1-7ea2-4a76-9699-574f77130316,4052fecc-d2e5-4b63-a9ec-e06ab57e5389,c5,c1,26,p1,?,surb={'id': '93e93e03-58ec-4ef1-b56c-668b7fca79e4', 'route': ['p1', 'e8', 'i10', 'x7', 'p2', 'c5']}
1769719015.7558641,SENT,7c601512-6c10-432f-8e60-d52eb986df64,cd82c9ec-9563-4306-a682-868716349548,c1,DROP,2036,?,p1,
1769719015.7559023,CREATED,61b98359-6593-40d4-b822-809e73455cff,2fa61fd4-5056-4e0f-a5de-c83ce1a07505,c1,DROP,27,?,?,
1769719015.813125,SENT,3c983c45-1c6c-48eb-8921-ad0676416e2e,21a50a2e-cb91-439a-a46a-7a71959255fa,c1,DROP,2028,?,p1,
1769719015.8131633,CREATED,29f20cc9-48ce-4908-af01-0f91aef7eb20,27008f72-382d-412e-886f-cb2d0164a777,c1,DROP,27,?,?,
1769719015.83167,RECEIVED,43a15dd8-afc0-45eb-b024-048875aa317f,a8392359-04db-40f7-8816-7092152ed00e,c5,c1,27,p1,?,surb={'id': '225f21f1-45f1-4905-bac1-57ab25a83209', 'route': ['p1', 'e10', 'i3', 'x4', 'p2', 'c5']}
1769719015.8328543,RECEIVED,fde209fb-b810-4d85-8b54-c22000f6c53c,2406171f-7783-4c79-bb60-2792d0919323,c2,c1,27,p1,?,surb={'id': '66d0eae5-858a-457e-9c8a-3bcbdb373c9b', 'route': ['p1', 'e1', 'i6', 'x5', 'p2', 'c2']}
1769719015.8853078,SENT,29c4aa8f-8a76-4dc5-8afa-208c825924eb,73cf7e84-8122-4564-9747-87d643cfd307,c1,DROP,2023,?,p1,
1769719015.885346,CREATED,d7db0bf8-ae9c-4bdc-9ac3-19d1e170e5b8,60f1e444-4d86-4ea6-8f6d-9f5aad3f17cf,c1,DROP,27,?,?,
1769719015.890874,RECEIVED,4b1f6be6-02d9-4c91-a51c-1d5fc1cc533b,ee829245-34e8-4101-a7e9-bbe7c1d9584b,c3,c1,27,p1,?,surb={'id': 'bf9048ed-86c4-4470-bd07-c522a05cadae', 'route': ['p1', 'e5', 'i1', 'x5', 'p3', 'c3']}
1769719015.925109,SENT,52517e8b-2852-40c3-b1db-308bdc960c43,4758da54-0021-4a70-acc1-790f888daefc,c1,DROP,2024,?,p1,
1769719015.9251509,CREATED,ba1fed25-2696-4762-8287-56b614fe7035,98f1e047-44de-43d9-830d-31f46893d979,c1,DROP,27,?,?,
1769719016.0000997,RECEIVED,a2d49a4b-9bb7-49cc-a73f-89055c1d2315,a2e3bb7f-c1b1-4553-b2d7-2d58381f1249,c5,c1,27,p1,?,surb={'id': 'c9821041-a87a-43c4-8991-9322356f8679', 'route': ['p1', 'e11', 'i12', 'x11', 'p2', 'c5']}
1769719016.0595412,RECEIVED,66bf5a85-5705-4bd4-8178-64d53eea573f,89cc08b4-e9c9-4ca3-a7fb-4e55cb2c8c44,c2,c1,27,p1,?,surb={'id': '819f4336-b25e-437c-b725-d351f2d54241', 'route': ['p1', 'e2', 'i12', 'x10', 'p2', 'c2']}
1769719016.098164,RECEIVED,d9db192a-96f5-410a-a2b4-ce39b49b6194,507465a7-f115-4b17-9da6-9b59f27c53cc,c3,c1,27,p1,?,surb={'id': 'ca2323af-c032-4b37-a2a1-b9ec3cf1e7fa', 'route': ['p1', 'e11', 'i11', 'x11', 'p3', 'c3']}
1769719016.1421735,SENT,4b95c786-138c-4ed7-bbc6-e621bf88cb21,c863df97-e2d7-4ffb-93d9-b5f2820d2ec7,c1,DROP,2018,?,p1,
1769719016.1422124,CREATED,6e651817-c717-4588-a528-8c1a933d3c8c,8aa93229-00c0-4f87-b94e-f193f62245b5,c1,DROP,26,?,?,
1769719016.1579535,RECEIVED,4287d9fd-7c14-4faa-acc7-e05e7f4cebd6,d525d6a4-1c42-48b8-8f8f-962827e6e42f,c5,c1,26,p1,?,surb={'id': '2e27c357-c1d2-4b73-ac10-240ddcf21a81', 'route': ['p1', 'e8', 'i10', 'x8', 'p2', 'c5']}
1769719016.1647658,RECEIVED,c1265caa-b8ae-47f4-8173-e275e1e8e8a5,4b942e57-9d26-4ddb-a182-3b7ab0ae29cd,c2,c1,27,p1,?,surb={'id': '94b328b6-f845-4269-8265-2888b3411605', 'route': ['p1', 'e8', 'i2', 'x10', 'p2', 'c2']}
1769719016.170054,SENT,85c7d9c8-ef18-456d-889b-68e7cfd4c627,94a924d8-5b57-4b69-9227-94f392ed5cc4,c1,DROP,2025,?,p1,
1769719016.170103,CREATED,e66e873b-14f7-4dbb-99d2-beef406f6318,24bc7c63-2016-4ee6-ba6b-6eef10807c82,c1,DROP,27,?,?,
1769719016.2278016,SENT,928e0c1c-5fcc-439c-b3a0-9829a7b1f4cf,26f4a780-f149-4678-9943-a8ae5a68e5de,c1,c5,3372,?,p1,
1769719016.22785,CREATED,bd48ff9f-5225-48f4-9155-2af700fb8bca,0ac48fd2-44e5-4fb7-85cd-1e6a7c6a7cf0,c1,c5,26,?,?,surb={'id': '1e2bf554-def9-4cf5-8c50-c3e0b6714360', 'route': ['p2', 'e1', 'i2', 'x5', 'p1', 'c1']}
1769719016.2839813,RECEIVED,4212c546-2adc-4868-a92a-2a122c73765e,4f9e8eee-ddfc-4dc2-84a0-b787bad0077b,c2,c1,27,p1,?,surb={'id': 'bee4a2ad-c411-4a08-8273-158a6c3579f3', 'route': ['p1', 'e11', 'i2', 'x3', 'p2', 'c2']}
1769719016.3143067,RECEIVED,aade73ae-5682-4a20-a4d9-d517bf0ecd6c,c2da2865-c234-4ba8-adf3-61b6876161ae,c2,c1,27,p1,?,surb={'id': '7642e8c0-025e-41fe-ae15-5dacffa188f0', 'route': ['p1', 'e4', 'i9', 'x5', 'p2', 'c2']}
1769719016.3570862,SENT,2ab77c0e-4416-48ba-8f69-06a984ec5a91,725fa98f-b7be-4d44-9ce2-8eee5f6f1c5b,c1,c5,3387,?,p1,
1769719016.3571334,CREATED,bf0f5782-899b-415d-8274-54474fe013e2,363984ca-2566-48f7-bbb4-757576a25fd5,c1,c5,27,?,?,surb={'id': '6233a55f-2d04-4fba-ab3e-85566e96f6a4', 'route': ['p2', 'e1', 'i11', 'x12', 'p1', 'c1']}
1769719016.4538457,SENT,a94b7c74-0cd9-401e-a82d-7feb1e527f45,67878171-6477-49d7-a19a-237a485c5ded,c1,DROP,2031,?,p1,
1769719016.4538844,CREATED,14f767f9-45bc-4326-8e63-2de7b8b53b3e,4fc6130f-591f-4146-9917-a5bbb4ee9a1e,c1,DROP,26,?,?,
1769719016.5102594,RECEIVED,a92fa407-2a54-4920-a7d1-3e1f0ca0bfea,b28e73f8-47a9-4f53-8d78-d380f600ae1e,c2,c1,27,p1,?,surb={'id': 'bdcec9f4-9a34-47b2-9083-7ac424e7bbfc', 'route': ['p1', 'e12', 'i10', 'x1', 'p2', 'c2']}
1769719016.5552561,SENT,70b63bc3-1130-4e71-ab8c-614f7ba04e92,6559f8d0-5b79-4f1d-bdc2-be5cb811522c,c1,c5,3379,?,p1,
1769719016.555301,CREATED,8e93709f-ab3c-4936-8f48-61951d45a897,1e7cbb42-0721-4b4b-ba5d-5bb90ed9f5de,c1,c5,27,?,?,surb={'id': 'ebd0afdc-cdf3-41f9-94f1-8194734b6e53', 'route': ['p2', 'e4', 'i8', 'x9', 'p1', 'c1']}
1769719016.6075697,SENT,f14865ef-d54c-4a79-8669-eb86bf705573,3b110690-c74c-4626-98e9-275d41c1f3e6,c1,DROP,2015,?,p1,
1769719016.6076107,CREATED,c4814723-ee1f-4b23-ad07-309e40939c58,7a857c0f-0939-4228-a1fc-68c1694702ad,c1,DROP,27,?,?,
1769719016.702809,SENT,2d4160f8-b4dd-4507-a7e6-48f481dc73ba,b1c952cd-5eec-4edb-8124-fdf8f7482795,c1,DROP,2012,?,p1,
1769719016.7028494,CREATED,3ff2f2cf-f3d2-489f-80e8-12c88ee2e582,5063c076-7fa1-4a92-bbb4-b40f40d0ad8f,c1,DROP,25,?,?,
1769719016.7697072,RECEIVED,f753f30b-1e8b-4e55-ac8a-f66e29c0b7c2,056efbbd-ffaf-4cbb-980d-1fe39744cdcf,c2,c1,26,p1,?,surb={'id': 'cac8f8fd-4cd0-4a44-9c3a-f8a1c7fff10b', 'route': ['p1', 'e9', 'i11', 'x11', 'p2', 'c2']}
1769719016.8822362,SENT,52115b26-87c9-4231-97e3-684d645a5e1c,0b347e71-f9c0-49d9-ad76-96b54ffb2855,c1,c5,3380,?,p1,
1769719016.8822799,CREATED,36bcde9a-76ea-46c7-bdce-975217cd1b21,d4f8d826-2005-45b7-b5c4-1af4670aecdd,c1,c5,27,?,?,surb={'id': '1fc61e5d-33f7-4eba-b4d6-2bf71a596f47', 'route': ['p2', 'e4', 'i4', 'x11', 'p1', 'c1']}
1769719016.8954813,SENT,058ce92a-ff06-4019-a9fb-eb402ec66df1,2e7466ff-5ef7-4c1d-b99e-794d478e06ba,c1,DROP,2041,?,p1,
1769719016.8955212,CREATED,a824b9ee-6846-4c1b-8b4d-c6c2e506fa29,530fb194-2e47-4158-bbb1-f0483e0bd5c9,c1,DROP,27,?,?,
1769719017.151135,RECEIVED,abe4c84d-6ae1-403c-802b-c35e1d85529c,4bf83b88-5905-4e11-bf64-e077cec969e3,c3,c1,27,p1,?,surb={'id': '61cf5c66-0e6f-4e1b-8afc-2f7d04090f03', 'route': ['p1', 'e8', 'i1', 'x2', 'p3', 'c3']}
1769719017.2242212,SENT,ed063cca-f05d-4a7d-8219-49fdf0785f17,5dabf61e-3467-47b2-810d-6de0e8b77113,c1,c5,3375,?,p1,
1769719017.2242694,CREATED,c1d9a3de-bd3d-4593-98af-8d95aec8d9d6,555dff0d-2aac-4944-be3d-c8aaca55d61b,c1,c5,26,?,?,surb={'id': '655c27f2-8fb9-49e4-8c0a-910702ae6ec9', 'route': ['p2', 'e10', 'i6', 'x8', 'p1', 'c1']}
1769719017.261091,SENT,fabc602a-0c40-4dc9-9fa2-390ff499b0bd,cb11ce43-db78-43cd-9bd4-2d6909819cad,c1,c5,3371,?,p1,
1769719017.261139,CREATED,3fe344c0-d157-4145-afbe-cd6ad3d676ba,4b83393c-9e98-4bd8-92c0-f2b9855c59a1,c1,c5,27,?,?,surb={'id': '75ba1a07-8149-4e9c-b69a-b44604ca863d', 'route': ['p2', 'e5', 'i6', 'x7', 'p1', 'c1']}
1769719017.289167,SENT,4f56deb8-51a2-42c3-9703-658eb77db024,7885ed06-9728-4f1a-b4f8-e4f3f60dd200,c1,DROP,2021,?,p1,
1769719017.2892098,CREATED,107bf172-a058-4fde-8fe6-72e2fbd1792b,f8b7dd59-1fdb-4354-9797-827c6178eab7,c1,DROP,26,?,?,
1769719017.304859,SENT,71608c7f-4365-4d80-ad93-e74497c1d23c,ca2f9601-b70c-4daf-928f-446561df7dc2,c1,DROP,2041,?,p1,
1769719017.304896,CREATED,64767593-32bf-41d3-a337-377e817dfbf3,d2796473-50a1-407a-a50f-167579156ed5,c1,DROP,27,?,?,
1769719017.3205588,SENT,9a12628f-2d19-4526-9117-a1362b5cbd5e,f127f8ab-3447-4651-a797-5fd3a9d94679,c1,DROP,2015,?,p1,
1769719017.3206012,CREATED,2eeafdad-58a7-49e2-8720-dfa92d9b9641,1509afb1-35fe-491a-852b-8ec94255a9ef,c1,DROP,27,?,?,
1769719017.362128,RECEIVED,15c0edb8-40e8-4210-91f7-9542e0c5efb4,a33014ad-acbc-44e5-9a40-47dd1de3dbc5,c2,c1,27,p1,?,surb={'id': 'd7675b79-7423-4c16-b6d4-4396819c568e', 'route': ['p1', 'e8', 'i8', 'x8', 'p2', 'c2']}
1769719017.405146,SENT,6d2a5014-fea2-4edc-bbb6-7d12de7a961e,ddf36f97-4898-465b-a442-ffc8366d4640,c1,c5,3384,?,p1,
1769719017.4051917,CREATED,3ca1c624-7eae-4a3f-9cf8-91f41e5ca7b5,a8382592-850a-4e51-a33c-9215fec5f037,c1,c5,26,?,?,surb={'id': '2934d73c-139e-4a4f-9332-44a695ca6928', 'route': ['p2', 'e12', 'i7', 'x6', 'p1', 'c1']}
1769719017.452465,SENT,cd68260b-29a6-4921-ae3c-90bcfb1b9498,67694236-5326-4b2b-bd4f-e60a3a1e1077,c1,c5,3380,?,p1,
1769719017.4525228,CREATED,898de9d1-f184-4e47-a9f8-1973b0e3ae2b,34b25a30-039a-4886-b517-8470c11597ae,c1,c5,27,?,?,surb={'id': 'dd70b6c7-656f-40f4-84e4-d8b2a0139e88', 'route': ['p2', 'e1', 'i11', 'x6', 'p1', 'c1']}
1769719017.4951608,SENT,e73f93e0-7d2d-48a4-a92a-e83cb7c66fb5,28cb9c05-0242-47bf-b256-b2187bc2738a,c1,DROP,2044,?,p1,
1769719017.4953947,CREATED,8f9028f1-571b-4ac8-947b-f62bd24a4657,9656a000-f357-4256-840b-672c81058071,c1,DROP,27,?,?,
1769719017.5206761,RECEIVED,9f937c0f-2ff7-46cf-a1f2-15c84ac71407,d535b9b3-2363-47f6-84ef-7a36e785ce07,c5,c1,27,p1,?,surb={'id': '459d886e-0f14-4e0a-8a7f-8f44a4ddfb71', 'route': ['p1', 'e2', 'i5', 'x8', 'p2', 'c5']}
1769719017.6318634,SENT,6406e2ad-1733-49c2-944e-9b688e946f79,2b17ed53-3dfb-455d-8f49-a29101019b68,c1,c5,3380,?,p1,
1769719017.6319113,CREATED,98ef86f8-dcc8-43f8-b26b-58a99a5164eb,100bb97d-cfb9-4ce5-b020-0f528c5d808f,c1,c5,27,?,?,surb={'id': '674d8270-1770-4e0d-b6cd-36c22fccac58', 'route': ['p2', 'e8', 'i2', 'x10', 'p1', 'c1']}
1769719017.651722,RECEIVED,52671246-c7e4-421b-83d8-86dc0ede7324,2c86681d-5f7c-4aeb-ba75-6e37f5abd805,c5,c1,26,p1,?,surb={'id': '5979b7d0-37c4-4774-9569-f619b8564581', 'route': ['p1', 'e6', 'i11', 'x3', 'p2', 'c5']}
1769719017.7824197,SENT,dfc48ac2-899f-4d8c-a3f6-016e253f20f5,94668848-7560-4886-adf0-d3097e813886,c1,c5,3375,?,p1,
1769719017.7824676,CREATED,c7f2e5bf-2b22-4196-a547-b7bb8d922ed4,d618a48c-9b23-4220-8e5c-496af94a847c,c1,c5,27,?,?,surb={'id': '92c66b34-42a0-4de6-a88f-518146d0200b', 'route': ['p2', 'e1', 'i8', 'x2', 'p1', 'c1']}
1769719017.8005624,SENT,bb8205ce-04b5-4fd2-84c1-de448662f720,3c415bbf-7962-4c83-9bb4-c698d185ec32,c1,DROP,2032,?,p1,
1769719017.800601,CREATED,f7fc8e00-e82f-47bc-9c94-82a410f5f23c,95a02e29-e7bf-47ba-bf9b-aa171c1396ce,c1,DROP,27,?,?,
1769719017.827867,SENT,b2608643-a82c-41b3-a461-67b759c73fc4,26781695-cfdd-4477-b843-8646bb17de9b,c1,DROP,2020,?,p1,
1769719017.8279064,CREATED,057a2c19-630d-4ac1-a0c9-99e94f3190be,f2420f5d-3190-4e72-b505-f729584d70b4,c1,DROP,27,?,?,
1769719017.8877478,SENT,99d0dc3a-44ef-4fb3-a0de-159cf2ac84b8,3f003d86-dea5-42a7-9795-b57f49dfb4c1,c1,DROP,2032,?,p1,
1769719017.8877878,CREATED,a614025d-5106-4ff4-91a0-adae6af1bb1f,6a710a08-2c97-43ba-b4e8-7a63f4409dae,c1,DROP,27,?,?,
1769719017.8953707,SENT,1dc81bd3-23f4-441b-90ce-8c8e415cac04,c9d44ab4-f0f8-41b3-bc66-ac72ab1dd022,c1,DROP,2018,?,p1,
1769719017.8954072,CREATED,fa620a74-8fd2-4aef-b22a-aed37ce3532b,6823e237-0e8f-4ad6-be28-aea96b812aaa,c1,DROP,27,?,?,
1769719017.9009109,SENT,83974a34-e943-4a14-a56c-da09c682a995,220f9456-5b99-4e87-800c-21ac2c76664c,c1,DROP,2020,?,p1,
1769719017.9009583,CREATED,3709a38a-6775-416f-8de7-d1ec673b853f,1ea1bb93-f317-4bd2-aa64-a7231836ad7e,c1,DROP,27,?,?,
1769719017.9214208,RECEIVED,8332ce95-9670-4a5b-a7b4-ad840b817d4f,57606504-d064-4099-9a8c-aff908981df2,c2,c1,27,p1,?,surb={'id': 'c708843b-77f8-42ed-93b4-d1b888c8b989', 'route': ['p1', 'e8', 'i3', 'x12', 'p2', 'c2']}
1769719017.9924068,RECEIVED,fffe5902-bdd1-4a76-882c-898e6bb98032,468fc7cb-a5b9-47bf-88ee-38af05f1e74b,c3,c1,27,p1,?,surb={'id': 'b01976c7-eef9-4b0a-8f71-030272651271', 'route': ['p1', 'e4', 'i2', 'x5', 'p3', 'c3']}
1769719018.0023909,SENT,8a4c4608-07ff-4612-ba4c-f89138a04177,3a711c88-60cc-42be-88a9-53b284ec234c,c1,c5,3397,?,p1,
1769719018.0024378,CREATED,fc1271a6-1d47-4006-8e65-835ad4c2a072,b869e56a-fb0e-443e-a856-96170365675b,c1,c5,27,?,?,surb={'id': '86d65b0d-4292-4c8e-a6e2-d7419b04d943', 'route': ['p2', 'e11', 'i4', 'x1', 'p1', 'c1']}
1769719018.0864537,RECEIVED,aea86d05-601c-4779-88b5-c37c9e4f7fd3,302b9e08-7b40-4d6a-8380-5cb4976bdd83,c5,c1,27,p1,?,surb={'id': 'af8602b7-a491-4e2e-a941-02929fb10a10', 'route': ['p1', 'e1', 'i1', 'x2', 'p2', 'c5']}
1769719018.116751,SENT,1e7b150b-923b-45d5-8ed4-02528b9c77b1,f665b7ad-8d45-4788-9564-a905e0365173,c1,DROP,2024,?,p1,
1769719018.1167886,CREATED,a3a080b9-526b-483e-8c0d-788d6d012fd1,24b62056-afb7-435c-9e29-f865a56e4eed,c1,DROP,27,?,?,
1769719018.1236367,RECEIVED,cb20c9bf-544d-4d8f-b318-e84834413257,ee370c3c-0239-49d2-be3b-5c1632e07607,c5,c1,27,p1,?,surb={'id': '067c652b-869e-42f3-a209-d67eaf106cc2', 'route': ['p1', 'e6', 'i1', 'x9', 'p2', 'c5']}
1769719018.1418862,SENT,6cc204a4-3354-46ee-afe2-2b6062553827,6acb2081-5ecc-4d61-aba8-6c83753f71f1,c1,DROP,2015,?,p1,
1769719018.1419256,CREATED,848c90f2-8fe5-45c3-b6ca-f847220e750c,6f29139b-8242-479b-85f6-2fe9d8c02c9e,c1,DROP,27,?,?,
1769719018.1476781,SENT,f1a447d1-6532-4c56-ada9-64bbf4d5ea2d,c3061fa2-c356-4a63-8250-2487102e5497,c1,DROP,2028,?,p1,
1769719018.1477184,CREATED,5710fb0c-7fd8-4748-9df5-11a4baf177ec,6ed9f86a-d690-42b9-9221-927535efbc17,c1,DROP,27,?,?,
1769719018.151599,RECEIVED,88391883-50a3-4a0c-8deb-21ae28e600d3,b4cddb33-0f1c-44fa-b96c-7f3026704cfc,c5,c1,27,p1,?,surb={'id': '50bae062-2d16-4e8d-9ba4-5288c914ccc9', 'route': ['p1', 'e1', 'i6', 'x1', 'p2', 'c5']}
1769719018.2126935,SENT,3fd0b1b8-ba89-4345-8b0b-eca020f731a9,98c293b5-bf0c-45d9-8179-9a20db0573e9,c1,DROP,2041,?,p1,
1769719018.2127461,CREATED,7ce03927-1de9-49bf-9335-c99e30216bdc,501cc283-ae1e-494d-b1d9-0072507ceddc,c1,DROP,27,?,?,
1769719018.2173283,SENT,15abb230-37af-4b02-a0fc-11a94c6b4945,d6385389-a754-411a-91c8-e62c0954ceab,c1,DROP,2015,?,p1,
1769719018.217369,CREATED,2766e668-5a59-435d-8465-190bfe07fb65,6c835d1d-4d03-4a23-83d1-218f7b036c4d,c1,DROP,27,?,?,
1769719018.2536576,SENT,b18daece-8da1-4578-887c-43c92b9b07cd,9f12b15e-b6b4-4af9-860b-da1159cd1b31,c1,DROP,2033,?,p1,
1769719018.2536888,CREATED,0e43af24-de36-4104-b803-9c5489231454,76bda08a-6ce3-4120-a706-a5d99145d0b3,c1,DROP,27,?,?,
1769719018.2954993,SENT,a08cc06a-e067-4187-9e16-fcdfdffb43bc,32f3109d-d30c-483b-b827-04bfca122d9e,c1,DROP,2027,?,p1,
1769719018.2955375,CREATED,73da89a9-de57-4aae-bdee-e1a70f66a2c8,94f85b5b-057a-4d59-a99f-1323a467e1ca,c1,DROP,27,?,?,
1769719018.3554592,SENT,fcc717aa-ffd4-4f9b-bd76-9d727d0cf60c,f859efcb-aa80-48e0-8d4f-5fe03186c065,c1,DROP,2015,?,p1,
1769719018.3555007,CREATED,5e588c70-410c-41fe-b3ca-179b9eeb45c2,356a87e1-be4b-41b4-8520-8c573d479995,c1,DROP,27,?,?,
1769719018.3925674,SENT,e8158e5f-4095-4ab0-bd8a-bb98488a2560,ccd95370-4ce5-43e8-8dd8-131244f055f7,c1,DROP,2015,?,p1,
1769719018.3926055,CREATED,308914f5-60fd-43d0-a819-e903abbc9fbc,6de607e8-2da3-4a4a-b1a8-0c2df4b1a7ee,c1,DROP,26,?,?,
1769719018.3968697,RECEIVED,fd65b173-0b32-4fab-8c57-e048860eaa7a,7b19f318-90e0-4d21-9d64-8cea4c18c271,c2,c1,26,p1,?,surb={'id': '49a72d19-ebd9-441a-b5c9-9cee6d0263c8', 'route': ['p1', 'e3', 'i3', 'x10', 'p2', 'c2']}
1769719018.4937375,SENT,896692e2-f4eb-45ec-8b9b-467898303d15,83f7a34b-efaf-446b-9a37-9c555927944c,c1,DROP,2019,?,p1,
1769719018.493777,CREATED,4bf42a7a-deae-4fd4-9a7e-410fc10cc891,6c239b52-bbe0-412a-a7e7-a9ad2b727097,c1,DROP,27,?,?,
1769719018.554515,SENT,4b1c1e01-64cf-4c1b-89e0-ad159917f17e,09f1bad7-7f3e-4c98-8f9d-87c7caef3eb4,c1,DROP,2024,?,p1,
1769719018.5545542,CREATED,ae128227-daba-4e02-9996-2f0c30c172f1,71927bfc-64fa-4efc-981c-b977f2046cee,c1,DROP,27,?,?,
1769719018.688662,SENT,1d7bb892-3675-4a13-89c7-f8a072bd0c30,b4407732-d876-4958-bd64-84b997d69e4c,c1,DROP,2049,?,p1,
1769719018.6887035,CREATED,e9a5373a-4e4d-4bf3-a32b-40de79de9952,103813f4-3323-47a5-8a99-f7e417f4b37e,c1,DROP,27,?,?,
1769719018.736968,SENT,edfeeed7-b2ae-42c8-9710-0afe50928f04,0b4856dc-70e5-4682-90c4-34ca9ecf8a34,c1,DROP,2044,?,p1,
1769719018.737007,CREATED,bdc40f87-74e9-40d5-a6f6-de406494f06c,e3f56d9a-bff4-4798-aac2-40b9d87403c4,c1,DROP,27,?,?,
1769719018.7825718,RECEIVED,7ffdb751-cea0-4698-83c4-5e6a83f17237,416193a9-6aa2-4263-9d04-10bfbdaf930c,c2,c1,27,p1,?,surb={'id': '13c144d0-e188-41eb-b14e-0077d7c4e752', 'route': ['p1', 'e11', 'i8', 'x7', 'p2', 'c2']}
1769719018.8169975,SENT,c4fff8a2-1b64-4685-89b7-808a94606d54,fd3aa36b-cd5f-49fa-82ef-5c19fd56b380,c1,c5,3399,?,p1,
1769719018.8170629,CREATED,29388e7d-a313-4c0c-acf7-c0a1a109eb46,747d5f73-e81b-4b08-bd59-c0b7116cadca,c1,c5,27,?,?,surb={'id': 'f6b81c5f-72da-439f-a0f3-a075d92a375d', 'route': ['p2', 'e9', 'i4', 'x12', 'p1', 'c1']}
1769719018.8471007,RECEIVED,6e4ff0fd-c16e-43a3-8f8e-586bebaa9cf2,1d8d4289-92b6-46cb-afdf-5c96e00a1179,c5,c1,27,p1,?,surb={'id': '11e0ec06-4498-43f2-be41-4217d094e328', 'route': ['p1', 'e7', 'i12', 'x8', 'p2', 'c5']}
1769719018.8733773,SENT,454a7e90-57ff-45b7-8c09-1e09ef24e146,98eeff08-80d2-41ca-ab56-41ddd4877b39,c1,c5,3384,?,p1,
1769719018.8734233,CREATED,43629747-dc4e-4bbf-8223-05713eb7b41b,91e85257-4cee-4bfd-a2a3-48eeda940b43,c1,c5,26,?,?,surb={'id': '84946679-0112-4f6c-a8e0-e85b7535ccfd', 'route': ['p2', 'e9', 'i1', 'x9', 'p1', 'c1']}
1769719018.9225078,SENT,37ec1e8b-5e73-47fc-a63d-0814f1ef5103,a54b254f-d61f-425b-b706-0c6ab5049dce,c1,DROP,2044,?,p1,
1769719018.9225504,CREATED,74cea2ea-b2d4-4e9b-9dc2-b246a3494a64,a648bb0f-1a39-4f5e-a338-6967f91bdf91,c1,DROP,27,?,?,
1769719018.9502623,SENT,49cad2fa-1648-4191-a83d-738a232b016d,eba4045a-4b58-4905-b29e-0e4b34e8e0d0,c1,DROP,2040,?,p1,
1769719018.9503024,CREATED,f4144d88-d72e-4eec-a692-7b1c95ea9d10,7527552d-323b-4534-9e40-3e551f780a64,c1,DROP,27,?,?,
1769719018.9706974,SENT,1cf0d387-d32d-46a5-b38d-5216942bd30a,8b2a1fbd-cb02-4217-b6ba-892851cff937,c1,DROP,2026,?,p1,
1769719018.9707391,CREATED,6b95f6cc-d727-4233-8de3-35526a06cfdc,fc4066ce-5b1b-4900-9e5b-e4999ba509b1,c1,DROP,27,?,?,
1769719018.9957166,SENT,06c971b6-1ca9-4e73-9199-cf49027f2ad2,c2a5569b-ef14-46a1-b70b-0aa7d92974fb,c1,DROP,2023,?,p1,
1769719018.99575,CREATED,84204d50-8405-42e6-8f82-ea6d4685c749,8dcce9b5-9a29-4607-a2ba-8ce7456f3f83,c1,DROP,27,?,?,
1769719019.0241904,SENT,ecda1f67-245a-403e-9600-190d9588ccb9,e82cb850-5e26-44b2-bb8a-1b078dce04e1,c1,DROP,1999,?,p1,
1769719019.0242314,CREATED,9eb3647d-070a-4755-9e5c-31dcbeb561a2,88fa4ed4-7588-4550-8329-529320db7e10,c1,DROP,26,?,?,
1769719019.0670679,RECEIVED,d7d4ec11-9092-48bd-80ee-3d84bfcfade4,25adffb2-7803-4e14-a34c-d27fc366dbfb,c2,c1,27,p1,?,surb={'id': '8a28542a-db55-436f-ab3a-5701b11c2e74', 'route': ['p1', 'e3', 'i3', 'x7', 'p2', 'c2']}
1769719019.0734336,SENT,3ec2aec0-53e2-462b-80a1-c2ab4a0b2946,626b2911-83c8-4fa7-a813-e82fa0879942,c1,DROP,2043,?,p1,
1769719019.0734732,CREATED,16c023ae-b70d-4bbb-92c2-74258758e4f8,c461b490-b0ba-405f-a23f-24a13de80981,c1,DROP,27,?,?,
1769719019.1840606,RECEIVED,3e0c8b46-de51-459a-9ae7-846771775276,ea6b3c32-2533-4e03-ac98-b739fc811e6e,c2,c1,27,p1,?,surb={'id': '5bf4898e-8410-4749-b623-99afe1bf53f2', 'route': ['p1', 'e4', 'i7', 'x2', 'p2', 'c2']}
1769719019.18507,SENT,8d3acee5-f63f-4642-9c3b-2454e753d482,dee48c9b-4f70-4023-8bdc-4dca7deae910,c1,c5,3396,?,p1,
1769719019.1851072,CREATED,13359265-ac05-4c95-9a6f-a8f752121e86,5868e570-db36-492e-9297-fa1b8f385061,c1,c5,27,?,?,surb={'id': 'ffefe027-16a7-4c98-b1b6-b170c978e435', 'route': ['p2', 'e1', 'i11', 'x3', 'p1', 'c1']}
1769719019.1860592,RECEIVED,89a60af4-6a3e-4c7c-a7ef-0d1898df0f52,dfe050f0-17d3-4f22-a012-eee8333d6865,c3,c1,26,p1,?,surb={'id': '62b8f69e-f186-461e-852e-3bbe64f2d611', 'route': ['p1', 'e1', 'i11', 'x7', 'p3', 'c3']}
1769719019.2129142,RECEIVED,082c8224-047c-4da2-a200-00d8228e741f,d2550fd8-9334-4590-a62d-254f217d9ea7,c5,c1,27,p1,?,surb={'id': '2e3b1470-090c-45b1-ad02-57ec7d8db503', 'route': ['p1', 'e10', 'i2', 'x11', 'p2', 'c5']}
1769719019.2169108,RECEIVED,0e75bceb-3680-4586-bc52-ce3378eb68de,d7d87326-2192-4632-9719-67cc6f21c0d7,c3,c1,27,p1,?,surb={'id': '4bc7b099-99c0-495e-b1a4-c8bec3c22a0c', 'route': ['p1', 'e8', 'i1', 'x3', 'p3', 'c3']}
1769719019.287004,SENT,d7dca44f-5fbd-488f-a987-4eff55a41a3b,2a3cdbb1-a0f0-4c20-9d22-d2ba15885d3f,c1,DROP,2016,?,p1,
1769719019.287085,CREATED,f4d21931-5346-4942-8e89-9b487997c70b,c125d536-f385-483b-ad15-fec9b18fe6d9,c1,DROP,26,?,?,
1769719019.3082893,SENT,d8499362-6c77-4eed-8c4d-ead18a61508e,e8895f32-1e76-497a-b141-caab25455f84,c1,DROP,2023,?,p1,
1769719019.3083289,CREATED,62bcd320-0b85-4df2-9e7f-c3d1b2bd6e0c,73bf41ca-f343-4628-aa65-5b609f75dbbf,c1,DROP,27,?,?,
1769719019.3259647,RECEIVED,fa2bddcf-f72b-41dd-bc50-9d3028a7ef9d,1ed1a43c-e3cf-4ba0-a1cb-e6e9aa52c8ac,c2,c1,25,p1,?,surb={'id': '9f7a961a-23c6-4688-b3bf-96e251b88e1d', 'route': ['p1', 'e1', 'i1', 'x9', 'p2', 'c2']}
1769719019.3359156,RECEIVED,a04e494c-deed-4ca1-bf4f-1b286f837afb,5c06c26c-9375-42a7-b948-38657f500676,c3,c1,27,p1,?,surb={'id': '699f8873-40d1-4f11-a28e-d6867a0b380d', 'route': ['p1', 'e5', 'i9', 'x1', 'p3', 'c3']}
1769719019.4014719,SENT,5e0c0fed-f2f5-4a2f-8430-140a086d24ef,2621e5d8-4956-425f-ace1-af455ea00f84,c1,DROP,2008,?,p1,
1769719019.4015155,CREATED,c2c87dd6-01fd-42c7-9b36-c668c0aa7104,5b5151c8-d205-451f-aea0-79dfd5889605,c1,DROP,25,?,?,
1769719019.4467428,SENT,1616692c-ff13-47f3-8b23-f6d5dc7e69f5,37e9e926-25ac-41db-b35e-a45d4ce465bb,c1,DROP,2022,?,p1,
1769719019.4467819,CREATED,7a5d5e13-ab75-4bce-b4a0-6b613aaf4035,d71a942d-bdf2-4fcd-ae32-f1f92b97bad1,c1,DROP,27,?,?,
1769719019.4649167,RECEIVED,72d69623-29dd-4b76-bcf0-d2c8cfa77626,d66095b8-2d56-4a06-9186-d663dfbde0a6,c3,c1,27,p1,?,surb={'id': '3ba16eee-0ab7-4610-b6c3-72f22450ad37', 'route': ['p1', 'e8', 'i6', 'x12', 'p3', 'c3']}
1769719019.4741533,RECEIVED,37f16be2-06f7-4635-bee3-e45823a2a0ab,b13230f7-0996-40ef-820f-67a6e87ef3c7,c2,c1,27,p1,?,surb={'id': '11f2c386-08f3-4c37-b5e7-a1597ec0f662', 'route': ['p1', 'e12', 'i5', 'x6', 'p2', 'c2']}
1769719019.486702,SENT,7df20001-6239-4067-a3e3-f52e7652ea5c,37a3da85-f027-4a28-a938-fbdd6ad0ae83,c1,DROP,2019,?,p1,
1769719019.486743,CREATED,f86ae769-72cd-4b7f-a79e-462ed71f4b05,4e4dbc54-2f97-4ad1-a66c-a8456541310b,c1,DROP,27,?,?,
1769719019.5829747,RECEIVED,091fa78e-47e6-4a95-bf4d-08ea37397d55,cb24f77f-9887-45fe-86cf-be582f77cee1,c2,c1,27,p1,?,surb={'id': 'e0c068be-4745-4dd7-997b-9d1f46f82e1a', 'route': ['p1', 'e5', 'i1', 'x3', 'p2', 'c2']}
1769719019.6218543,SENT,762c04a9-5435-413b-be8a-31b2363157db,ada58178-314f-48a5-8e33-72abb4e0c208,c1,DROP,2015,?,p1,
1769719019.6218944,CREATED,a68fb1fe-c7cd-493c-88b9-2d1f40f721d2,d887cb90-aeb6-43ec-b16c-4f7c98be44bf,c1,DROP,26,?,?,
1769719019.7009666,RECEIVED,a93bd2ed-a5e7-4432-992d-3eadd0a61203,ab7a9c25-5ddc-4f73-87d5-31fd52982161,c2,c1,27,p1,?,surb={'id': 'fc453933-b1da-49a8-8876-ad75dfcddcdd', 'route': ['p1', 'e3', 'i7', 'x9', 'p2', 'c2']}
1769719019.7753413,SENT,e3b3d709-44e3-44a9-818a-5a3920a1e372,74cbadee-7f80-4747-adb3-e5fa8f730f07,c1,c5,3364,?,p1,
1769719019.775388,CREATED,b41113f4-b966-4fc3-91e9-f1a79fbeccf6,ba05129d-d7d4-407c-9c98-6e68106d93a0,c1,c5,27,?,?,surb={'id': '5c840947-0a7a-46e0-b23f-86ae16ef3cc9', 'route': ['p2', 'e7', 'i2', 'x5', 'p1', 'c1']}
1769719019.7814097,RECEIVED,4b417c18-89c1-4820-b8a7-0b8a373f9a27,d8a592bb-1fda-4457-93a3-e2527922b37c,c2,c1,27,p1,?,surb={'id': '3dfb7e4d-cbb0-4796-b60e-ddef7e1bf163', 'route': ['p1', 'e3', 'i10', 'x12', 'p2', 'c2']}
1769719019.8392246,SENT,2b1c7846-fd1f-4d94-95ae-0c4bc0cbf57f,7cb7bf00-31b8-4f9a-8302-8a2299719e99,c1,c5,3372,?,p1,
1769719019.8392727,CREATED,bd0f3943-f564-40ed-81b6-b65960d044f9,edbbc6ed-9223-4a0d-a915-2039b4882cd8,c1,c5,26,?,?,surb={'id': '5d242ede-ae3d-4530-a1ca-5399c94d0602', 'route': ['p2', 'e7', 'i11', 'x1', 'p1', 'c1']}
1769719019.8625262,SENT,b9344aa2-bd45-4f47-baab-3f6e89d27317,f2c91bc5-b03c-44e4-bff5-1111b58339a5,c1,DROP,2011,?,p1,
1769719019.8625674,CREATED,fada6839-ea6e-484e-a423-fab79578f75b,d90f152f-4433-4f0f-9c11-49458b4ef997,c1,DROP,26,?,?,
1769719019.8731973,SENT,e9a36838-d15c-4c7e-b1d9-5bd3e6a4e117,282e7e42-87df-4b2b-9368-0a433c1d861a,c1,DROP,2015,?,p1,
1769719019.8732314,CREATED,a069fb2b-92f7-4cb0-bbf3-b1e1a8bc8438,38a2359f-bf6e-42c4-a47e-577c8350df4f,c1,DROP,27,?,?,
1769719019.8874476,SENT,3f96f0ad-8ef8-4709-8b65-21e95b2d7c0c,7c27a2c1-59e5-4cd3-a0b8-0fde03819583,c1,DROP,2015,?,p1,
1769719019.887489,CREATED,ff818203-ee78-43c1-975b-e93df9847961,836c09f9-6a2a-48e5-80c6-f7655ed92ef7,c1,DROP,27,?,?,
1769719019.8969605,SENT,e36a3aeb-6b6d-4159-aada-910f88005c9f,1b06d76c-1e59-413c-8fb7-4845dbcca6bd,c1,DROP,2020,?,p1,
1769719019.8970013,CREATED,91e24c66-617b-4f4e-9b9d-4c7e864f6882,bc93192c-c15a-44d5-ab5f-5963f6d5e0df,c1,DROP,26,?,?,
1769719019.9246595,RECEIVED,f97ae491-6e90-4779-a9c9-455fb2a5ee05,28eafd45-1a17-41b6-8127-6e71b957fdb4,c3,c1,27,p1,?,surb={'id': '44af2102-3023-4094-bb60-19b9a83ea997', 'route': ['p1', 'e7', 'i5', 'x4', 'p3', 'c3']}
1769719019.9581385,SENT,42807e97-7b69-45be-892f-6e562892b8be,733dbd73-8071-454b-86ea-63aad667debb,c1,DROP,2016,?,p1,
1769719019.958177,CREATED,b676c7b9-f062-4dc9-b80b-c363a9293fb8,f7676b72-8986-44a9-8791-27aaf26613eb,c1,DROP,27,?,?,
1769719020.0278256,SENT,c779cf7f-45a5-4dd5-815c-ad551d558875,93472cb6-782f-4950-b902-5c8c1dc4eeb6,c1,DROP,2036,?,p1,
1769719020.0278623,CREATED,957a03eb-1909-4667-a134-af942396c8f8,7eee7d30-4471-4339-8145-847d8cfb8c9c,c1,DROP,27,?,?,
1769719020.041233,SENT,4f3c6f43-ab8f-4ad7-a4b6-35f12beeffe0,f16f1fb4-fbd2-4432-9571-de70b065bc46,c1,DROP,2023,?,p1,
1769719020.0412745,CREATED,d2deec7e-4c84-48f5-bfc5-ed21b5087fe0,d2efe54f-71ed-41fb-97a5-7ac9238da51b,c1,DROP,27,?,?,
1769719020.0781894,RECEIVED,90951d1b-e68c-46d3-ae1f-ac6145286e31,947dbcef-852e-491a-83da-6f3d4e6e83dc,c3,c1,26,p1,?,surb={'id': '2edf6d7a-f43e-4810-aa80-a9a653ff4647', 'route': ['p1', 'e2', 'i9', 'x2', 'p3', 'c3']}
1769719020.0975306,SENT,347153a2-bafe-4292-bdb9-0d1d4dc9755c,94d52008-6f7a-441b-8cf5-23b918337405,c1,DROP,2027,?,p1,
1769719020.0975747,CREATED,e3cd0295-5756-4f32-9558-c8a1d0c5a382,5d40ad63-102e-483b-a02e-da8eaea8ed33,c1,DROP,27,?,?,
1769719020.1324375,SENT,278a2141-fe52-4a87-a854-6bf52f8e5d32,097052f4-ab34-4924-9a57-7bb1e322c031,c1,c5,3399,?,p1,
1769719020.1324847,CREATED,1c15d6c7-a1bf-4151-9824-4f209ed084dd,d7a11e08-648e-41c7-9c7e-9539604b3b07,c1,c5,27,?,?,surb={'id': '5d89a116-0b76-4236-9fb3-42cf5b1639d7', 'route': ['p2', 'e6', 'i5', 'x12', 'p1', 'c1']}
1769719020.2415938,RECEIVED,3cce977a-af0e-43ef-b481-991ea456f8b6,f083d14a-98d2-4395-b4eb-094dc168e4b7,c2,c1,27,p1,?,surb={'id': 'c382b877-a0d9-4667-ac7e-5462d344971f', 'route': ['p1', 'e6', 'i7', 'x2', 'p2', 'c2']}
1769719020.2626922,SENT,d50b9bbd-ed85-4746-9155-0e2469d8951a,0f38c7c8-d631-4d0d-8274-6a7f84b23c09,c1,c5,3400,?,p1,
1769719020.262739,CREATED,f83577b3-88e3-4650-af5d-c0e29c34cd87,dc7c4198-8175-42fe-8fdf-9b59e00b5821,c1,c5,27,?,?,surb={'id': '8b969b63-46e0-4e86-8b7a-f6b01b344993', 'route': ['p2', 'e10', 'i9', 'x9', 'p1', 'c1']}
1769719020.2685368,RECEIVED,0c75041f-aedf-4802-b1e9-a025d43c5243,07439374-1fee-43dd-9fb1-11ba540b4429,c2,c1,26,p1,?,surb={'id': 'e6d81521-4632-4e7b-b095-819e38eb373c', 'route': ['p1', 'e8', 'i7', 'x5', 'p2', 'c2']}
1769719020.3151848,SENT,f7fcdaaa-23a4-4eae-b174-174dea3a6ba7,0bff54b3-b791-4b7b-9e2a-14e3481cbe3a,c1,c5,3383,?,p1,
1769719020.3152313,CREATED,3612de01-9882-4aad-929e-d79d4fb09f20,6f3c95a2-d865-44aa-8194-cf01148bdbd2,c1,c5,27,?,?,surb={'id': 'f78e8ff3-2f7c-4833-ab00-33b25a64c06a', 'route': ['p2', 'e6', 'i8', 'x12', 'p1', 'c1']}
1769719020.3288858,SENT,1c5e6450-bebb-489d-84a9-8e4cd3354cf7,cbc2a839-62eb-484c-8969-c13c491ded40,c1,DROP,2015,?,p1,
1769719020.3289282,CREATED,178470d4-9866-43a4-9b72-1e48d7c48f63,1c8b9d6a-b826-4925-b4f9-ef41e0555723,c1,DROP,27,?,?,
1769719020.38129,RECEIVED,8d177674-2457-48e5-822d-21d62ccf53d9,fb53aa1d-b52a-4a64-9324-38e534864ab8,c3,c1,27,p1,?,surb={'id': 'f0466d64-4a20-4614-ba0b-cf62b30ccaa2', 'route': ['p1', 'e5', 'i1', 'x10', 'p3', 'c3']}
1769719020.4150321,SENT,2718545e-1992-417c-a1d5-9995feffbc50,8277deb5-08b3-4d5a-b62c-7c0a4b268dc3,c1,DROP,2016,?,p1,
1769719020.415083,CREATED,c817fa2f-af84-40cb-9435-678be6ddaa3a,19536ce1-1258-4f15-8fc8-d1bd3950ae11,c1,DROP,27,?,?,
1769719020.5769758,SENT,09ae6895-fdc7-4aa5-97d1-d42bd2608f8d,6a4148ba-067c-4a11-92bf-8b814ff0d6fe,c1,c5,3379,?,p1,
1769719020.5770292,CREATED,377e39b9-2f56-4f51-99ff-9944c79a56e0,f23443e5-b332-43ea-a9f7-03860c6af618,c1,c5,26,?,?,surb={'id': 'e67bcdfc-139d-458a-aad6-ef88e07f066c', 'route': ['p2', 'e10', 'i2', 'x5', 'p1', 'c1']}
1769719020.5811605,RECEIVED,505d0ba2-b2d2-4bbe-976d-9d56b47c11b9,492f4f24-21d7-474d-841c-54ca9c537cb9,c2,c1,26,p1,?,surb={'id': '9c7be8f3-e6bd-41de-84da-ef63468e5578', 'route': ['p1', 'e6', 'i4', 'x10', 'p2', 'c2']}
1769719020.6093683,SENT,5fa220e6-f8ea-4562-8856-37e7515878e6,fc019958-ab9c-4c85-b993-0c24cc1a89a6,c1,DROP,2018,?,p1,
1769719020.60943,CREATED,b908b18c-fbfb-4c9f-a8be-8bbb146d486e,7f087e7b-138e-4932-ad03-9c09478ad389,c1,DROP,26,?,?,
1769719020.6374462,SENT,8ac93ae5-bc63-45f6-85f8-aa695089ceb3,7cef45bc-9142-4f79-89a4-6b09358ec8e8,c1,DROP,2040,?,p1,
1769719020.637486,CREATED,25d2099f-c6a3-4dee-83e6-be621df693a5,caeab823-ce78-4cdd-b4bf-5c9edc3d7702,c1,DROP,27,?,?,
1769719020.690845,SENT,c9b6450a-3c6b-4feb-8b3b-78e2e63c92ef,d478c02b-748d-49f0-b9ea-9eae02e2f8bf,c1,DROP,2040,?,p1,
1769719020.6908836,CREATED,6872b969-48ce-4975-bf0f-8b8df1e847ac,b10ca5d9-654d-4e05-a29d-08d2695b2d34,c1,DROP,27,?,?,
1769719020.7132878,SENT,8648f326-2eaa-4ca9-95b7-30303ee07ee3,4b694df2-2647-4fc6-801f-3a20898f8620,c1,DROP,2030,?,p1,
1769719020.713329,CREATED,76cfba27-17fc-4efc-af9b-995ecd64a282,3b17e77d-a1bf-44a2-90cc-71bb4302e149,c1,DROP,27,?,?,
1769719020.7397795,RECEIVED,dd8a5857-cf08-49a3-a83b-6e15f5aeaa9d,5baf1244-df05-4d95-aaab-0faab9a1bd9d,c3,c1,27,p1,?,surb={'id': '8bfc6a4b-a7db-4852-8271-7d2d67ff7699', 'route': ['p1', 'e6', 'i10', 'x3', 'p3', 'c3']}
1769719020.7417297,RECEIVED,ee186a98-ce2d-4388-b238-1bcac8eb0de8,54d21e99-6f72-4f43-a5ba-b9db64062b1e,c3,c1,27,p1,?,surb={'id': '707e47fc-9b2b-41fe-bdc4-5f0e71b5f8d7', 'route': ['p1', 'e3', 'i7', 'x6', 'p3', 'c3']}
1769719020.7873735,RECEIVED,4b73e857-abac-4842-902e-0d8f767ec858,0e30f140-87e7-4b51-ad51-c85f9213ba31,c5,c1,27,p1,?,surb={'id': 'aaf5a239-5b6b-4b81-81d2-9a11e848fa0f', 'route': ['p1', 'e11', 'i3', 'x8', 'p2', 'c5']}
1769719020.8956454,RECEIVED,4974b747-bbc0-4d68-a503-b0aabf6e4088,5e5c1a51-22fd-4cc9-8c8f-4f3f16144364,c2,c1,27,p1,?,surb={'id': 'a2540421-fd39-408f-a63c-6aad71c9f2b5', 'route': ['p1', 'e4', 'i4', 'x5', 'p2', 'c2']}
1769719020.924333,RECEIVED,40a2dd4e-43b8-4c5d-8e0b-3c392f6d2a97,ab8449c8-6b1c-415b-b995-c25822d341ee,c3,c1,27,p1,?,surb={'id': 'a3b25527-ae92-427f-997b-43913cbad216', 'route': ['p1', 'e8', 'i8', 'x6', 'p3', 'c3']}
1769719020.9764712,RECEIVED,9adbfa06-fc96-4158-bdaf-afc3f2d40789,35ce1702-8f8d-42f3-9741-7bf339c79872,c5,c1,27,p1,?,surb={'id': '505e09e3-6bc0-4e57-a426-5ba0624c0402', 'route': ['p1', 'e7', 'i7', 'x8', 'p2', 'c5']}
1769719020.9906015,SENT,6cf2e8bc-2ab0-4c11-868d-9307e2bbe225,7eefd078-f2c3-4f90-bd83-50452fc0ca45,c1,DROP,2020,?,p1,
1769719020.990642,CREATED,f893bfc9-bd92-4f39-add5-e55c7ab6047c,21544bbf-017b-43f6-a9fc-581ab51e26ce,c1,DROP,27,?,?,
1769719021.0164633,SENT,e15337b2-857c-478a-9e92-c7db64bf1368,3e4b2738-4600-4a83-a683-b9761aa812e9,c1,DROP,2020,?,p1,
1769719021.0165038,CREATED,bcb4710b-dbee-4e0e-b5cc-f2d8936b57b5,fc9f419f-55c3-4a3a-8139-d97f386cff28,c1,DROP,27,?,?,
1769719021.0327551,SENT,33e73481-2884-49ae-914f-26b1938b2fad,69659d6a-c6fe-4e17-8cea-2125d8075050,c1,DROP,2032,?,p1,
1769719021.0327952,CREATED,6ffa9016-e196-434b-80dc-8db1053d5a3f,8317ac77-a9a0-499f-8ccc-6b6408559e08,c1,DROP,26,?,?,
1769719021.131096,RECEIVED,640c8afc-5029-4985-a4da-ab5637d20145,4d049896-c8e8-4c0e-962d-c35e8cf71452,c2,c1,27,p1,?,surb={'id': 'ac488fd9-2033-4705-a359-17dd68e44674', 'route': ['p1', 'e12', 'i9', 'x5', 'p2', 'c2']}
1769719021.1444473,RECEIVED,93cec7a3-17b9-4a1c-970d-0e7b755c6e68,3b5529cc-5c15-4edf-81f0-9444ecb4752e,c2,c1,27,p1,?,surb={'id': '8de5e20a-12c4-44fc-aed5-caa1e6cdf34d', 'route': ['p1', 'e7', 'i5', 'x12', 'p2', 'c2']}
1769719021.1995802,SENT,17c57bef-635c-4df8-ad15-0a10a8d0135d,a4342e09-4391-4e90-8695-d89e8cc1a854,c1,c5,3359,?,p1,
1769719021.1996272,CREATED,5413a6ec-7d92-4912-addc-5aa82be1bb1d,6683eaea-f4a2-42dc-90ff-44951dc082ce,c1,c5,27,?,?,surb={'id': 'bf750a5c-05a5-4cd6-a8d7-6169cbab3636', 'route': ['p2', 'e11', 'i10', 'x8', 'p1', 'c1']}
1769719021.2644536,RECEIVED,ad1cdbf7-5292-479e-a25a-a52ced52bd41,d544c147-f89c-474a-b86e-18e48937751e,c3,c1,27,p1,?,surb={'id': '492a4f0a-6f67-4605-8bcf-60f0f30a31dc', 'route': ['p1', 'e9', 'i3', 'x1', 'p3', 'c3']}
1769719021.2749822,SENT,db3f4b68-0be7-4886-9155-8c2ad736ad00,3c6ac342-9f55-49a7-9007-44ae112d71bc,c1,c5,3384,?,p1,
1769719021.2750285,CREATED,7168b469-bc5c-4f9d-b0aa-394ece2ce4a0,b353273e-9b1a-4f71-9b5a-ef51bfd49e63,c1,c5,26,?,?,surb={'id': '79b62c57-3f1e-4aca-9d43-090058e903ef', 'route': ['p2', 'e2', 'i1', 'x4', 'p1', 'c1']}
1769719021.3541825,RECEIVED,5f91d71b-ac8d-42f4-97b2-1523e7beb06b,4c7c1f3e-a9fb-40f6-82cd-1f12bd14d92c,c5,c1,27,p1,?,surb={'id': 'a45c5003-27f9-44d7-a4d2-30a8919de702', 'route': ['p1', 'e5', 'i9', 'x3', 'p2', 'c5']}
1769719021.4874978,SENT,95bf6b73-6dc6-4871-8184-3e998df73543,99a96c17-24b9-4c06-b415-1625d02d8f50,c1,c5,3401,?,p1,
1769719021.487543,CREATED,5ba58444-bb82-43c4-a4d3-be39f0783192,4ada60a6-8d04-408a-8dca-377009f3db09,c1,c5,27,?,?,surb={'id': '1bff64df-9407-45d9-8a62-7ea908314adc', 'route': ['p2', 'e12', 'i3', 'x7', 'p1', 'c1']}
1769719021.508128,RECEIVED,db26a5d0-2da8-4a48-a6d4-3540be1059ba,7de1973c-2cbc-428b-876e-fba1122813cc,c3,c1,27,p1,?,surb={'id': '7df6ae77-31a5-4591-86e6-5cf967e61080', 'route': ['p1', 'e2', 'i3', 'x5', 'p3', 'c3']}
1769719021.561286,SENT,c7cd0382-6f4f-4980-9d17-f58f307cfd01,79b8b306-b607-4ba3-affb-cc9f4dd083f2,c1,DROP,2025,?,p1,
1769719021.5613263,CREATED,6d1dd17b-8f30-49da-ace2-8bbcb20891da,b965f75a-79b7-439a-93df-efebaf673020,c1,DROP,27,?,?,
1769719021.6174834,RECEIVED,8e912e9f-c025-44c1-a6c8-15f514803cd5,981f915a-bf8c-41fa-baac-43d53f7eb844,c5,c1,26,p1,?,surb={'id': '8c1b9890-6ca3-49dd-9e8a-4c9232279453', 'route': ['p1', 'e12', 'i11', 'x7', 'p2', 'c5']}
1769719021.7415783,SENT,f4924040-ee82-4a32-a987-ab173c1f6239,2a6b170f-b19f-4dd9-9974-e4da67df6a5a,c1,c5,3383,?,p1,
1769719021.741624,CREATED,7763256a-d381-4c22-aa4d-852f917127e8,6c86c80b-a246-4c1b-9a04-33b30cab0c15,c1,c5,27,?,?,surb={'id': '3ac13eb9-ccd7-420e-8a57-d6f81c7447d3', 'route': ['p2', 'e1', 'i9', 'x7', 'p1', 'c1']}
1769719021.7924562,SENT,e767b930-5720-434f-96ad-e5344c2dc509,8b66964f-104f-4df0-bd97-1c9734cdd5ce,c1,DROP,2036,?,p1,
1769719021.7924976,CREATED,5f8a725a-f57e-4e67-903e-31a6f66f6830,c7e8c8d2-1097-4e55-ab4a-33d1acd215b2,c1,DROP,27,?,?,
1769719021.810817,RECEIVED,55d311cc-30f4-4a7e-9908-18f545b3f100,bc11ae50-e884-454c-a9b9-ca7b6e981f69,c2,c1,27,p1,?,surb={'id': 'eb1f4d71-3032-4928-8734-3dca89965f54', 'route': ['p1', 'e11', 'i5', 'x3', 'p2', 'c2']}
1769719021.8827825,RECEIVED,57b60c89-90cf-43bb-b470-6b39e09a1c57,8c6607c6-cc15-4aa0-bbda-2536dbb40581,c5,c1,27,p1,?,surb={'id': 'e7f68383-6ca6-4e7f-be28-7975372168b5', 'route': ['p1', 'e12', 'i3', 'x12', 'p2', 'c5']}
1769719021.8849797,RECEIVED,9412f774-a438-4a5f-a31d-642e12a19bb0,d9b148e3-1195-49a7-96bf-47848bbf552e,c2,c1,27,p1,?,surb={'id': '34d9b18a-7436-4edc-87a5-7a68a7773f3d', 'route': ['p1', 'e5', 'i4', 'x8', 'p2', 'c2']}
1769719021.9735787,SENT,7189e3d0-4e49-414a-ae32-2639abf59a7b,e62c1d11-6f05-4174-8dee-6d31daa31479,c1,DROP,2018,?,p1,
1769719021.9736192,CREATED,27cd258f-444e-44e4-94ca-24c04ee4d259,dce34ca9-123a-4171-ab75-84dd4e53d0c3,c1,DROP,27,?,?,
1769719022.1059093,SENT,988a65f1-85ed-4fc8-91db-d54dc95f6622,7fa81bac-f039-4798-afb3-fa380c51308c,c1,DROP,2023,?,p1,
1769719022.10595,CREATED,d5697efe-8c5b-4d7f-ae65-f052c1635291,98182708-d774-4083-a4d3-a27f30b26365,c1,DROP,27,?,?,
1769719022.112495,SENT,b50cb2a5-1bec-4edd-ba88-9ce63aa1fd83,0b178bc0-4fb1-4d0b-a4e0-0fba2c5ab913,c1,DROP,2037,?,p1,
1769719022.1125348,CREATED,6450610f-53fc-4692-bc43-69fbd0e24d83,25218f34-9ad3-4db5-92f2-a4002ab12955,c1,DROP,27,?,?,
1769719022.124298,RECEIVED,5123fa24-c29d-4492-9a44-d2ac4fd2213b,3e71a68a-8606-4015-aa8b-0866b28486c7,c2,c1,27,p1,?,surb={'id': '344758f7-33fa-4967-87c1-c0879fdbee42', 'route': ['p1', 'e1', 'i6', 'x11', 'p2', 'c2']}
1769719022.1488729,RECEIVED,683bfc73-afc2-470a-aaf0-bfca223b4ea4,e3de177d-01ae-4aa2-85fd-105e723ddcd3,c3,c1,27,p1,?,surb={'id': 'b397fcea-b556-45a1-bd82-018492943214', 'route': ['p1', 'e7', 'i8', 'x5', 'p3', 'c3']}
1769719022.2484548,RECEIVED,aa417c10-d80c-4bdf-97fb-5bcc729456bf,563bd514-a23d-4d98-8699-61d888fe1779,c3,c1,27,p1,?,surb={'id': 'c841f15f-0e7f-4edb-9742-e536fa411e06', 'route': ['p1', 'e3', 'i11', 'x6', 'p3', 'c3']}
1769719022.2891486,SENT,b8074860-edb5-454d-badf-b4a04f37d3ef,b80c0366-f915-4de3-b4c8-ee38c0612a3c,c1,DROP,2015,?,p1,
1769719022.2891881,CREATED,1c3e31c3-435e-4ba5-9035-4f14c98df9f7,94540757-62b5-4da8-aebc-024dd50cabb6,c1,DROP,27,?,?,
1769719022.3419836,SENT,f5b3b998-30ca-4dc0-bf7e-e90f578b76e9,88d09514-450c-4dbf-8788-af52edb91bba,c1,DROP,2024,?,p1,
1769719022.3420305,CREATED,89c3f7e6-ff8e-4c1b-acc7-0d02f0310885,78717eb3-aee7-4e3e-b01d-5f210d2ff935,c1,DROP,27,?,?,
1769719022.3617969,RECEIVED,14919903-ad8a-4916-b0f0-e0ffbe2f4595,d72bf41a-9408-4d6a-ac5b-0d4f690ea0ab,c2,c1,27,p1,?,surb={'id': '2164df3b-7c24-4237-b52c-321eb9d27a79', 'route': ['p1', 'e10', 'i7', 'x9', 'p2', 'c2']}
1769719022.3823795,SENT,9e859dcf-c20f-450c-9ae6-1928a6c399ba,c22d92f5-c30e-484b-8f76-6f4ac23f2b70,c1,DROP,2017,?,p1,
1769719022.3824153,CREATED,0fad482b-9cde-44bd-9118-afd03c4f07b9,e25f9db2-93fb-4dd5-930b-54d808320369,c1,DROP,27,?,?,
1769719022.4003282,SENT,d409cd79-2aed-402a-bb15-629da6c45d72,84c1db45-b39b-42f4-849f-f9d63d7278db,c1,DROP,2017,?,p1,
1769719022.4003696,CREATED,d216d058-4989-49f1-8370-e54343d70a41,94039f77-0dd4-4f0f-b7ae-fd3038f78dc0,c1,DROP,27,?,?,
1769719022.410811,RECEIVED,324f9bcb-2999-4366-b861-9618f0e1b90e,273c6bb3-edc9-4e93-a157-a180eec11057,c2,c1,27,p1,?,surb={'id': '24eb0a49-5c99-47dc-bff1-16d2a9ecc5bc', 'route': ['p1', 'e3', 'i3', 'x1', 'p2', 'c2']}
1769719022.5120459,SENT,7c5b73bc-2536-40c2-b6e1-9d589a2c5ceb,c0ed345a-aa20-4e74-845c-28a4967843ef,c1,c5,3386,?,p1,
1769719022.5120935,CREATED,04416caa-562d-405b-a5e9-d1649914b4ed,6c1b2d0f-2003-4f80-9609-5ccbba205054,c1,c5,27,?,?,surb={'id': 'b3187d28-16b1-434e-9f1b-d555fafb7a9b', 'route': ['p2', 'e10', 'i10', 'x9', 'p1', 'c1']}
1769719022.57301,SENT,dd52375f-6bf2-4ba7-8b88-bd9e80f8609a,da445519-dbff-4789-b348-1415ba3c9a07,c1,DROP,2019,?,p1,
1769719022.5737355,CREATED,9c751dfd-60e2-4f10-b91e-28748e00ebc7,b92750d1-c54b-4ee3-aa9e-7a0be89ffffa,c1,DROP,27,?,?,
1769719022.818713,SENT,a426fd1d-8e27-40b3-a96c-76e8c678ca39,81931c29-2e80-4e2f-9ed9-a4bfdde45b5a,c1,c5,3359,?,p1,
1769719022.8187535,CREATED,7a53c73b-cc6e-42c9-ae1a-250509c46788,40068c24-8c92-4de6-b6de-427469bc79ba,c1,c5,27,?,?,surb={'id': 'd8a4df7d-06c2-4a40-8655-50850c273d02', 'route': ['p2', 'e10', 'i6', 'x5', 'p1', 'c1']}
1769719022.881682,SENT,769638d4-9c07-4762-9d1c-11519216b5fc,6dd5a4f3-d49a-4ba4-ac46-adcbfc397225,c1,c5,3371,?,p1,
1769719022.8817284,CREATED,09945ea2-0d6d-4c49-85d7-0b3bee8a2cf6,dccaa12c-1e12-4942-9c82-03127d0ec446,c1,c5,26,?,?,surb={'id': '0b7a99e7-27f4-4b76-8cc2-74c65b9441ec', 'route': ['p2', 'e5', 'i7', 'x11', 'p1', 'c1']}
1769719022.9802341,SENT,fe415bdd-c2e4-4825-b203-53152d5524ea,2cdab34b-5c26-4f14-83ed-c9aeaf532df7,c1,c5,3359,?,p1,
1769719022.980281,CREATED,5f680c25-e612-48c3-8348-9272eb2caf02,82fc3be8-29f0-4a89-85a4-890356733df6,c1,c5,27,?,?,surb={'id': 'ede7f266-4e87-4013-a3af-e2a5d5f5fb4b', 'route': ['p2', 'e3', 'i12', 'x3', 'p1', 'c1']}
1769719022.9851325,RECEIVED,566ebc40-3272-492a-b23b-d26d4cab96b6,ca60c757-d1ff-43f2-a43f-8cdc1d03e109,c3,c1,27,p1,?,surb={'id': '82ef4b15-ca76-42e2-adf1-c6e875a7cde5', 'route': ['p1', 'e2', 'i12', 'x9', 'p3', 'c3']}
1769719023.090006,SENT,a6a9edca-d843-47d6-bd7e-ecaf08d0dac8,e0493891-1945-4647-81ab-4d1f25ffc75b,c1,DROP,2019,?,p1,
1769719023.0900567,CREATED,cc87a3e4-0415-49a5-99cc-f0c90dc9caa3,9ac9fe1c-46e5-41f0-a6bf-cdac25dfad0c,c1,DROP,26,?,?,
1769719023.1029775,SENT,5891cb82-09ce-4032-be71-1e3a7e4ed0cf,70574fe3-6380-4b1f-8bf9-44ba85948ba4,c1,DROP,2027,?,p1,
1769719023.1030188,CREATED,977d58d8-a446-4a40-adcb-edd82bcb5f5f,a2823cfa-cba1-4b3f-a639-be0ec722f70a,c1,DROP,27,?,?,
1769719023.1206768,SENT,ce7127d2-515f-482d-839a-e660d45727e2,00707d35-c331-43cb-98b5-3d1c07e51ad0,c1,DROP,2015,?,p1,
1769719023.120716,CREATED,87617879-05b4-4078-a603-f509bd106621,bd9940e7-11e8-435e-8b81-b39135346600,c1,DROP,27,?,?,
1769719023.1318595,SENT,175efdcf-98b0-4a0a-886b-a9130aa9958a,fdb4ac7c-21cb-411e-9857-a95016e64aff,c1,DROP,2024,?,p1,
1769719023.131895,CREATED,5c808ea9-1826-49d8-ab5b-458f39fa0a46,bd6f8461-9f3b-4e80-9ad0-c85301b89311,c1,DROP,26,?,?,
1769719023.2300253,SENT,d968f69b-a1f6-4b16-90b4-e6aa711839e8,ae6abbf1-f359-4ec5-a4f3-76c5b9fec31e,c1,DROP,2031,?,p1,
1769719023.230078,CREATED,c859a616-0f16-4dc4-a260-187300477081,e5ef17ee-89a4-4e56-995c-c3cd28b7f764,c1,DROP,26,?,?,
1769719023.2416472,RECEIVED,4505c378-acc1-4a0a-9940-b81f30439c3f,609dcc63-816d-4275-80e8-6746d2818865,c2,c1,27,p1,?,surb={'id': '60c790ad-cb75-4fb8-a038-88de8b526d1d', 'route': ['p1', 'e10', 'i12', 'x8', 'p2', 'c2']}
1769719023.254267,SENT,7f2f4b3b-4b02-462f-89ef-e20e60981bb1,a0862d90-f468-4368-9cdf-e4e18808e432,c1,DROP,2027,?,p1,
1769719023.2543075,CREATED,8f72297f-d25f-449e-b886-22ef2e662243,6dd96f15-21be-4eca-b04a-6c53f9a05dc3,c1,DROP,27,?,?,
1769719023.2574165,RECEIVED,88b95542-6d94-44b2-a3eb-24cc1035162e,770169ae-514c-4928-a58b-f58ed3947236,c3,c1,27,p1,?,surb={'id': 'df908dfa-4032-44f6-b1ab-6bab0d03f321', 'route': ['p1', 'e8', 'i3', 'x3', 'p3', 'c3']}
1769719023.2632654,SENT,da809eb6-d6cb-4db4-80a6-563b1851b9c4,45a715bf-6e74-4eef-9b4a-0a522855abde,c1,DROP,2047,?,p1,
1769719023.2633057,CREATED,aee2b6b1-ffc9-464b-aee1-6c302e8c0c77,d470fa0c-87a4-4231-8a31-19ff60735952,c1,DROP,27,?,?,
1769719023.2692034,RECEIVED,93fd00c8-ef73-4d4b-9bb3-0a31e6050cb2,2afeb439-dfe4-4701-8d2f-0d8823a0b8b9,c3,c1,26,p1,?,surb={'id': '149f3136-d156-49aa-81bd-12ad9c329d2b', 'route': ['p1', 'e8', 'i11', 'x12', 'p3', 'c3']}
1769719023.2786016,SENT,2bc7e84e-a9f7-493a-8e9c-42b7b275774d,89e7790e-dbc1-4a77-9357-ccacc4980870,c1,DROP,2039,?,p1,
1769719023.2786415,CREATED,1577393f-67d2-4a55-b7f9-e0303f3bd693,f050179a-3739-410c-aecf-d0a5f49ae625,c1,DROP,27,?,?,
1769719023.2890134,RECEIVED,216a6fd1-fcd3-43b6-9de0-f9a111c5b6a7,265ff410-2050-471b-b8b7-cf093d7eb451,c2,c1,27,p1,?,surb={'id': '749ed4f5-d0cc-478a-b19e-452bc17d451e', 'route': ['p1', 'e11', 'i12', 'x6', 'p2', 'c2']}
1769719023.3003392,SENT,52d90b15-0e63-4e26-bf67-597e02146326,d8c99904-4816-4898-9043-da0a97bacdbe,c1,DROP,2016,?,p1,
1769719023.30089,CREATED,e2d5d7fb-48b0-4b0d-b7bf-4f29e1b02e93,dd60ffee-52f1-4699-93bc-b269fd3cc8d2,c1,DROP,27,?,?,
1769719023.3047469,RECEIVED,65195945-68bf-40f3-9ba8-fae98d835d16,8fb3fa31-adb5-4aff-9a81-e0a0df57b375,c2,c1,27,p1,?,surb={'id': '0612b177-8dbc-4bd6-8947-fd07a8d02fbe', 'route': ['p1', 'e9', 'i10', 'x10', 'p2', 'c2']}
1769719023.3084834,SENT,675888a1-ee62-4f13-bf55-2b0c7cad1288,9aa35343-1bbf-42b3-bd05-58c5b972b5d5,c1,DROP,2016,?,p1,
1769719023.308523,CREATED,6e53e353-8526-4b5d-aac2-c28a7c659993,73f07749-ac3d-4c9c-97a8-ae086874c8aa,c1,DROP,27,?,?,
1769719023.3322816,RECEIVED,59bbfc35-13a8-4005-ab18-4171d5e970cd,1ebbad0a-359f-4512-ab9a-e55357c1bd07,c2,c1,26,p1,?,surb={'id': '4a2e11b3-e5b2-4339-9aa5-694d971a2011', 'route': ['p1', 'e7', 'i10', 'x6', 'p2', 'c2']}
1769719023.3995728,RECEIVED,19d0ffea-644c-4ff2-8320-d2fce324470f,ab2db28e-7f66-44ca-8cc0-bf080a5695a8,c5,c1,27,p1,?,surb={'id': 'beab4964-d506-45fe-bc8a-6e08f40c40e1', 'route': ['p1', 'e2', 'i10', 'x7', 'p2', 'c5']}
1769719023.4477046,SENT,1591dd18-0e79-4d4d-a981-5d39b5fa916f,3f9589e4-1fd3-464c-83ad-387d36af7c64,c1,c5,3388,?,p1,
1769719023.447753,CREATED,8cb720ec-28b3-4532-be73-d4cd64289f34,7a67b8cd-4e97-4986-be31-40f83f433e56,c1,c5,27,?,?,surb={'id': 'ce1d3293-2a7d-4b96-84b8-aaa0058cc89e', 'route': ['p2', 'e8', 'i5', 'x2', 'p1', 'c1']}
1769719023.4639907,SENT,edcd185b-ed2b-408d-ae82-5ee73214de27,86e33451-68e6-46a6-a144-d2c3f1d49612,c1,c5,3376,?,p1,
1769719023.4640312,CREATED,e8191ca6-732a-4791-802b-5629f62dc548,d15bf77a-7f3e-4ef5-85d4-91d53c0310b0,c1,c5,27,?,?,surb={'id': '3612f589-dc26-48cc-9929-1a2b04662803', 'route': ['p2', 'e6', 'i11', 'x11', 'p1', 'c1']}
1769719023.4952939,RECEIVED,ae452dbc-71fa-44a9-9c81-f14c057d3714,ba6c8847-3e8b-4ba6-807b-2e715430c7f9,c2,c1,26,p1,?,surb={'id': '9b2a7c28-9666-4d0c-a361-7c84bdd1b831', 'route': ['p1', 'e6', 'i1', 'x8', 'p2', 'c2']}
1769719023.4980848,SENT,62130aaf-0a18-4dc1-ade4-b91149c67da5,18a10f72-7853-486f-adc1-f0f29761e2e2,c1,DROP,2022,?,p1,
1769719023.4981258,CREATED,5e18f55e-8289-41ff-8ef9-f20b20ed6578,7424eb46-95c3-4402-8e5a-334b47aeaed0,c1,DROP,27,?,?,
1769719023.503843,SENT,b10669fa-6ecc-49bb-86ed-a0da9fcc00c6,70ba593b-ca75-4655-b9ae-6683284db6a4,c1,DROP,2041,?,p1,
1769719023.5038824,CREATED,593123ab-4622-4136-b969-5f950faff2e7,ac6c3465-243d-4a2a-86d0-326fb9e45361,c1,DROP,26,?,?,
1769719023.5518417,RECEIVED,c6ee6819-3d59-4de3-ab19-ceb53f8ff927,84d3eb92-2c02-4442-b19a-eeb9e4a9496e,c2,c1,26,p1,?,surb={'id': '580e77ea-b703-4a5f-9e15-749d0d689424', 'route': ['p1', 'e11', 'i9', 'x9', 'p2', 'c2']}
1769719023.5963166,SENT,ce0ca603-ed4b-4df2-a537-3625c8327479,bbba40fd-d9a8-4e71-9454-3286dbf006d3,c1,DROP,2020,?,p1,
1769719023.5963578,CREATED,f5b3f4f0-4ba6-4c25-a316-1d6b64f05f8a,882393f9-2b0b-4661-ad48-42ded00092d4,c1,DROP,26,?,?,
1769719023.609183,SENT,52da164b-a6c6-4aa5-b916-ecc578230e6b,72146c57-bbff-4a10-a416-97cb20c796f1,c1,DROP,2014,?,p1,
1769719023.6092234,CREATED,2abd3978-9722-42d9-a359-a5585b805ec5,c775ca58-b47e-4d49-913d-3ae6796b8173,c1,DROP,27,?,?,
1769719023.7421484,SENT,bd9685fe-4ab5-4fae-a9f5-169f7a620cdd,0522f6d0-e4be-4246-865d-ceda8a6d0822,c1,c5,3396,?,p1,
1769719023.7421932,CREATED,0cd50571-889c-4b7e-bb24-b761fdd87620,082d6451-e653-4ea3-962c-cf36aa90bacd,c1,c5,26,?,?,surb={'id': 'b6ff5af7-e2f3-4111-b635-5442d6d754a3', 'route': ['p2', 'e4', 'i7', 'x11', 'p1', 'c1']}
1769719023.7798557,SENT,040605a0-9e40-4474-b4c9-d304df8b216c,11a65835-4055-40a2-aad2-ca53aacbe818,c1,DROP,2016,?,p1,
1769719023.7798963,CREATED,e79983be-34ea-498a-9bb5-9a64f6df91db,6b101e9b-6e41-4dfd-bcf9-6aca6933ce6b,c1,DROP,27,?,?,
1769719023.9238644,RECEIVED,8b305e4a-7fd4-445c-b52f-f2a8f931806b,25a4ae31-36a9-42d8-86df-b175ee8fee62,c2,c1,26,p1,?,surb={'id': 'c00df131-2e8e-4d4c-80cd-bec823a022b5', 'route': ['p1', 'e11', 'i1', 'x5', 'p2', 'c2']}
1769719023.9283674,RECEIVED,e5f3a12c-f515-4a04-ba3e-263504b8b4c4,6e04134d-a485-4be5-94bd-89f56c4c4f30,c5,c1,26,p1,?,surb={'id': 'b7e96ec0-d3be-4088-a65b-974dc63a5ba9', 'route': ['p1', 'e5', 'i12', 'x1', 'p2', 'c5']}
1769719023.935074,SENT,35eeb50b-d9d1-4577-96d4-376e1cdb07e9,4d6e9be5-041a-4b76-869d-2096f7421fbe,c1,DROP,2040,?,p1,
1769719023.9351153,CREATED,cdd99b89-77d4-4d2d-becd-d5cd5c28cf69,5a1ddf96-a58f-400a-992a-a8d2036d940a,c1,DROP,27,?,?,
1769719024.0088303,SENT,9d435fff-fed6-4602-9f2c-4343f8a65ccb,1de73656-d677-4c03-a68b-463b286ff4e6,c1,DROP,2027,?,p1,
1769719024.0088725,CREATED,ed1856ca-3038-49a6-b670-f0115aac9687,3c160792-b79a-44e5-944c-87833b3c5480,c1,DROP,27,?,?,
1769719024.0672352,SENT,dc91ca8b-9872-4122-b17f-4173d9c38480,4fda139a-957d-4315-90ef-61c540001f53,c1,DROP,2025,?,p1,
1769719024.0672736,CREATED,2703d8e1-0a06-4569-a081-6f31032332b7,654eaf10-58fa-41c3-9e02-6b8a0974f3c3,c1,DROP,26,?,?,
1769719024.171132,SENT,e8dedada-0aad-4c35-947c-82b2a8a29182,3954ccce-1093-4cb1-bf02-9737eef7dc96,c1,DROP,2017,?,p1,
1769719024.1711724,CREATED,5e5976be-d4f4-4473-a694-2af4ef2e2ff9,e36e9353-439c-4dd4-b22f-f1040145caac,c1,DROP,27,?,?,
1769719024.1783924,RECEIVED,1b8bc89f-28f9-479c-a343-af3c13d17959,d78d48c2-7ca3-409f-81e9-ed4d57a6d627,c2,c1,26,p1,?,surb={'id': '506eb9fb-7fcd-4603-b27f-9857bd48878d', 'route': ['p1', 'e12', 'i8', 'x11', 'p2', 'c2']}
1769719024.187704,SENT,9028eb81-85d8-4210-b3d7-a6ad5486c7b8,fbc4df37-17c1-4fbc-b61b-5dd9ef1cd533,c1,DROP,2014,?,p1,
1769719024.1877413,CREATED,5cd41790-959c-46ad-8c9d-5d8f1c5e8c0a,10c7b003-5a6b-4cd1-91f3-9179b8cc6ec0,c1,DROP,27,?,?,
1769719024.2530951,RECEIVED,1b706606-8a30-4830-8b71-235ee19c5549,adbf76d5-b999-4258-a26b-09a6f8c3d616,c3,c1,26,p1,?,surb={'id': 'fb6ae359-8d20-4b55-846f-50de13204ff3', 'route': ['p1', 'e2', 'i1', 'x4', 'p3', 'c3']}
1769719024.2608223,RECEIVED,15c04982-e8aa-4cd2-adff-f4f9dc06a4fd,dcde00a6-e7e2-4890-88ae-fca3eee47f2d,c2,c1,27,p1,?,surb={'id': '446dc391-bb98-423f-b08d-b3ad35a35c17', 'route': ['p1', 'e5', 'i12', 'x12', 'p2', 'c2']}
1769719024.2799768,SENT,e4a5100a-4152-4c92-b64b-6bab4166cd44,546f35b4-b7cb-4ed7-bbf7-5bf34bb92df8,c1,c5,3381,?,p1,
1769719024.280023,CREATED,7e3878a9-5a30-4f9d-abf0-35e42248322d,bad04e2c-4d98-4b34-a8c6-35d202ee98ec,c1,c5,27,?,?,surb={'id': '0dacb005-4c8b-48d0-82f8-7e20ea75a2c2', 'route': ['p2', 'e8', 'i9', 'x10', 'p1', 'c1']}
1769719024.3132002,RECEIVED,ea606905-df90-45bd-8635-0001ae67b964,22e638d8-5f84-4bf1-8ce6-6bbd6197ed96,c5,c1,27,p1,?,surb={'id': '363c4c47-57f5-44b5-89b6-ac2f6804fe5f', 'route': ['p1', 'e4', 'i12', 'x10', 'p2', 'c5']}
1769719024.3720162,RECEIVED,5c514544-2b99-4131-8545-00a390194d77,8c9b5c2f-a89d-47f8-90fe-64e91a20d81f,c2,c1,27,p1,?,surb={'id': 'a775c673-971c-4dae-8e4f-d02e3094b6c1', 'route': ['p1', 'e10', 'i2', 'x9', 'p2', 'c2']}
1769719024.3914819,SENT,323c4fec-ab0d-40bc-b5b8-56802e3531b3,052ba2b4-ee3c-43b3-abce-b2e2951913f0,c1,c5,3383,?,p1,
1769719024.3915372,CREATED,65e9d29d-612c-4bea-a7b0-5331d2059227,933c29e6-91bf-442f-b2ff-f568416f40b1,c1,c5,27,?,?,surb={'id': '42831d40-f790-4faa-a6b5-df4c45072478', 'route': ['p2', 'e4', 'i6', 'x4', 'p1', 'c1']}
1769719024.3974814,RECEIVED,3a3bf3d8-2585-4d89-9bbe-f0808b59a1ef,2c63c3ce-ed05-407d-807e-4ccb02eacd74,c5,c1,27,p1,?,surb={'id': '31537aec-504a-4808-af95-717181c21f58', 'route': ['p1', 'e4', 'i9', 'x9', 'p2', 'c5']}
1769719024.4032233,SENT,ca92af0b-2658-46bf-84e2-dc5aaf11ebc7,deb3ec87-d3ea-4853-9ee6-52240c425bcd,c1,DROP,2015,?,p1,
1769719024.403261,CREATED,49cdfa98-bacd-4ee8-9ce3-3e56d068ebc0,f8454bc0-0400-4055-8629-7c6dd64aea2e,c1,DROP,27,?,?,
1769719024.4095263,RECEIVED,9c72bdf6-be60-498f-a8af-f353f144cea2,fe893a0f-8ecf-4352-8d7a-9989a9244feb,c5,c1,27,p1,?,surb={'id': 'f574621a-73da-4c9b-b5c2-bc4ab607c1fc', 'route': ['p1', 'e5', 'i3', 'x6', 'p2', 'c5']}
1769719024.4799392,RECEIVED,ebe31bc0-0136-47e1-9654-521e95bdf68a,14328b44-9acd-4de1-9eb4-f90841619eba,c2,c1,27,p1,?,surb={'id': '8c3532f7-ccc2-4d1c-b4d2-fb184167f47d', 'route': ['p1', 'e2', 'i11', 'x12', 'p2', 'c2']}
1769719024.483274,RECEIVED,dc64e129-7134-47a3-9a15-0e35841a488d,03e169b5-894b-4e70-9fb9-9fe538023e53,c5,c1,27,p1,?,surb={'id': '30d5ad88-a9a5-4c12-a7e1-146b4bc904ed', 'route': ['p1', 'e5', 'i6', 'x10', 'p2', 'c5']}
1769719024.5079124,SENT,57deb49c-bb55-486d-9d2b-df5580e31112,c586bab9-f3e9-46ad-90ee-ddd26e962b31,c1,c5,3405,?,p1,
1769719024.5079575,CREATED,963d3293-f437-414e-af7d-c565d5dacb85,4b528d58-43be-4d74-9fdd-f1f587098fd1,c1,c5,27,?,?,surb={'id': '83e792be-54de-43cc-baff-075506b3bf76', 'route': ['p2', 'e3', 'i2', 'x12', 'p1', 'c1']}
1769719024.6720989,RECEIVED,b08cbb9f-84ee-4196-82e9-d0e2ed3b2c47,65904cbe-1e18-4dbb-9fbf-e7a74ec62f19,c2,c1,26,p1,?,surb={'id': '66de3b72-d0bf-4fe2-be53-ce1e7780b4bc', 'route': ['p1', 'e6', 'i12', 'x6', 'p2', 'c2']}
1769719024.7302866,SENT,4d720e0c-b460-40e1-9830-ffa3c2a28269,97388218-e537-4415-8d51-ff6cb85882a1,c1,c5,3375,?,p1,
1769719024.7303343,CREATED,36dc1a3f-23f6-4bf9-85bb-38c5d72d88f6,08c94e58-c723-4f84-8865-6be898e37fe8,c1,c5,26,?,?,surb={'id': 'ccb6068d-47c3-4053-a100-8abf19f5245c', 'route': ['p2', 'e2', 'i5', 'x5', 'p1', 'c1']}
1769719024.804867,RECEIVED,cd82739e-67a8-4780-8124-a0d8046970ea,095506e5-73bc-4f80-a2fe-88cd9cc1216e,c3,c1,27,p1,?,surb={'id': '69748a2b-6d3f-4c82-a822-e14ded154bf0', 'route': ['p1', 'e2', 'i8', 'x6', 'p3', 'c3']}
1769719024.8777783,SENT,a882f3db-326f-41ca-abba-983fd6e78b12,8c8452ac-4365-4e78-b106-7d0db5b7469d,c1,c5,3388,?,p1,
1769719024.8778212,CREATED,a86adfe6-e8fa-4499-81f0-b739d0e2d1d1,6b80572e-878a-41db-9b1b-28990a4910b7,c1,c5,27,?,?,surb={'id': '6abd8b96-d1d8-4b96-90cc-a274afa60589', 'route': ['p2', 'e10', 'i7', 'x1', 'p1', 'c1']}
1769719024.9431071,RECEIVED,48038bdf-f26b-4bca-8dbd-b5bcec79c0fa,b62d06f9-989b-401c-95f4-8d4eefb2c316,c5,c1,27,p1,?,surb={'id': 'da1e97b5-5427-42b2-9651-459ab2067242', 'route': ['p1', 'e9', 'i11', 'x8', 'p2', 'c5']}
1769719024.9543238,SENT,b02ed96c-bea0-4144-8633-adde2508bbd5,dc598903-1c9e-44c8-90f3-b57828746ce2,c1,DROP,2016,?,p1,
1769719024.9543562,CREATED,76846468-861c-4700-9c51-55ca1430b3ce,450bbfba-c523-43a0-ac7d-e9b2d791e0ed,c1,DROP,27,?,?,
1769719025.099443,SENT,8994db16-2e5e-4c44-b775-968ad2db9216,a3b9cfdb-46c9-4ade-b996-e5c6adbe6780,c1,DROP,2019,?,p1,
1769719025.0994828,CREATED,eae1b12f-d664-4c4c-9581-2b751ebef7ad,883b845e-d5a1-4d19-8bbc-c8112fa82774,c1,DROP,27,?,?,
1769719025.1875052,RECEIVED,67c73457-f180-4af3-a215-fb0b6b020b2d,b274ad41-6469-4e89-8fa4-a6508c285c87,c2,c1,26,p1,?,surb={'id': 'ed4840cc-9bb5-4e16-9372-aa8e847506a7', 'route': ['p1', 'e5', 'i2', 'x5', 'p2', 'c2']}
1769719025.2258015,RECEIVED,1ebc6c6a-51f9-4975-9f05-e342cd9b6fa5,c09bf3c2-e0c8-4ff6-a3ad-788575b37d3c,c3,c1,27,p1,?,surb={'id': '2174c603-dc1d-4db5-9485-35f0fc0940b3', 'route': ['p1', 'e8', 'i11', 'x5', 'p3', 'c3']}
1769719025.3052528,SENT,f52118fe-70b1-4af3-a34d-2b873f2f0f79,daded7be-6542-4a13-b13d-d2fed1e6d0c0,c1,c5,3371,?,p1,
1769719025.305299,CREATED,c7e4e46e-ae81-49f4-8569-c6bd19721b02,feb99a43-1009-46c3-92ce-fd4cc9776058,c1,c5,27,?,?,surb={'id': 'a7a9498b-e3a0-4084-b270-053daa74871c', 'route': ['p2', 'e4', 'i6', 'x7', 'p1', 'c1']}
1769719025.3518,RECEIVED,36f4533e-6d1e-4aa1-b34c-811305140cf0,58899eaa-47ab-4821-a5e1-52a1c949c940,c5,c1,26,p1,?,surb={'id': 'a4be3f7a-157c-48e3-8823-0e7645f7fb5c', 'route': ['p1', 'e1', 'i7', 'x8', 'p2', 'c5']}
1769719025.3723164,SENT,403a2265-1c80-4e56-8184-752813345975,21763cca-9355-497a-9c64-d01bae2f3d61,c1,DROP,2016,?,p1,
1769719025.372357,CREATED,f52c37ea-2e19-4c21-97f7-dba813d59c98,40b1dd4d-7449-4796-84c9-8c3545956576,c1,DROP,27,?,?,
1769719025.3800085,RECEIVED,07aa927d-b2ac-4ea8-a2e9-0de53528eff4,ba217141-6acc-491e-b5e9-2c81df4a8885,c2,c1,27,p1,?,surb={'id': '1af3dd31-52c3-4442-b10a-76da1c3be408', 'route': ['p1', 'e3', 'i7', 'x7', 'p2', 'c2']}
1769719025.3873231,RECEIVED,0725e1ff-287b-4d9b-b929-5da6c6c63bc7,c9da958c-da7e-445b-898a-634976a77a13,c3,c1,27,p1,?,surb={'id': 'dcef18b1-42f3-479c-a983-d3c89fc1737d', 'route': ['p1', 'e7', 'i4', 'x11', 'p3', 'c3']}
1769719025.4045932,SENT,98e7a8c7-6fc7-4529-94ae-57ac0a630e91,fb5d8b4f-4681-468e-95ff-1257ce6732b4,c1,DROP,2015,?,p1,
1769719025.4046328,CREATED,a6018a43-8386-4818-9cb0-543be03ffcd0,3601a7b5-39e9-4419-9797-a92566d58af0,c1,DROP,26,?,?,
1769719025.4487445,RECEIVED,c3a7183c-cf25-49b3-9863-a23fda9d8d4f,8f4df5b6-1ac6-4229-9c57-3fc3379d7017,c5,c1,27,p1,?,surb={'id': '46000631-5869-4a32-9b41-fe9df3667c78', 'route': ['p1', 'e7', 'i11', 'x3', 'p2', 'c5']}
1769719025.4595923,SENT,8e9f20ce-c454-4bee-9624-822362d9a678,30e1fc90-ca3b-4e76-bb6c-451766e1dc53,c1,DROP,2028,?,p1,
1769719025.4596305,CREATED,438e0be1-4a7f-4157-ac9f-2cef145f3422,87169473-a410-4c54-89d4-1b2c3b611d70,c1,DROP,27,?,?,
1769719025.5196967,SENT,2a6c1759-f353-4871-9fb7-3c2ef02e826c,ef3c7232-04c6-4d56-8cc5-743cc6b2a7db,c1,c5,3363,?,p1,
1769719025.5197442,CREATED,79ca130d-50d5-449e-bc78-f69b1d5f36d8,3694a7c9-8aa2-456d-9bc2-f5d264ded0db,c1,c5,27,?,?,surb={'id': '89e015f2-80c0-41b9-a524-81dc8e199172', 'route': ['p2', 'e5', 'i12', 'x7', 'p1', 'c1']}
1769719025.5467217,SENT,feab0a24-7ccd-45c9-87e7-ae4768657fab,27a630ee-556c-436c-9d67-d97b630882d5,c1,DROP,2014,?,p1,
1769719025.5467622,CREATED,acf99e4a-488d-4190-8c33-9b9f92b8288d,6ca3dcb1-3332-4169-a50e-87ec56c83f78,c1,DROP,27,?,?,
1769719025.5620959,RECEIVED,d0fc1868-c6a5-44f2-a94b-bc7294d337dc,c0a5dd5e-de8b-4773-900c-7f87e2cf5fd9,c3,c1,27,p1,?,surb={'id': '95191de2-444e-435b-ba96-2d2eb6fa1e59', 'route': ['p1', 'e4', 'i4', 'x6', 'p3', 'c3']}
1769719025.5683973,RECEIVED,87171dc7-71dc-487e-aa94-69b52cc74a7e,4f47828c-2c7d-4482-be91-4eadaf40839a,c2,c1,27,p1,?,surb={'id': '7b4bf2b1-d879-487a-9386-f65fc9b11f59', 'route': ['p1', 'e5', 'i5', 'x1', 'p2', 'c2']}
1769719025.5742812,SENT,c98a9d97-edb3-4e29-bde6-08f1de261746,0b972b36-f8f1-464b-9590-2ab0b6520de4,c1,DROP,2015,?,p1,
1769719025.5743232,CREATED,97963acb-3b45-4d2a-a9fc-4e1f67b30052,7ade9b73-fd2f-4668-b936-284c114bdda8,c1,DROP,27,?,?,
1769719025.6342356,SENT,a9c49293-0712-4d34-9b40-d1e896963d74,63369b94-5d95-4da4-8280-b197ee9f6843,c1,DROP,2027,?,p1,
1769719025.6342983,CREATED,f54a490b-c432-48d4-a054-8df6d70fc1df,2e6e522b-5da4-40bc-8659-b07b3c380db7,c1,DROP,27,?,?,
1769719025.7250645,SENT,7bb0b873-7b4e-4301-9528-5130e31a6c9e,56f692c1-3de1-4c62-9d24-78ad10d94f05,c1,c5,3379,?,p1,
1769719025.7251136,CREATED,81f3e6fa-5de7-4bdb-a188-5a6de51c57ba,1019ffca-631a-4c0b-83ee-1ad1282eddaa,c1,c5,27,?,?,surb={'id': '664dc064-1292-463b-b72d-976e4549fa1b', 'route': ['p2', 'e2', 'i1', 'x1', 'p1', 'c1']}
1769719025.773112,SENT,bda24681-d79f-4671-a5ea-b696da4cfb79,28027ee2-3ef1-4639-859d-aa16faf94bab,c1,DROP,2031,?,p1,
1769719025.773152,CREATED,bbd5f358-8206-4a73-ae22-ed7ed838eba1,43111183-695a-41e0-8e4a-15d90dd00259,c1,DROP,27,?,?,
1769719025.7895076,SENT,55cf1fe3-6205-4566-8242-0eed319c76ba,4075cbe1-02fd-4f95-84c4-549d1a66cdbd,c1,DROP,2015,?,p1,
1769719025.7895474,CREATED,23087e7f-4efa-4d14-920a-b1adaf0e87be,4cbd5d91-e764-48a8-8382-ae3fa2a9b0b3,c1,DROP,27,?,?,
1769719025.840618,RECEIVED,8d41f81b-84e2-4653-91f2-0ed9978a1d22,e1c17f12-675a-47a5-bfe9-afdf707230ee,c5,c1,27,p1,?,surb={'id': '9e9e9d9e-f234-4397-bfb0-8360611264ed', 'route': ['p1', 'e3', 'i6', 'x6', 'p2', 'c5']}
1769719025.8536835,RECEIVED,701574c5-6407-45f4-8f91-525032b73466,b224f7f9-4c22-40ab-96e4-489e9f530514,c2,c1,27,p1,?,surb={'id': 'c087889b-06ce-4fa8-81ce-3e0817a9ea9c', 'route': ['p1', 'e6', 'i1', 'x9', 'p2', 'c2']}
1769719025.8566334,RECEIVED,5da88ccb-7868-4097-8f25-ca60fbe40744,52393199-283e-4825-8887-b5a93d3585b8,c3,c1,26,p1,?,surb={'id': '95a6d25f-c8ce-45c5-a95a-34da783ea268', 'route': ['p1', 'e1', 'i12', 'x2', 'p3', 'c3']}
1769719025.8746967,RECEIVED,a3504826-bdce-42a9-9c10-107f34847c28,2d4473ad-7212-4ab2-bd7c-5b6f580658d3,c3,c1,27,p1,?,surb={'id': '357c3326-c6ba-4b20-b48b-e28fdf79949e', 'route': ['p1', 'e7', 'i7', 'x2', 'p3', 'c3']}
1769719025.9157557,RECEIVED,af6a63cf-c8fb-42a6-b59a-3e36ebfe596b,c7533412-d689-4e7f-8ca1-4807a84cbaeb,c5,c1,26,p1,?,surb={'id': 'b8c529ee-e034-4ff1-9845-655d26895df8', 'route': ['p1', 'e3', 'i10', 'x8', 'p2', 'c5']}
1769719025.9513657,SENT,43a60a50-c9e9-463b-8a51-88e7230e4e64,ec1c0d6b-6880-4ebb-8fa3-4a51af937d7d,c1,DROP,2023,?,p1,
1769719025.9514244,CREATED,add2e3d6-b428-4519-b5f3-af193f90f116,5f71d8b4-c4e3-439a-9b4d-a5a97a1f26ae,c1,DROP,27,?,?,
1769719026.0576725,SENT,53b661b7-31ba-4fd1-b191-9fcb8ac44777,440fca13-13f0-4850-a481-ed4bc0e058c3,c1,c5,3360,?,p1,
1769719026.0577848,CREATED,2e596ee9-2fed-47ea-a834-a95df73a0198,cd35f899-e01f-4aac-9f12-a37e978e04fd,c1,c5,26,?,?,surb={'id': 'fb32540d-2077-4377-83e6-31ad4be76bef', 'route': ['p2', 'e3', 'i6', 'x1', 'p1', 'c1']}
1769719026.0719311,SENT,9afdce3f-3f8e-4c30-aa1e-cdb88b085cf3,ce1a6f66-b8c7-41b2-b30b-11c21db3c50b,c1,DROP,2028,?,p1,
1769719026.0719693,CREATED,a556b828-d48f-4279-9fa2-32a14fe10064,b9c9dcb3-20f6-4803-941c-6de8468c633b,c1,DROP,27,?,?,
1769719026.0933285,RECEIVED,8a327e6e-f0c3-47c4-ab3f-bb2448eb2e1b,8b1b8141-ff49-47be-a901-979e898cfce5,c3,c1,27,p1,?,surb={'id': '6fa25ce8-2b63-4cd4-92dc-7d3b959481ef', 'route': ['p1', 'e11', 'i7', 'x3', 'p3', 'c3']}
1769719026.136194,SENT,c1a613cd-4696-45ac-abc7-551741b3488b,1c9f84b4-c55d-4300-b05b-95ec2531c087,c1,DROP,2020,?,p1,
1769719026.1362343,CREATED,75d9c196-2b9a-4262-a0ac-241e4a29773c,3d477d55-8382-4a5d-896c-e5d24e80f55c,c1,DROP,27,?,?,
1769719026.16094,SENT,cd137496-9b99-4d06-a6cb-29a49bed2262,67493648-5f0b-49d8-984b-16de742b1620,c1,DROP,2027,?,p1,
1769719026.1609795,CREATED,36c30116-b555-44e0-852d-26ed1549d339,f7509faf-8335-4e61-a849-e0ae50801144,c1,DROP,27,?,?,
1769719026.3442438,RECEIVED,52d4cc28-6d9d-45fc-a115-c34f9a4ae340,512399de-af73-4679-a6b8-21d58c35ed53,c3,c1,27,p1,?,surb={'id': 'c5f45746-a960-4428-9d48-a93e296af645', 'route': ['p1', 'e4', 'i8', 'x5', 'p3', 'c3']}
1769719026.4882965,RECEIVED,f37d6651-32ca-4caa-96a7-97193e5da9a5,4c4d6f65-a693-4175-bdb8-5a7f76d0db7c,c3,c1,26,p1,?,surb={'id': '7dd47a5f-2c2e-48f1-8c70-6b330874b056', 'route': ['p1', 'e6', 'i3', 'x11', 'p3', 'c3']}
1769719026.493136,SENT,be345751-99b2-414e-91d1-20894ce6c7da,87c07f75-6cc3-48e3-b1bd-af4b6da3f49d,c1,c5,3395,?,p1,
1769719026.4931815,CREATED,138ad0c8-5180-4901-a6ba-5dc208ec8af9,73482fd3-7132-492b-b247-0c3dfafda686,c1,c5,27,?,?,surb={'id': '952aa770-861e-47fb-b2bf-36ae6a76bd2c', 'route': ['p2', 'e10', 'i2', 'x9', 'p1', 'c1']}
1769719026.548128,SENT,984f67cf-fdfe-4d19-b733-f7c5055ef104,d7f85702-4e12-42bf-8d9d-ecc6fc8eea75,c1,DROP,2039,?,p1,
1769719026.5481694,CREATED,4ad8ee59-947a-4c76-aee7-6531d3edfb8a,7036fce4-c238-417c-a421-eb61dee3b63f,c1,DROP,27,?,?,
1769719026.5926464,SENT,36dd78a1-31d2-45fc-9fda-b03a5a47e3e2,3c95320e-f4d1-49aa-9db0-57ec8c550baf,c1,DROP,2028,?,p1,
1769719026.5926867,CREATED,fcb26d6d-d831-4062-a58d-97107e8bbe87,05a9c4a1-14fb-4c8c-acf4-927ca8a3d0e7,c1,DROP,27,?,?,
1769719026.6259804,RECEIVED,817aa380-e963-4d4a-9f4e-4ac74b50ecaa,465a13e4-c3a8-42bd-9a4d-b56b1bb4b885,c2,c1,26,p1,?,surb={'id': 'ef916f08-4364-46a7-8249-960f325dc579', 'route': ['p1', 'e10', 'i1', 'x8', 'p2', 'c2']}
1769719026.664958,SENT,7431745a-006d-4b1f-8251-6469eff79fd7,320657cc-2120-41d1-9da5-f7f7d885ca69,c1,DROP,2032,?,p1,
1769719026.665001,CREATED,c1711396-45ce-4623-a564-88e104aa6bf6,c6874777-c912-46f3-9782-0f324676cb82,c1,DROP,27,?,?,
1769719026.6941304,SENT,773ce894-ce2c-47ff-8d7a-52e020f0e105,60fb9bc4-0c1f-4155-b0c0-16981147b53c,c1,DROP,2023,?,p1,
1769719026.694171,CREATED,a77d673e-727d-4bac-aaff-51b8f69f1c49,1626c62e-87fd-459d-b0e4-4c079b7415de,c1,DROP,27,?,?,
1769719026.7111595,SENT,bcefcad8-a328-4e21-bbff-267c0996ee63,dd5db9e4-f309-4ec4-b1cd-92100f77d805,c1,DROP,2015,?,p1,
1769719026.7111993,CREATED,b91c426d-7d59-4dc1-9100-df32a0ff97d6,2c1a56e6-02fe-4455-9aa1-0ecd4c425452,c1,DROP,27,?,?,
1769719026.7283216,SENT,4cc167d2-5cb6-4db4-b6fc-f0d725ebd2f0,d5946757-4be5-48f2-a20d-ed0b858e084f,c1,DROP,2015,?,p1,
1769719026.728362,CREATED,3d633ab3-87ce-41a2-93ef-e2c1db62423c,f5e2a5d9-3481-4f39-8eb6-bddd790bf5cb,c1,DROP,27,?,?,
1769719026.8212144,SENT,e8c80c31-bea2-46b1-b1a8-0c06b130bfa1,41bdf2a3-3d5c-4072-92b1-67fb6398e3b1,c1,c5,3391,?,p1,
1769719026.8212628,CREATED,ab487368-32a3-4fe6-9359-6ef5e0ec8007,cb4d6339-909f-4f5d-8313-a93b593b7234,c1,c5,25,?,?,surb={'id': '1d3410b0-e918-4b62-8d03-1e6a8ade6c48', 'route': ['p2', 'e1', 'i4', 'x2', 'p1', 'c1']}
1769719026.8370283,SENT,71276656-cfac-4b1b-8727-7fd1c405f96d,acb7b6a9-e104-4660-931d-51dbd49f9398,c1,DROP,2016,?,p1,
1769719026.8370802,CREATED,2360f204-0378-42c7-a5c9-c00aa7ee4dcb,f0068c5b-17e0-49e8-8150-a00ab9cc2e94,c1,DROP,26,?,?,
1769719026.9812737,RECEIVED,60ba5c15-ec63-4cc5-9cde-bb4dbdad0d4d,a8142428-77f2-4d93-9558-199f1ad74a75,c5,c1,27,p1,?,surb={'id': '334bfd22-40f1-4f42-9e8e-3036a8dc2c8e', 'route': ['p1', 'e9', 'i4', 'x9', 'p2', 'c5']}
1769719027.0683825,SENT,20a52634-a9fe-45ff-9b5f-91c6ff371cfd,9830258f-3196-486e-a605-c67fe96edc52,c1,c5,3369,?,p1,
1769719027.0684278,CREATED,45155806-9f24-4b41-b86d-28a4e17aba64,9970df57-96aa-491b-aede-58b3c6cb6b56,c1,c5,27,?,?,surb={'id': 'e8a86d01-64a6-43e6-94cb-badea55ceaee', 'route': ['p2', 'e5', 'i12', 'x7', 'p1', 'c1']}
1769719027.083731,SENT,e2889f8d-6f2b-4b0c-8900-b45ada5e3301,dfd6c3b1-281b-4907-9930-23970600c4e2,c1,c5,3371,?,p1,
1769719027.0837796,CREATED,56f53479-17ad-4e07-87b9-ea80eae7c1ce,d9f44445-9f67-4527-89fa-cdaa00aa5432,c1,c5,26,?,?,surb={'id': '226514f6-b958-45e7-bdcb-ae43cb7634af', 'route': ['p2', 'e5', 'i11', 'x2', 'p1', 'c1']}
1769719027.1272268,RECEIVED,65edf21d-d1a5-4f8d-a13d-3a8f436fc58d,27a01432-e2f2-45b6-89ef-71a780a496f1,c3,c1,27,p1,?,surb={'id': '0477ffab-90b3-4894-ba3f-63c041414c83', 'route': ['p1', 'e10', 'i8', 'x3', 'p3', 'c3']}
1769719027.2034283,SENT,5977148d-8c7e-4e16-b86c-5bf16c87647e,f9933dd6-643e-4f97-93a0-917682d60933,c1,c5,3376,?,p1,
1769719027.2034676,CREATED,7dc7b034-ab18-4e70-974c-d65adbf2c774,c3144f6f-6d59-454c-84aa-01ced85647b6,c1,c5,27,?,?,surb={'id': '72ef74cf-ade6-43fe-a5d1-1c96eb2d1bd9', 'route': ['p2', 'e9', 'i3', 'x3', 'p1', 'c1']}
1769719027.249512,SENT,f1c039c1-8fe3-4887-8480-acd610217675,57f401de-8d1e-4354-a169-73aa2ad65b12,c1,DROP,2042,?,p1,
1769719027.2495532,CREATED,7314b2ce-b469-4289-b190-6ec480d9ddf0,0bb9ad42-2cb3-4d32-8150-6791edd5ec11,c1,DROP,27,?,?,
1769719027.2578409,SENT,3297dd3b-0822-4c7b-848a-b7b89e6743f7,6183762f-005c-4579-818c-3d484b4737a0,c1,DROP,2033,?,p1,
1769719027.2578778,CREATED,8d8f7567-df2f-4956-ba00-82976185cc35,fe52998e-84ab-4f19-8926-2ffb411d2e0d,c1,DROP,27,?,?,
1769719027.3832679,RECEIVED,6e6079ec-78a9-4d79-8f26-294092ec839b,46b50fb7-69f7-423e-8e5d-155d4b97f4f5,c3,c1,27,p1,?,surb={'id': '94f0781a-9705-4322-97ee-c61fb408aa5d', 'route': ['p1', 'e9', 'i8', 'x2', 'p3', 'c3']}
1769719027.39921,SENT,c487a087-9291-4834-87ce-6cbd14d68d0e,6dc3e0c2-f9de-4e95-a943-251b8e9525df,c1,DROP,2028,?,p1,
1769719027.3992486,CREATED,5676a131-31f9-48e4-8cc6-c67aadf76968,0adaaca4-aa33-4117-9712-e8f3d8c15695,c1,DROP,27,?,?,
1769719027.464962,SENT,f1a47de7-9232-4263-be64-03e20120d689,c4105952-96ee-44d3-998b-defa4b0a53be,c1,DROP,2033,?,p1,
1769719027.465003,CREATED,7e2b2ca6-ff79-41fe-9241-fe8b2ac98794,e52e0484-4cc8-407c-a250-394215cf2cdf,c1,DROP,27,?,?,
1769719027.5293348,SENT,e661e728-508f-414c-91a8-cbb557e2f878,df6c23b3-24aa-4561-b33f-07334464de60,c1,DROP,2019,?,p1,
1769719027.5293744,CREATED,a4e79f03-b64c-45d9-ba57-595c5eac3579,0d0d2a8f-2621-4855-b98f-57872a62f60f,c1,DROP,27,?,?,
1769719027.6832438,RECEIVED,045562e7-56d7-445e-bc8e-bb08b3f37c6d,1e3aed0f-9ddb-4c5d-a9c4-490464a67cc6,c3,c1,26,p1,?,surb={'id': '48de849b-8c05-424a-bb4a-25776fa5ce0c', 'route': ['p1', 'e5', 'i4', 'x6', 'p3', 'c3']}
1769719027.756504,SENT,63f6278c-2e89-4966-9c28-72d510e9f882,e8f27df5-623a-476c-9408-88ef665c02dc,c1,c5,3383,?,p1,
1769719027.7565515,CREATED,d9a69fed-d1f1-4054-827d-ef3dbea3c1c6,9572d7f7-10fb-41a5-bd45-8e9f695960fa,c1,c5,26,?,?,surb={'id': 'e480412d-8e8b-493c-8b30-2fe54af42b79', 'route': ['p2', 'e1', 'i2', 'x7', 'p1', 'c1']}
1769719027.8619657,SENT,34182cdc-f54a-46df-8834-e4cb0570a330,f10304cb-f789-4aa9-a61e-8c4682b5fdb8,c1,c5,3392,?,p1,
1769719027.862012,CREATED,23f140dd-1db0-4096-9a05-367cb9616701,65df3dcf-0895-410a-9e95-87931d632978,c1,c5,27,?,?,surb={'id': '352f122f-5f80-4003-a27d-c68c0e076a6e', 'route': ['p2', 'e12', 'i4', 'x8', 'p1', 'c1']}
1769719027.877774,SENT,b0cc71a9-0635-4129-8400-468515aaa840,8de06781-9911-4117-9cc8-cd519ac87043,c1,DROP,2037,?,p1,
1769719027.877814,CREATED,87af8ec3-6c42-4ef4-8b7b-c02a310482b0,def74b5d-bfb0-42dc-aae3-58317c5162b9,c1,DROP,26,?,?,
1769719027.91229,SENT,7ae33015-0efc-43bc-99b7-bfd6c9dcb361,d84e57eb-702a-42c8-b58a-db3e46f3b4be,c1,DROP,2032,?,p1,
1769719027.912331,CREATED,e136825c-5cc2-42d6-9194-420a48223dd4,06231989-83dd-4c49-ab4f-9db00caf3d48,c1,DROP,27,?,?,
1769719027.9346352,RECEIVED,502d8290-a418-4d02-ae35-36d4f3733c43,54602616-a8c8-471f-b115-a6f69ab9cb68,c3,c1,26,p1,?,surb={'id': 'e5c8f497-fec6-4caf-b670-a347b4058ca0', 'route': ['p1', 'e2', 'i11', 'x11', 'p3', 'c3']}
1769719028.058364,SENT,a7ce0d2e-b7b3-467d-88d2-b3f5daeb4733,39ae58be-a9bf-416a-88e8-31c21213c6ec,c1,DROP,2045,?,p1,
1769719028.0584052,CREATED,59b9f629-dd60-4e60-bd2b-82bbd4c49631,27cfbc7d-1b31-4621-a166-41b184b6bc3d,c1,DROP,27,?,?,
1769719028.1388428,SENT,424e1277-f706-47a8-9e16-93acd17a04fe,88f55049-dd83-4405-8bda-fa0fe91d7794,c1,DROP,2015,?,p1,
1769719028.1388845,CREATED,0abb6922-c36c-47d2-b02f-d7e2c44e441a,a4b28c38-8418-484d-a3f5-14dc64609856,c1,DROP,27,?,?,
1769719028.1452355,SENT,810e0603-00bc-4176-a75a-4d0b65f1078c,b54611d5-3823-4f2c-87d5-4fcfc7a04ed9,c1,DROP,2031,?,p1,
1769719028.1452746,CREATED,71d7060d-879b-4cd6-aa2f-a3837b2cad38,156b786c-9aee-429d-8593-625b1b13ebc7,c1,DROP,27,?,?,
1769719028.1644468,SENT,e50a7024-9e65-4df3-8874-4d7fd81eb020,e5d758d1-82bf-4035-b798-39e2b46048df,c1,DROP,2028,?,p1,
1769719028.164485,CREATED,78964b8b-17ef-45b4-834e-02486579bbb7,a5d9112c-fc8d-40ff-866b-5f710f630b7b,c1,DROP,27,?,?,
1769719028.2135136,RECEIVED,e8bd748a-4b67-4439-96a3-8c7c78ff0821,4e6c73ab-8cfb-4c73-8aa8-15721d9e79e9,c5,c1,27,p1,?,surb={'id': 'feff548a-b21a-4d49-9bb0-028a08554cfe', 'route': ['p1', 'e11', 'i6', 'x9', 'p2', 'c5']}
1769719028.3778794,SENT,24cc7191-7931-4d68-bd54-573da74307b0,aee0d9bc-6f99-4e31-b9b8-0be5fd81c087,c1,DROP,2030,?,p1,
1769719028.3779187,CREATED,82760ad9-af1e-4f1d-b6ca-d9b9be0f7102,873ef670-a71d-4ba7-b5c9-1a513a1157e6,c1,DROP,27,?,?,
1769719028.3883371,SENT,92eab8a4-31be-48fc-bf67-debbf9f19539,96df5dbb-d085-456f-9f77-9387945ae135,c1,DROP,2028,?,p1,
1769719028.3883781,CREATED,9d0438bb-4443-4bf7-9383-7b8005dc6682,84894bdb-597c-4938-9f5a-a0689fdd59dd,c1,DROP,26,?,?,
1769719028.4064507,SENT,8fe385ee-685d-442b-b109-f074fb2d7e48,211f3135-15bd-4963-9d13-466166226219,c1,DROP,2028,?,p1,
1769719028.4064927,CREATED,27d8338b-2ab1-4bd5-accb-f3e5b488a872,4bf0cc22-efa1-4a9e-be51-78299328ef4a,c1,DROP,27,?,?,
1769719028.4315019,SENT,fa268f53-c8a3-477f-9147-c72a095090d0,d96889b2-0fdd-4480-a064-fb16e70e2ddc,c1,DROP,2022,?,p1,
1769719028.4315426,CREATED,4487b29c-63a9-4cf5-8348-eda40a065bb5,43cce646-7a12-4dae-a00d-ea6d3f27f8e4,c1,DROP,27,?,?,
1769719028.4741814,RECEIVED,7fb82c75-795c-4547-96cb-35f3e048d537,20edb152-6faf-46fe-ab40-1d19f0f789ac,c3,c1,27,p1,?,surb={'id': '8160541b-d3da-43f8-9f24-70251ac2a157', 'route': ['p1', 'e9', 'i6', 'x2', 'p3', 'c3']}
1769719028.4779806,SENT,149e35b7-37b0-4a8c-b05a-886d5f281a02,24a3251e-9a84-40ee-803c-c6fc1ce278ef,c1,DROP,2025,?,p1,
1769719028.4780223,CREATED,d24b163a-4d28-4f7a-8ce5-da24793fd88c,11f3296c-154b-4d31-b013-e7af7b33c85a,c1,DROP,26,?,?,
1769719028.5277922,RECEIVED,3a65b080-58e2-488a-be6c-b4e47e37175c,2b9cdfc8-7154-4f25-853f-4356c1dc4c93,c3,c1,27,p1,?,surb={'id': '22e1f697-d854-4fe9-b470-b4c4aab42902', 'route': ['p1', 'e7', 'i3', 'x4', 'p3', 'c3']}
1769719028.5569093,RECEIVED,9e2a7714-d43a-43be-b25b-950cbe50014d,86ede68e-64e9-4bf7-abfe-50ec3722e473,c5,c1,27,p1,?,surb={'id': 'ffc04774-74de-40ac-add1-98af7e3b4b4c', 'route': ['p1', 'e9', 'i5', 'x11', 'p2', 'c5']}
1769719028.579361,RECEIVED,ec93081e-6001-4ccd-be42-f636c4d7a9f4,9a145db0-15e6-4ec0-a247-98822c524a0e,c3,c1,27,p1,?,surb={'id': 'db15f0e1-22e9-4a94-8383-31c78df60bc0', 'route': ['p1', 'e2', 'i2', 'x8', 'p3', 'c3']}
1769719028.6342297,RECEIVED,3f40a130-6d9a-4624-bcb8-0ad9acc6c8e1,034f92d0-a31f-44e3-a2a7-9eff4bba2af8,c3,c1,27,p1,?,surb={'id': 'ace540e4-50eb-4d1b-9cd5-17fe663aef34', 'route': ['p1', 'e9', 'i9', 'x6', 'p3', 'c3']}
1769719028.6884744,SENT,6423a97a-6f6e-4fd7-a608-19109f94a322,eed47ad7-ad3d-4918-b489-b5405f96af0a,c1,c5,3384,?,p1,
1769719028.688524,CREATED,800081ac-e548-4a4d-a965-1b78db918566,0e439cfb-0520-4e50-8270-33237e0843c9,c1,c5,27,?,?,surb={'id': '228432b3-ff04-4e25-a376-389622e702ba', 'route': ['p2', 'e3', 'i2', 'x11', 'p1', 'c1']}
1769719028.703788,SENT,4ec4ee5a-cdd8-4abb-9ce4-e97c8b641f18,ebcf1a83-d01d-419e-9cd4-3941e555e156,c1,DROP,2036,?,p1,
1769719028.7038288,CREATED,adb7daa5-14e4-4e01-8f50-874e5815d68d,adb666bd-8389-4de7-82f3-fba0c15c7576,c1,DROP,27,?,?,
1769719028.710231,SENT,48a01e4d-c163-49c9-8a1a-f31f5ce13a9b,2f37e3af-d7d9-4b0f-823e-7f9554b4673a,c1,DROP,2015,?,p1,
1769719028.7102728,CREATED,4ee78242-3c5d-4a89-ab9e-b3188feda15c,93f83cf4-7298-49da-8a26-0f44b971c0ef,c1,DROP,27,?,?,
1769719028.7189481,RECEIVED,331259ad-31c1-4e2d-8a66-7258178411cc,b92ea934-b7d2-47c7-9761-bc83f1c68377,c5,c1,27,p1,?,surb={'id': '61f10800-4db8-44e3-bc2b-cfbdd252a2fe', 'route': ['p1', 'e9', 'i4', 'x11', 'p2', 'c5']}
1769719028.7317786,RECEIVED,3eaeccbf-b1a9-4d0f-ab59-722348e7cb22,9aa16de5-428e-4d8b-a26e-8bce5488e93a,c5,c1,27,p1,?,surb={'id': 'bdabb687-bcb4-4c15-8b7c-72c7d30c6122', 'route': ['p1', 'e1', 'i1', 'x8', 'p2', 'c5']}
1769719028.740339,SENT,9bb74570-417f-4ee9-b749-8961aa01b09c,765e8261-97d0-4107-b804-09d9611b47c2,c1,DROP,2016,?,p1,
1769719028.7403827,CREATED,cc54d222-a6e0-4384-b574-b46d115394a4,d2150053-2fd0-4cf0-b8ed-95ad8dda9b99,c1,DROP,27,?,?,
1769719028.8062017,SENT,a425b8ab-1fdc-4fb2-a072-7cecfc609992,7bf49392-a539-4e8b-8b10-f8440d4d5dee,c1,DROP,2017,?,p1,
1769719028.8062418,CREATED,51f19bd7-4feb-4861-92e5-7298302a090f,de0e8565-5fd5-4527-9a40-13e9fd834533,c1,DROP,27,?,?,
1769719028.8360095,RECEIVED,ce789504-6182-4e19-99d2-b7524c7e676d,8467c5bb-006e-4ff2-8964-8b3d70ae2f91,c2,c1,27,p1,?,surb={'id': '8f3c6ee2-c16d-46d2-bc15-a6cc8cc167bd', 'route': ['p1', 'e10', 'i6', 'x12', 'p2', 'c2']}
1769719028.8401432,RECEIVED,dc4114a5-6500-4b8b-ab9e-9f1d74a671a6,577340d5-eb91-4796-b13c-580d8228292d,c2,c1,27,p1,?,surb={'id': '5769cd14-cb02-4508-b92a-0e87194f114e', 'route': ['p1', 'e8', 'i6', 'x9', 'p2', 'c2']}
1769719028.9645607,SENT,d87a1be1-5c5a-451f-bcf5-a2c5e8afee63,03fa07a2-c857-42ae-8396-698ead55a667,c1,DROP,2015,?,p1,
1769719028.9646003,CREATED,a2731f6a-3b74-457d-b6ba-f6a42c5cd7f3,8be82a42-affc-4bb1-923f-3d48782e5e80,c1,DROP,26,?,?,
1769719028.9870045,RECEIVED,9602d7fe-a96f-407d-90ad-4bcaaa5a4b3e,fcca5734-be5b-4398-b14e-88b88fce07a9,c2,c1,27,p1,?,surb={'id': '8d0e4bdf-2fb4-4edc-900a-91a3e3e92016', 'route': ['p1', 'e6', 'i11', 'x5', 'p2', 'c2']}
1769719029.0182037,SENT,bb721893-00d7-4b5c-aaaa-bb07ae0e7b37,2c295900-7a93-44e0-81e7-b8aac1483e3e,c1,DROP,2016,?,p1,
1769719029.0182443,CREATED,2ee6ffa8-2e3a-4e8e-bb94-a53bf2357194,1731241c-ba4d-41e8-9d81-e3fa5e359bd3,c1,DROP,27,?,?,
1769719029.0232697,RECEIVED,8a73af47-9e91-4d97-857f-709a40b26ff1,862df8cb-cb66-4c97-8c43-e125b3997b2b,c3,c1,26,p1,?,surb={'id': '30235675-65bd-4de3-bdc8-5ff223ba80b9', 'route': ['p1', 'e8', 'i1', 'x8', 'p3', 'c3']}
1769719029.0420988,RECEIVED,f7663d44-4abe-44b1-8021-10ca5508a910,80414c58-1a49-492a-a35b-507cce8fe6ab,c3,c1,27,p1,?,surb={'id': '8b504892-aa94-4e6e-82ee-a24ea5e5050d', 'route': ['p1', 'e1', 'i9', 'x8', 'p3', 'c3']}
1769719029.169439,RECEIVED,367f7d9e-7292-4434-a1e5-c5684f05d621,99d5dbdb-9db7-4c14-8eb1-204af63aecff,c5,c1,27,p1,?,surb={'id': 'e98f496e-8162-44e9-9d8c-8c851122188c', 'route': ['p1', 'e4', 'i5', 'x3', 'p2', 'c5']}
1769719029.1712337,RECEIVED,33e40d76-6a30-4c2b-ae2f-f8b39c0f6528,c2ba802a-e354-4844-a288-d5edd050648f,c2,c1,26,p1,?,surb={'id': 'fcc86c8a-22a3-4094-8ccb-1747e5898705', 'route': ['p1', 'e7', 'i12', 'x3', 'p2', 'c2']}
1769719029.1787193,RECEIVED,6f14d5ca-dd83-4263-b140-d7e026e4f3b8,5c24028e-fedf-40ce-acb8-fcecd0536539,c2,c1,25,p1,?,surb={'id': '3145dd0f-535e-4ba7-9579-5f7be8233d71', 'route': ['p1', 'e4', 'i10', 'x10', 'p2', 'c2']}
1769719029.1967125,RECEIVED,a9ece8f1-9e06-498e-8ef7-2ed31aabbe56,43408613-bb5b-4de1-817f-bd8d624217b7,c5,c1,27,p1,?,surb={'id': '46bf49cb-16e6-46f6-8011-b44ec373b9fa', 'route': ['p1', 'e7', 'i2', 'x4', 'p2', 'c5']}
1769719029.2429483,SENT,9801d078-1146-42b2-9aaf-7f5822c8bf04,688a9417-46c2-4ce8-8f66-2e861bd3f462,c1,c5,3385,?,p1,
1769719029.2429953,CREATED,716139de-de3b-450b-b6bc-45f24726524c,c16bcd12-583d-48a3-a883-080967be5293,c1,c5,26,?,?,surb={'id': 'dac86bb8-4ce1-4c99-83c2-df57ed05fc1a', 'route': ['p2', 'e2', 'i12', 'x2', 'p1', 'c1']}
1769719029.259353,RECEIVED,06f60168-553e-4525-a406-26c365f85ec2,2af9d9b1-6343-4fac-a803-5375b4072573,c2,c1,27,p1,?,surb={'id': 'ddf45bb3-21bd-4693-8e03-9efbf95b49e6', 'route': ['p1', 'e12', 'i8', 'x10', 'p2', 'c2']}
1769719029.2617729,SENT,f1b07459-beac-4a10-befc-6dcf9181b130,ab6acd07-4bd7-4fbe-80b7-3c772d16b621,c1,DROP,2023,?,p1,
1769719029.261812,CREATED,1dfdf125-a473-498c-820a-0fcbdf0a1b1e,2d303a25-27db-4cb4-bef1-47073b54e98c,c1,DROP,27,?,?,
1769719029.3278372,RECEIVED,5d407d3c-282c-4f59-9929-1c92daf05ac4,6fe13682-9290-46c3-8d9f-e596490815f0,c5,c1,27,p1,?,surb={'id': '8c3c8922-bd7c-411c-877b-126a63861a56', 'route': ['p1', 'e4', 'i5', 'x6', 'p2', 'c5']}
1769719029.3340614,SENT,c3ec77e6-4901-44f6-aeb3-4dc1c27cee61,2844fb1c-d61d-40c4-ba04-5f382f02f324,c1,DROP,2031,?,p1,
1769719029.334099,CREATED,343dc8c3-84c9-4a1a-a9ab-f58a970c4c26,70fe4d15-ecea-485a-a676-fce981844372,c1,DROP,26,?,?,
1769719029.3812838,SENT,1bea8c8e-a092-42c5-a764-3744b2a4d0a1,1445ebef-06b1-4fc5-8843-d4509afc4aed,c1,DROP,2032,?,p1,
1769719029.381323,CREATED,3ad3650f-fbfe-4d85-ac6e-edf2d2957393,c0623f2d-491c-4d4c-94a3-ca5844474cbb,c1,DROP,27,?,?,
1769719029.447961,SENT,4cb40762-db12-4ffd-bb52-6178a8fe5d9c,ab14d48d-6b18-4004-9ab3-5a15d7e47df8,c1,DROP,2004,?,p1,
1769719029.4480014,CREATED,1e97471f-915f-467e-856f-dcc3d593b94d,b6586969-7831-4d78-a3bb-e0a14205f967,c1,DROP,27,?,?,
1769719029.5091627,SENT,f8d5e33a-19a0-46f6-bdac-197c6e63eb12,e34af3d0-56e7-4e39-bdfd-249adb524b84,c1,DROP,2030,?,p1,
1769719029.5092027,CREATED,48d25a3a-c5d9-4bad-af77-9e898033ad0c,b9924e3b-96cd-476f-8774-e6266a54e260,c1,DROP,27,?,?,
1769719029.5244236,SENT,4b12b104-e5d9-48f1-80fc-d4ab1e229978,ace2db0f-b4b8-4e13-8849-7b04cde45503,c1,DROP,2016,?,p1,
1769719029.5244632,CREATED,827fb64e-ca76-44b7-9994-9685fc46842e,cbb3d378-9656-4038-af55-0d94c8611db8,c1,DROP,26,?,?,
1769719029.540849,SENT,512e38e8-951f-4d5a-9a21-f3b83554bc38,031e5915-5edc-43fb-bba6-6c17a20c510f,c1,DROP,2015,?,p1,
1769719029.5408883,CREATED,bdd2cfef-506a-48d9-8c9a-a8abb93ca11f,ada1ddbe-3939-43ee-b617-577e41d11f9e,c1,DROP,27,?,?,
1769719029.5513594,RECEIVED,1b85ddc0-fb27-4c0f-a286-5209e4b8f6ae,219a1a5d-5201-4186-9614-1a5c14e7cb50,c2,c1,27,p1,?,surb={'id': '7f0c91b9-8c31-4ba8-9aa4-1a8247e2ba17', 'route': ['p1', 'e1', 'i2', 'x12', 'p2', 'c2']}
1769719029.5592444,RECEIVED,123f4014-6187-4834-b153-678f84f6b2fc,35bb9348-d61b-444c-931e-ffa91a4cde33,c5,c1,27,p1,?,surb={'id': '58c47d76-376f-4173-929e-d48ea7c108ab', 'route': ['p1', 'e1', 'i11', 'x1', 'p2', 'c5']}
1769719029.5987372,SENT,7863466d-914c-4431-a7d1-ea5a1ea39792,f2fc2cc9-45d5-4eb9-a111-7fc180ad85a2,c1,DROP,2016,?,p1,
1769719029.5987787,CREATED,fbe989ec-a77c-496a-803e-cb1521d3e146,cb41b147-3df7-4b04-8d3f-a69d2c502c5f,c1,DROP,27,?,?,
1769719029.6840425,SENT,aa77c0fc-ea96-4b58-a19e-2cda218fee5a,55676ef5-e268-4977-997b-e94303198c23,c1,c5,3375,?,p1,
1769719029.68409,CREATED,ad213f40-069c-4e57-96ba-486eaac3b6b4,59439e51-3e8f-45a3-a302-7bd944bdd0dd,c1,c5,27,?,?,surb={'id': '4fb369d1-b7b0-4e5c-8f6a-2968359e7c3c', 'route': ['p2', 'e2', 'i6', 'x1', 'p1', 'c1']}
1769719029.6902258,SENT,60837b98-58c4-4719-a3c2-490239be04b3,48a01ea1-107e-4581-8f06-744482cb8e16,c1,DROP,2020,?,p1,
1769719029.6902657,CREATED,eef18459-71f7-4af7-a5fc-c4157cc5b164,01dbf074-5e08-4943-850b-dc791c5203da,c1,DROP,26,?,?,
1769719029.8156354,SENT,765fab38-8b5f-4196-8b9d-a758413dbe25,a4609391-eebc-4451-93e0-2dfdc673589e,c1,DROP,2016,?,p1,
1769719029.8156703,CREATED,a3523467-bdef-4ac5-9890-b0444643797b,76285009-2b14-4e78-9006-1cc613ee903a,c1,DROP,27,?,?,
1769719029.9280071,RECEIVED,72573a8a-9b33-4a94-8e28-59a5180ae269,6f64ee33-4b84-431b-9414-38963d175a59,c5,c1,27,p1,?,surb={'id': '56b93908-c02d-4302-9b9b-722aa2dd9e92', 'route': ['p1', 'e11', 'i9', 'x12', 'p2', 'c5']}
1769719029.993829,RECEIVED,158d974d-6ea3-439f-9c12-1625f7308620,044ded36-76dd-4eb4-b2f8-3a87e9063182,c5,c1,27,p1,?,surb={'id': '02608f24-57cb-4a0e-9f91-035f5865dbb5', 'route': ['p1', 'e6', 'i4', 'x2', 'p2', 'c5']}
1769719029.9976285,SENT,fa4ee412-5088-4a56-9127-0d174201a229,4da1390b-e2d1-4abc-951d-9d223d1f3ce3,c1,DROP,2032,?,p1,
1769719029.99767,CREATED,b70d3db4-d395-4c2e-865f-8b264a72e07f,045b2599-6cec-4c9d-a74b-a06e35b0f660,c1,DROP,27,?,?,
1769719030.0886698,SENT,cd7a9f10-e50d-4687-be25-a85914abbfd5,3760a4c7-d4e6-409f-a4db-2ddaee0606ce,c1,DROP,2016,?,p1,
1769719030.08875,CREATED,0d8f4628-ac8c-438c-9f8d-ed6540d0740b,7c960ffc-99e2-464a-ad93-54752eb08008,c1,DROP,27,?,?,
1769719030.089907,RECEIVED,de6a1f8d-d2f6-4620-b4fa-3956a2894944,315121a3-e697-4f61-8710-1a039cce51c3,c2,c1,26,p1,?,surb={'id': '2a688b5f-7e57-4755-977a-d0586b878069', 'route': ['p1', 'e8', 'i1', 'x12', 'p2', 'c2']}
1769719030.113157,RECEIVED,1940c04b-822c-4dce-ba39-aedf20fe9153,0860be99-8321-4ce1-aef6-527261f48ebf,c2,c1,27,p1,?,surb={'id': '8a265adf-c87d-400d-bad6-9e40be2ed182', 'route': ['p1', 'e5', 'i6', 'x4', 'p2', 'c2']}
1769719030.1369772,SENT,b8729c05-a5e5-4271-8193-dfe84138ae08,fc4e030b-682f-4ca8-9ecb-355f5d3b664a,c1,c5,3392,?,p1,
1769719030.137025,CREATED,43910cec-0aac-4a37-babe-9a6eb1b53b05,d8d462d3-a76f-43b7-acc9-8bf0144ae29a,c1,c5,27,?,?,surb={'id': 'ededd679-cf7e-411c-b2dc-2346f5986941', 'route': ['p2', 'e5', 'i4', 'x5', 'p1', 'c1']}
1769719030.1613934,RECEIVED,c77e300e-cfaa-43a3-9c35-ae36e3602d04,58549c9a-3871-4ab4-8479-61bf803d0495,c3,c1,27,p1,?,surb={'id': '3d1e851e-a451-458e-99f8-e7952171e874', 'route': ['p1', 'e8', 'i7', 'x9', 'p3', 'c3']}
1769719030.3082058,RECEIVED,16ee339f-c1e1-40ba-9508-230d13db410f,be084127-0c15-438c-8c74-7cebbfe379b9,c5,c1,27,p1,?,surb={'id': '059fcdc0-ebdc-4443-92f4-73b65deffb59', 'route': ['p1', 'e1', 'i3', 'x12', 'p2', 'c5']}
1769719030.3296592,SENT,5418d976-9381-4e86-9145-fc60430cffdf,2667fd60-c7c6-4d24-b558-6c5fd4238a30,c1,c5,3367,?,p1,
1769719030.3297057,CREATED,b7380562-b253-40ce-a5fa-e82e26ff5635,9bf1bd4f-b451-4564-959b-126f05bdbac7,c1,c5,27,?,?,surb={'id': 'f031ac76-d5be-4408-94b4-514bed830b40', 'route': ['p2', 'e1', 'i8', 'x12', 'p1', 'c1']}
1769719030.3717725,RECEIVED,ffabaf82-cd03-4fdb-bf2f-ca2a82f42230,17f46629-ef1b-40d0-8806-f5eb84af2865,c3,c1,26,p1,?,surb={'id': '6f038e26-f28d-4414-87b3-ae683f1129a5', 'route': ['p1', 'e9', 'i7', 'x7', 'p3', 'c3']}
1769719030.4297123,SENT,fbd0dad4-f957-41e0-b78d-fdf0fa04efd1,82a541f6-8ff4-4dfe-aeff-2b063a7e4c13,c1,c5,3396,?,p1,
1769719030.4297597,CREATED,d6ac7ca1-51c0-426e-a2d7-12994477d52a,84580ebe-ac42-4401-bc4d-f48aa258597a,c1,c5,27,?,?,surb={'id': 'fc528ca5-1587-4403-a231-02b7fa54e20c', 'route': ['p2', 'e10', 'i4', 'x5', 'p1', 'c1']}
1769719030.44884,SENT,2cd51d1e-296b-431c-99dc-362c56903412,e6ba9fc5-8d50-439c-bd6d-464fa7872396,c1,DROP,2029,?,p1,
1769719030.4488804,CREATED,ca2a65f9-fcaa-4738-97d6-c267f599e3a3,279d38cb-26ed-4a2c-bb65-ec2f4d8b3401,c1,DROP,27,?,?,
1769719030.606977,RECEIVED,191b3d1b-ecc5-4dd5-a639-b6daea043f46,1c8dc007-7c7b-4a93-8434-9543f2efa01a,c2,c1,27,p1,?,surb={'id': '762e44a3-a999-4021-8de7-9ef698713bdd', 'route': ['p1', 'e10', 'i11', 'x8', 'p2', 'c2']}
1769719030.7100723,SENT,bfc52f57-f267-4f93-a8e4-2be08c66e782,03be1be6-e566-416a-9fa7-b0ff3c82cf9e,c1,c5,3364,?,p1,
1769719030.7101285,CREATED,00c96fc1-da05-4e30-8803-b6f6a3ab963a,02737c9f-155e-473b-86bc-d212732853c2,c1,c5,26,?,?,surb={'id': 'c64758b0-5ad6-4e3a-b688-cac876a9a8ec', 'route': ['p2', 'e5', 'i8', 'x1', 'p1', 'c1']}
1769719030.7261972,SENT,95376f6f-1bf1-4a49-88be-c8e52df61816,39c9c4fe-1cbe-4f32-b003-ce39e5b83cca,c1,c5,3393,?,p1,
1769719030.7262473,CREATED,fc0978ed-5fca-4662-bfe2-fc835c24f877,1acd171f-c000-4384-abfc-b55ac305c797,c1,c5,27,?,?,surb={'id': '2f916111-74ce-4652-83e0-2f7eb8f2b706', 'route': ['p2', 'e11', 'i3', 'x10', 'p1', 'c1']}
1769719030.8383114,SENT,0a0a594c-5e3f-4414-9f9e-c14aa81014bd,fe08c59e-37bd-4a4e-8a7a-f8cee9754745,c1,DROP,2035,?,p1,
1769719030.8383517,CREATED,75af3217-fe4c-47fc-9035-8c4886b35c45,0675b578-533a-4c52-8060-f66414769aab,c1,DROP,27,?,?,
1769719030.863607,RECEIVED,c02b3acc-c0eb-4342-8e18-ef3017336c56,cff88db1-03c9-4c29-a74f-f692dbe290ca,c3,c1,27,p1,?,surb={'id': '6ffdb425-be53-4fac-ba19-d7cd2e842543', 'route': ['p1', 'e12', 'i10', 'x7', 'p3', 'c3']}
1769719030.9205482,SENT,464bb64b-f66e-4307-8b26-0664313fc732,2a63df70-9fdd-4e48-93b4-eb29b3a016c0,c1,DROP,2033,?,p1,
1769719030.9205892,CREATED,8af5fc1d-6a16-4611-a6e7-b3c8308ce28d,6cd295d5-6b52-4842-a008-48c82d8b159f,c1,DROP,25,?,?,
1769719030.975212,SENT,c5c92a92-9a43-41d3-ace8-fdd1f73b18ec,020643c4-e6ac-46d3-b411-2671eadb8375,c1,DROP,2015,?,p1,
1769719030.9752488,CREATED,04689f44-b7e6-4ff8-b67b-2512d1a23a53,235223a0-971a-40ab-8c91-3a918ff8b737,c1,DROP,27,?,?,
1769719031.0651524,SENT,fa35a28a-7efb-42a5-9390-6d1c58ec290b,ac02f9b8-90c5-4c87-9f43-caad56cafec7,c1,DROP,2023,?,p1,
1769719031.0651925,CREATED,4e20f36c-835d-4594-9ed0-a9780acf01b7,f7ab9362-a11a-4a8d-9732-bbea6b8d92eb,c1,DROP,27,?,?,
1769719031.1544259,RECEIVED,b8fd8701-74ba-484d-9477-b22d84578e09,de6694ec-e55d-4570-bbd6-e5cdce49c421,c2,c1,27,p1,?,surb={'id': 'bbee64d0-bfab-41d1-b277-d2cb5ce72433', 'route': ['p1', 'e12', 'i3', 'x9', 'p2', 'c2']}
1769719031.2221694,RECEIVED,9d2f50fa-6c84-4408-be4f-e0d288f9f603,bcfeadb7-bb0f-43f2-9abf-6ae7e768b300,c5,c1,26,p1,?,surb={'id': '2ff9bc3e-6c04-42bc-b772-09c5900600c8', 'route': ['p1', 'e3', 'i6', 'x9', 'p2', 'c5']}
1769719031.2587159,SENT,d1d2de91-4960-4b9c-a49d-ba9e7ed46c49,7f83767b-e8a6-4611-8f65-67806262e423,c1,c5,3384,?,p1,
1769719031.2587612,CREATED,b0285a78-91d7-48f9-a897-fb2fb72c1731,0194c56d-87a7-4381-8a75-d0a818665d96,c1,c5,27,?,?,surb={'id': '7903bb3d-1557-49a7-90a4-58bac992198d', 'route': ['p2', 'e7', 'i3', 'x1', 'p1', 'c1']}
1769719031.2844257,SENT,53f2b0ae-a445-47e2-950a-0315406eaf9b,510d1d7e-adf5-4d35-8e90-b55771df0aa5,c1,DROP,2018,?,p1,
1769719031.2844667,CREATED,06ff7483-1458-4c84-9068-c4b5ebd07149,74c0b316-058d-4957-a4f5-4d223238e949,c1,DROP,27,?,?,
1769719031.3119917,SENT,19fc9f83-1614-4028-bdf2-72cd118f97d0,72520760-12e3-44e5-b747-6cf72678c125,c1,DROP,2023,?,p1,
1769719031.3120325,CREATED,ede64622-c419-4d2e-901b-8c30b6e473cd,7db200c7-8600-470c-8f02-a583335f82dd,c1,DROP,27,?,?,
1769719031.3685842,SENT,05613eb0-23de-426a-9756-c394b3256b75,e5f848c7-6e6a-4d57-878e-3eeda7c06a4e,c1,c5,3376,?,p1,
1769719031.3686302,CREATED,2e7823d6-e49f-4c32-9536-cbd4514d8e80,c08c92de-0323-4509-b57f-1ef8d19686ec,c1,c5,26,?,?,surb={'id': 'c810e320-2f61-40c6-8d2c-64551f190543', 'route': ['p2', 'e9', 'i5', 'x1', 'p1', 'c1']}
1769719031.3743095,SENT,40d7302c-6cd2-4ccc-9b27-a2dcc6485a72,018d1722-1a7c-41d3-b600-490b7c253335,c1,DROP,2019,?,p1,
1769719031.3743494,CREATED,563f8221-e2e5-4c9f-bb8f-dee8ba51f6cb,89371e34-72ca-41bb-80d2-cc68650eb617,c1,DROP,27,?,?,
1769719031.4543812,RECEIVED,df00f1d6-cc6b-476c-b03d-7599ba969195,70ec8dd4-6223-4041-9ce9-10083a004ebb,c3,c1,27,p1,?,surb={'id': '44b410fa-9711-4ceb-93b7-421c237c65cb', 'route': ['p1', 'e6', 'i9', 'x9', 'p3', 'c3']}
1769719031.523291,RECEIVED,c75c7840-1c61-4021-be69-ab96df4d128d,e48162fc-a83a-45cf-8d57-6c2b4eefbeb9,c5,c1,27,p1,?,surb={'id': '1cd22bdf-ad85-4ca3-bd69-2e05ea85ea6d', 'route': ['p1', 'e6', 'i7', 'x2', 'p2', 'c5']}
1769719031.5857468,RECEIVED,a91231ff-47d4-4a03-bf52-a9c18d01291b,e734a1a1-24f2-4268-be13-b7b1c2aeadf4,c3,c1,27,p1,?,surb={'id': '8b7adfec-2f26-427a-a7aa-0c99028711e5', 'route': ['p1', 'e2', 'i11', 'x10', 'p3', 'c3']}
1769719031.5935133,SENT,9a5d5196-8da4-4708-b175-f1d0b1b937fc,a5c2199a-ecc6-4e3d-8706-b722d3580104,c1,DROP,2027,?,p1,
1769719031.5935547,CREATED,6094c938-128d-4bbe-812c-2157d7be79b3,f24199a7-de4b-4edb-be64-328cd3f42358,c1,DROP,27,?,?,
1769719031.6597648,SENT,7b444dac-9e01-4306-aab6-955384ba82c7,dd782fbd-9bd7-4b1e-8dcc-58e1e0636410,c1,DROP,2016,?,p1,
1769719031.659806,CREATED,741aab2a-19c2-4513-aa75-90959a1513d5,d4c4f9ca-3b96-4e29-9dad-0e6aa5d6144e,c1,DROP,26,?,?,
1769719031.7021773,RECEIVED,80662946-7f2f-4c9b-87ca-1ae85e7452c7,d3db5aff-019c-4997-aea8-e2a75fe034eb,c5,c1,27,p1,?,surb={'id': 'f2174846-bfa4-423f-bb5d-f6ff6b1fca74', 'route': ['p1', 'e9', 'i4', 'x10', 'p2', 'c5']}
1769719031.7472095,SENT,eaddfde7-0174-47a5-8001-35bae5174571,4a451fd6-cab0-4be0-b62e-08d5968d26e7,c1,DROP,2007,?,p1,
1769719031.74725,CREATED,40f12eb3-c0c3-41f9-b975-3d2042a5e3d6,272509ca-38f3-4d86-93a7-4928787a0cc2,c1,DROP,26,?,?,
1769719031.7559218,SENT,cbd1f4e5-a474-464c-a369-ed0312d4554c,892865fc-7d7a-4fd9-96ed-e6ff8b50d5f7,c1,DROP,2019,?,p1,
1769719031.7559621,CREATED,3c012dfc-be6d-4c30-9a59-89f364b67d7e,a24a67ab-a945-4ab4-8837-382bb543c9f2,c1,DROP,27,?,?,
1769719031.7755384,SENT,f3c35532-7662-43b0-9382-54ae48ab3dec,deb6f6a5-4d68-4f89-b25e-e72dc6a6900a,c1,DROP,2019,?,p1,
1769719031.7755802,CREATED,92c6bd1b-830b-47f7-8937-a6133a7bb9bb,1858c0d6-b5fc-45b3-bd2b-0f56ab9265f5,c1,DROP,27,?,?,
1769719031.7865808,SENT,362efcae-0c29-4827-a412-23d350aa3f9b,5988b25f-6300-4151-ade1-05ccc2d753d9,c1,DROP,2037,?,p1,
1769719031.7866166,CREATED,3c200fee-7c0f-4ef6-840f-b01d20dd71db,d16c6978-a795-4665-a670-9412732d45bd,c1,DROP,27,?,?,
1769719031.7980888,SENT,3bb4019e-f370-4807-9b60-0c34b68731a3,0213d08d-5d56-49f4-af46-4ddf2639a277,c1,DROP,2016,?,p1,
1769719031.7982264,CREATED,4c46ecbe-9dee-4304-9a43-10d8bf2737d1,4198b07d-0bf3-49bd-91f7-b89a960c285a,c1,DROP,26,?,?,
1769719031.8056989,RECEIVED,7ddaeeb2-1584-4c86-83e1-564ef33aac54,23921a5d-8ab9-41e4-a52f-33fcc19540a1,c2,c1,27,p1,?,surb={'id': 'a5bff753-62ba-4e4f-807f-75c9bae58c01', 'route': ['p1', 'e9', 'i9', 'x10', 'p2', 'c2']}
1769719031.8569934,SENT,a8d68767-ce04-4224-ab53-fd538694ef66,4110e425-1974-4938-995f-d03c78df3db0,c1,c5,3384,?,p1,
1769719031.85705,CREATED,6dca00a4-f239-4149-a380-2f0846bcc21a,1227363d-e320-4de4-9dbc-7401a9779971,c1,c5,26,?,?,surb={'id': 'b52a62e6-3ec2-4fd2-910b-8925c8345c92', 'route': ['p2', 'e4', 'i12', 'x4', 'p1', 'c1']}
1769719031.913133,SENT,59f8d48d-cead-409d-b59c-24529cb489b9,733f018d-f8fa-4e0f-8f61-f03d94cea020,c1,c5,3391,?,p1,
1769719031.91318,CREATED,9e993950-f4de-4aee-b73b-f9f82b332e85,da39bd1b-4a88-4567-bbb2-1fd07550376a,c1,c5,27,?,?,surb={'id': '73332cc3-6fd8-47c8-81c5-d62c695d18d9', 'route': ['p2', 'e1', 'i10', 'x12', 'p1', 'c1']}
1769719031.9479516,RECEIVED,e204f1b3-b2c0-48b2-8a84-5cbc90403b84,49bb230a-c467-45c4-86ce-12d3728a852c,c2,c1,27,p1,?,surb={'id': '1e555359-8ace-453d-be5e-ae1df19050c3', 'route': ['p1', 'e12', 'i7', 'x5', 'p2', 'c2']}
1769719031.9666624,RECEIVED,c5f95cc5-9332-4323-aa6e-de1de746fa4d,b370a988-9967-4b9f-86a4-17d816f63b29,c3,c1,27,p1,?,surb={'id': '4e880d45-8bc7-4560-8005-02bd744afc6d', 'route': ['p1', 'e5', 'i1', 'x5', 'p3', 'c3']}
1769719032.0701063,SENT,d98c0380-68cf-4acb-832e-a81fde38102f,795d56ec-dfca-40be-832c-88a10139e47f,c1,c5,3370,?,p1,
1769719032.0701542,CREATED,60d08020-fb2d-4be5-be42-1a914e198e7f,1d119239-d9a8-4b65-a19f-a77fa962970f,c1,c5,26,?,?,surb={'id': '71542ca6-7588-46b0-9545-6a0f755d8954', 'route': ['p2', 'e12', 'i2', 'x12', 'p1', 'c1']}
1769719032.1026218,RECEIVED,31a6e032-296e-40bb-ac84-d32f8f155dea,8adc7429-581c-48d6-89c8-8684f64606ed,c3,c1,27,p1,?,surb={'id': '8180f140-1091-4653-b55e-8ccd883cfe59', 'route': ['p1', 'e12', 'i3', 'x10', 'p3', 'c3']}
1769719032.2685454,SENT,2e3c4463-5fba-45be-b440-d1d96a16e347,755a1ba9-1ec9-4b33-8f84-2ce379d49c2c,c1,DROP,2031,?,p1,
1769719032.268586,CREATED,a7e595af-53ce-4a58-a702-18b303782ed1,9cf204c9-9658-45c7-a5f6-1dd0e8f1994b,c1,DROP,27,?,?,
1769719032.283803,RECEIVED,4e1c0b72-fafb-4c2c-ae92-b3d9e35e1e7f,34fc2cbd-4c84-4f0e-b84a-f9ac4725dd69,c2,c1,27,p1,?,surb={'id': 'c521a63d-9c4a-4c5f-89aa-1a4a175b842a', 'route': ['p1', 'e8', 'i3', 'x8', 'p2', 'c2']}
1769719032.3209121,RECEIVED,95fd50dc-711c-4516-822f-095f68d37bc1,ebecfe65-3155-47b2-941a-e035d07a9414,c3,c1,27,p1,?,surb={'id': 'e74d3042-257f-4912-83b8-3870dbe04e7c', 'route': ['p1', 'e11', 'i4', 'x5', 'p3', 'c3']}
1769719032.3919716,RECEIVED,fa8a3f7c-62ec-4b77-a4a7-9d3d1dee123f,0557750c-5fab-482d-b588-d1f56ed4fcd2,c5,c1,27,p1,?,surb={'id': '97f2c2b1-9756-4be8-890d-3ec85052bc28', 'route': ['p1', 'e8', 'i5', 'x6', 'p2', 'c5']}
1769719032.4236493,SENT,3371e81c-1cfd-4826-83b3-334877d963b4,0ccedf60-0849-4da8-b7cb-9e1feb1831db,c1,c5,3378,?,p1,
1769719032.4236956,CREATED,c5ce546a-c920-477c-ae16-6e6b35825630,0c5a775d-7f92-42ec-a370-0d8b4e87aebc,c1,c5,27,?,?,surb={'id': '6d099934-89eb-40cb-9bad-93d693d1442d', 'route': ['p2', 'e8', 'i8', 'x5', 'p1', 'c1']}
1769719032.454417,RECEIVED,31fc47d9-0471-4cdf-96a0-145698880c5b,3ccb55ba-c04d-4168-9475-4d2c30543f1a,c2,c1,27,p1,?,surb={'id': 'e75c748e-9dee-4d43-818d-8a0e7cce055c', 'route': ['p1', 'e7', 'i1', 'x8', 'p2', 'c2']}
1769719032.4647121,RECEIVED,6d153271-5823-4470-b9b6-a01767a60e20,399b2d06-0478-42f3-8418-f51c26a91712,c5,c1,27,p1,?,surb={'id': 'f7bd2220-7627-43c2-a605-da2ce2196be6', 'route': ['p1', 'e6', 'i6', 'x7', 'p2', 'c5']}
1769719032.519177,RECEIVED,f3ea6e2c-a9a7-402f-83e1-bec7d4fc70e6,dc56d055-3721-4965-9442-270b41b9f8f6,c5,c1,25,p1,?,surb={'id': '24d238dd-8067-4537-9783-3b9433aab398', 'route': ['p1', 'e11', 'i6', 'x12', 'p2', 'c5']}
1769719032.677544,SENT,597b87fb-ad99-429a-a0a1-878896e57c41,b876cd4b-04bd-4da6-8f77-d71a6a354444,c1,c5,3391,?,p1,
1769719032.6775875,CREATED,e83d56f6-9b7c-4640-8e47-ae15cd93e3d7,0595815d-111b-4df6-aa59-751a7ea1abed,c1,c5,26,?,?,surb={'id': 'a9640622-3835-4d95-a028-831296d34942', 'route': ['p2', 'e2', 'i5', 'x10', 'p1', 'c1']}
1769719032.694261,RECEIVED,b24a3d71-5941-431e-8f6a-e51ea27fea4d,18b707cc-ef63-478f-83bf-a3191ca098a8,c2,c1,27,p1,?,surb={'id': '65bb733d-18c0-424a-b5da-082d6e5d32f6', 'route': ['p1', 'e3', 'i11', 'x4', 'p2', 'c2']}
1769719032.704065,SENT,a964acd5-1bb7-49fa-ab9b-9cf35f931957,5c5298eb-4b7a-438c-8d95-9c00d7407444,c1,DROP,2036,?,p1,
1769719032.7041066,CREATED,6500bc42-80cc-40eb-b995-9be7a46497c6,e29c7549-9eaf-451b-8bc8-0a453d199e76,c1,DROP,27,?,?,
1769719032.7448685,RECEIVED,18542280-74d6-4e3d-8c2b-3bb508e9f7a5,2010c2cb-af51-4626-8c90-aeac8d5cc142,c3,c1,25,p1,?,surb={'id': 'd360213f-40e1-420e-b942-1f92a70ebfaa', 'route': ['p1', 'e5', 'i11', 'x4', 'p3', 'c3']}
1769719032.7747746,SENT,df80bab0-d80f-4649-b3d1-2bfdb9b5d56c,e56a24ac-72fa-4fc1-a66f-43a13bdbb99d,c1,DROP,2015,?,p1,
1769719032.7748175,CREATED,f0b0b3bd-7204-4339-8d45-3c7afb9b665d,a0e31993-00bd-4007-a68e-6e21fdf75236,c1,DROP,25,?,?,
1769719032.7833126,RECEIVED,b6bc64e0-994d-48e5-bdc3-4ecc4a428881,d63123c0-aa50-4ef7-9518-f712436d9a69,c5,c1,27,p1,?,surb={'id': '5d2ccf3d-3e86-4508-b139-ddb62b66bd18', 'route': ['p1', 'e1', 'i7', 'x3', 'p2', 'c5']}
1769719032.8407927,RECEIVED,e563ede7-bbfa-41fb-b524-1d9b80776d08,9730e977-7136-4e54-829c-201f3286eacc,c2,c1,27,p1,?,surb={'id': '18ae12bd-d51a-47d7-b203-7b2d06bd1ae5', 'route': ['p1', 'e8', 'i5', 'x5', 'p2', 'c2']}
1769719032.8553808,RECEIVED,429ddea1-5e73-4a34-b6ab-7ff05c77bbfd,935542db-f4c6-497c-865f-7e0ed886a10f,c2,c1,27,p1,?,surb={'id': '9539cb0b-d36f-4e55-a9d7-9c49f84d566c', 'route': ['p1', 'e10', 'i11', 'x11', 'p2', 'c2']}
1769719032.9156835,RECEIVED,1c5081f8-536b-4034-b843-a133268571fb,de8a63a2-7eb0-49b3-b96e-95cd013e7e16,c5,c1,27,p1,?,surb={'id': 'cab7e6c9-db8a-4e36-86b2-022f2bb299fc', 'route': ['p1', 'e3', 'i3', 'x7', 'p2', 'c5']}
1769719033.0068593,RECEIVED,756ef7b2-1c1d-4980-bc85-b05a089c59a9,cb73ed00-3e2b-4988-8148-9fb5ca3afe6d,c2,c1,27,p1,?,surb={'id': 'ccb45fc9-7420-44d4-923c-4fa20085a3ba', 'route': ['p1', 'e7', 'i8', 'x4', 'p2', 'c2']}
1769719033.0077932,RECEIVED,dd7c40df-751a-4113-9752-54fc084cde75,623ae9aa-88a1-4945-9650-f547c43e9787,c2,c1,27,p1,?,surb={'id': '2530016c-e01a-4e30-a796-4be966f9e544', 'route': ['p1', 'e8', 'i6', 'x4', 'p2', 'c2']}
1769719033.0167441,RECEIVED,69cfbdb5-71da-44e7-8571-f6c24c154119,7bb81b77-c923-4c72-95ec-7775a5e1cd2e,c2,c1,27,p1,?,surb={'id': '80d32dd1-d2db-43e2-aad5-2a752163b2d5', 'route': ['p1', 'e2', 'i11', 'x3', 'p2', 'c2']}
1769719033.0533476,SENT,bc6a8c5a-a54c-40be-a351-dc6f314226f9,1bf6154b-c58d-4652-8523-00e955670636,c1,DROP,2016,?,p1,
1769719033.0533862,CREATED,43056533-c525-4b91-9f65-c5bf3ae60e31,eb33f0d1-2865-457d-b96e-bd5789e6c3c1,c1,DROP,27,?,?,
1769719033.1821117,SENT,6e01bd07-5857-4f15-a06f-29e3c73c6b7c,a883b2d8-a1d2-4536-bfb4-d1af11ef0709,c1,c5,3378,?,p1,
1769719033.1821587,CREATED,39ee26f4-7358-47ba-8aca-ccc45ca32d2b,4023c61a-48c9-4ef6-9413-4eb5cef8ae20,c1,c5,26,?,?,surb={'id': 'dabcf2ce-15c5-451f-bb63-18474479e0fb', 'route': ['p2', 'e10', 'i5', 'x4', 'p1', 'c1']}
1769719033.2051947,SENT,ba907940-a306-411c-8f78-e78270a54fc6,cf9e40b3-0f3b-4256-9802-aa149052d116,c1,DROP,2015,?,p1,
1769719033.2052343,CREATED,b72891b8-89cb-433f-ae74-ce8822852323,e3fb9925-da5b-4317-993b-9d91fbc139a5,c1,DROP,27,?,?,
1769719033.249422,SENT,07c94520-b047-4cc8-a9f8-c71dc9ff783e,5db72c04-964a-44c3-975f-baf3cfbdfa2d,c1,c5,3383,?,p1,
1769719033.2494683,CREATED,dacec54a-cc3a-4859-bf38-a341d4f77d9c,02f0ede2-f717-41a3-9e95-0621bbadf7da,c1,c5,27,?,?,surb={'id': '0fd61355-d338-48ad-a1bd-5885840a3908', 'route': ['p2', 'e2', 'i3', 'x4', 'p1', 'c1']}
1769719033.2682967,SENT,4dbdd957-b3e3-4b19-916b-71cd0da30360,6f3bd90e-688d-4bbb-b571-37015d926924,c1,DROP,2027,?,p1,
1769719033.2683384,CREATED,269e0735-bf21-4ca7-bb0a-ebd07acfee90,9a85e2ab-fbc2-4be8-9793-59478f59c4eb,c1,DROP,27,?,?,
1769719033.3027914,RECEIVED,cb453c10-523d-47a8-86ac-16094183a89c,537a04d9-6327-46bd-ac4c-c0b97fe9fcf1,c3,c1,27,p1,?,surb={'id': 'd46044a3-5fd3-41c1-a6e3-a2bf12df555f', 'route': ['p1', 'e4', 'i8', 'x6', 'p3', 'c3']}
1769719033.344376,SENT,27e85f18-c2ce-4c66-82d4-97109b17aed9,286e11b2-933c-4c1b-94fc-ce20525f3ef5,c1,DROP,2015,?,p1,
1769719033.3444173,CREATED,a7766785-3187-4ace-bdf5-c72dc9e0d104,e47679a4-ea03-4db3-b4b1-fbc3b1db3363,c1,DROP,26,?,?,
1769719033.3529623,SENT,3193fff3-a53b-45d9-a7aa-769313dbc821,cce5278e-5b0f-485e-b560-4741b6a7cdc8,c1,DROP,2016,?,p1,
1769719033.3530042,CREATED,83ecefd5-2e6a-4bde-b261-f6fdfad68066,2566be4d-ddaf-45db-9aec-acb74b047806,c1,DROP,27,?,?,
1769719033.4663367,SENT,6e4480df-01ff-4d61-9e41-50031253e727,e5a03a3b-a868-48de-a10b-87c8f5d2a028,c1,DROP,2031,?,p1,
1769719033.4663758,CREATED,6832d4ed-a8af-49b7-9557-cc7adadfa409,2986c00c-94fd-4932-90b8-03bd4670ad64,c1,DROP,27,?,?,
1769719033.5323174,RECEIVED,888a2ea6-1c95-4103-8569-704a1ac34589,be2bff1f-b3ea-4347-8699-3ba418cbcf8b,c5,c1,27,p1,?,surb={'id': 'e7929121-7978-47ed-a708-09a520eef447', 'route': ['p1', 'e12', 'i11', 'x4', 'p2', 'c5']}
1769719033.5672326,SENT,69efaf9e-a115-4758-8888-0512eb6b39a2,42daf425-3e02-49c1-b8ab-e6397f0ae21f,c1,DROP,2031,?,p1,
1769719033.567275,CREATED,b55d7005-5cfa-4bf8-b403-3a306100d035,890a42aa-b739-4b9e-a697-f0f0e6e75e11,c1,DROP,27,?,?,
1769719033.6385381,SENT,37820491-6bc7-4a62-b036-11f6dea4de76,be65f5f2-a25b-4a58-9ee7-3e388300e210,c1,DROP,2040,?,p1,
1769719033.6385725,CREATED,b5adb166-5202-4899-9f47-821cd5b8cf05,0d820e37-99f5-4116-b612-1aaabbdf4370,c1,DROP,27,?,?,
1769719033.7183375,RECEIVED,a8d55ce5-2989-4a41-ae85-8ab4cf5e801a,d77035a8-4f0e-4142-8b32-753444fd41b1,c3,c1,27,p1,?,surb={'id': '773723ad-24f3-474c-9988-863e2f544b26', 'route': ['p1', 'e2', 'i2', 'x10', 'p3', 'c3']}
1769719033.7245264,RECEIVED,eacd0c3d-6335-465b-8b3c-299d21a2a14a,400791cb-8d6d-492c-b0ee-1b5e1d1eb5b3,c5,c1,27,p1,?,surb={'id': 'b547ccc6-7d83-4d91-807c-a9ea98b71e7d', 'route': ['p1', 'e10', 'i8', 'x7', 'p2', 'c5']}
1769719033.7268524,SENT,0716bbaa-a96f-4ec3-b609-b3f9c167885d,6dc113dc-8ad7-479a-8e8b-c2325bf8f806,c1,DROP,2023,?,p1,
1769719033.7268908,CREATED,97d7f36a-f9e8-41c9-bc7f-d16d428ec9fb,f8f4a39a-2f06-4c43-af3a-1dc224a15415,c1,DROP,27,?,?,
1769719033.857076,RECEIVED,4a74ee75-347c-4c38-8e35-463b64f74a50,dbeea865-45ea-43bc-879e-ffa14e22f20d,c2,c1,27,p1,?,surb={'id': 'e38982f1-2abf-433f-b8a0-895daa02bdda', 'route': ['p1', 'e10', 'i6', 'x5', 'p2', 'c2']}
1769719033.8916843,SENT,28646b54-fbaa-4104-8c76-bfcc2aada1ba,9c65a117-2af9-4226-8382-6071cc02f0f3,c1,c5,3396,?,p1,
1769719033.8917315,CREATED,0aef6c53-3b42-4398-8d04-5627f55020c7,d9ce8d28-9519-4cb3-9875-8cb6dbd0ffbe,c1,c5,27,?,?,surb={'id': 'ed3576b5-d250-418a-92d8-7d0d35d4ed62', 'route': ['p2', 'e2', 'i1', 'x12', 'p1', 'c1']}
1769719033.9174323,SENT,585a7599-aa56-4010-bf43-f708833f5c2a,af1f0ff6-0b3f-483f-8411-e8e63da99adc,c1,DROP,2023,?,p1,
1769719033.9174736,CREATED,1a001e89-1541-43a9-827f-c8f19bfb577a,695cb7a8-650d-42dd-a9cc-46e78e512da5,c1,DROP,26,?,?,
1769719033.940878,SENT,93e1d60e-55ed-4d38-b20a-d0da0ae4977f,c41d11cf-baa2-4b1f-b2ec-e8aec25b7ef4,c1,DROP,2028,?,p1,
1769719033.9409182,CREATED,d9385fe9-7f8a-4012-b28e-e892474d0555,840a3acd-2d45-4fc7-b24a-37438f4dfa0f,c1,DROP,27,?,?,
1769719033.9645543,RECEIVED,14a327c4-d4e9-453e-aecb-448b9ecbf635,06f80674-45fc-47ca-aaa2-42f34d9986b6,c2,c1,27,p1,?,surb={'id': '794dcace-74f2-4833-a33b-d0bc3ba261cc', 'route': ['p1', 'e8', 'i8', 'x11', 'p2', 'c2']}
1769719033.9901924,SENT,e2782676-75c1-4751-803e-d4c1be4efb5a,cc7d3de5-d7f1-4dac-84f2-fdaa7c857151,c1,DROP,2019,?,p1,
1769719033.9902384,CREATED,a506b496-2b7a-4dc6-9db0-c158bf433b80,1a459618-97b9-43ee-91c0-a1252c4a4726,c1,DROP,27,?,?,
1769719034.0095797,SENT,dd459e15-7d3b-481c-b1ee-7d40830ec92d,358c69b4-cfc6-4572-a07b-f214b31553ba,c1,DROP,2032,?,p1,
1769719034.0096188,CREATED,550bd661-e10b-436e-a6fa-0721e5f45c8c,266e7068-c12d-4e9e-a6ea-a4807b20b7d6,c1,DROP,27,?,?,
1769719034.040403,SENT,3f7dd0f7-5094-4634-8a35-be21bf045454,0c6c134f-40bf-4944-b036-c760dbb543fd,c1,DROP,2044,?,p1,
1769719034.0404384,CREATED,d66f3b0b-8178-4dd8-a899-9e5f66a922de,06c2967a-478a-4598-b9e3-019e945b1591,c1,DROP,27,?,?,
1769719034.1074965,SENT,19ff8f52-e982-4a6d-a550-7d372da7c4a0,c10d624e-d1dc-4fd4-b1af-9d0d4bce1ab5,c1,c5,3376,?,p1,
1769719034.1075382,CREATED,1b9e818f-958e-4ab5-8feb-92da1bc4c00f,1ed36392-9528-4918-ab69-c9f3f07482db,c1,c5,27,?,?,surb={'id': 'dcd6045f-8a89-456a-b115-c287aa23d160', 'route': ['p2', 'e11', 'i5', 'x1', 'p1', 'c1']}
1769719034.115983,SENT,89ab4f36-3d43-48a3-80cd-f61c37519410,6593b1a8-f7f6-4612-9914-ad3bb1b977e1,c1,DROP,2016,?,p1,
1769719034.1160152,CREATED,071de717-d861-4465-8252-1fc5eb185d42,97a6c524-48da-4df9-bc2d-cd46efab9432,c1,DROP,26,?,?,
1769719034.2729468,RECEIVED,ae6763c3-3661-4321-8f0f-360581fc1e5b,698cb8be-5726-4013-850d-def4f74f15bb,c2,c1,26,p1,?,surb={'id': '33cef5b5-f930-443f-9e59-383a23dd1c88', 'route': ['p1', 'e12', 'i10', 'x2', 'p2', 'c2']}
1769719034.3008223,RECEIVED,c7b8998c-1c92-4d73-bc08-ba0aa61f845a,d9b9d3be-4525-43a2-b515-131b701d21e8,c2,c1,27,p1,?,surb={'id': '50553026-e983-4a7a-9246-998bcca8c9c8', 'route': ['p1', 'e6', 'i8', 'x3', 'p2', 'c2']}
1769719034.352412,SENT,74a98e7c-b266-4ebf-9b0d-3584e42f652c,56da59d3-949d-4379-84d8-360c99bb6746,c1,DROP,2016,?,p1,
1769719034.3524523,CREATED,433062cc-78d2-4f4f-9a9a-1369d1e4607e,c909e64b-402f-40dd-8a50-15f0dea5efb1,c1,DROP,26,?,?,
1769719034.3799376,RECEIVED,ca96c150-0d67-4028-a55d-cf2252858221,13c69901-32e3-4069-bb8b-fe8967d4365e,c5,c1,27,p1,?,surb={'id': '7c078257-da8a-440f-be93-18f73daf5a9d', 'route': ['p1', 'e12', 'i7', 'x3', 'p2', 'c5']}
1769719034.3998115,SENT,750f83a6-c209-4e37-9a61-9e3c7a99bc5b,c7bd09fc-3202-4f0a-ba11-3f9cf7d6ce8c,c1,DROP,2024,?,p1,
1769719034.3998485,CREATED,d32ae0b6-e206-42ab-a274-8de1ffa6ad4b,686413e9-04ea-4621-9438-bbc90c0e8a0b,c1,DROP,27,?,?,
1769719034.6674776,SENT,c4e96c11-529d-4827-a628-9f8811393ee8,e89e071d-4cf4-41ab-8acf-cfb516ebcd9e,c1,DROP,2043,?,p1,
1769719034.6675196,CREATED,2bc5eb33-ae17-4a18-b740-11ff2e2daf96,a67e1543-17c0-4c16-ae73-ae7048829285,c1,DROP,27,?,?,
1769719034.6858609,SENT,ba929170-c88e-4351-a35d-8aab433258ac,aed2e2a3-191d-40b8-91ca-5c6df1ac9836,c1,DROP,2025,?,p1,
1769719034.685902,CREATED,8e9456e1-ccc0-46e2-833e-c2d08c198866,4d941770-4297-41ce-a2b9-b50c50235277,c1,DROP,26,?,?,
1769719034.7843843,RECEIVED,ad9c5bb4-dc1f-47bd-9ec2-73ffaa40430d,2fc81164-af97-423d-9563-d6542f2f2993,c3,c1,26,p1,?,surb={'id': '01ef5bc3-6997-4276-8147-b461488e7905', 'route': ['p1', 'e3', 'i7', 'x4', 'p3', 'c3']}
1769719034.7853496,SENT,1447767e-c440-4bb5-9f14-2c4e5dc2a72d,1e029fe6-cc91-4e32-87c0-354694306ce2,c1,c5,3363,?,p1,
1769719034.7853951,CREATED,9f7ed62d-eba6-4062-9be0-272a91b4f284,5461d641-4fee-4ac8-a275-ee51571919d6,c1,c5,26,?,?,surb={'id': '1494e1d8-7562-482e-aba2-216c0ffa2b84', 'route': ['p2', 'e9', 'i9', 'x8', 'p1', 'c1']}
1769719034.8819132,SENT,14620ad5-4fa4-45d3-9514-19876aea8a67,0e010a9f-45f3-41d4-9a65-06bd052e891d,c1,DROP,2022,?,p1,
1769719034.8826497,CREATED,4f592fc5-410f-4ecf-89cc-71edf9ce94eb,148b0ec7-f602-404f-911b-760902056e20,c1,DROP,27,?,?,
1769719034.9321601,SENT,d738d824-f8d2-4510-b7fe-24b46e551788,eb57bcfc-230e-4730-b197-419929a73f31,c1,DROP,2044,?,p1,
1769719034.9322011,CREATED,34a51f6e-46e6-4a00-abf2-752f45bf176d,641b50bd-7649-43a4-afe5-971683db3081,c1,DROP,27,?,?,
1769719034.9459288,RECEIVED,348d745a-f75f-4678-aa71-a96935d1c7f3,08ee8cf7-2e41-4f15-b4db-5ae3217aa4a1,c2,c1,27,p1,?,surb={'id': 'ff8eb079-3c5c-463f-9ea3-86bddbf1b5c9', 'route': ['p1', 'e7', 'i12', 'x8', 'p2', 'c2']}
1769719035.0583014,RECEIVED,1f008346-424e-48ea-8d07-ef5128b81d56,c5fc378d-5920-4eb3-8e40-ec0174eb5926,c2,c1,27,p1,?,surb={'id': 'b0c9399e-c3e1-4ec0-837a-f5d8650365b1', 'route': ['p1', 'e3', 'i11', 'x4', 'p2', 'c2']}
1769719035.1404405,SENT,7d46de73-7339-47b3-a0f3-d94a51f48954,3c578a1a-21b7-43d1-a1d7-f466b5833aaf,c1,DROP,2021,?,p1,
1769719035.1404822,CREATED,467168d6-d429-4af9-a2a9-0002a3429cd0,bb6c3386-86fe-4253-b3f0-d864aac12bec,c1,DROP,27,?,?,
1769719035.1645596,RECEIVED,775d6083-24de-4b8d-83fc-b97dd8f335fc,874c196c-d4b0-4850-82b2-1c7cc040b1a3,c5,c1,27,p1,?,surb={'id': '90664cc2-2596-4688-b238-3487ff4aa753', 'route': ['p1', 'e3', 'i5', 'x12', 'p2', 'c5']}
1769719035.1780217,SENT,0d23bd95-cc43-4a05-86cd-a02d11c0aa35,5a560cd0-0561-4747-a053-7952f8f43034,c1,DROP,2020,?,p1,
1769719035.1780748,CREATED,376008f9-c377-4d15-9619-413ea5a88390,0cafb057-d4c5-46ef-ac83-72dc7e37a63a,c1,DROP,27,?,?,
1769719035.2621305,SENT,4e150d99-57ff-4222-8970-f8ca3d071a5a,ef380a27-97b8-4be4-8a94-b683ba1d2d62,c1,DROP,2011,?,p1,
1769719035.2621703,CREATED,9eaef317-1783-47bf-8ab1-9879a079f08c,b2a12c42-8eb3-4bfa-befd-da3a128b8bde,c1,DROP,27,?,?,
1769719035.2806044,RECEIVED,a0bbdc34-e178-448f-8bca-de8bf443adcf,0b53e5f3-17db-4752-95b8-7ea81b36bf37,c5,c1,27,p1,?,surb={'id': 'e87a8c7b-51ba-4235-bde8-4883e28c8a4e', 'route': ['p1', 'e12', 'i1', 'x3', 'p2', 'c5']}
1769719035.3206694,SENT,3e038fea-dbd4-4a17-8dca-c5402e44c1ce,204d5f65-bc5d-4969-8e65-8909b3a950df,c1,DROP,2031,?,p1,
1769719035.3207128,CREATED,4ebfdf2b-7339-4ef8-b98c-95c7a6feb4e1,c8f1578a-7ff6-41d1-a739-5a6a8503127a,c1,DROP,26,?,?,
1769719035.413896,RECEIVED,4f0c9948-63a3-4d6a-a05b-ca5821f6eedd,101c4979-9b90-4c97-8d9a-0cb5bf92bddb,c5,c1,26,p1,?,surb={'id': '35912bd8-17c4-4a7d-905a-cc7eec1dc7eb', 'route': ['p1', 'e2', 'i4', 'x1', 'p2', 'c5']}
1769719035.4391615,SENT,cf4bcf46-1975-4445-861c-591e5bf3ce9b,a6a92b51-706f-4c63-b831-91b48a1fa22c,c1,c5,3395,?,p1,
1769719035.439803,CREATED,e522e4c3-8f36-4140-a7e5-58b219fad971,966134cd-0bf4-47df-a863-4894a74b320a,c1,c5,27,?,?,surb={'id': '4874f2ec-7b64-4c2b-b331-d3d3348d0072', 'route': ['p2', 'e12', 'i6', 'x10', 'p1', 'c1']}
1769719035.4881935,RECEIVED,221e959e-903b-4616-949c-d7804f05d09f,1123bf7a-65d9-4c14-99d6-b179cac906c2,c2,c1,26,p1,?,surb={'id': 'c208a93d-21b8-4b31-b17e-56b13565ab98', 'route': ['p1', 'e12', 'i10', 'x1', 'p2', 'c2']}
1769719035.5048926,RECEIVED,17e46f97-4040-4d22-8a43-5614fcbfba3c,f0a3e508-20f9-4914-85a8-19b573bea4db,c3,c1,26,p1,?,surb={'id': 'f7137598-2de8-4331-a935-263778cec26c', 'route': ['p1', 'e11', 'i10', 'x11', 'p3', 'c3']}
1769719035.5389507,RECEIVED,834c13c5-feb2-4116-97b0-658a8d6f1fd1,a06b0f23-3683-418d-8007-09f24bc359b7,c3,c1,27,p1,?,surb={'id': '3fef280e-d903-49c8-9c6b-62c53a6d7f93', 'route': ['p1', 'e1', 'i4', 'x3', 'p3', 'c3']}
1769719035.5648396,SENT,a17f85ac-9a69-47eb-977a-855acf0c43d1,91a70bec-8ef2-481b-b71f-d85150c4b0d4,c1,c5,3360,?,p1,
1769719035.564886,CREATED,c24a0540-5395-43ee-8ea9-af3111c6441c,73778298-03be-46f9-89ca-bb11c8e3de88,c1,c5,26,?,?,surb={'id': 'bbbcc78b-9ec6-45a0-b6e2-4afe8b0517cf', 'route': ['p2', 'e4', 'i6', 'x10', 'p1', 'c1']}
1769719035.5912333,SENT,09f9dbad-b02d-42b1-a88f-b136983a1abb,8d691de6-3a45-4925-892e-49e1975750c1,c1,DROP,2045,?,p1,
1769719035.5912735,CREATED,1e78ae4f-005a-4951-806e-74048f594740,504be5d1-0d73-447a-b521-f2f509eae737,c1,DROP,27,?,?,
1769719035.597283,SENT,fe8863c8-2de4-4b03-9032-c2828d33dde8,16522ac7-d0b4-42a8-bc96-6ba7ab8af923,c1,DROP,2015,?,p1,
1769719035.5973234,CREATED,444c1df4-d163-445b-81de-2f5e16d27feb,78f32af5-ade7-4d55-a8dd-2f254344d812,c1,DROP,27,?,?,
1769719035.8828475,RECEIVED,9f4c7630-d40f-43c1-885e-253ab70fa48f,c4b4c916-c480-448a-af6d-3a309d574b53,c2,c1,27,p1,?,surb={'id': '9130736d-fdf2-4348-9f55-0dc826d5e18e', 'route': ['p1', 'e3', 'i2', 'x8', 'p2', 'c2']}
1769719035.9638965,SENT,5827c362-2725-4df8-8684-0da4a4268886,d7a7e72d-898d-4008-8614-345fca9f99ea,c1,DROP,2027,?,p1,
1769719035.9639394,CREATED,be4b789a-0488-4880-a70e-857cb7c521de,f161cef2-d7ae-4309-b16f-14629eed5fe0,c1,DROP,26,?,?,
1769719035.9794476,RECEIVED,6fd6fb8e-58cb-4180-80c8-f2846cdbff39,51b06db9-ee8c-40e4-8d4c-d2390d6e7465,c5,c1,27,p1,?,surb={'id': 'a90911c7-0e1b-4097-b263-04df1e3a78c4', 'route': ['p1', 'e11', 'i7', 'x6', 'p2', 'c5']}
1769719036.173214,SENT,a1afb4a7-2ba5-462e-ba3f-4864df838195,d1fd7f1e-35e9-465c-b85c-f4fc21676ca7,c1,c5,3399,?,p1,
1769719036.1732595,CREATED,4672e03d-9380-4350-962a-617a83bbba8c,70018b3b-0e1e-4168-8659-2b2c3a5fd9a6,c1,c5,27,?,?,surb={'id': 'c3596598-8469-41ef-a0a6-f633648fb707', 'route': ['p2', 'e5', 'i12', 'x1', 'p1', 'c1']}
1769719036.1754577,RECEIVED,cb7adc5c-3b6a-45d0-a17c-89e5bf06ed5a,15b674c2-c5b2-45eb-9688-6c8f7a322d0f,c3,c1,27,p1,?,surb={'id': 'a5cad96e-b18f-47a5-9b73-d621ef554d8a', 'route': ['p1', 'e4', 'i4', 'x12', 'p3', 'c3']}
1769719036.2391248,RECEIVED,a7fd87f3-0669-43a2-bb50-2314834e5ba5,b2ce41a0-1781-4e96-9f9f-7008fe397aac,c5,c1,26,p1,?,surb={'id': '6b485099-5712-4f8b-943c-e68c62424268', 'route': ['p1', 'e4', 'i8', 'x5', 'p2', 'c5']}
1769719036.2646995,SENT,3a9c90b1-fc88-4bbc-9faa-f7c42715cf7b,271a2787-2851-41b1-a667-d65a71ae4f15,c1,c5,3404,?,p1,
1769719036.2647448,CREATED,d917f8f7-129d-4b30-818d-e6b54fccf3a0,7e0ecbf3-1dd9-4036-aaa5-df460deb3fb7,c1,c5,26,?,?,surb={'id': '5e03188b-1efd-445d-9ed1-9672cc36fd13', 'route': ['p2', 'e11', 'i6', 'x3', 'p1', 'c1']}
1769719036.357072,RECEIVED,1fb573e5-0499-4c30-b0cb-f0765df192f2,2b0e8a11-b919-48a6-a135-574cc301cb25,c2,c1,27,p1,?,surb={'id': '3d03db07-14ae-4b51-92fb-edb2716424a5', 'route': ['p1', 'e9', 'i2', 'x7', 'p2', 'c2']}
1769719036.4566686,SENT,5765fe8d-68f4-4c2f-8692-3db11d55b019,cdd133d9-d465-426a-ad76-613c470bd2f4,c1,c5,3400,?,p1,
1769719036.4567127,CREATED,8b4ccca3-7163-4c9c-9015-cf208c0859c6,9cb9780e-52d1-4d23-a7a4-4d3b01d47dbf,c1,c5,27,?,?,surb={'id': '8773cc07-0a61-4da7-adb4-f7070a0f4fb4', 'route': ['p2', 'e12', 'i10', 'x8', 'p1', 'c1']}
1769719036.4723845,RECEIVED,486e2706-822b-4300-a125-a0b4c9784e28,59ef4239-6695-464f-9fad-802c55352449,c2,c1,26,p1,?,surb={'id': 'b4c0e7b1-2efb-4928-84ef-94f505b24861', 'route': ['p1', 'e3', 'i3', 'x12', 'p2', 'c2']}
1769719036.5077286,RECEIVED,632c5fc2-91ad-4c72-86db-3f92d6d650b2,55dcb60c-2f28-45ff-a777-e9a3460fc5a6,c3,c1,27,p1,?,surb={'id': '8ae0ef43-7c56-49cc-96b3-2f4c4ab202e3', 'route': ['p1', 'e5', 'i10', 'x4', 'p3', 'c3']}
1769719036.5213015,SENT,0c6c6863-34a0-42c2-9831-e20f463d77ea,a0b136bd-760b-45f4-941c-67a91e883ad1,c1,DROP,2024,?,p1,
1769719036.521342,CREATED,b21846e1-7591-42d9-b986-a3cad200a853,346eddba-a696-4873-89ee-bb0b7a088756,c1,DROP,27,?,?,
1769719036.5399864,RECEIVED,fed152f5-231d-4396-a0b4-ba00efc03b41,b6d92f0f-ebb5-478b-b760-c7f16f244e86,c3,c1,27,p1,?,surb={'id': '5619479a-801f-48b8-b69b-949bf505536a', 'route': ['p1', 'e11', 'i4', 'x10', 'p3', 'c3']}
1769719036.6475217,SENT,1b869346-6817-4c5b-b159-62901e9ef35b,a53925aa-e013-41cd-8016-9b3bd0cdc454,c1,DROP,2024,?,p1,
1769719036.6476457,CREATED,e0e7038c-0708-447a-b538-bcc5ae5eb2e4,22a19998-3b47-4f6d-8058-dcbaa4bef8f8,c1,DROP,27,?,?,
1769719036.6547964,SENT,10528440-9de3-4aa2-a299-e86d37301dd4,df2f2fcc-0edf-4d63-85c6-8f5cafd82d3e,c1,DROP,2046,?,p1,
1769719036.6548376,CREATED,99697047-bdfd-4106-ab4b-f86b36717715,7180630d-76f6-4638-8c51-f068f29e8134,c1,DROP,27,?,?,
1769719036.751064,SENT,0c8cf9ab-4dc3-48bb-a912-588e1cb48405,82eabcbc-b106-4dc8-89d6-53f1c7c71057,c1,DROP,2015,?,p1,
1769719036.751114,CREATED,9a3e783b-94b1-433a-9e51-ebb053696975,092a2224-1ebc-4081-9608-06228dc07618,c1,DROP,26,?,?,
1769719036.7628138,RECEIVED,a53c656a-4f3b-4ffa-8e20-85e30737dd3f,16795178-2e80-4830-bd3d-382d340e15a5,c5,c1,27,p1,?,surb={'id': 'c2d70a73-2560-48a5-8771-c526ef6a30ba', 'route': ['p1', 'e7', 'i7', 'x8', 'p2', 'c5']}
1769719036.831497,SENT,00f68574-e4cc-4645-8b9d-f8886a952b21,d90ff17d-b278-412d-a203-4653b0c2fab1,c1,DROP,2028,?,p1,
1769719036.8315592,CREATED,91cbf62a-2a62-419c-8c0f-8ba55a64ef5e,5e71bc45-a803-4fae-80d5-0d51d03b3507,c1,DROP,27,?,?,
1769719036.8967276,SENT,ba43b57d-2190-4926-82af-fdad04e9720e,c5b4d6e3-2539-4e71-9be8-624f26bd2151,c1,DROP,2017,?,p1,
1769719036.8967662,CREATED,123820f4-795b-406f-a752-e460d88e4c01,5f2a7947-9660-4f94-8d94-8bb51066b21f,c1,DROP,27,?,?,
1769719036.9528084,SENT,48164ab7-f3a6-428c-9dea-ebee90e2c71b,3b3043d5-2282-4a5a-8d14-004bf1f6e26d,c1,DROP,2021,?,p1,
1769719036.9528494,CREATED,1b994a6d-5951-4610-963b-c00656071bb0,ac02fa71-4e37-49cd-ae1f-0e020df45fb3,c1,DROP,25,?,?,
1769719036.966528,SENT,3c21590b-c0d2-4edf-87f1-da530aba1a70,82ebf5a8-c2be-482d-9c0f-6de81f9bc878,c1,DROP,2017,?,p1,
1769719036.9665682,CREATED,e59a79f3-6e89-4b46-9f38-6fc735256c18,c1540aeb-717c-44e1-b7f9-77c07f9ff702,c1,DROP,26,?,?,
1769719037.0281248,SENT,79463b69-4e3f-44f2-9a64-c40bd8140b63,f39af9ab-9107-4b57-b0fb-8f19a4aaf5de,c1,DROP,2015,?,p1,
1769719037.0281703,CREATED,ab451bf5-1ab5-47cf-908c-f96eef9dfdd7,26c69a8d-739c-4fac-8858-0e8d8d0a4948,c1,DROP,27,?,?,
1769719037.0365374,RECEIVED,648155ac-c9b4-46fe-8062-fce14927918e,b4f6449f-3c24-4d35-ba01-d9bf181e6c23,c3,c1,27,p1,?,surb={'id': 'b94856fc-d06d-48d7-8675-63cf37d675b8', 'route': ['p1', 'e2', 'i8', 'x1', 'p3', 'c3']}
1769719037.0553708,SENT,4d49f227-2364-4e5c-95f5-597f57b23348,cd98151d-688a-4e6e-aa28-cf45423bb624,c1,DROP,2039,?,p1,
1769719037.0554101,CREATED,23cc09a4-b6bf-4202-a05c-a4b1240f410d,75dd8061-fa13-46af-9754-80cac71ea02b,c1,DROP,27,?,?,
1769719037.0588343,SENT,04b7eb41-805a-4c7e-9d6c-4a674f874e6e,c19914a4-dc4e-4ad8-95c9-80b38ac62503,c1,DROP,2015,?,p1,
1769719037.0588703,CREATED,e5ce6f4f-ee9a-4b1d-98b5-a9e90b97b061,fc4a9f15-11d2-4264-9c72-88ac6bed29ce,c1,DROP,26,?,?,
1769719037.2395418,SENT,6c547641-5e8c-4a18-aaf0-72f97ada4fb3,4b3081b4-08f1-4065-bf01-e042343e34ce,c1,c5,3388,?,p1,
1769719037.2395878,CREATED,51d47e74-72d8-4a91-88f6-5413fbd2f00b,b294aaf0-8bbd-4ae8-acf6-cfc876507394,c1,c5,26,?,?,surb={'id': '21991f3b-bee2-4081-bee0-3dba557ab4ca', 'route': ['p2', 'e4', 'i6', 'x10', 'p1', 'c1']}
1769719037.2498772,SENT,3e9ee88b-2850-43a8-bbad-a88f42407577,c27472e8-0575-409d-a3c4-125610a6fa44,c1,DROP,2032,?,p1,
1769719037.2499115,CREATED,7fcc8951-382d-4c9e-a099-c3636c96151e,21252dc2-c42b-4afa-bda6-6484bbdbcbd7,c1,DROP,27,?,?,
1769719037.3148062,SENT,d5251641-3999-4a25-a577-cfafa5af3911,07b44990-0945-41d3-b51d-2b6a49d5aec4,c1,c5,3379,?,p1,
1769719037.314853,CREATED,a146b857-2e13-4130-9834-be05e0d69511,2e818b7c-834f-4d0a-a4aa-b1ac08748680,c1,c5,27,?,?,surb={'id': '18d0c6ed-0607-4f3c-bf61-d16c129e5186', 'route': ['p2', 'e4', 'i1', 'x10', 'p1', 'c1']}
1769719037.3894794,RECEIVED,f8159d76-3d50-40fe-8740-a602e11893b2,cd371bcd-bb80-470b-83ea-ea43dcfe5479,c3,c1,26,p1,?,surb={'id': '0f24224a-a418-4648-962c-6ee6ca8eb916', 'route': ['p1', 'e3', 'i1', 'x2', 'p3', 'c3']}
1769719037.4015787,SENT,38a098aa-9953-469c-9a6a-e3366a82fd27,20f71b83-971a-4c56-b59b-621749561ac9,c1,DROP,2019,?,p1,
1769719037.4016182,CREATED,67824691-7fca-4189-aec7-46ed51d604e5,f178e662-4301-4cbc-a8e8-6c9ceb3b26ba,c1,DROP,26,?,?,
1769719037.5018835,RECEIVED,d2ff31ef-64ba-46a5-9fef-cf2ab40fbb3c,2e360655-e12e-451b-90f4-593a20d274aa,c3,c1,27,p1,?,surb={'id': '32d10849-f168-49d6-a5c1-ad842943493c', 'route': ['p1', 'e3', 'i2', 'x4', 'p3', 'c3']}
1769719037.540439,SENT,aaea908d-1d1e-4abe-a0cd-2b4406c35618,1bee99a3-3789-47f0-8355-19f76743b1ad,c1,DROP,2037,?,p1,
1769719037.540482,CREATED,e08a8d3f-d232-4a72-a020-a269fcdadead,fb759c4c-bbef-4832-a0be-7b3f886dc220,c1,DROP,27,?,?,
1769719037.5664291,SENT,5a1cf51e-e48a-4082-ad02-cce2030d5798,4c8fd503-ff73-4213-b1b3-2c6a9db73a8e,c1,DROP,2036,?,p1,
1769719037.5664697,CREATED,019df65e-0539-4c4d-8b44-eeb38d642ff4,e4d3fa54-555b-4f41-9794-4fa2a683ae7e,c1,DROP,27,?,?,
1769719037.6643114,SENT,91c52840-6f02-4e72-89c8-2cf37c185617,78ae84c1-e2d4-46c9-b114-54a955f86861,c1,DROP,2015,?,p1,
1769719037.6643481,CREATED,216198d1-5f08-4865-b6c9-1ba05e0ef872,a0655941-e290-4b0f-89b7-bb0ca683d312,c1,DROP,27,?,?,
1769719037.7078598,RECEIVED,e5082a4e-ab60-4d1f-9d6a-ef11cce133f2,65e5b473-a9c6-4f78-8811-f5957d6752f3,c3,c1,26,p1,?,surb={'id': '34b619e7-99ba-4e2c-9094-fe9398665030', 'route': ['p1', 'e8', 'i3', 'x6', 'p3', 'c3']}
1769719037.871097,SENT,b495d8d1-052a-464c-bf44-6ac3752b130f,62965281-87ce-4765-9e53-00ea3e2c9191,c1,DROP,2033,?,p1,
1769719037.8711438,CREATED,930922d2-aa49-43b3-a5e9-3bc96663851b,6e6f622c-6c4c-43e3-8977-662356130c38,c1,DROP,27,?,?,
1769719037.9644253,SENT,97726d89-1172-4589-8274-4aea8332dcd7,74f35b17-ff97-43f6-bc4e-c41cecd8de8e,c1,DROP,2024,?,p1,
1769719037.964466,CREATED,cb8b66fe-0e22-42e5-8f19-9902bf5b606f,f6ace250-b38e-47b6-aaaf-85dcb660c11f,c1,DROP,27,?,?,
1769719037.974214,RECEIVED,cc674b0e-add9-4c33-a172-5197ef6f4152,8561c987-d090-4b6c-8dbc-e4f7cb4a60d3,c2,c1,26,p1,?,surb={'id': 'f6121816-b4dc-442b-a237-4cc0f6cb9b03', 'route': ['p1', 'e3', 'i10', 'x3', 'p2', 'c2']}
1769719037.9952571,SENT,a5deb993-68d1-43ba-a019-6332eb1bc8bb,3cacfd8a-d72a-4a0f-be34-3f74028ce401,c1,DROP,2028,?,p1,
1769719037.9952989,CREATED,e450165f-17ee-45d5-91b6-02052810b76f,0fc6f846-4932-42dd-8abe-7ae60d565fe1,c1,DROP,26,?,?,
1769719038.0518627,SENT,7a81b2bd-0008-4b98-9217-b7fb6327b973,8e0a4b83-da04-463f-99d2-4b8d59ded414,c1,DROP,2027,?,p1,
1769719038.051903,CREATED,a79f2846-0cd5-4602-8c11-92bd2f967878,a338ecee-e6af-4d6f-a875-96f0260e4c53,c1,DROP,26,?,?,
1769719038.0705988,SENT,573f76ff-fb21-4c95-892a-a01d99847306,29ea2f8d-e80e-4dfe-835a-35f6dcb1712a,c1,DROP,2015,?,p1,
1769719038.0706406,CREATED,bba68a4b-c500-4e8e-ba1c-d11684f64d70,625ca9d5-e95c-4007-a4ad-37f9dc8f3315,c1,DROP,27,?,?,
1769719038.0821269,RECEIVED,8fb7b036-19f7-4ee4-9108-0982f455aaee,708cdf4b-5a90-478b-98c3-d2d128f66032,c3,c1,27,p1,?,surb={'id': 'af39b686-d27a-4caa-b5cb-84a34a440d9f', 'route': ['p1', 'e1', 'i12', 'x10', 'p3', 'c3']}
1769719038.103229,SENT,207a4893-d3cf-411b-8905-aa20c9a0c740,36db75f4-97e6-4fca-91d5-6be267b3111c,c1,DROP,2043,?,p1,
1769719038.103268,CREATED,541d78c8-5960-448e-9213-a7ae0a3c8a0d,d474e954-bd30-41a3-bcf8-216ace781ab1,c1,DROP,27,?,?,
1769719038.1707017,RECEIVED,0fff2f94-e939-4f38-ab81-5501769a566c,02cf433f-bc46-4e57-969b-6eef9279ab84,c2,c1,27,p1,?,surb={'id': 'bb03cc0b-ec98-434f-abeb-5554bf10b84e', 'route': ['p1', 'e4', 'i7', 'x2', 'p2', 'c2']}
1769719038.329751,SENT,b1b1d2bb-1c03-46b4-9993-323f324c966d,0a5c3a0a-a7f0-4cc1-8483-3cd8b102cfa0,c1,DROP,2016,?,p1,
1769719038.3297915,CREATED,b9712fd0-7bf9-451a-ae9a-ff06bf6187aa,1e8737f4-4151-4f2a-bd07-323b41c91283,c1,DROP,27,?,?,
1769719038.3664408,SENT,e552a543-2414-4911-aa54-116ef3c2ccac,38d6c3f1-9649-43a1-a92a-0f23aa5d2ad1,c1,DROP,2018,?,p1,
1769719038.3664799,CREATED,dd0c1f2b-c7e1-45d1-b172-999dd6411e5d,d7faa33d-fd7e-490d-aed5-755b108e57d9,c1,DROP,27,?,?,
1769719038.4070039,RECEIVED,1f84929d-478b-4e21-a786-5d5ba258ee67,9d798940-5029-4a2f-ae24-908461ce5521,c3,c1,27,p1,?,surb={'id': '919e6215-2d4c-4094-b634-7c5e9db1a268', 'route': ['p1', 'e2', 'i6', 'x12', 'p3', 'c3']}
1769719038.5254018,SENT,15e310d7-8610-4083-b717-b58c7d36868b,f60606ee-3434-4275-b717-290606008d18,c1,DROP,2016,?,p1,
1769719038.5254421,CREATED,db876a6c-d9a1-4e0a-811d-f45abedc21b6,27348992-655e-49aa-b954-9e6f7548ef10,c1,DROP,26,?,?,
1769719038.6031647,SENT,b021f663-054f-4b56-97bf-49c6e330ce94,f2e46188-5457-4552-a01d-edf3f23b680b,c1,DROP,2017,?,p1,
1769719038.603205,CREATED,6547700e-ed63-47e4-8325-e88ebd2ae574,f16c570c-2189-4498-8f48-d0d67bd024a1,c1,DROP,27,?,?,
1769719038.6221392,SENT,8039f20d-e412-48c3-ab23-43c2b6ee814a,49705207-de98-4f25-b256-06abbdbdf27d,c1,DROP,2032,?,p1,
1769719038.6221788,CREATED,e08695ac-2cd3-4542-bc01-9e9cce97c18e,6aebb9a9-3662-4c7a-ae36-55275a867ff7,c1,DROP,26,?,?,
1769719038.6819096,RECEIVED,fb8789c6-5f72-4eb0-8902-091920c4a860,b05e3946-2540-4315-9466-3c24e45a083f,c2,c1,27,p1,?,surb={'id': '6c194d38-c118-4aba-8923-8b91ecc56d21', 'route': ['p1', 'e5', 'i4', 'x12', 'p2', 'c2']}
1769719038.6835344,SENT,0a94b30b-c4b2-4b44-8489-09c86d632cf0,55855bf9-6dd9-443a-82b3-52f2d09a2029,c1,DROP,2017,?,p1,
1769719038.6835744,CREATED,f06cf953-0695-41ab-8df3-b6cbc328ffa7,aa6335cd-cb5a-47d2-b897-e0af91360b2e,c1,DROP,27,?,?,
1769719038.7005494,RECEIVED,9aac22cb-b81a-4269-9600-46b3a5d7ae8c,d15c6722-ceab-4e80-9ace-51ce2d40fd93,c3,c1,27,p1,?,surb={'id': '06c8fa0e-8423-4459-8126-7f4b2ad60c9b', 'route': ['p1', 'e1', 'i2', 'x7', 'p3', 'c3']}
1769719038.711305,RECEIVED,db2de326-6bcc-4ef7-997f-e4b87ee61985,f77bc30e-62c9-4a07-9229-1145921b1239,c3,c1,26,p1,?,surb={'id': 'efeb7b29-f418-4665-a3e3-4c2133ec72e0', 'route': ['p1', 'e8', 'i1', 'x5', 'p3', 'c3']}
1769719038.820448,RECEIVED,6ace27d1-9129-4a55-8156-0b630ab3fbae,81eb5d24-e4c3-450e-ac49-cae0471e2b04,c5,c1,27,p1,?,surb={'id': '81ab27a2-d636-47d4-809d-5d5152bdeebf', 'route': ['p1', 'e2', 'i4', 'x10', 'p2', 'c5']}
1769719038.8315961,RECEIVED,926d7a30-e95d-4286-a246-6ec8d804086c,e6cdbba6-07e1-41a6-9b5c-7a4ea00dd094,c2,c1,27,p1,?,surb={'id': '4d6fabdc-9965-4944-b592-b1c0133af072', 'route': ['p1', 'e6', 'i6', 'x1', 'p2', 'c2']}
1769719038.8752432,SENT,a5a98242-2eff-4d8d-b066-6e27f22ea859,2aca010d-c3bb-4cce-b7c0-6b4b667f0fec,c1,DROP,2014,?,p1,
1769719038.875281,CREATED,7d729f9e-6aa5-45c3-90cb-9fe006ffb489,2f67d73f-5335-4b9e-8eb3-ae7edcbdf22c,c1,DROP,27,?,?,
1769719038.9743986,SENT,b727dd2d-dc50-444e-adaa-fc99c36dd8d2,1ab29483-9565-4996-9fec-6c029c10f7de,c1,DROP,2041,?,p1,
1769719038.9744396,CREATED,c99f4bf1-6a6c-42c0-9137-6175ab49d8c5,d854537f-0a19-46c6-bc34-f6c6d970c20c,c1,DROP,27,?,?,
1769719039.0189447,SENT,220573ab-75f6-4851-9be4-4f497337a61a,3664c17b-3484-4619-ade2-6f96b454349d,c1,DROP,2020,?,p1,
1769719039.0189848,CREATED,012376b9-5e92-4dbf-b1e0-637ba6f6fdb1,e251aa0a-5845-40e7-84bd-591b2effff47,c1,DROP,27,?,?,
1769719039.04737,SENT,f592e72b-b4ac-4fcb-9554-044f915ec5a7,e53d0a20-6e30-4b82-8759-fae1b6f06366,c1,DROP,2024,?,p1,
1769719039.0474107,CREATED,d82994dc-1200-4e03-9ed1-bd68d5b0c9a6,abfbc8ab-6279-4f3f-8b83-f0e6060b7fdb,c1,DROP,26,?,?,
1769719039.0619204,RECEIVED,7d30d235-3dfb-4474-aedb-97ab742cf339,79ea0b7d-f294-4ccc-8460-09eeae3d1eea,c5,c1,26,p1,?,surb={'id': '589d3730-fe5b-4164-b50c-d596cc868940', 'route': ['p1', 'e2', 'i5', 'x12', 'p2', 'c5']}
1769719039.1032295,SENT,fa66537f-269a-46f3-942f-f39cdeae7fc9,807f0fb6-b9a2-46c3-a8ba-f038b96d14fb,c1,DROP,2024,?,p1,
1769719039.1032712,CREATED,6371d3c2-6f7f-4fb1-8a7d-f5260f232f60,cda2be48-2633-4e11-a564-e5449a4e3f22,c1,DROP,26,?,?,
1769719039.1041293,RECEIVED,a191132e-a659-4582-bd69-c930cf419cde,330432d9-be7d-42e5-8af6-5f5adabc0078,c3,c1,27,p1,?,surb={'id': '1bb144fc-b9ca-45cc-b7ae-d8af229adb2b', 'route': ['p1', 'e5', 'i1', 'x1', 'p3', 'c3']}
1769719039.1191866,RECEIVED,44be04ca-cc24-48b5-b125-d69985dc8090,62224602-9237-4cf8-bedb-870e83bfd17a,c2,c1,26,p1,?,surb={'id': '2d620684-74a4-41c2-b80a-03f9888a9eb6', 'route': ['p1', 'e4', 'i1', 'x8', 'p2', 'c2']}
1769719039.1314442,RECEIVED,3bec2cf2-9216-4b0d-97b3-20fabe968d0d,5afc99a3-69d3-44ca-a84c-45a6e8ab8bd9,c5,c1,26,p1,?,surb={'id': 'a023be01-af07-4f8f-8aa7-5dd201c58e12', 'route': ['p1', 'e3', 'i4', 'x11', 'p2', 'c5']}
1769719039.1332219,RECEIVED,9facf27f-0d44-4618-a59d-4b10359e564e,405a1254-c060-4b8a-90c1-7aa0bd1ab823,c2,c1,27,p1,?,surb={'id': '01f6a78b-1f94-4334-9134-5ded4610bf05', 'route': ['p1', 'e8', 'i4', 'x6', 'p2', 'c2']}
1769719039.2335575,SENT,eec61d45-af55-425a-8327-8f55f555ca9b,612494e2-163b-4191-a55f-224057a89b4b,c1,DROP,2036,?,p1,
1769719039.2335951,CREATED,2638d0d5-9a58-4dc3-aa79-4773bbce0990,1778a67b-ca9d-45c9-a75e-79ff303c0d76,c1,DROP,27,?,?,
1769719039.2606907,SENT,c77365cf-cb3f-413f-89ce-d16a09fedc33,57d33df8-c80c-487a-a022-2c2035731cdd,c1,DROP,2037,?,p1,
1769719039.2607286,CREATED,5b64cbbc-0297-4ca1-99e5-5e0a314feaac,2095fff8-0b8d-4351-b4b5-24f251239abf,c1,DROP,27,?,?,
1769719039.2880292,SENT,82504a28-976f-4931-abf9-ac42809a191b,2ef8ca9d-a9d2-4955-bf6d-0230f9c45eaf,c1,DROP,2032,?,p1,
1769719039.2880836,CREATED,54e960af-6fc3-4609-91f0-1629121783b3,bcc8a599-0fd6-416e-8b0d-f03a7d4b90ed,c1,DROP,27,?,?,
1769719039.2927716,SENT,34b80993-7b2d-4eb1-a31b-3cb4cda080b0,4c0491da-2dac-405d-aebd-c6b95e3f4596,c1,DROP,2024,?,p1,
1769719039.2928088,CREATED,28a44690-7484-457f-9cb1-2040d7b534d7,5ae5dc81-eafb-4d85-920e-37c54a63cfdf,c1,DROP,27,?,?,
1769719039.2947702,RECEIVED,6b6d49b4-7c10-4952-8c57-2c40954d907a,03088840-9259-4866-a821-ad47a8c7f518,c2,c1,27,p1,?,surb={'id': 'f6542d56-cd32-4e17-a60e-bfe77c5cc019', 'route': ['p1', 'e12', 'i3', 'x12', 'p2', 'c2']}
1769719039.31136,SENT,51965436-d7dc-4de9-9b78-2c08e4ea4ecf,fc9d2dbc-6e74-4ef3-ba30-f84f3ebf95c7,c1,DROP,2012,?,p1,
1769719039.3114014,CREATED,0bc464bc-d14a-4bd5-afb9-5b862b49553d,99671c01-ae93-421e-b49d-33d4f2168cea,c1,DROP,26,?,?,
1769719039.3124905,RECEIVED,b2a64a19-2bd6-484f-a306-10538b39741c,74971464-99f5-47f9-b825-0bda6d37fdb8,c3,c1,27,p1,?,surb={'id': 'e626b42c-3919-4bbe-9005-186f1a37e786', 'route': ['p1', 'e1', 'i10', 'x8', 'p3', 'c3']}
1769719039.3348157,RECEIVED,7d76eb5f-b288-41ce-8c4f-fc78aacb1d82,11e5fa1d-b368-43d8-a721-74f685e1157b,c2,c1,26,p1,?,surb={'id': 'af578b9b-83ea-45f9-baa5-02e0caa36182', 'route': ['p1', 'e1', 'i9', 'x9', 'p2', 'c2']}
1769719039.3761454,RECEIVED,5aedf0fd-6cce-40af-8715-b32014669068,e7ef68e5-9e77-47de-9669-9171c68ccf7e,c2,c1,26,p1,?,surb={'id': '1fc84a20-dc52-403e-a15f-ca5384861f87', 'route': ['p1', 'e1', 'i9', 'x11', 'p2', 'c2']}
1769719039.4131358,RECEIVED,a1f97838-a419-4f0c-ac9e-22ab4e7913d3,d9a4722f-a5a5-4793-a60a-38459ec101e8,c2,c1,27,p1,?,surb={'id': '8d3cbb73-0c34-4417-9a42-3af7fc8dfd4c', 'route': ['p1', 'e11', 'i9', 'x9', 'p2', 'c2']}
1769719039.471166,SENT,b20ec33b-d7aa-4332-903b-d1c162eb5475,22942889-58ca-44f0-8b69-cde4cd949743,c1,c5,3400,?,p1,
1769719039.471213,CREATED,d6cce613-83f9-4745-9854-5e2fa56d18b1,086e7a31-0767-4fd8-b1f9-5c35816507d2,c1,c5,27,?,?,surb={'id': '35f6822b-4ba8-49b7-8f7c-5a570c6112c7', 'route': ['p2', 'e11', 'i11', 'x6', 'p1', 'c1']}
1769719039.5881267,RECEIVED,d82b34dd-6433-4d09-a2d3-69c3db85a975,8c51e317-948d-44a7-9960-3c1d12d9b9e9,c3,c1,27,p1,?,surb={'id': 'cafae81e-750a-4210-8adc-0d5542856574', 'route': ['p1', 'e2', 'i8', 'x10', 'p3', 'c3']}
1769719039.6258092,RECEIVED,b703c33d-9863-456c-8f4e-60937e1570aa,70297ff7-d398-4165-ab5b-24bad6aa8bfe,c5,c1,27,p1,?,surb={'id': '713051ec-8c18-4f26-a806-394fe96e2ef0', 'route': ['p1', 'e7', 'i7', 'x1', 'p2', 'c5']}
1769719039.6402667,SENT,a102c679-1272-4307-bb01-eb9c8b4c319a,e4370642-e12b-49e6-b3e3-e4cba70234de,c1,DROP,2012,?,p1,
1769719039.6403077,CREATED,91c4426c-45c3-43ae-8743-9fbea7c6e506,7c346191-473f-48c8-b6ea-5398220a89bd,c1,DROP,27,?,?,
1769719039.667965,SENT,6db2b05a-895d-49d6-bd8e-6b4300591ff1,023a4f9f-4cfc-4d17-ad0c-b557a1c54373,c1,DROP,2031,?,p1,
1769719039.6680062,CREATED,60acd61a-e2f1-4643-95b5-cf7b2d4f251d,64a66387-a84b-4094-b9fd-3cd93224b279,c1,DROP,26,?,?,
1769719039.678056,SENT,d471b6b8-6cc8-44bb-a63c-c770becaf6bf,4a1b5747-4040-4990-b26f-19e0e60ee7f2,c1,DROP,2031,?,p1,
1769719039.6780977,CREATED,df9882dd-c94f-4115-86dc-dfae54589f0c,a959f565-423d-4ef5-9da1-33467d8bedc4,c1,DROP,27,?,?,
1769719039.6819704,RECEIVED,6e2fc304-8ab9-401e-82a4-67b66f3a8eb6,3fe45958-3f6c-43cf-9591-ae01b164db51,c5,c1,27,p1,?,surb={'id': '22f3599e-f212-4042-8ae3-9d90f5b18c28', 'route': ['p1', 'e5', 'i4', 'x7', 'p2', 'c5']}
1769719039.735823,SENT,fe4f9b26-0a3d-434a-8a84-aa71320aafc0,085f76f4-0998-4046-bb7f-502193817f86,c1,DROP,2016,?,p1,
1769719039.7358658,CREATED,ea4c886d-73b2-454b-8c37-6d769002bbe1,51c8cdf1-f602-4e6e-9228-e56d069ad663,c1,DROP,27,?,?,
1769719039.808776,RECEIVED,a7a51a31-1c39-439e-a5a4-92504686b970,364dbc01-a9cb-49a3-9bca-045d108deea9,c5,c1,27,p1,?,surb={'id': 'ddb96ba2-bf48-4795-9c08-33af8378530e', 'route': ['p1', 'e10', 'i8', 'x10', 'p2', 'c5']}
1769719039.9381351,SENT,f576364d-928d-4c57-ac98-2358d0097250,643b49d8-5241-4a0f-9b5b-2bef21190a1c,c1,DROP,2031,?,p1,
1769719039.938174,CREATED,c4247a79-f2f3-4192-8808-3aa2869bd320,3385adaa-2bb0-472e-b1d1-c3ea726aeedb,c1,DROP,26,?,?,
1769719039.9642174,SENT,d5d30870-42f9-46b9-9051-5119f95a60a9,243feb9d-a8c2-42e9-885d-c095b1ecacb8,c1,DROP,2020,?,p1,
1769719039.9642544,CREATED,3c262382-7ca5-4ee1-acbd-020d6465f025,ff405727-b16d-44e9-8dad-496900b01673,c1,DROP,27,?,?,
1769719039.9729564,SENT,2747bd00-607c-4f27-a443-bd4df259779f,0c340007-8d03-48e9-a03f-ad1906784d9b,c1,DROP,2020,?,p1,
1769719039.972997,CREATED,492d5302-cb52-45c5-a9a6-0567a15b187c,f9092351-0dc6-4541-97b4-8d3a47ac7d59,c1,DROP,26,?,?,
1769719040.0586102,SENT,0113d1c6-184f-47c0-a190-8dd19f9aa4c4,193aaebc-503f-4f26-a85b-f4647a7e5352,c1,DROP,2044,?,p1,
1769719040.0586512,CREATED,cad6e4cf-af55-455f-8e82-eb8fdbd7ce90,3469bcb7-d7a9-413b-8251-cdd202ea39b3,c1,DROP,27,?,?,
1769719040.2069902,SENT,018043e4-addc-49d6-9f8c-a6b3b980df20,85c75856-6a52-40f8-90b9-d80ae217d7f6,c1,DROP,2015,?,p1,
1769719040.2070315,CREATED,56fb2940-9106-4fa7-8e9c-9a3e0b53d754,07df955d-17d5-4a9b-a927-bb30eebf5886,c1,DROP,27,?,?,
1769719040.3364434,RECEIVED,d2fb97af-85b9-41fd-8fa1-d5f72b05b563,c0fa7bba-e82d-4fca-b251-8ec7d09bfa3a,c5,c1,27,p1,?,surb={'id': '615c2501-d785-4d9d-ac0c-e57307017f8c', 'route': ['p1', 'e5', 'i7', 'x5', 'p2', 'c5']}
1769719040.423136,SENT,c6e2b886-0501-4991-b1cd-701b72e7d4be,caf95b0a-444d-47c4-94cb-705d3db665cd,c1,c5,3395,?,p1,
1769719040.4231834,CREATED,598b6ea2-73d5-40e3-853f-a3001b09aa07,d421db6e-3f4e-43ee-b8c4-e7744340bcf4,c1,c5,27,?,?,surb={'id': '919b5a0a-54c5-476f-aeb1-68d015d096be', 'route': ['p2', 'e11', 'i1', 'x9', 'p1', 'c1']}
1769719040.4483817,SENT,650fdb7a-0dcd-4177-8f98-0dffa582b6dd,c680a9b3-e330-483b-af1a-5713e8ad4bfe,c1,DROP,2039,?,p1,
1769719040.448418,CREATED,1cb74ed5-db40-49db-9c1f-657827d3fccb,c152ce93-ddd9-42be-a6d8-74d3ba0d83b2,c1,DROP,27,?,?,
1769719040.458153,SENT,e1523551-cddf-4b6f-9e7d-e3cee5f6c7ba,31fc48a4-9f87-4e69-a983-1079eafd229c,c1,DROP,2043,?,p1,
1769719040.4581952,CREATED,f2f11752-c1db-4f50-b000-0d174d0a4266,e0d469f5-f8a1-4fd7-88ad-e56aa76f0ad3,c1,DROP,27,?,?,
1769719040.4706655,SENT,88b4f75d-c5c7-49f2-a063-0fb54d549006,c9483b71-cde7-40b9-95fc-4920c0baf971,c1,DROP,2027,?,p1,
1769719040.470706,CREATED,4208718b-4adc-4906-894a-bfc9196457d3,ae891293-e176-497a-be32-47879d933058,c1,DROP,27,?,?,
1769719040.6975694,RECEIVED,c33a7f33-a4a4-441b-9b77-f30875c5e228,cfe19654-a7b5-4ead-ab54-d97054ada164,c2,c1,26,p1,?,surb={'id': '05810669-27ae-466d-a331-46cc9d73e6dd', 'route': ['p1', 'e6', 'i9', 'x4', 'p2', 'c2']}
1769719040.7088208,RECEIVED,ab7815ad-0720-4f95-b96d-39dd213a6ba2,671bd73c-2639-4bd8-8ce2-4da9cd741fa5,c2,c1,27,p1,?,surb={'id': 'db07c034-7102-4220-a7df-1a71c8b3bf38', 'route': ['p1', 'e12', 'i6', 'x5', 'p2', 'c2']}
1769719040.719338,SENT,8a65bca6-3d9b-4659-bff3-1985c4849c99,392e8262-3835-4d0f-bb93-3e6a154b45db,c1,c5,3379,?,p1,
1769719040.7193868,CREATED,d3c4b594-5343-49ab-9375-3294edf51fda,946772a6-b494-4bcf-b544-7846c717b091,c1,c5,27,?,?,surb={'id': '315042da-b3ac-4aff-87ae-de1b3e9c55cc', 'route': ['p2', 'e7', 'i3', 'x7', 'p1', 'c1']}
1769719040.7702572,RECEIVED,99e70dd6-d4e7-43e0-bae1-c2f12cbcccb4,ad6fc800-6642-4b50-b1b0-418be976a238,c2,c1,27,p1,?,surb={'id': '760be086-3d3e-48fe-b711-9cdcbceb8efc', 'route': ['p1', 'e1', 'i8', 'x5', 'p2', 'c2']}
1769719040.803359,SENT,87c1fd73-bdad-4fba-bdb9-956a4cbaef45,19959efd-cd70-4681-ba39-b0d18de20351,c1,DROP,2032,?,p1,
1769719040.8033981,CREATED,2b200353-1193-419c-a1a7-2ffe6aa65aeb,28194f40-a974-462d-ae9b-fb52e1f377b9,c1,DROP,27,?,?,
1769719040.817413,SENT,57a05e47-de0d-4b41-aa49-f51b56035fda,3346b960-d00a-43ab-b018-1cb8ad65869b,c1,DROP,2031,?,p1,
1769719040.8174515,CREATED,07e6f1a2-915b-4a5f-be89-73ee0a3a91a7,73f74ae8-88bd-4f77-84de-0f0eacf754ba,c1,DROP,26,?,?,
1769719040.8545487,SENT,690151d8-9811-42a7-95bd-6ae5f063d5c7,14655d24-d3b5-47db-8664-9ce728775786,c1,c5,3376,?,p1,
1769719040.854596,CREATED,aa3db9e7-a884-4294-96d6-c44b8b264b8b,12698933-d645-4e7f-b9f5-6bb09fd86a86,c1,c5,27,?,?,surb={'id': '018a5fb7-22da-4535-9dc2-0a3903dcc8d1', 'route': ['p2', 'e4', 'i1', 'x11', 'p1', 'c1']}
1769719040.9072564,RECEIVED,07f23f9b-77d6-4d39-92dd-48bb3e43e3a4,015811f5-310c-4e54-a7c8-cba5511fd27f,c3,c1,27,p1,?,surb={'id': 'd08f8316-bc2f-4bae-a157-0088d5ae7294', 'route': ['p1', 'e5', 'i8', 'x3', 'p3', 'c3']}
1769719040.9536753,RECEIVED,377addf1-42bf-4df0-96a3-10a5686a9958,0f24dfb9-caf3-424f-a910-91eb02802d71,c5,c1,26,p1,?,surb={'id': 'cbcd0492-b1af-4002-87aa-caf9448602aa', 'route': ['p1', 'e9', 'i1', 'x9', 'p2', 'c5']}
1769719040.9682891,RECEIVED,3884e0e7-54a5-4ab9-a2a0-5f1f7f468ef2,7698ea1a-b7e4-47a8-84e0-7a5dae2db784,c5,c1,27,p1,?,surb={'id': '0831a541-e247-40d3-8dba-45e503b1067b', 'route': ['p1', 'e5', 'i7', 'x9', 'p2', 'c5']}
1769719040.975899,SENT,630fff3e-76ea-44ed-9175-eeb5476f29a2,c42417b5-3049-4c81-9dc3-007cd0a93982,c1,DROP,2015,?,p1,
1769719040.975941,CREATED,23032157-836c-4d2b-a52c-6bc9b665896c,9184169c-d649-468d-b110-53fc4c3e3226,c1,DROP,27,?,?,
1769719041.0320032,SENT,6fd0aced-67f0-4718-8d59-9e27f31edfb3,1721ac05-149c-4f98-888e-c5d66661d0bf,c1,c5,3396,?,p1,
1769719041.032054,CREATED,866393e9-8ab9-42a7-bf2e-7092a7dd2a4e,8b92bc28-ef3e-41a6-ad5d-efe149bf9b92,c1,c5,27,?,?,surb={'id': 'e1e3c040-7d37-4eb9-aa57-0d42cc7468a8', 'route': ['p2', 'e12', 'i2', 'x4', 'p1', 'c1']}
1769719041.2232962,RECEIVED,1a11c599-2668-4836-bdb6-33457bd28dd1,14053580-7583-42b3-bb73-eb7d7a0fbb20,c5,c1,27,p1,?,surb={'id': '66e87bf1-9c46-4c8c-a699-745f3115a5d4', 'route': ['p1', 'e1', 'i10', 'x7', 'p2', 'c5']}
1769719041.4497902,RECEIVED,f29b9794-7434-4825-b627-7ef9d39e4099,7e0f33b7-2b18-43c7-a353-783c1eb207b3,c5,c1,27,p1,?,surb={'id': '651aa988-8782-40ae-8f50-7a6680010742', 'route': ['p1', 'e7', 'i11', 'x9', 'p2', 'c5']}
1769719041.4695363,SENT,f477debc-111f-4571-8983-aa71413f7173,d85c2816-3b02-4892-ba0d-bccfbfd3224b,c1,c5,3379,?,p1,
1769719041.4695842,CREATED,ea9c69d4-a83d-43cf-95db-32048ab6a9c5,53bb7da8-2eb1-4848-9c2e-47130fdd191b,c1,c5,25,?,?,surb={'id': 'ae88336f-cd4a-41ef-8318-5e64eafeb231', 'route': ['p2', 'e1', 'i9', 'x10', 'p1', 'c1']}
1769719041.507055,SENT,e839d3df-19dc-41ea-87c7-746b99f55f56,a33d6156-7aef-450c-aaf9-1ea0c8ff51cc,c1,c5,3384,?,p1,
1769719041.5071025,CREATED,d09e8ac5-9de4-4872-9f50-de986eaf1034,b86e6b63-36ef-406d-b8a1-6e4fff3e4c68,c1,c5,27,?,?,surb={'id': '1c1af7b5-b43c-40a0-be7b-a94f1644696d', 'route': ['p2', 'e7', 'i1', 'x3', 'p1', 'c1']}
1769719041.5517578,RECEIVED,b4b7bfa0-0d84-441b-8c59-c7ef12f191a3,01add2d5-a121-4961-b804-8992924c01d1,c5,c1,27,p1,?,surb={'id': '04b877b8-ac62-4f22-97b4-0a501b943a11', 'route': ['p1', 'e12', 'i2', 'x10', 'p2', 'c5']}
1769719041.6223197,RECEIVED,378e42ff-1920-4008-8c2f-0e4913f14b3c,4aa74cd4-86f4-471d-b590-f6bef42474ff,c3,c1,27,p1,?,surb={'id': '61b85fa9-6143-4815-977a-9e8b2f14a25c', 'route': ['p1', 'e5', 'i3', 'x12', 'p3', 'c3']}
1769719041.6650107,RECEIVED,d4b970ee-5238-4a5a-8b2d-7655be4c5429,0e264b00-bfa7-4e9b-abb0-ebe8ccc22dcc,c2,c1,27,p1,?,surb={'id': '1aca2cc9-effd-4412-9a2f-8fa11b2c1113', 'route': ['p1', 'e1', 'i12', 'x4', 'p2', 'c2']}
1769719041.7042859,SENT,b30b6e3d-e78d-4ea6-9d74-06edcf581f7b,f15ef0ca-325f-4b3e-8034-33d776c52c73,c1,DROP,2016,?,p1,
1769719041.7043233,CREATED,d96e6974-75ca-4bd3-a809-f9bd21692bdf,26684ae0-0886-4391-928d-240e72617b30,c1,DROP,26,?,?,
1769719041.719546,SENT,9c0879ad-08e0-4f8f-83cd-4c81907640fd,dce845c9-435d-4b6a-ac9f-765e6a43de65,c1,DROP,2015,?,p1,
1769719041.7198315,CREATED,9b3e793c-339b-4199-9668-65b36920de52,fa9155f8-fe86-45d9-81db-6a6dc3cc61c9,c1,DROP,27,?,?,
1769719041.7344263,RECEIVED,5f98e6fd-998d-4a87-91ae-c42798a9b669,23baf131-9b54-4560-8d7e-62639264fdc3,c2,c1,26,p1,?,surb={'id': '6bf88952-1932-4ecb-b404-7b8e991c6342', 'route': ['p1', 'e3', 'i8', 'x7', 'p2', 'c2']}
1769719041.8409584,SENT,94a0f213-1c7e-4182-a463-4f34be2edf1b,a20e3d26-28f0-42fc-8c1d-9c675d07621b,c1,DROP,2023,?,p1,
1769719041.840994,CREATED,73220d8a-32f4-4132-8643-749fe17ae536,8c65dc4e-dfa1-4c5e-a39c-166e77c6f8a5,c1,DROP,27,?,?,
1769719041.8565543,RECEIVED,7cada8b2-7d26-485d-aaa9-d56b124000d7,d06c0183-6af0-49c3-bfb9-c3de1e906075,c3,c1,27,p1,?,surb={'id': 'e0a34164-ce75-401f-9307-f109d057d148', 'route': ['p1', 'e8', 'i1', 'x6', 'p3', 'c3']}
1769719041.967986,SENT,609c7793-4129-4cf7-acc1-0b67a2106f7f,6af6bd15-72b3-4b88-a36c-5b0cf97b6855,c1,DROP,2015,?,p1,
1769719041.968026,CREATED,fe0c732d-9f6f-4d1d-be67-d82d3eeed560,bd8f7272-c5e1-4851-936a-e6a7f7211215,c1,DROP,27,?,?,
1769719042.104321,RECEIVED,ffb89eb6-bbe5-4021-a907-2d2a5425fd7e,9bd43141-318b-4dd7-b4bb-8d9548c16536,c3,c1,27,p1,?,surb={'id': 'f203ba0c-ebd9-44bb-94cd-a8ecc1dd3c90', 'route': ['p1', 'e11', 'i11', 'x6', 'p3', 'c3']}
1769719042.104775,SENT,4a131279-d5e1-458a-88e7-35348a53bf7a,7e811db5-d005-4f01-9d81-716e31b03750,c1,DROP,2013,?,p1,
1769719042.104818,CREATED,c2a29f19-b7c4-4e5b-be59-e8808bf922de,addabb75-6d73-4825-befd-93425c0fd60b,c1,DROP,25,?,?,
1769719042.137558,RECEIVED,20620dbc-e7e0-4b8d-93f4-dcf13a92ebcf,634d57d0-0b1e-413c-875f-4db9d98b3965,c5,c1,27,p1,?,surb={'id': '5dc47229-9339-4510-bb4c-e75a78cb7c32', 'route': ['p1', 'e10', 'i9', 'x8', 'p2', 'c5']}
1769719042.2125587,SENT,b6a055ea-bf3f-4c3c-a5c6-d397c65c64dc,124f2d49-feb0-49b3-b62b-633f269e8e99,c1,DROP,2011,?,p1,
1769719042.2125995,CREATED,59edc29b-ba2c-400e-a321-2d574549fc8a,e2face5d-59e8-431f-8e06-36fbd5f7f497,c1,DROP,26,?,?,
1769719042.254065,SENT,630eec2b-b2e5-4742-8f77-cb23c2d21219,7f816258-4c17-4582-a698-cde6100e3780,c1,DROP,2028,?,p1,
1769719042.2541163,CREATED,0881d7f3-e98c-44ea-91de-8a81abd564ac,d2784709-2974-4c29-9df2-3e9f31598f55,c1,DROP,27,?,?,
1769719042.2667136,SENT,0ff8a713-ac19-479f-bc66-3c4a43c1860a,96e59d8e-86e9-4f05-a984-cb697d708b98,c1,DROP,2039,?,p1,
1769719042.2667522,CREATED,a29d264c-7af4-4f31-b1c4-ac8bf9cb24cb,e4f45820-04ca-42f1-a36c-d20d4db4ea33,c1,DROP,27,?,?,
1769719042.3395555,SENT,de7fed50-9d5d-43f4-989e-cb697ea80f04,37faf6d8-5a66-477b-85e4-7126dfb9b28f,c1,DROP,2016,?,p1,
1769719042.3395953,CREATED,f9f78f7c-4397-4cd8-b7d8-ca6b620da094,3cb262c5-b764-47f3-bf24-008d263696e1,c1,DROP,27,?,?,
1769719042.3694344,SENT,6b5bca68-6658-42ac-8dc8-7c3c0edb505d,9a33a173-d191-45e8-9a3f-edae9e0297d8,c1,DROP,2023,?,p1,
1769719042.3694735,CREATED,53b12eb0-0b64-4dd3-a608-9caa1a5e1f74,bb868049-5fcc-4700-a7b9-a2f224f4d60d,c1,DROP,27,?,?,
1769719042.4336047,RECEIVED,e1b58a44-3b73-42a3-8056-007e70d2bc1f,7c61c9e4-55cd-4217-886f-1ee7152356c7,c2,c1,27,p1,?,surb={'id': 'f5b55b40-1dc9-4e69-a248-0b2d79cc6312', 'route': ['p1', 'e10', 'i4', 'x9', 'p2', 'c2']}
1769719042.483267,RECEIVED,284a23c4-3203-43ce-93f5-53dbbbc43db5,5d8cd01a-4518-484b-8e69-835805f5553c,c3,c1,27,p1,?,surb={'id': '49563049-e57a-4cc1-9c23-70f14a5cea23', 'route': ['p1', 'e10', 'i4', 'x3', 'p3', 'c3']}
1769719042.4971385,SENT,df60cb9a-da02-43ba-8623-e9373c4eafb9,4f6c87d2-9555-4cf2-bd28-df30dc0b30dd,c1,DROP,2023,?,p1,
1769719042.497175,CREATED,eb4dc2a1-a78f-43f1-b1bf-5d021e4765ec,51153157-4d58-46ca-99dc-16f5ad36d71e,c1,DROP,26,?,?,
1769719042.585816,SENT,ac02d1a6-746f-41ff-bd4d-6cdbf702a7d2,aec4db8a-c75a-4592-8510-03b4d36b2495,c1,DROP,2017,?,p1,
1769719042.5858567,CREATED,cb46a612-c0d4-4213-9619-3cd0ea4a29db,6665de9b-bfeb-4bab-88d8-c9e9c6db4ade,c1,DROP,26,?,?,
1769719042.6233737,RECEIVED,11817ad1-7cbe-439b-8d85-ddaea5b8a84c,6403d6d3-732c-449f-995b-4fd8e079ddd5,c5,c1,27,p1,?,surb={'id': '5a730a98-c876-4d78-960c-0752a623fb7f', 'route': ['p1', 'e2', 'i2', 'x1', 'p2', 'c5']}
1769719042.6379488,RECEIVED,b88e6f6b-d159-4661-8376-0de5a297e70a,bddd3e89-930f-4eee-bb7f-8dce2a892b51,c2,c1,27,p1,?,surb={'id': 'fa28bea4-ff48-4c37-843c-afac33312da2', 'route': ['p1', 'e12', 'i6', 'x4', 'p2', 'c2']}
1769719042.646019,SENT,548969c7-3e39-410c-8e20-5b80f26520ef,e6cf297a-59e6-43b2-ab1b-93b9b8fc7663,c1,DROP,2031,?,p1,
1769719042.6460698,CREATED,b32fd5a1-72ec-41ca-9e3d-781ffc42ab67,6d19186f-e9b8-484a-a882-ad52ecd11d07,c1,DROP,27,?,?,
1769719042.7012324,SENT,30355730-92e1-4cdf-8f64-64185ef62238,23612e15-bd8b-4e37-b9d6-67ac0630bdd7,c1,DROP,2017,?,p1,
1769719042.7012734,CREATED,94399c59-dd92-4730-afb3-c4b07725bea4,8f179274-401a-486a-8e00-5e6315ba18eb,c1,DROP,27,?,?,
1769719042.7044818,RECEIVED,b4a1b856-d78f-4014-b6f7-71b5bd03c063,870ab446-e07b-42b1-8518-5b49d572b09c,c5,c1,27,p1,?,surb={'id': '89b5be16-3949-4c71-952e-f7425394db52', 'route': ['p1', 'e6', 'i11', 'x4', 'p2', 'c5']}
1769719042.7893195,SENT,8ff07a1d-03e1-4ce7-97ee-d894a0f568c0,7834862f-b9f7-473d-9c78-4295f8754538,c1,DROP,2032,?,p1,
1769719042.7893603,CREATED,ba772e90-5c24-47f3-9cd3-d29a358109d8,00de8d92-1883-47aa-a9da-16b8084b720a,c1,DROP,27,?,?,
1769719042.8535955,RECEIVED,836e98bd-ff15-46b2-9d73-1ecdc12dbae7,a4684ec6-daed-488d-ae8d-3c3b04a8be7a,c5,c1,26,p1,?,surb={'id': '408b8aaa-25dd-4837-b190-1bccde8d91bd', 'route': ['p1', 'e9', 'i12', 'x6', 'p2', 'c5']}
1769719042.8586576,SENT,4ff02cd4-2e58-44db-a4cd-352d0f3a3a20,af65b077-9a8d-4776-8b3c-160f8484e02b,c1,DROP,2028,?,p1,
1769719042.8586981,CREATED,b4b89156-bccc-4d80-80c1-d03af99d5f28,5c4b7c17-e118-41de-a51d-6a53dd267119,c1,DROP,27,?,?,
1769719042.91066,SENT,98b6e5c8-975d-42d2-9966-0dc20f493d7c,73661253-7f0e-4ce1-baab-4ab898d3be7c,c1,DROP,2030,?,p1,
1769719042.9107018,CREATED,96f20ca4-8e33-4407-891f-b866f801d7e6,9cd75d77-9582-4b65-af76-cfc319087f8e,c1,DROP,26,?,?,
1769719042.931469,SENT,df7aadbc-b211-4ed1-a19a-873edc8401fe,19971aba-ea01-41de-8d37-e548b34ee23f,c1,DROP,2027,?,p1,
1769719042.931507,CREATED,219a228d-6b03-4ab3-98d3-93c8d7139f24,19760983-f3a8-41db-898d-9504a20a04d1,c1,DROP,27,?,?,
1769719042.9423094,RECEIVED,7e532c74-a47e-4cee-b2a4-6ed4d3266b2f,c56a1edc-2e20-44f9-8d6a-edc0b7787f03,c2,c1,27,p1,?,surb={'id': 'ebe7fceb-92cb-4b04-bfd2-d772f949cd5c', 'route': ['p1', 'e7', 'i8', 'x3', 'p2', 'c2']}
1769719042.9437597,RECEIVED,06cb11a3-3526-4aa7-b374-ba2f672094e1,446ff314-1da3-4eb5-9991-666e99956186,c5,c1,27,p1,?,surb={'id': 'b893d2b5-7dce-47ce-abdc-252f746178fc', 'route': ['p1', 'e9', 'i7', 'x10', 'p2', 'c5']}
1769719042.9546013,RECEIVED,d76e497f-8670-46d1-a4f5-eb03a6490ae4,02cdd8bc-dba0-4240-ba68-bacd73a81d8a,c3,c1,27,p1,?,surb={'id': '756e14f9-2fb4-4eec-b11f-f0c27376ef79', 'route': ['p1', 'e7', 'i1', 'x4', 'p3', 'c3']}
1769719043.0129647,SENT,18b7003c-4c11-46ae-bb83-0aed7f8014ca,ba8b3f6f-d19f-4f7d-a83e-cdd2695c4cdf,c1,DROP,2016,?,p1,
1769719043.0130055,CREATED,a9a6c2b4-7fae-4f82-84d4-bb02179fa08c,b67a9ce8-a488-48be-906a-244bab4c892f,c1,DROP,26,?,?,
1769719043.0176778,RECEIVED,d32f5ea9-6a28-4ee2-937f-75131ac55610,fbb45157-dcaf-43a2-9827-9c1ab4914a50,c3,c1,27,p1,?,surb={'id': '8c831a44-3af0-4162-8ea2-6dbfe23fc825', 'route': ['p1', 'e9', 'i5', 'x7', 'p3', 'c3']}
1769719043.055994,RECEIVED,534e4c22-c039-4674-bdf1-2a9309d78151,64f0c5a9-e3f4-49fb-abc8-08b4090e5df8,c3,c1,27,p1,?,surb={'id': 'ae3d01ea-3202-4857-951a-4681186ce0a5', 'route': ['p1', 'e1', 'i6', 'x6', 'p3', 'c3']}
1769719043.1067927,SENT,50401a1a-6d05-4e48-8eaa-de6df71b099e,4a0a6cfd-6bbb-4c61-a49a-a4879a22bef7,c1,DROP,2027,?,p1,
1769719043.1068323,CREATED,216b90b1-3ea9-4653-8360-6925e7dc9912,6a93450b-2501-4dda-8ea4-30523cbb4d73,c1,DROP,27,?,?,
1769719043.1375883,SENT,fd92e0ed-b01a-4815-bbe3-66c8ec901a11,a545d208-fe57-47ce-880a-a3d36674c28a,c1,DROP,2016,?,p1,
1769719043.137628,CREATED,563c1a2c-7db5-49e1-a193-282c6251f1ad,f3e0747e-7956-4ce4-8340-aefa70976ebc,c1,DROP,27,?,?,
1769719043.1776645,SENT,3a25757f-174d-4672-9189-8d44d96cea37,09ee6d18-3abd-4499-885f-fb204871d3c1,c1,DROP,2031,?,p1,
1769719043.1777062,CREATED,b94b6654-8ac2-4fed-88af-0c2cd9474d68,4506822e-ef0e-4a96-8843-4896e6e4b7f7,c1,DROP,27,?,?,
1769719043.2334516,SENT,d06df442-45d6-4bed-bc0d-a201d7661b1a,724ba178-ade4-4542-b044-d29f6d5c4a83,c1,DROP,2031,?,p1,
1769719043.233492,CREATED,58428f79-e5e7-47d3-82b2-cec87ead9e2a,1bdb419e-16ff-4ecd-b8dc-ae24b2aab04b,c1,DROP,27,?,?,
1769719043.2851846,SENT,3b8bc0eb-ee49-4d2b-b9f3-f1265e2c3166,f6cc4302-728d-42a0-8a0e-6c1e373933d5,c1,DROP,2017,?,p1,
1769719043.2852235,CREATED,1334e867-ef66-4d71-b2fa-bc0091b7c5e7,9a73cab2-4702-40a4-8d63-7e29e4791629,c1,DROP,27,?,?,
1769719043.319633,SENT,5817f32e-4eb1-4ede-8b2d-732f751eca39,a584e2f6-3542-4583-a472-9a8ba9600757,c1,DROP,2016,?,p1,
1769719043.319674,CREATED,2e6833bd-714e-485d-9000-3f6857ed3e19,3cc6f10e-30bd-49a6-a021-7504853b791d,c1,DROP,27,?,?,
1769719043.3701932,RECEIVED,7916992b-3b38-4d78-bcb9-160f9f30a6ff,5cc6afed-72cb-49d2-9273-f0e6e055fc42,c3,c1,27,p1,?,surb={'id': '8875d647-ca65-42d8-ac5a-38a2ae1e1982', 'route': ['p1', 'e11', 'i2', 'x12', 'p3', 'c3']}
1769719043.377319,RECEIVED,d1f3dc47-666b-4726-859a-13a777edee85,7af4219e-5c85-4b9c-a61c-2153b897b0a7,c2,c1,27,p1,?,surb={'id': '69ba628e-aa7d-4c01-bb57-39b67eb6ec9b', 'route': ['p1', 'e7', 'i11', 'x1', 'p2', 'c2']}
1769719043.392903,SENT,b14e71ea-3a33-4179-a998-c71306d99fa4,c6ac8652-557a-4486-a136-c1313d38ebd8,c1,DROP,2027,?,p1,
1769719043.3929446,CREATED,fb555a29-2b50-4952-8317-115ae84da9a0,796c44b1-798a-420d-94b7-3a854dfc37f3,c1,DROP,27,?,?,
1769719043.461497,SENT,b9b2cd95-9eaf-4751-ae48-bd0ec255ed18,79898194-66e5-450f-b7e8-d3b04d37657a,c1,DROP,2011,?,p1,
1769719043.4615388,CREATED,79aac666-0442-4b24-9c5b-47d2e9683749,865d916d-21ed-4091-b599-f6defa28adb4,c1,DROP,26,?,?,
1769719043.5677497,SENT,e99542ec-9a94-44b6-b3e6-0bf930069321,6062ea67-dd75-47ca-a483-8db7e5b2acde,c1,DROP,2031,?,p1,
1769719043.567791,CREATED,d6168e5c-48b5-4a8e-8e60-9d8b16570fdc,6123fe9a-c813-4335-9d00-21271202e400,c1,DROP,27,?,?,
1769719043.5725482,SENT,f064b072-b4a3-4b8a-89f0-1240870027c2,703c9b06-9050-4f98-94e0-b28d2d8984e1,c1,DROP,2017,?,p1,
1769719043.5725887,CREATED,0fc643f9-8aa8-47c2-b349-1a459a9844f1,e42bbea1-3a96-43b9-90cc-c3526850b449,c1,DROP,27,?,?,
1769719043.6656194,SENT,00c07f34-1aa4-42bc-84f6-6d8161e4c879,28f4c534-4000-4fc2-9964-80d7444a6e8a,c1,DROP,2015,?,p1,
1769719043.6656609,CREATED,a22e039d-d43e-4b66-ada0-0fa79af30d7d,f3247ea3-72ee-47b7-9e41-a903a172c924,c1,DROP,27,?,?,
1769719043.6865635,RECEIVED,c3442a70-5b8c-46b1-81d6-9e3999bbad52,e676ed83-cea5-488b-bb8b-7f3f1d42d47c,c3,c1,27,p1,?,surb={'id': 'c26c8519-cd53-4a70-a17a-df22f296626c', 'route': ['p1', 'e7', 'i9', 'x10', 'p3', 'c3']}
1769719043.7989953,RECEIVED,85fd498c-16af-4fe8-9fdc-07c9c670e94e,1e614d9b-83d0-4fff-963c-9037d3efe923,c5,c1,27,p1,?,surb={'id': 'c9f677a4-5eb0-4aef-8e2d-3ee9da37abbc', 'route': ['p1', 'e3', 'i9', 'x2', 'p2', 'c5']}
1769719043.9011643,RECEIVED,4c4b9365-42bf-464a-8695-8e93c8856f6b,87b1b22e-fea2-404a-b20d-45a87f432c2e,c5,c1,27,p1,?,surb={'id': '58fa3843-765b-422d-ac45-3d9134a32f15', 'route': ['p1', 'e2', 'i2', 'x8', 'p2', 'c5']}
1769719043.928754,SENT,fa8cf5dd-942f-4eff-873c-0c782fd17b6f,9c29f1ed-8674-40cc-b2e9-2c574a5b8a40,c1,DROP,2023,?,p1,
1769719043.9287944,CREATED,af9ab36e-ccfc-4314-b907-23f6a3fd5ca4,7fb5a0d6-adb3-47e4-8645-d7819ea540c1,c1,DROP,27,?,?,
1769719043.9328802,SENT,d283a57e-10bd-4661-8638-f4380d66e48f,8973b72f-629c-4dfc-adc6-da4b7014cb1f,c1,DROP,2016,?,p1,
1769719043.9329183,CREATED,d4370c24-67ee-4a30-8934-ca83d66a3944,bd826e34-389b-4e42-a525-c03ed773c71a,c1,DROP,27,?,?,
1769719043.9354136,RECEIVED,22760000-70e3-4080-91b0-69ec1466f02b,a9ed013a-726b-4932-98ea-0927ba9d67b0,c2,c1,27,p1,?,surb={'id': '67e678c1-8c93-4ee7-89e0-7135d88517e1', 'route': ['p1', 'e10', 'i11', 'x11', 'p2', 'c2']}
1769719043.941308,RECEIVED,4ad5ec61-7e87-481e-829f-6ff6b0a3e9d1,58d44c24-90f8-4f25-82c2-620f7a40cd57,c2,c1,27,p1,?,surb={'id': '8351f04d-ff12-4172-b31e-e83176d89480', 'route': ['p1', 'e2', 'i11', 'x2', 'p2', 'c2']}
1769719043.949853,SENT,8bfec368-93ec-493d-89b7-c093e768dbab,684b727f-076d-4c6f-8c8f-123da581f4ff,c1,DROP,2016,?,p1,
1769719043.949895,CREATED,d7e9cd6d-ac95-4541-8fe4-544ae83211fe,98091e4c-4b2a-4fe8-8de1-c6c610aeb80e,c1,DROP,27,?,?,
1769719043.9657388,SENT,c474cb2a-e7db-4162-b65f-1f7c27452d3a,09ec8b93-da74-453e-a3b6-977c67210f03,c1,DROP,2036,?,p1,
1769719043.965777,CREATED,fd82fa44-0feb-410f-87d2-3fb22f8ce0ad,490c584b-a71e-4406-94e0-6ef822d85ce7,c1,DROP,27,?,?,
1769719044.0405192,SENT,2665ac71-d9b4-40af-95f7-069c50f9eac2,5193c0f8-842a-4011-8969-26ddb8f1801d,c1,DROP,2028,?,p1,
1769719044.0405626,CREATED,7efce72b-a7a3-47a4-b6c5-47bcd6996c01,8c06aa39-d107-4178-916d-27f1ce2665da,c1,DROP,26,?,?,
1769719044.127157,RECEIVED,571475f9-403b-423c-813d-16dde6a96faf,191cc378-8cdf-4047-9af1-becb718f0ad0,c3,c1,26,p1,?,surb={'id': 'ac41b609-d270-4ac4-87c7-279bcbac9aec', 'route': ['p1', 'e8', 'i7', 'x11', 'p3', 'c3']}
1769719044.2544425,SENT,8a08110d-eb5a-424e-889c-e13953e5c6a8,3a0b6348-cdb6-4af0-9f4f-0a458eb317b7,c1,c5,3375,?,p1,
1769719044.2544894,CREATED,018cd4d1-97b8-4b5d-aab0-2436bb196e86,7ccc97dc-3e87-4a26-b5ac-76180553c031,c1,c5,27,?,?,surb={'id': 'fdb1a7fe-9ee1-4013-bbf6-1c9bd87037ed', 'route': ['p2', 'e10', 'i5', 'x9', 'p1', 'c1']}
1769719044.2575705,SENT,8e3c9d0a-b434-46a6-be06-56d7c1eae3d4,99f679d6-d42e-4705-94c5-f89d87e94f1c,c1,c5,3359,?,p1,
1769719044.2576187,CREATED,d5b97db3-96b4-4ad9-b651-b617ece29db0,61518a82-b816-469f-8ec8-ce263f73a30f,c1,c5,26,?,?,surb={'id': '1ad018e4-1712-444c-a6ca-99e8fef4efb3', 'route': ['p2', 'e12', 'i12', 'x5', 'p1', 'c1']}
1769719044.2675226,SENT,9fe7a3a4-127e-4e9d-a72d-0d5e52d4b8d2,9da43b02-5a29-4042-beb6-783e41a1047b,c1,DROP,2015,?,p1,
1769719044.2675607,CREATED,7ca2769f-a238-488a-99ea-7d37786aafab,fa37d508-4277-4012-8d3b-54e48a4e683a,c1,DROP,27,?,?,
1769719044.3512225,SENT,5ef1e8a3-05dd-4693-b62f-0dfee5efb29a,1f16b494-d946-4c34-b5c8-e98938796224,c1,DROP,2019,?,p1,
1769719044.3512614,CREATED,e6f26d20-5975-4180-b7d9-a7f09dc55c3e,07387b83-7178-425a-840f-9b61b87cd55c,c1,DROP,27,?,?,
1769719044.3981392,SENT,f583f99c-a161-4b6d-9220-e4912fcce257,3578dbb4-0c85-4a30-be90-41bd75221352,c1,DROP,2030,?,p1,
1769719044.3981788,CREATED,9adfb30f-1611-4f6d-bc28-a362a8e9b764,680b018d-7917-491a-8171-d9e5c2de6925,c1,DROP,27,?,?,
1769719044.4694505,SENT,d8d3f15e-9718-4729-a247-fd4362a3ec94,000b67a5-7606-4bc4-8a5b-170d035532d0,c1,DROP,2016,?,p1,
1769719044.469491,CREATED,d032ef0c-06f8-4684-ab4d-f7276fa79681,9178221f-d3ee-499e-a6ca-dfbf1e321ac2,c1,DROP,27,?,?,
1769719044.493097,SENT,1a05b1e9-6d44-4d11-811c-a8d975fab239,362e9839-021c-44ee-b98f-4f93670adf1a,c1,DROP,2031,?,p1,
1769719044.4932625,CREATED,45131d4c-c61e-4142-8dd0-116360b1aaeb,92354bcc-e586-426b-b177-10fbac5e61a7,c1,DROP,26,?,?,
1769719044.607398,SENT,a89d8c4f-2f0f-4871-9131-71e23e09591a,c87ab822-4510-4f18-bfc8-856e20c413b9,c1,DROP,2015,?,p1,
1769719044.607432,CREATED,7d7f50ae-bd7c-4a58-a5b8-ad9ba3e6b3df,db79b9d2-a53d-4ed1-a833-b945f254bc30,c1,DROP,27,?,?,
1769719044.6508338,RECEIVED,06abb2f7-478d-4d00-b081-08666ec65cba,763db850-3dcc-488d-94cc-83cf7bd1eca5,c2,c1,27,p1,?,surb={'id': '7d6c4fa0-6b55-4b0e-a301-d55a0e78a2d7', 'route': ['p1', 'e4', 'i5', 'x11', 'p2', 'c2']}
1769719044.6753912,RECEIVED,3b75aa99-d6a1-433d-b38f-37b0fe97ae6e,417859f9-1fbd-4c19-931e-7536a3b7ff25,c2,c1,27,p1,?,surb={'id': 'aa86ba23-bb4e-4953-85d2-a3fad8c29924', 'route': ['p1', 'e5', 'i8', 'x6', 'p2', 'c2']}
1769719044.6851006,RECEIVED,e69dc538-7dc0-48f5-94ad-be8bb85f6dbe,d3ca7a58-97a4-4d50-a8ac-7e8932f77bfd,c2,c1,27,p1,?,surb={'id': 'fa7b5dfa-309b-453b-8205-24313167b28b', 'route': ['p1', 'e3', 'i11', 'x5', 'p2', 'c2']}
1769719044.729744,SENT,13dd8185-60ee-4f18-906c-5bf5f2de6191,cf4eb640-fd41-42f0-976f-cc9e2bd84e7f,c1,DROP,2025,?,p1,
1769719044.7297862,CREATED,20bba853-291b-420d-9fc4-8629a61a0caa,6376a1cc-9e79-414e-96ab-140c8f57cb4b,c1,DROP,26,?,?,
1769719044.751013,RECEIVED,3d173af5-89fb-4657-8210-e5d25855ee96,f0b6b166-31f6-4864-843b-8d69d01d36fc,c3,c1,26,p1,?,surb={'id': '4ff992b2-482f-4009-9480-f3eeeecf9827', 'route': ['p1', 'e9', 'i5', 'x2', 'p3', 'c3']}
1769719044.7578077,SENT,804740bf-eb70-4d22-a5b3-981da3a70f5d,8e45f80e-cd74-4929-82d5-9ea54be5be4e,c1,DROP,2015,?,p1,
1769719044.757848,CREATED,eb38a0a9-8d42-41fe-9ca0-435ef314cef4,83b35066-8974-414d-b079-b830d5cf6d6c,c1,DROP,27,?,?,
1769719044.770984,SENT,160034ad-df1c-45a8-9176-22889be5bfbf,3e7d9c21-82a3-457d-a66c-6c74c7e610bf,c1,DROP,2035,?,p1,
1769719044.7710261,CREATED,5e1f046e-c067-4c57-9343-d9329f997201,83e9a47c-8c77-4f02-94de-fc4136c77966,c1,DROP,27,?,?,
1769719044.7818532,RECEIVED,f973d433-badf-4235-8c5e-d30ed2a3878b,25f92390-5f66-4427-a289-6d3827a9fd70,c3,c1,27,p1,?,surb={'id': 'd48d156f-8e53-401f-ade5-e0359b407370', 'route': ['p1', 'e10', 'i10', 'x8', 'p3', 'c3']}
1769719044.816972,SENT,06915621-29ba-466f-8165-ca08c3b04c93,03b75feb-883d-4c34-ab1e-ba87e59447bf,c1,DROP,2040,?,p1,
1769719044.8170145,CREATED,e752166d-a926-4c0d-84f9-37c267c32ee5,bd4d479a-15bc-49d0-8723-882b34557629,c1,DROP,27,?,?,
1769719044.880388,SENT,58c725fe-7b75-4309-bdc1-41e639608fd0,820a1152-787e-43c2-808f-0774fbc53b85,c1,c5,3376,?,p1,
1769719044.8804352,CREATED,5b500b19-afc2-4062-b6b1-d9e61c1b11a2,2adc887e-c3ee-4953-b44b-f1ce107087e0,c1,c5,26,?,?,surb={'id': 'a2fc55c0-1991-45f4-8ffc-bac1a3e92155', 'route': ['p2', 'e1', 'i9', 'x11', 'p1', 'c1']}
1769719044.9433212,SENT,01aadffe-98a1-4e08-b829-d0bb4300c386,6480a0e7-d02b-4f97-aa8e-124eb75ac5ac,c1,DROP,2042,?,p1,
1769719044.9433615,CREATED,898675dd-ad20-49c5-92c4-faa77ec8972b,588f1994-1c2d-4d74-aab3-36fbae05c3ce,c1,DROP,27,?,?,
1769719045.0041616,SENT,98c2edc1-cd39-47b9-9eee-9d8d816a9e91,47e12b1c-7067-48dc-8841-386fb702947a,c1,c5,3367,?,p1,
1769719045.004213,CREATED,ea67cc31-f08a-43d0-908e-8860c8b7e3db,7fa8f837-0e76-4632-b4b9-d489ad618e95,c1,c5,27,?,?,surb={'id': '93bc3c91-18d6-4e3e-82a0-c0133ea8cefd', 'route': ['p2', 'e1', 'i5', 'x8', 'p1', 'c1']}
1769719045.0408623,RECEIVED,79bd4d30-6715-4c2f-ace8-0ea70883f349,12008763-f691-42fd-82af-5273f71bd846,c5,c1,27,p1,?,surb={'id': '62e9c905-3951-432f-98f2-c698e0c0f5fa', 'route': ['p1', 'e11', 'i3', 'x8', 'p2', 'c5']}
1769719045.0578058,RECEIVED,68b0b221-6f7d-41a3-90d9-51ad71b5fb93,2e90254e-adc4-490f-94f5-698702a67610,c5,c1,27,p1,?,surb={'id': '74fc13f9-2e80-41f2-abe9-89851dbdc81a', 'route': ['p1', 'e4', 'i9', 'x2', 'p2', 'c5']}
1769719045.0737073,SENT,ef0ec664-b5d2-42cb-a78d-3d0f310903a8,2d8efbd9-09c1-44ed-9c2d-80a73c8e768d,c1,DROP,2029,?,p1,
1769719045.0737467,CREATED,311e74c7-c55c-4c9b-b6c4-2076239da1fc,d6af001c-4634-4ae8-8c6b-e64f91dc6318,c1,DROP,27,?,?,
1769719045.0933807,SENT,e5a9a4e8-5459-4cc9-9a19-c55a445e811d,1eaf9410-06f5-404a-9505-f1938fcbd650,c1,DROP,2030,?,p1,
1769719045.0934222,CREATED,b5e5bdfc-b40b-4c59-b0ba-49970d0e44ea,63287331-bf5b-4f54-aee8-3f541654f51b,c1,DROP,26,?,?,
1769719045.2224686,SENT,e618024a-34c4-4cff-8c3f-9729d257d315,a7ce2d30-08f3-4113-bf4c-bf8e4d9a0006,c1,c5,3379,?,p1,
1769719045.2225142,CREATED,073a4183-6a9d-4fff-a1cc-395fb2f0705c,74476b77-33a2-4c47-8879-1d5170c9a51d,c1,c5,27,?,?,surb={'id': '019cd179-5f96-48cc-bb6d-c3ae0811e8d5', 'route': ['p2', 'e1', 'i12', 'x5', 'p1', 'c1']}
1769719045.2339919,SENT,d9e8d11f-206c-4780-95b7-647c2cdf0427,630dd088-01d5-4813-8645-1a37e0e7b11a,c1,DROP,2028,?,p1,
1769719045.234033,CREATED,e5dfbafb-094f-4493-a789-41a5a24428fd,be2ca712-229e-4e63-a90b-033d052f03b5,c1,DROP,27,?,?,
1769719045.2572536,SENT,cd9f7a64-564f-470a-876f-6a21710333cd,b9eeca80-d41f-40b8-b5d6-de93b5b7c242,c1,DROP,2028,?,p1,
1769719045.2572944,CREATED,e5dcab2c-acd5-4069-bf03-d196fefb4c41,42db5839-8948-4445-b510-4d5b6b0c04c5,c1,DROP,27,?,?,
1769719045.302671,RECEIVED,6050b5eb-a6b3-443b-b974-81aa3114eccc,e08dd47e-b55d-4c14-a969-d2a07c8b3ffc,c2,c1,26,p1,?,surb={'id': 'dbae914a-619d-4584-ac26-c0e0dabd8891', 'route': ['p1', 'e4', 'i7', 'x9', 'p2', 'c2']}
1769719045.3309903,RECEIVED,b8b1900f-cb5b-4919-960e-c99a70b26cc2,1d789867-efb3-4859-9a68-749f025f45cd,c3,c1,24,p1,?,surb={'id': '023ca638-5c8b-459c-be1e-552363a2a9d6', 'route': ['p1', 'e8', 'i12', 'x10', 'p3', 'c3']}
1769719045.395598,SENT,e3d73c7f-3096-4d72-8727-7f6438ad31f7,6d29a048-1e9b-4d17-8bbe-4dd82f779524,c1,DROP,2015,?,p1,
1769719045.3956375,CREATED,4fdec550-77cd-46e7-94f6-5ee6cd4669bd,95ae03ee-495d-4dfb-88b7-48afb1199062,c1,DROP,26,?,?,
1769719045.4020963,SENT,34688fb2-cbac-4255-83e9-bb43c3fa179e,90dcb32b-608a-4178-9059-ce6160668917,c1,DROP,2022,?,p1,
1769719045.4021406,CREATED,4e36c8fa-f783-431a-af89-16698acf2e2c,32b992f2-0d79-490e-864f-a9429eb4ca8f,c1,DROP,27,?,?,
1769719045.425207,SENT,467164e6-61c1-425e-a7c9-32679b62fae0,67a4bfab-a7c7-4f8b-9851-627d7853fe26,c1,DROP,2018,?,p1,
1769719045.4252427,CREATED,63877e84-f89b-43a3-9aac-353a290a1d51,db91329a-7430-443c-9f9e-e529caa802d8,c1,DROP,27,?,?,
1769719045.4340234,SENT,ec3a9515-522d-4166-afb8-dee13ad31b10,d48e2ccb-05bc-4c7e-9c95-7cc1db83b14b,c1,DROP,2020,?,p1,
1769719045.4340837,CREATED,91969c8d-dc8c-4a75-aef6-a133072b3750,2a7f2ea7-951d-4e67-b8e6-94b8e61e465f,c1,DROP,26,?,?,
1769719045.4430146,SENT,75487d7b-2284-451c-9846-16a1a9a1b683,4b5cd429-d2b1-4b77-97a6-18637eb0b71b,c1,c5,3367,?,p1,
1769719045.4434063,CREATED,b42d58c6-599e-4a09-995c-ff1e5031b429,46e036a1-1c71-4199-bfc4-0b4778bd2a9a,c1,c5,27,?,?,surb={'id': '6931ea1b-8b4e-4741-9a0a-ac946c51ddbc', 'route': ['p2', 'e2', 'i11', 'x7', 'p1', 'c1']}
1769719045.5489948,SENT,00b4f5f5-5034-4416-bb90-aae44da3311b,b5794df8-c4f7-41d8-ad51-6a99f72e504f,c1,c5,3400,?,p1,
1769719045.5490556,CREATED,578c9def-706d-48ce-ad74-24d20e169956,7440c76a-c940-471b-81b5-8254ccaf1c21,c1,c5,27,?,?,surb={'id': '26dc46b7-b1e9-4fc9-a172-f0e71ed4fcd2', 'route': ['p2', 'e1', 'i11', 'x3', 'p1', 'c1']}
1769719045.5611126,SENT,dedae4e4-3f82-4d56-b13c-c6911617c6f1,181f7cd6-3248-42e6-b98b-688f7d8f5a1f,c1,DROP,2015,?,p1,
1769719045.5611572,CREATED,d28b75a3-fcd0-436a-bfc4-e23b45e09628,728ba8c6-5454-4919-89d5-79109c2ab6f1,c1,DROP,27,?,?,
1769719045.5687764,SENT,5cc32592-449a-4a81-a7dd-d4b5cdc51d06,54c878e8-c8f5-494a-9843-6610a5b1dddb,c1,DROP,2014,?,p1,
1769719045.5688353,CREATED,4449c39b-d476-4087-87ff-c843a81c95c7,1c3fe944-0529-4617-8728-2f6624482a07,c1,DROP,27,?,?,
1769719045.5892532,RECEIVED,f7c567b7-372a-4d60-8677-1fe5e29e1a33,8808d897-46fa-4887-92d7-fbdb13dab1cb,c3,c1,26,p1,?,surb={'id': '5f1ab758-34c7-43b0-8572-f4819c61aa94', 'route': ['p1', 'e1', 'i9', 'x9', 'p3', 'c3']}
1769719045.6028583,SENT,a662fa20-bf74-486e-adf0-0af978d19033,24891d89-936c-48c5-8ef5-ecd385134f91,c1,DROP,2039,?,p1,
1769719045.6029,CREATED,6298ec2d-d955-477b-994e-edb82dadc418,d525876b-ee05-4ae2-8d1a-386176244b23,c1,DROP,27,?,?,
1769719045.6095102,SENT,e4e7fdfa-4713-4004-8c8b-523eda70da95,111258ac-9e39-4744-a5df-3c3e4e8f767f,c1,DROP,2032,?,p1,
1769719045.6095514,CREATED,04170d85-624c-4a32-9fb5-b6f8b70f49fb,1811199d-cbfb-40c2-8f2e-9e4367475c52,c1,DROP,27,?,?,
1769719045.6568172,SENT,e7ae60f8-4726-47d8-bd07-13ae3619ebce,8e444acb-cdf5-4c09-a6cf-8497655bd9d0,c1,DROP,2023,?,p1,
1769719045.6568592,CREATED,eb5a6298-3806-4d35-9b1a-cd2114bdbf74,2b811313-2c9f-43d1-9fcc-60ee516d7c6d,c1,DROP,27,?,?,
1769719045.6814592,SENT,764d7037-d980-4255-ac1d-86bce42d319d,17ad6ccf-b7fc-4214-9594-a1d7c083a566,c1,DROP,2016,?,p1,
1769719045.6815002,CREATED,5188f458-67aa-425a-837a-734494617684,d5bacea5-1c72-4a5c-9686-20bb03f7c1c4,c1,DROP,26,?,?,
1769719045.710246,SENT,7e4f761a-51d2-4dd6-ba1f-720bc37807e2,49fb669a-15f8-4257-adec-4aa361a5a8e6,c1,DROP,2012,?,p1,
1769719045.710287,CREATED,f2fd6a34-346b-4316-824d-e35db648480d,88e555fc-058a-42a3-b9dd-bec1fd5bc27b,c1,DROP,26,?,?,
1769719045.7152135,RECEIVED,a51a2bb4-300b-44dd-b659-efd3c8b6cb95,bdb1fb56-2520-4c14-897d-43828ab0714e,c3,c1,26,p1,?,surb={'id': '381d78e0-2a4c-4072-928e-f6bb16080ba9', 'route': ['p1', 'e10', 'i9', 'x3', 'p3', 'c3']}
1769719045.7961466,RECEIVED,b9d52e0f-46d1-40db-83fe-69b4139d7235,a6613d7f-5b82-441e-9469-2b2b12532150,c2,c1,27,p1,?,surb={'id': '8902f755-76ab-4ffe-bb7a-e9c740ee5268', 'route': ['p1', 'e2', 'i3', 'x11', 'p2', 'c2']}
1769719045.811025,RECEIVED,7d3562c5-46c6-4cba-af28-59f267dc4e4b,bd4d42c2-abd9-43e9-aa3a-b9a40b58648f,c5,c1,27,p1,?,surb={'id': '5a0b0a90-e98b-456b-83f6-3ceadd03ff0f', 'route': ['p1', 'e4', 'i1', 'x1', 'p2', 'c5']}
1769719045.831883,SENT,b4d59bd3-487b-4fa7-b239-a2d291d85462,ed296af4-6e7e-42a3-b15d-e6e33b88171e,c1,DROP,2016,?,p1,
1769719045.8319232,CREATED,cd0ae2ab-6db6-4a30-adc0-f0eea723379c,a0bec042-1765-4f80-bbea-92d7e2eff2f8,c1,DROP,27,?,?,
1769719045.8505373,RECEIVED,af3ce3e7-0831-42f9-b647-acb9d77256af,ded0ec42-5a03-44ec-b9f8-23a212831fae,c2,c1,27,p1,?,surb={'id': 'a3252a69-58ff-48dd-acc1-0364a5682a73', 'route': ['p1', 'e9', 'i10', 'x5', 'p2', 'c2']}
1769719045.8510017,SENT,53e5e034-8a55-4b96-9fb8-3fbe663d77ef,89e137ee-0fbc-45bb-befa-48a711ad15b3,c1,DROP,2013,?,p1,
1769719045.8510482,CREATED,012a325a-12a5-40f7-9c86-82549b0d042f,b651edd4-249c-47fa-a160-d0bcfa4fe978,c1,DROP,26,?,?,
1769719045.8613586,SENT,d7f5e0ed-a3d9-4c56-9761-09661d102661,6c301b28-5a7f-4563-a17e-fcf61c854e87,c1,DROP,2011,?,p1,
1769719045.8613994,CREATED,f00004b0-8abe-4d29-b8a7-9eb37fb641ea,55d6f05d-fb9d-4a95-8678-c96ab52438f5,c1,DROP,26,?,?,
1769719045.8916166,SENT,c46c0b12-0b2d-4036-a769-2e8bf7856836,8e9eea0a-c84c-44f0-8c37-2bfa23a6b024,c1,DROP,2040,?,p1,
1769719045.8916569,CREATED,9f8c742d-4930-4a6b-98a2-312cdaf77d2d,520b28d4-0d42-4685-b988-76d2378d0304,c1,DROP,27,?,?,
1769719045.932998,SENT,469d6d69-2eff-4567-b9f8-219a7fbc86b7,88dd2737-80bd-404e-87ea-373e9b0e74c9,c1,DROP,2015,?,p1,
1769719045.9330478,CREATED,b9ec4c29-2248-4ba7-a19f-10aa9f7314cb,b2a2e7d6-7326-40f6-9e68-ea89356777bd,c1,DROP,26,?,?,
1769719045.9905825,SENT,12f7521d-7847-4553-bc5b-7f1a91f784c7,4ed331c5-d29d-4fab-9d1b-4ef5d59f962d,c1,DROP,2022,?,p1,
1769719045.9906237,CREATED,11358ecb-bd83-495c-845c-5dad409c3f66,415bac03-3785-4a3d-81f6-df9d3d37bc2c,c1,DROP,27,?,?,
1769719046.098413,SENT,43c98e55-9139-4585-937b-53800278969d,860115b7-6d09-46cf-b569-a45a89af3367,c1,c5,3399,?,p1,
1769719046.0984607,CREATED,fe8feafb-d3e8-4da1-8e35-195b2c65beee,cc20c80f-ebc7-4e99-addf-13d48895f9c9,c1,c5,27,?,?,surb={'id': '713bc829-4994-49d7-97c4-b812960407ca', 'route': ['p2', 'e2', 'i10', 'x4', 'p1', 'c1']}
1769719046.1247966,RECEIVED,19acd215-7df5-41e2-aecb-2829b4b174ba,14a66e2f-319f-4451-a326-716789cdd870,c2,c1,26,p1,?,surb={'id': '35f865a6-0499-495e-a1d9-e40c008ae9fa', 'route': ['p1', 'e11', 'i2', 'x6', 'p2', 'c2']}
1769719046.1351433,RECEIVED,064bd758-8a2f-4841-bf51-4db6a52059eb,1ab9557f-e987-4a00-a1de-7cb363585aa5,c3,c1,27,p1,?,surb={'id': '19a12d0d-7b11-430c-bff2-cde33f403257', 'route': ['p1', 'e12', 'i3', 'x6', 'p3', 'c3']}
1769719046.1826882,RECEIVED,de886f5b-8f77-4595-b568-a04911b5d837,48e9d72c-6d04-4c13-a556-a5cbaa65deb9,c5,c1,27,p1,?,surb={'id': '8e1edb07-d74e-467b-8b02-c26009e4616d', 'route': ['p1', 'e1', 'i5', 'x8', 'p2', 'c5']}
1769719046.1869855,SENT,eb65bd12-0dfc-4eaa-908e-f976c8cbc3cc,27d9814b-788c-4cfa-9b2b-cfd37d867989,c1,DROP,2015,?,p1,
1769719046.1870456,CREATED,658b69ea-67ed-4e40-9ebf-4c34895db808,179cb0ab-63b5-4f32-8cbf-66e8fa68bab6,c1,DROP,27,?,?,
1769719046.244635,SENT,b8ac8318-bede-4bc3-9f93-03f954e72059,2192aeff-b780-4551-9125-0d8cf758993c,c1,c5,3396,?,p1,
1769719046.2446856,CREATED,68bd7cd4-02de-42cb-9ddb-b40dcdcb8360,2e235ac0-d8a1-4f5f-8945-0c24b14a34d5,c1,c5,27,?,?,surb={'id': 'dd5edfca-3ad6-486d-8eab-2218d8624dee', 'route': ['p2', 'e3', 'i9', 'x5', 'p1', 'c1']}
1769719046.3306603,SENT,2e3951b7-ff66-4589-b36e-551d87d7f249,3786c97c-6494-44f0-b8bd-de2ba0b57b04,c1,c5,3363,?,p1,
1769719046.330706,CREATED,dfc79097-db0f-4b89-8127-24f49243cc4b,60f2a2b0-7064-4604-a735-82a2a9df90a4,c1,c5,27,?,?,surb={'id': '8f9d51c0-48ee-42f7-8193-daeeac1dfb8c', 'route': ['p2', 'e6', 'i9', 'x3', 'p1', 'c1']}
1769719046.3428025,RECEIVED,0c0e7674-3c8f-4df1-abf9-9dad0d862426,8e4ecd96-7177-45f9-85f5-7f2cbd636aeb,c3,c1,27,p1,?,surb={'id': '5ab4c6c4-8a0d-4449-9339-555a22eb7f14', 'route': ['p1', 'e5', 'i2', 'x3', 'p3', 'c3']}
1769719046.3601692,SENT,d00e89d1-e7cf-4084-9766-df186c7fade7,e696a024-189d-4760-b411-5a954bdb1864,c1,DROP,2015,?,p1,
1769719046.3602123,CREATED,c07b02e7-7651-4afb-8fab-895721b1250d,b03e6ec0-4956-4aa8-b715-d4e10b508d20,c1,DROP,27,?,?,
1769719046.4175022,RECEIVED,541bdac2-6f3c-4892-9b7c-0fad0073397a,d659c83e-b591-4032-b951-762568c1d9e0,c2,c1,27,p1,?,surb={'id': 'd73cf7d5-9aa7-4dfe-944e-65de9e132cd0', 'route': ['p1', 'e9', 'i1', 'x11', 'p2', 'c2']}
1769719046.4370906,RECEIVED,3bb44ff7-9847-4329-82ba-535b176028ca,f734d5bf-b81c-44df-af4e-e2b9fdb16af6,c2,c1,27,p1,?,surb={'id': '4b46eb24-a531-4dbb-ab79-adad2d336ff7', 'route': ['p1', 'e5', 'i12', 'x7', 'p2', 'c2']}
1769719046.5245798,SENT,4aea5697-7969-432b-bf83-81d57fb42e12,055c3a21-6265-4016-8f11-e483b212640d,c1,c5,3373,?,p1,
1769719046.5246277,CREATED,ef3792c0-e96d-4cc7-b631-95d6d72c321f,df4ca785-abce-49f2-8f84-7151caf2501b,c1,c5,27,?,?,surb={'id': '1d88292f-821f-49dc-9685-9c8718962e0b', 'route': ['p2', 'e7', 'i4', 'x6', 'p1', 'c1']}
1769719046.5410614,RECEIVED,04685d71-cf2c-4a15-9f3a-a413e1996b1c,17faa995-f390-4d98-ac4c-3a5d950d1790,c3,c1,27,p1,?,surb={'id': '2a6b7c3d-946f-405f-b1f6-27537bdd78bb', 'route': ['p1', 'e8', 'i1', 'x5', 'p3', 'c3']}
1769719046.552397,RECEIVED,d46fc2da-d676-423b-bb6f-938639937dc5,5b9362e2-77df-4199-a5e4-e5f5f1cae22e,c2,c1,27,p1,?,surb={'id': '21faa5e3-94e3-4fc3-ba7b-cc3934d120c9', 'route': ['p1', 'e5', 'i4', 'x10', 'p2', 'c2']}
1769719046.5884354,SENT,433bf77f-8262-43cb-83b6-7e0929e59651,e38d92db-0e89-4575-993a-666d00ae74db,c1,DROP,2028,?,p1,
1769719046.5884728,CREATED,3e9319dd-822b-4bd2-9cfb-568e4a622e37,f5ee5a6b-2f51-4ceb-be00-49420aa803df,c1,DROP,27,?,?,
1769719046.621194,RECEIVED,dbbc656e-5ca1-4d59-8405-e23b3e308893,f0d29525-af56-4393-b6ab-f386027c3df8,c2,c1,27,p1,?,surb={'id': 'd6fd06a8-5471-4079-916b-e6f51531a441', 'route': ['p1', 'e6', 'i7', 'x6', 'p2', 'c2']}
1769719046.632898,SENT,27a52a6e-1a4c-45a0-b759-695dbcd6e4cf,a670b3fa-1351-4e4f-a946-f36413f676ce,c1,DROP,2028,?,p1,
1769719046.6329377,CREATED,bdd8ddd2-254b-425e-881d-29c49bc956bf,75686be4-7413-4ec8-a110-de7042f7bf05,c1,DROP,27,?,?,
1769719046.649466,SENT,7e1fb8db-e918-4820-ac6b-360d788e623e,b385cabf-4c66-49ad-999c-7ab7c0fb1fbf,c1,DROP,2037,?,p1,
1769719046.6495063,CREATED,4a963fd8-a596-4e2a-a501-d7dd56448d90,d32fd97c-0a10-48ca-9c14-c3a9a866f02d,c1,DROP,27,?,?,
1769719046.6711078,RECEIVED,af7089b8-05b0-4406-85c4-15e5710a2559,0b216ef1-612b-4126-96e8-594ef2afaea5,c2,c1,26,p1,?,surb={'id': 'b29aba60-da87-4131-b395-da5148637cbf', 'route': ['p1', 'e10', 'i7', 'x5', 'p2', 'c2']}
1769719046.7054434,RECEIVED,53c3dbd2-10c4-4fe6-937d-669680e1037e,91e127c9-59a5-4b2d-bef4-1cebcfdda7a3,c2,c1,27,p1,?,surb={'id': '0d02fa69-0a2f-4129-8bbf-87a9cbfa46a3', 'route': ['p1', 'e9', 'i8', 'x3', 'p2', 'c2']}
1769719046.7709525,SENT,f66de072-ed10-4ca4-a08a-21332ab8b0c6,f21f266e-a65e-4a30-9816-0e867915228e,c1,DROP,2015,?,p1,
1769719046.7709842,CREATED,1fdd5963-4d7d-4e44-bb68-f4b2e4943b29,c5ffd54a-bd3f-44b0-b409-9bfc9724d751,c1,DROP,27,?,?,
1769719046.8182437,SENT,327ad795-bda9-4b3d-8ede-5f2973c61f60,740879d7-633f-45aa-b46d-9780d7bda474,c1,c5,3375,?,p1,
1769719046.8182917,CREATED,a36dc692-0d02-4493-81e7-4ebc2708cb5e,65d13c66-abd1-4805-955e-501985c0f7df,c1,c5,27,?,?,surb={'id': '3d37e325-a81e-40a4-be2e-e4a25f8b4825', 'route': ['p2', 'e6', 'i2', 'x10', 'p1', 'c1']}
1769719046.8311543,SENT,e5e54531-e118-420f-8efa-65f5e6cc9106,b2c9e5d4-7bff-4ba6-a4e2-9e8796e0188c,c1,DROP,2015,?,p1,
1769719046.8311925,CREATED,cc5df454-dc62-4313-a7b1-e67b445b9834,66b8a675-de16-4221-bc2a-2723560732dd,c1,DROP,27,?,?,
1769719046.8481033,RECEIVED,b889d3d2-7b4f-4197-9105-127ebfb64c98,9559e1c0-4646-46c4-bda1-fb5ad82ef418,c5,c1,27,p1,?,surb={'id': '4bc0c942-cdfc-4fa1-8469-1c21e42c8225', 'route': ['p1', 'e2', 'i10', 'x6', 'p2', 'c5']}
1769719046.8831015,SENT,a184f238-bf87-41fb-8c4f-67e5069fd0d3,093832bd-a626-4525-8413-cb9d3f306495,c1,DROP,2031,?,p1,
1769719046.8831425,CREATED,02191ae3-8252-4590-9c32-adb883ea62ba,d2735b78-e651-4ee3-a7ed-8f0789a7f91f,c1,DROP,27,?,?,
1769719046.9358537,SENT,60311de0-3b10-42c3-aa01-89d584bc225e,a305b055-cb31-45f2-b8fa-7cddf1ce8738,c1,c5,3376,?,p1,
1769719046.935901,CREATED,1e41b694-0b77-4f7b-b841-940dee1599f8,a537265d-2175-46e9-9ba8-add80466b8e0,c1,c5,27,?,?,surb={'id': '116e967f-5cad-4445-beab-a28f37cbe51b', 'route': ['p2', 'e2', 'i9', 'x5', 'p1', 'c1']}
1769719047.0830195,SENT,7e02d262-3f26-42dd-b8c6-413c1508fb65,adc8f2e6-9599-4623-98bc-4bafcd5aeb3b,c1,c5,3381,?,p1,
1769719047.0830774,CREATED,37aacada-aced-4963-9f59-4110afb490a7,0f504628-f856-4a30-8f5f-5aa638de7500,c1,c5,27,?,?,surb={'id': '22f40e1b-0bf8-42d5-be7c-1d4105f4b74e', 'route': ['p2', 'e3', 'i5', 'x1', 'p1', 'c1']}
1769719047.1137075,SENT,8debf365-84dd-4dd3-a447-8624e1a7fcc8,cc49294a-6c80-4150-a882-c819edd2eca1,c1,c5,3376,?,p1,
1769719047.1137586,CREATED,eed20b4a-64ea-4caa-b518-1c26348ad91d,f7f65927-d7b9-4e67-943b-788898c6ac0e,c1,c5,27,?,?,surb={'id': 'b6757d8f-00ef-4f07-ad5e-fac89bbbb1d1', 'route': ['p2', 'e11', 'i7', 'x8', 'p1', 'c1']}
1769719047.1361349,SENT,56b011d5-bfd0-45d7-89ee-b766d71f2b4b,70fb5954-65f0-4788-8b06-9a4c5c331064,c1,DROP,2027,?,p1,
1769719047.1361766,CREATED,3483cf80-4772-4b4a-8c13-9dcd6a7e24e9,c1065168-023a-4478-a06a-12a715bc353b,c1,DROP,27,?,?,
1769719047.1502469,SENT,6236a419-3764-405e-a1ea-c721f6d5b5c7,0708a324-ee23-43d6-a4c6-7756a61c9035,c1,DROP,2027,?,p1,
1769719047.150285,CREATED,6e988b6b-3239-400f-baa7-4ae073e928bc,b58cdc96-8a87-45de-a8ef-781fb55d1d32,c1,DROP,27,?,?,
1769719047.1597416,SENT,8092f19f-2f2a-4b7a-a116-709eed582b71,ec328c0d-4e91-4ccb-b9f0-7ad7e7f1b926,c1,DROP,2037,?,p1,
1769719047.1597822,CREATED,76110aac-5dfc-4f40-b376-1686e08e5245,7f5be6af-8fe9-47d2-9e93-20c68169165f,c1,DROP,27,?,?,
1769719047.1886728,SENT,bfcf7585-abeb-4497-8b67-7c7d6c731e78,9775cd1a-6d81-400d-a142-feb3eb416e25,c1,DROP,2015,?,p1,
1769719047.1887136,CREATED,ce749e72-137e-4166-b957-3bdcea83e7d1,458a9d70-1237-4935-8773-12e9cd1688b0,c1,DROP,27,?,?,
1769719047.201297,SENT,ae6c32f5-66a2-4a36-97a1-5baaf42e4729,96964586-0e46-455a-bb9e-d1194884f6e9,c1,DROP,2031,?,p1,
1769719047.2013392,CREATED,7dfe8681-12c9-43cc-8bcf-e48b4d698d8e,42f18d69-83dd-4ef2-98a8-c580c218981d,c1,DROP,27,?,?,
1769719047.2665634,SENT,049b50fa-80f8-44ef-bc43-d801e6286da1,d0c66598-7477-40b2-bc4e-1169d00f3e19,c1,DROP,2016,?,p1,
1769719047.2666137,CREATED,7c1667bc-88d8-49d3-a9af-bcabe465bac3,77d0dc9e-0ad8-4b2d-bac8-1138adebde4b,c1,DROP,27,?,?,
1769719047.2767754,RECEIVED,4109e1fa-ecd4-46ff-9f14-899dcf576e86,9dd4be2b-6c52-4f0c-8222-5e4ea293f06e,c3,c1,27,p1,?,surb={'id': '65b32483-8d8e-442f-b56d-13f1ba1500d4', 'route': ['p1', 'e11', 'i2', 'x11', 'p3', 'c3']}
1769719047.3104146,SENT,a9d02590-c2aa-4410-90bd-ab840f91dc6e,b9c1f370-1753-4de4-86f6-f4913a6081f3,c1,c5,3364,?,p1,
1769719047.310455,CREATED,22b2a139-aa58-446a-bd52-d3b890898808,44f91c2e-7591-459a-bab9-c5c57c85a20a,c1,c5,26,?,?,surb={'id': '6ca3b313-721d-45f4-b57b-d7dd207bac8b', 'route': ['p2', 'e10', 'i7', 'x10', 'p1', 'c1']}
1769719047.3861322,SENT,055aca91-332e-4ae5-97df-462500898606,49046e6f-3064-4b00-9ef8-cf2b19351f12,c1,DROP,2024,?,p1,
1769719047.3861735,CREATED,c2ddb3aa-95f8-4699-accb-fb6149486531,9599641c-ec58-477e-9a3e-d1a856beff8b,c1,DROP,27,?,?,
1769719047.3904877,RECEIVED,e2d3b459-baee-4021-8f4c-231e9a41790d,63bd80f1-22dc-4233-8344-ec2f151e59f4,c3,c1,27,p1,?,surb={'id': '19cf80ef-baf3-4d71-abf2-e5f0d4ea0135', 'route': ['p1', 'e6', 'i8', 'x7', 'p3', 'c3']}
1769719047.4458969,RECEIVED,e2919845-2440-4bd3-bc63-24a58cd26095,6ef01980-5108-4faa-a9e3-6ecb0a6681e6,c5,c1,27,p1,?,surb={'id': '47b9b1be-7bc3-42ae-a385-8bb8a53a2900', 'route': ['p1', 'e12', 'i11', 'x5', 'p2', 'c5']}
1769719047.489934,SENT,dad0d785-07bd-45d4-a972-2c0410f9878c,8608ed42-43c8-4982-9333-1f68ad415ab0,c1,DROP,2017,?,p1,
1769719047.4899747,CREATED,d1727a59-5493-4a33-9e77-a464c626d253,750362dd-44c4-4a63-810d-af9ac9b2f44d,c1,DROP,27,?,?,
1769719047.5102286,SENT,75f6b60b-b6ba-4ab3-805d-a40426b1b760,1b98a2f8-9595-4ddc-bee2-6d69b16c96b9,c1,DROP,2032,?,p1,
1769719047.510268,CREATED,f2cb1a58-bd22-41be-ab0a-2cd01bb523af,e45024ba-cf74-449c-9826-92ba9fe7fb5c,c1,DROP,27,?,?,
1769719047.5286934,SENT,d0597850-761c-49a9-86ec-44fe4ea488ec,e6d40d6d-d6af-4e08-bea8-e83a9a0e9c24,c1,DROP,2015,?,p1,
1769719047.5287316,CREATED,f207c895-7fad-4f90-ad3e-33ba6298dcee,abd50a6d-0739-47f4-892a-ad07decfbd03,c1,DROP,27,?,?,
1769719047.586192,SENT,dd7f3c50-479e-4c35-964c-cb4941d33b82,264aa5ee-68ed-4c2f-8d8f-7c9470a82a96,c1,DROP,2018,?,p1,
1769719047.5862327,CREATED,85629f0c-ba98-4fd2-89bc-f08c461f2b5c,2f1e3fa8-07ca-4026-a68f-a05c68887474,c1,DROP,27,?,?,
1769719047.7088227,RECEIVED,22da6863-01be-42bb-ba80-b262a0ff2a35,c96aaf3d-0fe9-428e-b23b-c4fe6c0a1469,c3,c1,26,p1,?,surb={'id': '63252508-f827-44a0-9efc-d6696b0e90db', 'route': ['p1', 'e10', 'i1', 'x8', 'p3', 'c3']}
1769719047.747177,RECEIVED,a5bd28e9-df07-40e1-99ee-868a6e26da37,baaa43ef-be6c-4f71-8ba6-6a44336986fd,c5,c1,26,p1,?,surb={'id': '668d11cb-5636-4240-9ce7-482b07af266a', 'route': ['p1', 'e9', 'i7', 'x4', 'p2', 'c5']}
1769719047.8401785,SENT,a3d28258-1470-49bb-8997-be0eea4a52c9,83770517-9f1a-45d2-af3b-901e97992b07,c1,DROP,2031,?,p1,
1769719047.8402221,CREATED,310a5ac7-3758-4f76-9f33-8c223e3d1b4b,2543dd30-502f-4ae4-8b01-31531f011f57,c1,DROP,27,?,?,
1769719047.8473063,RECEIVED,45b74359-e53d-4cab-9136-88756000b933,4c196542-d858-4a5b-bf64-b9612966d570,c3,c1,27,p1,?,surb={'id': '5ab77196-d6da-4c57-9d11-1d95d8556ec6', 'route': ['p1', 'e6', 'i9', 'x6', 'p3', 'c3']}
1769719047.9519706,SENT,3954def8-3c27-41e2-a9cf-f5fb9b70efd8,2ec00af0-2cad-4166-b2f6-2d3ab18edc16,c1,DROP,2017,?,p1,
1769719047.9520125,CREATED,9718f2f0-d710-4b9f-9050-d11745bf5050,da2a0817-349c-44c6-832f-2580950eba65,c1,DROP,27,?,?,
1769719047.974232,SENT,1c160a8b-d9d4-46ac-a1b8-d832110a1a87,4eb909db-91de-48d8-a114-25c77a3f6598,c1,DROP,2016,?,p1,
1769719047.9742818,CREATED,1d3d6ff0-088d-4378-bf3d-c911ef2bf904,f338229c-302a-4182-9b93-9904c4fcfeaa,c1,DROP,27,?,?,
1769719048.0132887,SENT,dd65285a-8557-4596-91fa-65603dd764cd,ffce7e58-82c4-4ec8-a9ab-522190ad96e3,c1,DROP,2033,?,p1,
1769719048.0133383,CREATED,517be5df-b599-4665-9783-5762510facce,4bdbca68-a0f1-4ae0-9936-b1da4b543527,c1,DROP,27,?,?,
1769719048.088884,SENT,8ca37907-4f2b-42a4-a976-6763baa49a29,efdbd129-cff4-4dfb-8565-d2c8eab3d1ec,c1,DROP,2003,?,p1,
1769719048.0889218,CREATED,40760a6a-ec70-4eec-81c0-86e70aa98cbd,6aaa1041-aab2-429a-a8ce-9a694b3bbac2,c1,DROP,25,?,?,
1769719048.1036236,SENT,5ae2bf3c-f32e-4341-bf85-069049a417a7,d437d5c3-a5b8-43eb-ab6d-977238c97755,c1,DROP,2023,?,p1,
1769719048.1036642,CREATED,6aeae86e-78fa-45bf-9e96-21ff36c01e4e,c74f7545-e332-4824-aa12-ef58f946f629,c1,DROP,27,?,?,
1769719048.1678298,SENT,d75b0cc7-cc47-4fbc-8dcb-d6ce5a59604c,509f4910-5229-4795-8908-eff8c193c07c,c1,DROP,2013,?,p1,
1769719048.1678715,CREATED,293728ea-0e26-4ab2-9b82-14b462cccc65,d53a2412-7475-4d4e-97ea-23ce49e7dc9b,c1,DROP,26,?,?,
1769719048.228644,SENT,00217ddc-bcbc-4389-8e8d-6887c4e638a4,eb719bf8-4a59-4804-a559-f39dcaf774bb,c1,c5,3404,?,p1,
1769719048.2286944,CREATED,3904d5c3-b6d0-4aa6-b6fd-f20322545353,6249664f-b03e-4341-9a63-b68c91d170f3,c1,c5,27,?,?,surb={'id': 'e93ffc95-aaed-4686-bdb6-2e90570bfb3d', 'route': ['p2', 'e11', 'i3', 'x12', 'p1', 'c1']}
1769719048.235633,SENT,02501359-5691-4312-8b28-d2473ad65cd9,8e47cacb-a005-4ff7-a6aa-434a21982935,c1,DROP,2012,?,p1,
1769719048.235667,CREATED,699a7d60-6610-480e-aa6f-a3092b6bbd84,4efceccf-eeac-4ba8-aeba-d1d1ca5096cf,c1,DROP,26,?,?,
1769719048.2476418,SENT,059cd4f7-0e37-412f-bb9d-330c2c8454f2,28e32663-2237-4ac6-98d1-c0ca4c7b0a44,c1,DROP,2027,?,p1,
1769719048.247684,CREATED,20e927cb-9db8-4d2f-ad88-5834d71ae40a,d1ec81ea-ec74-4bad-872a-65195c9f7139,c1,DROP,27,?,?,
1769719048.3568976,RECEIVED,5a639a6a-926c-4162-8c04-7a519e9c5e57,9b08d559-20c0-4226-92f8-a4dca529098c,c5,c1,27,p1,?,surb={'id': '19cd87b4-7160-4493-9935-948dc2e2bba1', 'route': ['p1', 'e3', 'i2', 'x10', 'p2', 'c5']}
1769719048.4032476,SENT,1b17138b-f75e-41ae-b4d8-d99e69a3c793,47e314f0-0e89-497d-b8a7-6db0bc400317,c1,DROP,2016,?,p1,
1769719048.4032876,CREATED,94e871f6-3f14-4f3c-9b7b-55fa4acae323,38c6fac9-aee7-4457-96b7-21ee8bfd0a1e,c1,DROP,26,?,?,
1769719048.4394038,RECEIVED,52402281-e122-49ae-be39-1e882cccdf46,e316c2a4-13a8-4958-912f-aed1c9d06fb3,c5,c1,27,p1,?,surb={'id': '00616759-6411-498c-a00e-2b816a32b35f', 'route': ['p1', 'e4', 'i1', 'x5', 'p2', 'c5']}
1769719048.4743638,SENT,88c07484-d6f7-4948-b3f6-b458ce0cfe2a,79a65456-f762-4b9a-ba22-7af98892fac5,c1,DROP,2035,?,p1,
1769719048.4745464,CREATED,8014a7e9-41f8-47f3-9fb3-3334b0389e19,70c178af-c948-4fbc-9f65-808190d26fb6,c1,DROP,26,?,?,
1769719048.6482637,SENT,d632faf3-cfa8-40c9-a0d9-8ceff05b549b,c25014ce-b003-4286-9fda-3ce49a43c891,c1,DROP,2019,?,p1,
1769719048.648302,CREATED,0ba81632-4d18-4ae9-9b88-9c19c576349a,5aeb88e3-d337-460b-9079-934c50d8d406,c1,DROP,27,?,?,
1769719048.691251,SENT,8cfd8da6-b5ac-4148-9d8b-1d3230bfab76,a39b46d3-99f0-44ed-a826-f8d9bddbf6ab,c1,DROP,2044,?,p1,
1769719048.6912932,CREATED,515071bd-4049-445b-9611-1186d15fb9b5,71972846-880e-44dc-b225-a939fcfbef8e,c1,DROP,27,?,?,
1769719048.7079902,SENT,58966493-068d-46ac-8a2c-e500b5e1ecf7,93a6839b-5e75-4683-835c-2d58cdda500e,c1,DROP,2040,?,p1,
1769719048.7080314,CREATED,fdb21d87-99dd-4959-8e0d-0fb0b272ec1d,5a0480b4-5264-4b38-a6af-4c4628f7261b,c1,DROP,27,?,?,
1769719048.7115993,RECEIVED,ffe59224-69a5-41d6-ab6b-9768e06992fe,d34b507a-8133-495c-b6d6-39b973aef848,c3,c1,27,p1,?,surb={'id': 'cff3fa88-3872-4c97-bb4c-eaf4cc2b9c57', 'route': ['p1', 'e2', 'i7', 'x8', 'p3', 'c3']}
1769719048.7697182,SENT,bc83331d-3bdc-4409-81b6-87a305fb2f3e,96094f73-9f81-4374-a552-b95587747c97,c1,DROP,2029,?,p1,
1769719048.7697573,CREATED,3f9ce6ba-3369-41bb-9415-b6b016f2bc87,da9c6a22-d66f-4552-aa5f-05f44a340963,c1,DROP,26,?,?,
1769719048.7881362,SENT,e1abdca9-ad11-4062-b5e2-5b3f352ac665,7458a6d1-9ebc-4b26-85f7-04f0a307964d,c1,DROP,2039,?,p1,
1769719048.7881758,CREATED,25b48910-d18a-4401-845a-c33f7942388e,89742c28-8957-4854-a478-90f76dbb22f0,c1,DROP,27,?,?,
1769719048.8185363,SENT,56544dc8-bc47-4178-81bb-f7052a95bdc0,ffef971c-0980-44d3-b33a-256c3d612bbf,c1,DROP,2020,?,p1,
1769719048.8185768,CREATED,c2de1102-2e5d-4162-be9a-e0b6359d7005,20ac7e0a-080c-44c6-a5ca-9b2688f9d6eb,c1,DROP,27,?,?,
1769719048.871563,SENT,ee72c9a2-d1bb-4812-98c3-f8d5fc46bd16,4ce7a117-2610-452e-a12f-7a967defc52e,c1,DROP,2024,?,p1,
1769719048.8716037,CREATED,3a505505-0b39-4323-9461-1ab352bef434,28846b7d-167b-4ce5-b2ca-1e65ac6330dc,c1,DROP,27,?,?,
1769719048.9607735,RECEIVED,4e9e9434-cae8-40b7-941b-3d1f1faac183,325d04ad-3395-4ff2-96ab-45c247f3ec56,c5,c1,27,p1,?,surb={'id': '921ebe6f-c2d7-4e81-a56c-d901f3f58e70', 'route': ['p1', 'e6', 'i1', 'x7', 'p2', 'c5']}
1769719048.9622836,SENT,b336c495-4554-43c6-9447-de5fd6f3a12f,9209620d-41cc-4d3a-9978-9e258efb1fad,c1,DROP,2040,?,p1,
1769719048.962323,CREATED,8fa3e5d8-8e82-4925-93f2-0211041f793b,055bd18c-b968-4fd2-ab62-9bcd79729322,c1,DROP,27,?,?,
1769719048.9913464,SENT,ea2b8bd8-8526-415c-92aa-8ea53919ab3c,3ad6faec-8e24-4916-bdcd-9efcdb075751,c1,DROP,2027,?,p1,
1769719048.991388,CREATED,620d2da9-d655-43d4-b8ad-5d77d6cd3952,27131a8e-b821-499b-bc26-df47c0215e2b,c1,DROP,27,?,?,
1769719048.998685,RECEIVED,0c961ee9-2bf1-4fcc-898a-ec053d4d910a,5da91ae4-9007-4c7c-beda-40e9740a1428,c2,c1,27,p1,?,surb={'id': '0ef6481b-57d2-4904-98db-3ef0d99ff41f', 'route': ['p1', 'e10', 'i8', 'x9', 'p2', 'c2']}
1769719049.1312587,RECEIVED,a04cafc0-4a55-47be-9409-473d01176154,13966879-36e0-4b70-8645-aff8f46138cd,c3,c1,27,p1,?,surb={'id': '435d4164-fd88-47a9-bc7e-02c6ca76a7cf', 'route': ['p1', 'e7', 'i1', 'x1', 'p3', 'c3']}
1769719049.133784,SENT,e6ee64b3-dec3-4fca-b57e-21116a2fa6e3,f985aeab-662f-418f-8cc6-58e1f3710746,c1,DROP,2015,?,p1,
1769719049.13382,CREATED,fe7b0a38-74e1-4501-a159-092e58aadc41,9c57a43c-7068-435a-add4-2a1284b3d178,c1,DROP,26,?,?,
1769719049.2212992,RECEIVED,7bfac9a7-2db7-4199-8126-5520b2c54771,d550b074-2f3d-4eec-85dc-48628f451d7e,c3,c1,27,p1,?,surb={'id': 'cc171952-83ad-4f3e-a8b7-74133984f775', 'route': ['p1', 'e2', 'i8', 'x7', 'p3', 'c3']}
1769719049.2371871,SENT,0be29f3b-3384-432a-aac9-c580527c34d1,05c87418-b73d-4541-aea0-58ba27ed6df6,c1,DROP,2015,?,p1,
1769719049.2372262,CREATED,c81f6b0a-0f77-428d-bb04-8b28fd9b34e5,64e48d28-5e95-48a9-9b49-d241e3759f22,c1,DROP,26,?,?,
1769719049.300197,RECEIVED,06e8dbb9-65a0-4710-bc55-581a3dca3a2c,5d8acf5c-43c5-4de9-ba78-f2403e3ae3a3,c2,c1,26,p1,?,surb={'id': '25f09b5e-f607-44ad-af88-ae18d8cbf640', 'route': ['p1', 'e10', 'i4', 'x6', 'p2', 'c2']}
1769719049.3999734,SENT,c4fd0e40-0e26-45ce-8af1-e7067c5e2458,8219b86c-2758-46c7-87f1-4384a6f3f6c3,c1,DROP,2023,?,p1,
1769719049.4000132,CREATED,3083c0d4-bf18-468b-891f-81522546ff25,83d3185a-701a-4465-bd2d-026985f28ade,c1,DROP,27,?,?,
1769719049.417091,RECEIVED,5586289f-9b76-4d4c-9360-5ab7db9d39bb,0319542c-d0a8-4a30-9b10-c18e45563298,c3,c1,26,p1,?,surb={'id': '3afd390c-1090-4303-b2ab-2f07cee6d166', 'route': ['p1', 'e3', 'i6', 'x2', 'p3', 'c3']}
1769719049.420167,SENT,143e9186-b113-46ba-8f1d-8028c8313dc3,61290adc-aaad-4ca6-b788-8baaad0bb970,c1,DROP,2041,?,p1,
1769719049.4202085,CREATED,41be74c1-79e0-44af-bd7f-26bc3c3bad20,9ddc403c-92b8-4135-a51b-bd8687ec2e7a,c1,DROP,26,?,?,
1769719049.4275517,RECEIVED,639db7a3-a2e5-4202-b5f9-8434674bf35b,17169783-1131-465e-a05b-bdf5fbfc257c,c3,c1,27,p1,?,surb={'id': '16ee92a8-7bd3-4497-aa09-ea669cfce54e', 'route': ['p1', 'e7', 'i11', 'x6', 'p3', 'c3']}
1769719049.442233,SENT,644e085d-0d47-48f8-ac8c-1c951922acf4,39c313f7-4bd8-43f0-acaf-5d2329d5e9c8,c1,DROP,2023,?,p1,
1769719049.4422724,CREATED,88f794c5-b120-4256-a86b-bd050521f569,a4c37121-511e-4748-9afd-85d0516326ef,c1,DROP,27,?,?,
1769719049.4708626,SENT,16b049f2-41d6-4974-b526-fba7b1d20351,29cd89ae-0a74-4e0b-a8a8-235e974f85b8,c1,DROP,2023,?,p1,
1769719049.470904,CREATED,b1be0c69-8397-4bbe-bc7b-7dd197d3c12c,5fb265fc-e614-4a40-b619-33b9c2e587cf,c1,DROP,27,?,?,
1769719049.518281,RECEIVED,271ec20e-7eab-49a8-8c17-46a1d97c859f,f233dc09-8f6e-433d-b003-8cdfb5183c09,c3,c1,26,p1,?,surb={'id': '8923d8c2-82de-4279-af54-fe5358107338', 'route': ['p1', 'e1', 'i1', 'x8', 'p3', 'c3']}
1769719049.577999,RECEIVED,b9ca79b1-a510-4b05-afc8-4e8abc81556a,3879557d-4350-4bbb-86e2-654b57a5d5a4,c2,c1,27,p1,?,surb={'id': '56229e9f-30e7-466b-9e17-dd4250380d48', 'route': ['p1', 'e6', 'i4', 'x9', 'p2', 'c2']}
1769719049.6064024,RECEIVED,bb501a9d-f702-498b-8257-5edd596d26b9,06114bde-f717-4cf9-b306-eff3db1214d9,c2,c1,27,p1,?,surb={'id': 'e45511a5-bdb8-4959-8f80-ac08b769a67b', 'route': ['p1', 'e3', 'i2', 'x5', 'p2', 'c2']}
1769719049.617498,SENT,5a3b68ee-6c89-4abb-a7b8-5b6b9b94c95a,c30e0c90-fa85-481d-bd08-68f6311294c7,c1,DROP,2017,?,p1,
1769719049.6175406,CREATED,d11bdd55-f13c-4910-826f-a5c2ce13a023,5a33ee00-117a-46a7-b080-e815eebf13ba,c1,DROP,26,?,?,
1769719049.62685,SENT,0d3fa438-9b6d-4c3f-ae6e-f4829bdd17f2,15d81c78-af22-49b2-aac5-ec3bca349536,c1,DROP,2019,?,p1,
1769719049.6268868,CREATED,032652b9-c652-4022-b7c1-69b21963cb3a,8feb18cf-cb7e-41d1-9c83-a99340395140,c1,DROP,27,?,?,
1769719049.6689494,RECEIVED,184f6578-7c81-462f-8458-dac9d18e8df5,c43c384d-e19b-4ef8-a3ef-ace2b8cf5f14,c3,c1,27,p1,?,surb={'id': '5e2a5722-084c-4352-9832-93581fa0a8c4', 'route': ['p1', 'e11', 'i4', 'x10', 'p3', 'c3']}
1769719049.6786888,RECEIVED,48f82ce3-a65b-4d87-a1b9-1d8f9182d9dd,6bbeb9af-7ede-4a89-95b3-32aea4c799f7,c3,c1,27,p1,?,surb={'id': 'a056e397-6df7-4dd1-bd38-28e06e10e976', 'route': ['p1', 'e9', 'i7', 'x9', 'p3', 'c3']}
1769719049.69577,RECEIVED,4cff0297-c6e8-4a58-93b9-f7a637cc95d1,cdcbef44-ddde-4e9c-9341-b231f232809d,c2,c1,27,p1,?,surb={'id': 'ad97405f-99c3-4972-98ad-df7d8b663aa6', 'route': ['p1', 'e2', 'i10', 'x7', 'p2', 'c2']}
1769719049.7407782,SENT,22243155-5bc9-4bf3-ad84-c95eb0ac6b03,9747f57d-1ecc-47b9-8624-38b3453bcb6e,c1,DROP,2015,?,p1,
1769719049.740821,CREATED,61554ce9-668e-4760-8116-e4303bc7cdd3,2740dc92-26b3-472b-b060-275b16348db7,c1,DROP,27,?,?,
1769719049.8592718,SENT,3540618c-1135-45bb-84f7-db2787618975,fa377e79-3233-403e-b932-096022ccc83f,c1,DROP,2037,?,p1,
1769719049.8593123,CREATED,69d4a4b6-4dc0-4d28-b177-96f90018a7eb,2232158c-193e-448b-8da7-6f9450b9f254,c1,DROP,27,?,?,
1769719050.011012,SENT,65f1e0f2-5975-416c-a880-60a3ba384d0a,25e5fae4-ec18-4e5e-8de1-552ab03d10aa,c1,DROP,2015,?,p1,
1769719050.0110714,CREATED,bafc7828-3944-4b31-8275-d454be77c920,33613a9b-4fd4-4caf-ad2a-d61d181c7edb,c1,DROP,27,?,?,
1769719050.0520325,RECEIVED,c5c3b427-bfd9-4ac5-bdeb-65ed0c54876d,b3afe0d9-20a5-4fac-9ff7-79cdcbb1f109,c3,c1,27,p1,?,surb={'id': 'c23f2f3a-04dc-43c6-b75e-f0a7f0c338cd', 'route': ['p1', 'e9', 'i8', 'x8', 'p3', 'c3']}
1769719050.0743458,SENT,dfc3bdd5-2e24-40d8-bfa9-19952f93c3b4,b5cae1df-4336-4cc7-9357-a541ebb2e99a,c1,DROP,2024,?,p1,
1769719050.07439,CREATED,a0fc9387-18f3-4eef-b0a7-549915359ec7,48a61db6-ecd7-48af-865e-4d05a818f879,c1,DROP,27,?,?,
1769719050.0858145,SENT,7480e54f-7334-4bf0-8705-b9eb390ec152,9a4d3a84-290d-471b-af10-99065ef26eb0,c1,DROP,2020,?,p1,
1769719050.0858574,CREATED,389f36a7-b022-412c-a39c-8b6e686de295,49600d14-6f8e-4d55-a79f-197093330394,c1,DROP,27,?,?,
1769719050.1111305,RECEIVED,92d191ab-b209-4e00-87e5-c382d370bb40,a183b988-37b0-48c0-b750-aa22299108bc,c3,c1,27,p1,?,surb={'id': 'd9114515-14aa-4428-b841-c26f0cd618cc', 'route': ['p1', 'e12', 'i1', 'x12', 'p3', 'c3']}
1769719050.174333,RECEIVED,6968eeff-75f0-4868-bdee-b6444c303319,be79c878-d549-4107-ac18-a7a0390eda22,c2,c1,27,p1,?,surb={'id': 'a5041a7a-d47e-4fcd-b34e-2ca3485fdf5c', 'route': ['p1', 'e2', 'i5', 'x3', 'p2', 'c2']}
1769719050.2116923,RECEIVED,bb524dad-58a5-4d50-a7c4-3474535de212,cf1c8f6c-9793-49a1-b8ec-2212c0d58e5d,c5,c1,26,p1,?,surb={'id': '8eebcc10-a0b1-48ea-b21e-653b87f9a035', 'route': ['p1', 'e8', 'i6', 'x12', 'p2', 'c5']}
1769719050.3572128,SENT,fce7180d-e806-4108-a4c8-af690dd9ba97,040ef364-7cb0-440f-af32-c7e62428a19d,c1,c5,3378,?,p1,
1769719050.35726,CREATED,f97203c2-fca8-4a80-bb3b-f594288d8dfa,a009eaa5-099b-4c68-b94e-775938bb751d,c1,c5,27,?,?,surb={'id': '92530327-adaa-44bd-a9a3-53fcb1f8b7a4', 'route': ['p2', 'e3', 'i3', 'x6', 'p1', 'c1']}
1769719050.374955,RECEIVED,d6eec0c3-f707-4607-b8b1-57402edf7478,e3b05ea0-0f8d-407f-9b5f-42779b2a4653,c3,c1,27,p1,?,surb={'id': '3bc91a3a-169b-45f6-8d63-3f23869cf8c5', 'route': ['p1', 'e10', 'i1', 'x2', 'p3', 'c3']}
1769719050.3904433,SENT,83f15f0d-c179-4933-a79d-f305f14b8d73,33b5dd7f-eaae-4b89-bbc4-0645f93592e6,c1,c5,3400,?,p1,
1769719050.3904908,CREATED,755daf62-020c-4403-80b2-0e75658c78ce,25427e48-de00-41ff-97c1-93c526a4ca35,c1,c5,27,?,?,surb={'id': 'c5692bb8-3fff-4458-b047-1afd100544c5', 'route': ['p2', 'e12', 'i8', 'x3', 'p1', 'c1']}
1769719050.4420805,SENT,49a0bdc6-6897-484e-a5dd-f2d82da83a64,05546c60-a71f-4295-b6cf-7756a2acd9e1,c1,c5,3376,?,p1,
1769719050.4421299,CREATED,b2e2d7c8-1b57-4fcf-831b-2098f55837dc,62feb8ea-4401-4825-8155-446c0df23539,c1,c5,27,?,?,surb={'id': '12d6a388-ff52-4a09-b5a5-0daded709afc', 'route': ['p2', 'e5', 'i4', 'x5', 'p1', 'c1']}
1769719050.4651904,SENT,9029ade8-96a2-459a-881f-0ea70bf4c1f6,78e5555e-0c9e-4f5d-ae2c-e6efdf723175,c1,c5,3380,?,p1,
1769719050.4652376,CREATED,a0632fe3-b4ff-4c90-b8c4-c1804e3ac373,d5073a38-9ce7-4441-83e5-7a8319ffca44,c1,c5,27,?,?,surb={'id': '5604a502-f7c9-463c-93e1-fc0817ce3808', 'route': ['p2', 'e4', 'i7', 'x7', 'p1', 'c1']}
1769719050.4918306,SENT,d7cac836-d18c-4a97-9673-abaf9237b22b,64217699-1613-4202-8ac3-e4e12ffd7248,c1,DROP,2015,?,p1,
1769719050.4918697,CREATED,dc7a9f9e-e509-4871-9e40-298c031736e2,5735483f-3df3-41e6-a141-56079ec12bb4,c1,DROP,27,?,?,
1769719050.509657,SENT,d7c6bda5-b25f-46fa-8756-ffc10068044a,5a8ab716-7495-41d9-8369-b2104c26b13a,c1,DROP,2032,?,p1,
1769719050.5096958,CREATED,2b98a595-2488-425c-a92f-141c43b58db5,36cefb80-687f-46d4-af4d-ca6f53a8108a,c1,DROP,26,?,?,
1769719050.536201,SENT,43c23315-9227-4393-a588-bb322f477098,a1a56144-bbd8-4c23-bfc6-d412a18e10ba,c1,DROP,2014,?,p1,
1769719050.5362446,CREATED,c5cebd08-05e8-403b-ba06-9eda68347d5b,714329da-923f-4cb1-9b72-be5022625543,c1,DROP,27,?,?,
1769719050.589106,RECEIVED,7e6aa9b0-bd7a-493e-8dcc-e76c3d449e89,7f1ab034-281b-463b-9870-06c811154381,c2,c1,26,p1,?,surb={'id': '6b8e6231-419c-437b-b6e3-8d12dc960157', 'route': ['p1', 'e7', 'i12', 'x11', 'p2', 'c2']}
1769719050.6420183,SENT,4ca386b4-592a-4f2f-b573-ed0d08264297,f3b72411-e567-498e-bb1f-09b2b254ec86,c1,DROP,2015,?,p1,
1769719050.6422436,CREATED,c33ba2b5-b51f-4bad-a8b2-f2df6bb5a665,23487900-c595-4901-9004-6ab98008c488,c1,DROP,27,?,?,
1769719050.7308006,SENT,280f4f57-67fa-4560-a1de-5a9572d1c463,b5a5998f-aecc-4fdd-97a7-a2f5b3091430,c1,c5,3376,?,p1,
1769719050.7308402,CREATED,b0fa6bb0-2da6-4379-87e2-4b9b82ad53dd,cdaeb1f6-b8cd-4463-88a1-47a34fc9d7a5,c1,c5,27,?,?,surb={'id': '31bb95be-24f0-41db-a3c8-09a94ec3003a', 'route': ['p2', 'e9', 'i8', 'x3', 'p1', 'c1']}
1769719050.8258696,RECEIVED,877841c8-5604-4a48-869b-4252d95fb0e4,29527680-d88a-4472-ab8e-217331d8ce3d,c2,c1,27,p1,?,surb={'id': '6b656587-04d4-491b-a9c7-177ffa650c58', 'route': ['p1', 'e1', 'i8', 'x1', 'p2', 'c2']}
1769719050.8560665,SENT,9fef09cc-1ca0-4551-b367-b7d0933ac15d,be9aeb69-76eb-4393-a1b2-886be627cd51,c1,DROP,2015,?,p1,
1769719050.8561082,CREATED,60252264-e722-4263-b0c1-46a2543120ef,7da02e1d-520b-4e53-bbb4-06c748c95350,c1,DROP,26,?,?,
1769719050.883636,RECEIVED,286b5178-c7a4-4420-9a13-0e44b2e8664c,3179de3c-5ebb-481e-9845-73132d5c3d37,c3,c1,26,p1,?,surb={'id': '1cb3b3c1-f378-4d8b-854e-9d9c7c644961', 'route': ['p1', 'e9', 'i10', 'x7', 'p3', 'c3']}
1769719050.932618,RECEIVED,123e8f1f-b1de-46d4-be5e-ad0ccd928bf1,3ce487f0-0d72-400b-8934-941a357d906b,c2,c1,27,p1,?,surb={'id': 'ce71cb99-2fd9-4d0b-a9d1-c7082c787091', 'route': ['p1', 'e10', 'i2', 'x10', 'p2', 'c2']}
1769719050.9660041,SENT,e56d4ee4-aaed-4dcb-97fd-8c674ed7498c,ed2db324-4e33-4cca-aff1-1b5c901f9152,c1,DROP,2032,?,p1,
1769719050.9660554,CREATED,7807f192-70d3-4534-9813-152e5068c19f,40514cb3-0290-4e55-87dc-6412cceb5d2e,c1,DROP,25,?,?,
1769719051.03169,SENT,7ba76eb4-7c30-4f76-ad0c-dd9db6b2a50e,8e43a5b4-f47e-4f7b-84c3-e3522d42a88b,c1,DROP,2027,?,p1,
1769719051.0317304,CREATED,003dcbe9-ce57-447f-95f2-30b155e68584,56358c8e-1ff3-4916-90a2-6dab3c80c833,c1,DROP,27,?,?,
1769719051.0683358,RECEIVED,3001f990-b5aa-4c5c-9e02-15e13b35e910,4cc4133b-340a-4374-8f2a-41f7245b5e93,c2,c1,27,p1,?,surb={'id': '187decd3-5d97-49ce-a1b3-3e3ab44b2537', 'route': ['p1', 'e12', 'i3', 'x5', 'p2', 'c2']}
1769719051.0798912,SENT,2e41732a-5ad9-47e1-a10c-8fab0ec5e6fb,bb0d3afe-8c15-4dc6-8294-d5969c6aa7c1,c1,DROP,2040,?,p1,
1769719051.079932,CREATED,01e35198-1ea8-4d6c-9d9e-b0306740c7e4,9e62abe5-5638-4a44-8c7f-3244032835d3,c1,DROP,27,?,?,
1769719051.1082811,SENT,4d577c1c-d3dd-4001-b08b-0bb98994ee9b,956907d7-869c-45aa-bf37-3f37578b27f1,c1,DROP,2014,?,p1,
1769719051.1083221,CREATED,d4e8255c-d437-4575-adb1-aaf8377a9ca3,f904a757-7712-49cb-a920-a7b317de2216,c1,DROP,26,?,?,
1769719051.1314738,RECEIVED,0d3b691e-5560-4a65-bad2-b1ad360202ec,f79f3844-4813-4b73-96fa-4f4a6304177b,c2,c1,26,p1,?,surb={'id': 'cde94a44-b288-4b9d-b55d-2ac6646ad2b5', 'route': ['p1', 'e6', 'i6', 'x8', 'p2', 'c2']}
1769719051.1773558,SENT,e8f3019e-aed6-4dd4-a03d-2d07e1e3b1f8,54cf71a9-22a2-4e29-92e0-dc091e4056ec,c1,c5,3381,?,p1,
1769719051.1774108,CREATED,db8fe630-264b-4caa-8fac-de9b524a9aba,01f2da58-7e0b-43a3-93f4-e432674cfa61,c1,c5,27,?,?,surb={'id': '49a3cc3c-0f55-4344-abbf-786cda440f65', 'route': ['p2', 'e10', 'i3', 'x9', 'p1', 'c1']}
1769719051.2660055,RECEIVED,ff7d0382-02b7-4973-9b0a-0cc81875f41d,2f0b352d-4b33-4697-bbbe-99ce47a9644b,c2,c1,26,p1,?,surb={'id': '3af7bcc9-ac15-46d2-98bf-f04ddbc59d68', 'route': ['p1', 'e1', 'i3', 'x4', 'p2', 'c2']}
1769719051.3659446,RECEIVED,ddd0a33c-3b33-45c9-9e38-e9c9b6ad9154,c3a50ee2-0332-4f89-b788-e3e9b5379c6b,c5,c1,27,p1,?,surb={'id': '9c7af41d-74db-473a-92e8-9a846e960a05', 'route': ['p1', 'e6', 'i7', 'x12', 'p2', 'c5']}
1769719051.4053926,RECEIVED,ba113f9c-8f59-4ace-aeca-e42b7d9b0c77,2ea27a67-c65c-402e-b99a-1178c6c08e56,c3,c1,27,p1,?,surb={'id': '41cde42b-aaa6-4da3-be62-3c9de13482db', 'route': ['p1', 'e7', 'i6', 'x3', 'p3', 'c3']}
1769719051.419096,SENT,a2f2fc88-5e24-484b-bf74-3935fe900289,b1293179-84de-4703-81d7-1eac4442b61f,c1,c5,3380,?,p1,
1769719051.4191427,CREATED,44a12ed1-c445-4d26-952c-4dd2a117ed2a,4a32bf66-9f6e-47da-b311-ece723d364e5,c1,c5,27,?,?,surb={'id': '77bb911a-7450-4c87-9902-ae9666cb17bd', 'route': ['p2', 'e7', 'i8', 'x6', 'p1', 'c1']}
1769719051.4236357,SENT,60ffb8e8-986d-4793-a610-8e3e08ba00db,04fe66b7-8b24-4731-81ae-aca211699e96,c1,c5,3383,?,p1,
1769719051.4236815,CREATED,e2cc0677-37a1-48f2-9135-ba6b7adf5ed5,a6173831-3fd3-4ba1-8aed-50843fd17509,c1,c5,27,?,?,surb={'id': '07405259-d548-411d-9208-23ca70481211', 'route': ['p2', 'e5', 'i2', 'x7', 'p1', 'c1']}
1769719051.4971123,RECEIVED,8791f735-42b2-4950-8fd9-f027ea096452,74bb4fbd-dd65-4279-84bc-026d719e5622,c5,c1,26,p1,?,surb={'id': '350fe2a2-61a2-48a7-9aaa-43daaecd23f6', 'route': ['p1', 'e8', 'i3', 'x12', 'p2', 'c5']}
1769719051.530214,SENT,b191cb20-48af-4ee2-a84f-abb853a2ad6b,bd01109c-59bd-4b08-a69c-a272f298ff12,c1,c5,3379,?,p1,
1769719051.5302603,CREATED,da5205c7-2fe8-45ae-b5eb-d9ea13254761,249ebc8e-262e-45d9-9934-7a2e5d4028d5,c1,c5,27,?,?,surb={'id': 'a9f847ab-13c4-4e97-8153-69bb1b88837f', 'route': ['p2', 'e6', 'i9', 'x12', 'p1', 'c1']}
1769719051.544033,SENT,b9ad32dc-51c3-43d4-837b-ab57a8d33c9b,444637a4-6092-4b55-8044-315fd3a7f5d8,c1,c5,3388,?,p1,
1769719051.5441227,CREATED,d8b86e6d-f231-4a6e-a496-6b1ad9594a71,fcd777f3-46c3-4862-97c6-986fa9b079ad,c1,c5,27,?,?,surb={'id': '188858fc-3de7-4492-8359-285a059ded67', 'route': ['p2', 'e2', 'i11', 'x12', 'p1', 'c1']}
1769719051.5628936,SENT,f2268c64-98ec-4dc3-93bb-31e15313516b,23efd05d-6684-4cb2-8a97-f71a7a1c8d4d,c1,c5,3359,?,p1,
1769719051.5629406,CREATED,12d3d108-18a0-473c-a2e1-818fa08527eb,83c7b1f4-4a53-4c51-a225-0628a8ec5448,c1,c5,26,?,?,surb={'id': 'da49c07a-afbe-4b52-95c3-3cc34c997705', 'route': ['p2', 'e1', 'i7', 'x6', 'p1', 'c1']}
1769719051.6495357,SENT,ea194387-d232-4f42-a1ea-4316d3c9cde5,3f056ee2-1ef4-4755-9e00-bb0a9fb9bf7d,c1,c5,3383,?,p1,
1769719051.6495838,CREATED,767fa4dc-bf7d-493c-b445-5a306e4c13fb,a4fa412b-0fef-4f69-a6f7-ce60f1f7607b,c1,c5,26,?,?,surb={'id': 'd0d56ac9-e636-4733-8963-ee76a5d44aec', 'route': ['p2', 'e12', 'i7', 'x8', 'p1', 'c1']}
1769719051.7171888,RECEIVED,8962305b-630d-4686-a11a-61b44378c356,33e35cfa-0a92-4ede-864f-e3e95895f0db,c3,c1,25,p1,?,surb={'id': '7917319e-991a-40b2-8a19-7770b78d1083', 'route': ['p1', 'e7', 'i9', 'x4', 'p3', 'c3']}
1769719051.7354028,RECEIVED,7ae9901d-fc01-46cb-9d0f-7d824e78c32b,1bbc4361-376e-4afe-a1f8-2cfff386609c,c5,c1,27,p1,?,surb={'id': 'd10ca705-d196-4308-b648-538ea3089368', 'route': ['p1', 'e3', 'i6', 'x9', 'p2', 'c5']}
1769719051.8023477,RECEIVED,ebbd71d1-0fd2-474b-bd7f-200b19a6bfa0,32fec520-5ff5-456f-97bd-01371849542b,c3,c1,27,p1,?,surb={'id': '293580c0-9917-4798-8772-c0317028f24b', 'route': ['p1', 'e4', 'i1', 'x3', 'p3', 'c3']}
1769719051.8047018,RECEIVED,da9be621-923c-4185-ba04-6baf998fcd54,51423816-1491-49c3-8fb8-e8ffb11a0e17,c2,c1,26,p1,?,surb={'id': '9da09c52-7f32-4a72-96e1-3d6b36189edb', 'route': ['p1', 'e8', 'i4', 'x6', 'p2', 'c2']}
1769719051.8344526,SENT,f1fa00a9-9a3d-4db3-a088-a2ce9fef211c,879c25f8-cda7-4468-a8e8-ae18530ec05a,c1,c5,3380,?,p1,
1769719051.8345068,CREATED,6dd7ab9c-1882-44d0-a632-ae628e1c43c8,77395428-9a51-413c-9407-8f43276b30bf,c1,c5,26,?,?,surb={'id': '6ec3c41a-eaf4-40b1-80cb-351e65b2a1a0', 'route': ['p2', 'e2', 'i9', 'x8', 'p1', 'c1']}
1769719051.8627188,SENT,ecb07faf-c98e-4802-8a5e-de1bee4a48c0,5bb32c0f-0aab-41ce-b4b4-5573f5329b03,c1,DROP,2024,?,p1,
1769719051.862759,CREATED,2e1a6e99-3678-4e96-8c7e-71e0e037717b,bb35ae75-0120-4fb1-afe5-14a80b061bca,c1,DROP,26,?,?,
1769719051.8733282,RECEIVED,4aac564a-5c09-4e92-b4ea-3c43fb644119,efc60288-10a4-4dca-9c7d-41b95e1ca98a,c5,c1,27,p1,?,surb={'id': '9665d523-0ca4-4717-886d-10da1909bf10', 'route': ['p1', 'e1', 'i8', 'x7', 'p2', 'c5']}
1769719051.8928704,RECEIVED,61ddd62a-c106-4bd3-b960-1b1de5ef5329,befc8e60-1f06-4483-ab7e-8fcf76fe854d,c2,c1,27,p1,?,surb={'id': 'cd75dca7-d9ee-43b9-9353-bd0d4ff145fb', 'route': ['p1', 'e5', 'i11', 'x3', 'p2', 'c2']}
1769719051.9023798,SENT,90bae1dc-b980-47c3-943b-0703070d5ab7,c0f26825-9f13-431f-aaa7-e7b0d525baa8,c1,DROP,2023,?,p1,
1769719051.902426,CREATED,d8b0f42a-9010-4bca-8bed-edd95bf71684,235bab5f-80c3-4981-90ff-4d6140c531bf,c1,DROP,27,?,?,
1769719051.9068894,SENT,3606733c-09dd-4b20-84b9-3c4346dc78b0,937856a3-5310-4429-b8a3-a1a1d29f28db,c1,DROP,2024,?,p1,
1769719051.9069235,CREATED,04687c13-c1ce-48bd-85cd-e03333f9624d,7ca9982f-840f-4b89-8b16-c449b081d5ea,c1,DROP,27,?,?,
1769719051.934332,RECEIVED,15297e9a-41f0-4134-9db2-67e69e97ecda,8979254b-8b8a-451b-8497-51709ca03b07,c3,c1,27,p1,?,surb={'id': '84fa1b42-4c83-42a8-8df0-3c55329c009a', 'route': ['p1', 'e9', 'i3', 'x5', 'p3', 'c3']}
1769719051.9454362,RECEIVED,b57e3efd-7e9d-44d6-813b-5ba8fb9a3916,698602fa-8557-4e1b-87b4-53105109209a,c2,c1,27,p1,?,surb={'id': '650a759c-036b-4425-8d92-1ddfaf7922e1', 'route': ['p1', 'e5', 'i1', 'x10', 'p2', 'c2']}
1769719051.9508226,SENT,95cb30e1-50dc-465b-9690-058f87af0e42,0caff39e-f61f-4dd7-a4d3-d8a06df8aa00,c1,DROP,2024,?,p1,
1769719051.9508603,CREATED,3a259da7-da4a-48ce-83af-8028cefa8aaa,18262809-5069-4312-88b7-1290cff3ccae,c1,DROP,26,?,?,
1769719051.9637296,SENT,9fc934f2-b4e7-4d33-b2d6-39c50b6b8ef0,70078cea-f8dc-4476-bfbd-44a90d04bce0,c1,DROP,2033,?,p1,
1769719051.96377,CREATED,c4fdc763-bf0d-4dcf-9375-7f5fbdaece5e,5657baa0-5789-486b-b0ca-3b632439fb03,c1,DROP,27,?,?,
1769719052.1095278,SENT,f7035680-e60a-40c2-9006-85ef19cad4b4,6dba6b74-402e-4493-9100-699f58937d28,c1,DROP,2040,?,p1,
1769719052.1095676,CREATED,1059081e-4342-40d9-8a60-fd2929353c44,2f790c3c-0b13-49b7-beb8-5d7eb5db15ba,c1,DROP,27,?,?,
1769719052.1475596,RECEIVED,28cffa3b-c9d9-4cee-aac9-ec0ad034374e,7ad50b28-2de9-48f9-a837-f48a9148d990,c2,c1,27,p1,?,surb={'id': 'be7f60f1-baba-4f5b-915d-06ad04214a2b', 'route': ['p1', 'e6', 'i6', 'x4', 'p2', 'c2']}
1769719052.1482635,SENT,c17ce299-3e7d-4f9c-a69e-94a70261d9f3,434afa25-9dd3-4b54-a966-3525b549aedf,c1,DROP,2027,?,p1,
1769719052.148302,CREATED,b207d122-d09e-4035-86f3-5361f3fce6eb,7f05e3df-987b-4e0f-afaa-6980b747d7ee,c1,DROP,27,?,?,
1769719052.1574354,SENT,574783d3-fbc3-4615-bd52-05b79fe59001,2fcde0ed-f1fb-475c-831a-d59f6efdd027,c1,DROP,2015,?,p1,
1769719052.1574776,CREATED,4f540329-8af9-4a45-95b7-97f0cc6148c9,d892f66d-d929-4e01-b80a-50aa561d4f40,c1,DROP,26,?,?,
1769719052.2684042,SENT,9f9bc789-c424-474a-bbe8-512094602d38,37178f7e-69e4-4750-917f-b9ac75c88272,c1,DROP,2014,?,p1,
1769719052.2684453,CREATED,f3385f2f-ce0a-469a-8f0c-1b39723ec622,a90d22b3-a72c-417d-a9b0-e1d8ac6ea0fc,c1,DROP,27,?,?,
1769719052.2895198,RECEIVED,00dd72e7-609b-4e57-aeca-a79e5de5bdcb,3122579d-5645-4881-aa27-e80f4e38ef75,c3,c1,26,p1,?,surb={'id': 'dbe34afc-6c07-4ba0-80a7-7ed2401c4d4a', 'route': ['p1', 'e2', 'i2', 'x7', 'p3', 'c3']}
1769719052.3179789,SENT,8949000a-d4ac-407e-bcf5-4b5d19858e42,defddd26-6530-421e-ad6c-45540fa89f0a,c1,DROP,2016,?,p1,
1769719052.3180199,CREATED,6e829eb0-66bb-4328-a355-a25e2d45b6c9,d5743280-0f57-42b2-b6a0-8d610ac6c4de,c1,DROP,27,?,?,
1769719052.3726406,SENT,c8b39fff-da8c-4f7a-ab17-eaa2f1c2ab0d,9987b61a-85c6-477d-a128-46644cc42f58,c1,DROP,2016,?,p1,
1769719052.3726823,CREATED,026e0d01-770c-441e-98e6-63477e970753,6740d7df-1fe6-4e9c-8e92-6bb0fa644a9f,c1,DROP,27,?,?,
1769719052.4182425,SENT,edaa394c-8202-4c88-a09c-3ca1a05d860d,92859c25-cfc7-4826-8222-d6c893f8e15d,c1,DROP,2017,?,p1,
1769719052.4182818,CREATED,1debeef9-2ade-4e45-a84c-fe8f0b54e302,88aca3a1-5821-45c8-a1e2-da2fd237dca0,c1,DROP,27,?,?,
1769719052.432158,SENT,055b0e6d-7e2a-4cb1-a222-d86bd6b4c5e6,957b3c46-ebc4-43b3-8edc-64beab4de104,c1,c5,3363,?,p1,
1769719052.4322057,CREATED,82d2f735-0ad3-4062-8f14-024b830409e1,4ca2c482-63a3-42d3-a626-4f622d3a6a1d,c1,c5,27,?,?,surb={'id': '271f364a-aec3-442a-a246-c16ca2115e2e', 'route': ['p2', 'e2', 'i7', 'x5', 'p1', 'c1']}
1769719052.4386082,SENT,6c0795b8-ca80-4b53-9c4f-f2aab9649e9c,a5b0223d-bcb2-4da3-bbd9-32361db9b918,c1,DROP,1999,?,p1,
1769719052.4386501,CREATED,e8780f14-ceb7-4c5b-af05-02a723be4250,38506e2b-316b-45f5-ab81-4d4041e93cb5,c1,DROP,25,?,?,
1769719052.4634671,SENT,610d035b-a87d-4b1d-9622-43addc6c27c8,a542acd1-0867-4fb8-bf1a-5b366e722c66,c1,c5,3375,?,p1,
1769719052.4635139,CREATED,3f464948-6ece-4843-af3c-9052049a19e4,ee0f7725-9777-4e23-9bcd-e816b13cc0ce,c1,c5,26,?,?,surb={'id': '7857e12c-7c9b-49bd-a2b5-3c7df82eb84c', 'route': ['p2', 'e2', 'i4', 'x1', 'p1', 'c1']}
1769719052.518149,SENT,017f8204-a27e-4e63-bd3c-91254cede26f,2208debb-168b-404f-a76c-8553356bd575,c1,DROP,2015,?,p1,
1769719052.518188,CREATED,222ec0e2-dce6-4f8e-b08c-469f6f3d2c6c,d92d19a6-c3e0-4f16-afff-bcdfc3c49638,c1,DROP,27,?,?,
1769719052.572493,RECEIVED,c5b734c7-b67c-40c3-a578-ef504517cb09,8cf3f48f-1dbb-4e2c-b7e1-591cc63e918b,c3,c1,27,p1,?,surb={'id': 'bf6418a1-528d-4995-a269-a695a5b50297', 'route': ['p1', 'e3', 'i10', 'x2', 'p3', 'c3']}
1769719052.5813484,SENT,1acf6ea5-ebb8-4847-9785-319a2950a648,6e6aee70-4ce3-44c5-8c9f-a3bb9c5ce33a,c1,DROP,2016,?,p1,
1769719052.5813906,CREATED,dea7d057-2819-4cef-88a9-0afad226ae74,34e97e9b-0003-4915-99cc-f889a0810d83,c1,DROP,27,?,?,
1769719052.692434,SENT,07dc0ec0-b930-4b59-a754-45b4e9432c21,c19b2d3b-fb31-404c-9e15-93cce33e29b0,c1,DROP,2011,?,p1,
1769719052.6924758,CREATED,b2dac336-a504-4595-9a45-94e4636773c7,b244e0ab-9848-4180-9aa2-c2aaf885cdb1,c1,DROP,26,?,?,
1769719052.7209532,RECEIVED,521e79c5-af3c-441a-ae07-1a26f86cb7e4,42b91a1b-eb2c-4191-964d-f8c6cb0f8a26,c2,c1,27,p1,?,surb={'id': 'acbd150a-097b-4ee7-bc30-2ed2ae862de5', 'route': ['p1', 'e10', 'i12', 'x11', 'p2', 'c2']}
1769719052.7218437,SENT,cd78292e-2630-4a81-bdd2-fad6d94a045e,c5652254-00f8-43a7-b3f5-d513912f2a87,c1,DROP,2028,?,p1,
1769719052.721876,CREATED,103d973b-8875-453c-8ff3-f00abf9e457f,5e842f04-70d4-4037-8627-77e25dce2b71,c1,DROP,27,?,?,
1769719052.7475827,RECEIVED,ab4ff07f-5a4a-44c8-8a84-be9aba6c88ec,1086029d-575d-4517-a1c3-53a06b413b85,c2,c1,27,p1,?,surb={'id': '051748aa-0908-49e9-8288-6d38b0b17327', 'route': ['p1', 'e10', 'i4', 'x9', 'p2', 'c2']}
1769719052.762514,SENT,0bd410a1-f00a-4398-83a4-7398dad84798,8579fbab-ad26-4ebb-98bc-182c3af1750d,c1,DROP,2020,?,p1,
1769719052.7625546,CREATED,a5364495-4dc9-46c3-b3f2-51985aed596b,26a97a5e-db9c-4f77-bd55-457ab41f9a26,c1,DROP,26,?,?,
1769719052.7822711,RECEIVED,0e0fb3b8-ff86-4b10-8510-48fd9a0f5325,505c23e1-65fd-4a1b-aab4-0e91b344867e,c5,c1,26,p1,?,surb={'id': '0d138de0-abdd-4276-94be-58def7f0ff61', 'route': ['p1', 'e10', 'i11', 'x11', 'p2', 'c5']}
1769719052.8400173,SENT,9bba4218-d8bf-409b-91bb-cef9a2e634f4,80b691e2-35a6-461f-b558-ca4acb68f11b,c1,DROP,2030,?,p1,
1769719052.840178,CREATED,7b916e99-1b44-43ed-a08a-6ce7c7c913d0,f2e293c3-4ab5-4852-aa47-939fec4f789f,c1,DROP,27,?,?,
1769719052.885641,SENT,dda668cd-ee34-4643-99c8-885384e0b853,1d72cd75-545b-43f1-bc49-cb43556c30c8,c1,DROP,2036,?,p1,
1769719052.8856812,CREATED,1601d72a-724d-4929-bfe0-24ac6d48391e,f6a33efc-800d-43d6-b02a-26dfcdf6888b,c1,DROP,27,?,?,
1769719052.9623137,RECEIVED,71dc2a09-e639-4a5e-b40f-8c2dd4c1900a,c5814008-f12e-4e9e-81ba-0c6cb6b53dfe,c3,c1,27,p1,?,surb={'id': '3c3eb3d0-7431-4437-b667-894c31f393aa', 'route': ['p1', 'e1', 'i5', 'x12', 'p3', 'c3']}
1769719052.965617,SENT,244df3a2-4882-41a0-b4f8-75319f7fe55c,f8cc20fc-6fb6-438b-86a9-5ed9b5737544,c1,DROP,2039,?,p1,
1769719052.9656553,CREATED,5afb0b31-4f18-4532-beb3-26aa5e584abf,a7bdce57-debf-4213-b684-85daf15e8840,c1,DROP,27,?,?,
1769719052.977253,SENT,52f2f931-7a6f-4ab6-b9a2-1d5b2a25ae38,cf043449-e850-424c-a812-0d552ccd0cd4,c1,DROP,2031,?,p1,
1769719052.9772935,CREATED,198409c3-1eb8-4aa3-beae-6130a54da2c5,ef25d7dc-8fc8-462e-87bc-8378aacd633c,c1,DROP,27,?,?,
1769719053.0072238,RECEIVED,6009ec81-4d67-40ca-acbc-63f28601486a,81c631de-94fc-4787-8669-ca345c14d724,c2,c1,27,p1,?,surb={'id': '0e37e898-5e63-4ed1-8eae-86a5eace92e1', 'route': ['p1', 'e3', 'i11', 'x7', 'p2', 'c2']}
1769719053.0951352,RECEIVED,a0f51b44-dc72-4eb0-bdf4-0693319b7969,cb259fcf-d0fa-4e98-b01f-7f4287c0328f,c3,c1,27,p1,?,surb={'id': '55843f25-3e93-4d87-9f0a-fe6aed201ce6', 'route': ['p1', 'e8', 'i12', 'x1', 'p3', 'c3']}
1769719053.1379914,RECEIVED,6bca9afc-aa81-4304-a234-0b129c098174,1d4efea4-6967-4bde-bee9-795b480ff68b,c3,c1,27,p1,?,surb={'id': '0d082901-ce0e-45cf-879f-b81936276eb7', 'route': ['p1', 'e4', 'i4', 'x9', 'p3', 'c3']}
1769719053.2115805,RECEIVED,d532d124-d62f-48aa-bbe3-cdbaefca67c1,e19af722-eee7-4e61-a794-9b242275302e,c3,c1,27,p1,?,surb={'id': '6315c775-7dc9-4563-917b-fa35416d7f4f', 'route': ['p1', 'e2', 'i8', 'x3', 'p3', 'c3']}
1769719053.2193348,RECEIVED,14a5434d-624f-4421-aee5-d13381835b69,292332db-e0a6-4935-beff-60ed3e5fe5af,c3,c1,27,p1,?,surb={'id': 'd14fcf1e-10ac-4087-999d-e5cd379e50fe', 'route': ['p1', 'e6', 'i9', 'x7', 'p3', 'c3']}
1769719053.2366042,SENT,28361f73-5d6a-45dd-a8bb-d2308b44f7af,1078ea7f-c2b4-4fe2-95a9-a6d26388866f,c1,DROP,2028,?,p1,
1769719053.2366443,CREATED,59f895a4-8454-463a-aba4-2802993b791a,cd909c74-8e2e-48e0-8cc6-e8012a6aee79,c1,DROP,27,?,?,
1769719053.3131611,RECEIVED,66874ffc-c81e-439d-9000-d3e2341c9e2a,48a48694-8924-4ae9-ba03-7bdae6ddfc56,c2,c1,27,p1,?,surb={'id': 'eea14f53-6392-4646-a3c8-9c93d62778bd', 'route': ['p1', 'e9', 'i7', 'x6', 'p2', 'c2']}
1769719053.3146517,SENT,bff1eb7d-efe7-4083-9620-3d43f9454024,c1eaade2-59bb-4f99-89b5-e54cd7e42bcb,c1,DROP,2016,?,p1,
1769719053.3146937,CREATED,df52ab85-b7eb-4078-ba74-9cf0e2c91c8c,3f359553-5dbd-4a2f-b887-adfef3b16a63,c1,DROP,27,?,?,
1769719053.3575258,SENT,7276ed30-b6b3-499d-a3a0-b40f23a89e76,75d83dcd-d9eb-4fe6-a2f1-4adafd0d07b9,c1,DROP,2029,?,p1,
1769719053.3575654,CREATED,bfb08e32-2957-444b-94f2-f564c2b0dfbf,9e1cbb6d-7f10-47c5-8eec-49ff85b748f2,c1,DROP,26,?,?,
1769719053.3805737,RECEIVED,5a70c487-8375-4535-8859-384709cfb525,78d45de8-83d0-4ced-9233-2638dd5afbce,c5,c1,26,p1,?,surb={'id': 'b536f2f8-e3f3-4708-9d66-6e49c64dec11', 'route': ['p1', 'e7', 'i10', 'x5', 'p2', 'c5']}
1769719053.4208422,SENT,faeabefd-9e2d-42bc-8130-bd50712651b8,69d91f18-c227-4c00-8035-e82823255e1f,c1,DROP,2044,?,p1,
1769719053.4209063,CREATED,91d58ac8-4e2f-4b4f-913c-86d58496d198,ec9f9f28-a489-422f-a868-8e7e793aa771,c1,DROP,27,?,?,
1769719053.4587471,RECEIVED,0e914494-efcb-4bf8-8f71-a46a656a6e14,a28b0ebb-84cc-4f41-86eb-d057226f9be1,c2,c1,27,p1,?,surb={'id': '3eeedfd5-4ab3-4b07-be6f-7d36e8955b5a', 'route': ['p1', 'e10', 'i4', 'x2', 'p2', 'c2']}
1769719053.517191,RECEIVED,ad3a25ae-b67d-4c51-a4ba-aebc4ee2df04,05e421b2-9c55-43a0-bda4-b73e2842b07b,c3,c1,27,p1,?,surb={'id': 'e0ece1d6-2854-4f8d-950c-1afbb766fc8d', 'route': ['p1', 'e1', 'i10', 'x11', 'p3', 'c3']}
1769719053.5546951,SENT,e6dec98b-4137-423e-9d62-fecdfd56b20a,2778faf8-6e38-4cce-9eae-90212b42a43e,c1,DROP,2016,?,p1,
1769719053.554736,CREATED,ed31a0a5-cd97-4a1c-9b4a-6d040645b06b,2f3e6783-7470-47c4-a526-adcd693a95b8,c1,DROP,27,?,?,
1769719053.5582256,RECEIVED,6992758f-aacc-4ebb-84f9-4d78d5a2406a,5fc58c13-12e4-4078-b66d-b5ed20214095,c5,c1,27,p1,?,surb={'id': 'a038d364-9814-47cc-b448-81bb968d32dd', 'route': ['p1', 'e1', 'i11', 'x9', 'p2', 'c5']}
1769719053.582199,RECEIVED,61e8259b-e985-4e00-ace8-76aae586696b,6294bc48-e845-4f2a-a2bd-1e190bc31ff4,c2,c1,27,p1,?,surb={'id': '32e4cebd-fdfa-453b-9395-45ea28ec35e0', 'route': ['p1', 'e8', 'i2', 'x7', 'p2', 'c2']}
1769719053.6316764,RECEIVED,1be087ab-c578-4fc5-909a-6e6ac0524e19,e9fa39f0-3577-4f33-ab70-4bc5a314d0b0,c3,c1,27,p1,?,surb={'id': '0a93c442-1b94-4757-989e-e45219b2c12a', 'route': ['p1', 'e3', 'i7', 'x7', 'p3', 'c3']}
1769719053.651363,RECEIVED,05dd788e-5f53-48bd-a1a8-cab8727f2d76,0be45672-917d-4a47-8df3-fffef962b8ae,c2,c1,27,p1,?,surb={'id': '018924c5-cf1d-4a7f-a165-9254aca36a74', 'route': ['p1', 'e4', 'i5', 'x3', 'p2', 'c2']}
1769719053.671149,SENT,4990ec66-912a-4e39-b226-78472a5f15c3,6eba5308-e32a-42bc-9bbc-e9425c597c96,c1,c5,3375,?,p1,
1769719053.6711948,CREATED,c5e66275-7882-4a28-9802-14ff6ca611a0,4f917aaa-921f-4e4d-836f-ba0cc8435a5e,c1,c5,26,?,?,surb={'id': '88e1c67f-12c9-44df-a134-1af8a35ae855', 'route': ['p2', 'e5', 'i3', 'x12', 'p1', 'c1']}
1769719053.6753953,SENT,c884a3b0-9f5d-40e9-aba3-c60dea112089,d724732e-ffa6-44af-a2ad-6cad24bf3570,c1,DROP,2032,?,p1,
1769719053.6754355,CREATED,fb18c185-9ab1-471e-b5df-45778b5c36fd,46da5549-b046-4ea5-bd7d-5d94516409e1,c1,DROP,27,?,?,
1769719053.7103326,SENT,778ed10a-579a-499c-9e71-2b91724ec6b4,654a0a32-426d-467b-af31-8faa76c3c027,c1,DROP,2031,?,p1,
1769719053.7103717,CREATED,7aab255d-9c2f-44c4-a210-17bfbb87407c,f5182b26-ef19-4690-8795-391be7d37338,c1,DROP,27,?,?,
1769719053.8537858,SENT,f77d6e61-5eb6-4abb-8fa3-cae9929d8f98,d58a7212-4f67-4177-b577-e6d5cb43ab48,c1,DROP,2031,?,p1,
1769719053.8538232,CREATED,7de4ce31-d166-40c7-b273-3516a5128620,d2588b4c-0f35-4a4f-a193-cd7d07541b72,c1,DROP,27,?,?,
1769719053.8835936,SENT,58951e89-4c75-4bd2-bef2-b38f383359ea,add8bd5e-befb-4fc4-82ee-18f8ef148555,c1,DROP,2040,?,p1,
1769719053.8836353,CREATED,478d25f9-293c-4236-90e3-59625efc12ae,bab024f5-a4c9-4cc4-be0d-8f1f401a31a1,c1,DROP,27,?,?,
1769719053.8905003,SENT,d9eec475-4f3c-4cee-8637-2aaeb9d476eb,6d15613c-369b-40c3-9fe7-b4515dd1d86e,c1,DROP,2019,?,p1,
1769719053.8905413,CREATED,13f23705-710a-4724-9736-0ee6038efdd1,f1a9b131-fbf2-4237-a3d6-0478c4622fb2,c1,DROP,27,?,?,
1769719053.920514,SENT,58ef6b73-9597-44b8-8fd5-9cca17069643,b42dc974-4b77-4620-bcd3-e3c3517a316b,c1,DROP,2015,?,p1,
1769719053.920554,CREATED,d1de06c1-d4bd-4e77-a001-2d6a9c129220,c817376f-2c85-43dc-90bc-43e968d3fb49,c1,DROP,26,?,?,
1769719053.968013,RECEIVED,18083c3f-b024-4dc0-a3dd-f9df9b23bdf0,d792d9c5-2da9-4510-9209-ffc461375712,c3,c1,27,p1,?,surb={'id': '4d1c6964-af69-4d1c-8420-f45643fb3520', 'route': ['p1', 'e2', 'i11', 'x2', 'p3', 'c3']}
1769719053.9712913,RECEIVED,d2301a15-bc9b-4013-929f-9d309782ac6c,e824f60e-5e3f-484f-9553-60b55357d921,c5,c1,27,p1,?,surb={'id': '90a6a7ae-593e-4041-9bd7-98a31fd4f736', 'route': ['p1', 'e10', 'i7', 'x8', 'p2', 'c5']}
1769719053.9925027,RECEIVED,a902562a-89dd-410a-aa67-05f20655c93a,29f12c60-0ff8-4c3d-9013-25bddc623176,c3,c1,27,p1,?,surb={'id': 'f9ee5bd4-f9e9-4f7f-973d-a7dfb6a55758', 'route': ['p1', 'e3', 'i5', 'x6', 'p3', 'c3']}
1769719054.0099638,RECEIVED,f5c9740d-2e39-41bf-97d5-3d565b0a171f,31bf4e3c-ab8f-41f3-ba2a-91692a5d1e69,c5,c1,27,p1,?,surb={'id': '811341ad-8309-4451-b869-2fee13976714', 'route': ['p1', 'e10', 'i2', 'x12', 'p2', 'c5']}
1769719054.0469453,SENT,d1a0fe5d-d70c-4809-8db3-bbfc23aaa8aa,c88ef5bc-9cf0-41ba-99d9-eb3cb950de1c,c1,c5,3385,?,p1,
1769719054.0469944,CREATED,42fed3c5-db1b-46c0-8222-e17ea4eb7588,360addb9-2b3d-4d95-bdb7-f1b94526bf09,c1,c5,26,?,?,surb={'id': '96718474-e962-48c7-be04-f534d9245ae7', 'route': ['p2', 'e10', 'i6', 'x8', 'p1', 'c1']}
1769719054.0632508,SENT,8819a0de-7eab-4a19-b614-dcf59a4acdc0,2354cba1-f62f-4338-841b-e1cd19e08712,c1,DROP,2048,?,p1,
1769719054.0632899,CREATED,29c4553d-8b3f-40e9-927c-8d3dee1724fc,1d693f5d-6ddf-463d-8ea7-bc2bd729aea0,c1,DROP,27,?,?,
1769719054.1818588,SENT,dae366a5-0c88-4183-af42-99e77f209ba4,dd068888-703f-4e75-8202-f7406e4c762e,c1,DROP,2016,?,p1,
1769719054.1818957,CREATED,fa93ca50-0d14-4770-bad0-d8ac5d901df3,8e34a673-3995-4fb5-b1bf-0898547f241a,c1,DROP,26,?,?,
1769719054.2169898,SENT,08cadfe9-5149-4a7e-ad87-b93cf69a99b2,1e36acd4-be87-4e7c-b428-3bc12af8cd94,c1,DROP,2015,?,p1,
1769719054.21703,CREATED,3b191fba-d78c-449a-be13-88c1aa778224,9c6228c9-2f42-4226-929b-720ad839d86c,c1,DROP,27,?,?,
1769719054.2458396,SENT,94c47c79-ceae-41af-bfb9-e11469cad84b,aec42e31-7c1f-4443-b975-bce678dd8515,c1,DROP,2015,?,p1,
1769719054.2458787,CREATED,63879645-5051-4a9b-9a37-02dd8dc35ce8,551881c3-5e06-4360-824e-5c6cf115da49,c1,DROP,27,?,?,
1769719054.2540176,RECEIVED,52806445-87b3-458d-9609-9f3958ff8fa2,69956d99-a62a-4e82-80d2-35a0ae212ba4,c2,c1,27,p1,?,surb={'id': '3f9679ac-fc8b-4288-b5b6-41cf3a840cce', 'route': ['p1', 'e8', 'i9', 'x8', 'p2', 'c2']}
1769719054.3953362,RECEIVED,3402bce0-b83b-4058-9555-e29c675bb65d,09a3e6c8-0188-419f-b3fe-bcaffa37cc48,c2,c1,27,p1,?,surb={'id': '82638e88-a1d3-4fc6-a92e-76f7e693c696', 'route': ['p1', 'e10', 'i11', 'x4', 'p2', 'c2']}
1769719054.4152963,RECEIVED,1c353fa4-c058-4670-8c95-a37c81de4a52,60e5b324-027c-4d07-b646-d48e17895cfd,c3,c1,27,p1,?,surb={'id': 'f8bbf090-1138-4f07-8596-3c7c6a12d751', 'route': ['p1', 'e2', 'i2', 'x3', 'p3', 'c3']}
1769719054.5553691,RECEIVED,7f89dd6d-1c85-4935-880c-daeaf544e0a3,4fa34a70-0680-40a6-82e6-965b9974e6bc,c5,c1,27,p1,?,surb={'id': 'c18e1f45-a3b8-4855-9364-608c9362b68a', 'route': ['p1', 'e3', 'i6', 'x12', 'p2', 'c5']}
1769719054.5667439,SENT,bdedc42f-5c38-4eec-822e-9c65ba171b46,7c0fbd43-7fd2-4599-a0f9-8474d9c4caf1,c1,DROP,2032,?,p1,
1769719054.566779,CREATED,1cbef722-8f76-4315-88e7-f9befd0d464d,f584831f-7ee3-4a56-b842-35ce156768f2,c1,DROP,27,?,?,
1769719054.574805,RECEIVED,4243214e-ff79-4d33-9394-c150b9dd6e3f,b829b30f-2fd6-487c-aea4-eecb52f7e9cf,c2,c1,27,p1,?,surb={'id': 'af93eaab-fa4c-4ef6-b2bc-3a57d62397dd', 'route': ['p1', 'e2', 'i11', 'x12', 'p2', 'c2']}
1769719054.6125305,SENT,882c3cde-08a3-4185-aa0e-1c8579a99980,fdccd424-1d4f-4883-88d5-e6c2792ec1ff,c1,DROP,2017,?,p1,
1769719054.6125703,CREATED,faa3b2aa-82f1-46b9-954c-a3336beece42,70da5008-6ae4-44d0-8060-351a55b329bb,c1,DROP,26,?,?,
1769719054.6345146,SENT,7289d91a-43dc-4250-b0b7-4b85de9d8bff,0affdee5-4fb3-479e-94b1-337c14c1ca3f,c1,DROP,2021,?,p1,
1769719054.634557,CREATED,0c96cee9-3170-43da-b327-ba91643f50b8,c9bbf0b4-d3f1-44b6-aea8-705242c4888c,c1,DROP,27,?,?,
1769719054.7023964,SENT,22863b3f-8d44-4e5f-8528-c2c0c711545a,4e60c8aa-c8e1-4234-a944-ce90cf917cf0,c1,c5,3400,?,p1,
1769719054.7024446,CREATED,16592717-7ab5-4392-a079-8bf71fc8b6a0,f2b13326-b1d7-41fe-ae93-e016451a4369,c1,c5,27,?,?,surb={'id': '2a2721c3-7a3a-43e0-8df1-82b10d3a3b42', 'route': ['p2', 'e11', 'i12', 'x8', 'p1', 'c1']}
1769719054.7946851,SENT,c9123a3b-51f4-4234-96f5-c66731de0237,2519ba7c-ddd1-4ca0-84db-86b12bb38017,c1,DROP,2032,?,p1,
1769719054.794727,CREATED,ec5e3c2e-f292-4e2b-bce4-8c4d895a7544,291e2469-1e3d-48fd-88a4-4069b782c21d,c1,DROP,27,?,?,
1769719054.8014097,SENT,fd37d3f1-7734-471a-bdde-6e50292ec424,b6c3fc8b-8d4b-4619-ad3e-626506aa9d66,c1,DROP,2020,?,p1,
1769719054.8014498,CREATED,505addbd-efaf-44f9-af00-c65e7e3d59a9,7aa95293-edca-426e-90f5-00c73cca3ac0,c1,DROP,27,?,?,
1769719054.8972185,SENT,ce702e6b-e3f7-45d4-95f8-b46287451e66,9c15b1b7-330b-449a-8a99-a0d5fa3d59b2,c1,c5,3363,?,p1,
1769719054.8972623,CREATED,da574924-ab36-4441-8d7f-3f16f2a802cf,91d4acc5-b55e-42a0-bd23-c719aa028c07,c1,c5,27,?,?,surb={'id': '4cc9f442-ba50-4d2f-89c3-825b25c13f10', 'route': ['p2', 'e11', 'i3', 'x8', 'p1', 'c1']}
1769719054.9328036,SENT,78f7a8e3-72bd-4fc3-b938-db5d3fb94939,793a3f31-73b3-4e7b-8201-aafc16f41ab2,c1,c5,3379,?,p1,
1769719054.9328535,CREATED,7f6146a3-1e1c-4a32-8b54-d1d39c632abe,5d7446d9-865b-4195-a865-b56c84a0cc4c,c1,c5,27,?,?,surb={'id': '8b11094a-02fe-4ba8-8468-d584df948581', 'route': ['p2', 'e7', 'i12', 'x4', 'p1', 'c1']}
1769719054.9445853,SENT,35e596a0-48be-4137-9cff-2cbcbc0cda03,fb71bf2b-21ad-4cbb-91b9-362eb6d6489e,c1,DROP,2023,?,p1,
1769719054.9446733,CREATED,289c985d-38e0-4769-9b25-9abea2973518,ab75de09-4a4c-4161-b4f3-64d7f7bf80a4,c1,DROP,27,?,?,
1769719054.9897048,RECEIVED,69e2ab5d-2606-46db-8e86-c68e78dcef10,5a5e695c-9c22-4717-9448-f92fcf42193d,c5,c1,27,p1,?,surb={'id': '85739694-1bc0-4b89-8901-258f6f5ab1d6', 'route': ['p1', 'e6', 'i1', 'x9', 'p2', 'c5']}
1769719055.0022664,SENT,c122a526-5da4-4748-867a-748681a5fd42,70eab5c7-24eb-4d9a-8097-7b3966f07609,c1,DROP,2016,?,p1,
1769719055.0023112,CREATED,8813a34d-f5a4-4c17-9e1c-5fabc226196c,973a5f86-6098-4358-818d-7eaf9ed8def9,c1,DROP,26,?,?,
1769719055.0284336,SENT,8bcbe852-035f-4241-a1cf-f15404a4f2d4,f7c24d5f-ef46-4dea-8300-f243cbbef59e,c1,DROP,2018,?,p1,
1769719055.028475,CREATED,f72970dc-7a49-4f83-927e-33f03dd226be,df5e76cb-8598-488a-b3b3-5873867bc62a,c1,DROP,27,?,?,
1769719055.0800252,RECEIVED,8b8843c4-c026-4ca4-b4d9-6268eed25ed9,0db5e467-3d9c-4365-a21e-b02a4af42144,c5,c1,27,p1,?,surb={'id': '40273277-224c-4e2a-ada4-6cf5b9763a2e', 'route': ['p1', 'e6', 'i8', 'x5', 'p2', 'c5']}
1769719055.1718295,SENT,359dee9d-d16e-4982-993f-e8bed4dc900c,b2866bbf-f7bc-4937-ab74-483922ecacbd,c1,c5,3401,?,p1,
1769719055.1718762,CREATED,fe388b57-ffc3-4d23-bfa2-72448390423b,6f4500ef-c47e-436b-aebf-50e7602ead39,c1,c5,27,?,?,surb={'id': '8ae2c71f-a836-4215-b868-e8b9e41b9fd1', 'route': ['p2', 'e1', 'i3', 'x10', 'p1', 'c1']}
1769719055.3379664,SENT,d290a83f-fd34-4947-9a1f-377f38273949,f8566ef0-ee77-4706-bdd6-c1ca07485e3a,c1,c5,3399,?,p1,
1769719055.3380053,CREATED,ca442ab7-b7d3-4de5-a2f5-64a1d090f0ff,afe6a736-323b-4480-8f3a-793ec8986401,c1,c5,27,?,?,surb={'id': '101f907a-b096-4970-a3ec-5dc1b8706a00', 'route': ['p2', 'e7', 'i11', 'x5', 'p1', 'c1']}
1769719055.3435338,RECEIVED,6eedf1a0-d4c4-48fa-9f58-b729257e7d0f,6f417955-6bf3-4cb8-8269-77ed275a80b9,c3,c1,27,p1,?,surb={'id': 'ad443a10-cefa-4423-b895-2143f19907da', 'route': ['p1', 'e5', 'i7', 'x10', 'p3', 'c3']}
1769719055.382007,SENT,093cfec5-6bbb-4411-84b0-295556ad24fc,1ce90e8b-6eb0-4e29-86f2-742be6825129,c1,DROP,2020,?,p1,
1769719055.3820505,CREATED,4a4e88ab-7280-4bd4-9637-155e3fd8d623,1fd62902-f67c-42f9-8f26-357f8355479d,c1,DROP,26,?,?,
1769719055.3973694,SENT,bb63fdc6-2f04-4440-8cdf-f652b359cfb7,bc7c96c8-9f54-4cb9-bb06-ba77b149f1d9,c1,DROP,2019,?,p1,
1769719055.397409,CREATED,c11092b7-5774-47ed-b147-ba23678f9f70,518c7f69-df82-4a8d-8b60-90b5a7f4b1f0,c1,DROP,27,?,?,
1769719055.5358026,SENT,8b265918-9144-48d2-8259-394fb426b7a6,29bafe43-9804-4a56-9f3c-1a6634c27daa,c1,c5,3375,?,p1,
1769719055.5358446,CREATED,65bb72d2-1c6a-4979-a431-f864ac92b227,5ef63d8a-cc2d-4740-96b8-0f7896e424c3,c1,c5,27,?,?,surb={'id': '2fd9124c-9b09-4fc7-9734-08c514c0fdd2', 'route': ['p2', 'e5', 'i2', 'x3', 'p1', 'c1']}
1769719055.597434,RECEIVED,dbca6f3a-b348-41be-a9c6-8ab770e9017f,d1444927-4c40-4e4d-ad32-bc8a7ab18fa8,c3,c1,26,p1,?,surb={'id': 'e57b5a5b-5040-4057-80e3-ab86af525208', 'route': ['p1', 'e8', 'i9', 'x4', 'p3', 'c3']}
1769719055.729639,RECEIVED,92307c9c-7db7-4cb4-8a07-d6dbf724ab17,9b961b58-6df3-407d-9ddb-c5b5c1b7198c,c5,c1,27,p1,?,surb={'id': '5bb8da16-e16f-4c1f-aff8-2d21db9bd89b', 'route': ['p1', 'e9', 'i4', 'x1', 'p2', 'c5']}
1769719055.7462537,RECEIVED,67b5dbaf-d59b-4b72-8086-e7cb302eaaf4,abcc3b8d-517d-40c2-bf82-d500b0f15465,c5,c1,27,p1,?,surb={'id': '0a382717-7387-43e1-8ee4-dba19124a56a', 'route': ['p1', 'e2', 'i12', 'x9', 'p2', 'c5']}
1769719055.7486231,RECEIVED,1828b34c-f354-401b-8475-be2d67a65b55,13d47fd5-054d-4e90-b7ec-979cbccc95db,c2,c1,26,p1,?,surb={'id': '0609f634-15f3-42c9-a5e8-46818cda8dfe', 'route': ['p1', 'e7', 'i5', 'x9', 'p2', 'c2']}
1769719055.7520099,RECEIVED,0c571e36-13e5-4623-bfb8-d2a9680cc1ce,64b02d7d-3cd2-4829-ae61-41d3a6a4ef9d,c5,c1,27,p1,?,surb={'id': 'fd378db8-3a9f-4167-b3fd-b92d68d9c4b0', 'route': ['p1', 'e9', 'i2', 'x1', 'p2', 'c5']}
1769719055.779291,SENT,b14dc31e-91b9-4af8-956a-7a09c82baef7,7fae76fa-fc6e-4dfc-8a09-3e154b187fd4,c1,DROP,2044,?,p1,
1769719055.7793303,CREATED,5cd60f7d-ca1a-4061-96cc-673fe6ac4fee,1b5946f9-6851-4617-9dd5-de1de5dc24a3,c1,DROP,27,?,?,
1769719055.854729,SENT,a9bab538-09e8-4889-905c-5c481dac4f34,1332e2d7-55b9-47cd-b89b-215ef47af803,c1,DROP,2015,?,p1,
1769719055.8547695,CREATED,4e5ef7e4-4022-4ba2-9757-398479e3379c,7e9c25d2-9798-4fd2-82ca-5cdd1858dd47,c1,DROP,27,?,?,
1769719055.8812249,RECEIVED,0485aed2-0df5-4818-94bf-5b6e44cfb716,46f1d37e-af44-48b7-b83a-30900110ee38,c3,c1,27,p1,?,surb={'id': '4697ed1d-1fa5-4025-b363-400096e8ec19', 'route': ['p1', 'e10', 'i7', 'x6', 'p3', 'c3']}
1769719055.8939614,RECEIVED,370a8a26-d143-43fa-9cfa-971f3ca815a6,1b832ba4-4bda-4e4f-9f11-b36557df3d29,c5,c1,26,p1,?,surb={'id': 'cbadc7e7-737a-48f1-9de4-28794f6dba0e', 'route': ['p1', 'e11', 'i1', 'x6', 'p2', 'c5']}
1769719055.9572053,RECEIVED,d5eb0efb-baac-4594-a51b-e02650e05648,9d9dc70c-f46a-4297-ac6e-d14dd4bf75c2,c3,c1,27,p1,?,surb={'id': '3869875b-0c16-4522-a17e-c6a61a9be2d9', 'route': ['p1', 'e11', 'i2', 'x10', 'p3', 'c3']}
1769719055.9885402,RECEIVED,3f4b6e0f-b3ba-4fb1-8990-661f8e92665a,721b4441-0fc2-4392-9807-186c4e4b8dca,c2,c1,27,p1,?,surb={'id': 'afc96240-f567-4e9a-9293-d0f9c18ea790', 'route': ['p1', 'e5', 'i8', 'x6', 'p2', 'c2']}
1769719055.997775,SENT,27a4069a-5f66-4895-ab56-9520bcd73b02,14007791-1a50-47b8-97e4-c9c84f327b31,c1,DROP,2023,?,p1,
1769719055.9978094,CREATED,aca7a784-58fe-4f56-a0d0-5ae38b72817c,ac15fa86-882e-4e3c-bbed-1d9c019d0033,c1,DROP,27,?,?,
1769719056.0105124,SENT,ee06a799-10e0-4921-b520-a9f6bdded8ae,05dd0a59-f741-4aa9-97bd-e3721da2ffeb,c1,DROP,2015,?,p1,
1769719056.0105522,CREATED,5adedabc-8203-48b0-bb70-b6c9f21ec2ea,9c254d18-2139-4640-a0f2-e536f8c7fd31,c1,DROP,27,?,?,
1769719056.0286996,SENT,e56177ef-f6bf-48a9-a3df-4b63c5e58ebf,c8d01fc8-c5af-4f91-bb9b-ba64fe8d6ff5,c1,DROP,2019,?,p1,
1769719056.0287378,CREATED,515c4366-4cf1-445e-899c-cf587d0d4ab0,54b83e46-64dc-4762-9e2f-474f38f11bc7,c1,DROP,27,?,?,
1769719056.0538197,RECEIVED,32542fce-8fcd-4a0d-906a-00d962a84a7c,aea87d4e-645c-4616-807b-b5337160790c,c5,c1,26,p1,?,surb={'id': '5ea56f0c-b737-42ff-bf82-845cd90470a2', 'route': ['p1', 'e9', 'i2', 'x5', 'p2', 'c5']}
1769719056.0830078,RECEIVED,9c7a5bdb-4dee-431c-a977-576dbbf25313,9ce5591c-0831-40ca-a894-7f4728a06f39,c3,c1,26,p1,?,surb={'id': 'f4d430bb-6bdc-4ecb-b92f-0c8d6a972c0a', 'route': ['p1', 'e7', 'i10', 'x4', 'p3', 'c3']}
1769719056.1738026,RECEIVED,6c8ad660-8f38-49cd-b547-ead7ed1a8548,abd3bb6c-378f-46a3-bb58-856d99621a14,c3,c1,26,p1,?,surb={'id': 'b0190117-2ddc-4369-83f4-9e62557a9ec0', 'route': ['p1', 'e4', 'i8', 'x5', 'p3', 'c3']}
1769719056.1771314,SENT,d32dc8e0-5710-4fe8-b6d7-20f67e424535,724ee70e-79b0-481e-8e94-37af6a26134b,c1,DROP,2028,?,p1,
1769719056.1771722,CREATED,59b57f64-86e1-4037-b9dd-46e4a5d08109,4c08ecc8-d678-4483-8ab4-10a9a68c9045,c1,DROP,26,?,?,
1769719056.21491,RECEIVED,b172d4b6-9636-49e3-931d-d54b9da69ade,71544e05-3a0b-4f02-8a4e-65bff2cdf810,c2,c1,27,p1,?,surb={'id': '4bfdfada-8ea1-462e-8e23-147dba534952', 'route': ['p1', 'e4', 'i4', 'x9', 'p2', 'c2']}
1769719056.2757533,SENT,d3c8312e-f46f-4ddc-a996-766d64eb49c6,678b1836-fee2-4ffe-8c3a-fdce88e60f4e,c1,c5,3384,?,p1,
1769719056.2758,CREATED,152b5fd8-32c9-4cde-a470-3abeb5eefbbc,f21bc44d-db15-4425-8da0-4e6aac52f628,c1,c5,27,?,?,surb={'id': '1df0d3ac-9ccc-41c8-bfbc-72d440fe64a9', 'route': ['p2', 'e10', 'i11', 'x5', 'p1', 'c1']}
1769719056.2841215,SENT,93443c3e-d32b-46a3-911f-d12fd3fbbe45,e08a442c-0112-45b4-a147-9ff2d9e6bc0d,c1,DROP,2024,?,p1,
1769719056.2841609,CREATED,a0fb9870-802a-4046-908f-743af0b0736c,a47d2ea7-a966-4f36-8fa6-59933d0914ee,c1,DROP,27,?,?,
1769719056.2917862,RECEIVED,f25c3c42-2317-4662-b54d-1629c6d6670e,9c2fa5b7-8220-43d4-bc2e-30e382df7ace,c5,c1,26,p1,?,surb={'id': '123ce1c2-3a78-490a-adb5-1b5ce0933b8f', 'route': ['p1', 'e1', 'i6', 'x1', 'p2', 'c5']}
1769719056.3048015,RECEIVED,ab9e0a89-57a4-48cc-b7d9-85cd4ccb48f7,6525bd5d-aceb-4093-a789-bfeedd0057a1,c3,c1,27,p1,?,surb={'id': 'f74a010d-da07-4cc0-9466-f9d97bc6f5b0', 'route': ['p1', 'e3', 'i6', 'x12', 'p3', 'c3']}
1769719056.3253825,RECEIVED,83c0eebb-7177-49ed-8bbd-8cb3a610a039,d68c7919-5214-454c-b376-d8bb732cf665,c2,c1,27,p1,?,surb={'id': '33c85db4-3738-4d9b-807e-f9c8c749ddd1', 'route': ['p1', 'e3', 'i7', 'x9', 'p2', 'c2']}
1769719056.350838,RECEIVED,c5d2e7d6-29c3-44cb-a6e5-b9fc7f903a73,fd78f935-f4c5-432a-8c01-280df9664a73,c2,c1,27,p1,?,surb={'id': 'f1a8a8ba-c50d-4d8a-a774-01d77fd64dad', 'route': ['p1', 'e2', 'i9', 'x8', 'p2', 'c2']}
1769719056.3631833,RECEIVED,ac44ee9e-f2fa-45c1-add9-01e82cdeaa74,54b88d93-5a5b-4fd1-b109-086c461f5dcd,c3,c1,27,p1,?,surb={'id': '43fc0521-53e4-4357-bed6-e21aaf48317a', 'route': ['p1', 'e4', 'i6', 'x4', 'p3', 'c3']}
1769719056.3761644,SENT,8d9f53a2-8502-4874-b31b-af141c8c6e41,4a6f5e4e-b914-46d7-9726-03416b7596b2,c1,DROP,2019,?,p1,
1769719056.3762143,CREATED,b43e631e-c5a3-4fcf-891c-31950c2878dd,af112a7c-8cf8-4f94-b03f-21f8f2a7a33a,c1,DROP,27,?,?,
1769719056.3832998,RECEIVED,53ce5867-7dea-4979-9c88-90438843a0d9,1782626e-6186-4c12-a495-09b5dc5239e7,c2,c1,27,p1,?,surb={'id': 'e5228b2c-94a8-4145-b974-180ae1fcd2a1', 'route': ['p1', 'e12', 'i1', 'x5', 'p2', 'c2']}
1769719056.4027948,SENT,e3f29bfc-bf4f-4d6f-bdf5-a3782f3f10ba,5add762c-692c-4599-9303-385748306b58,c1,DROP,2027,?,p1,
1769719056.402841,CREATED,d997e9d8-5751-4e1c-aaf3-6e2fa18a9536,9fc77ff4-524f-42ed-8957-8f9b3a8e8c68,c1,DROP,27,?,?,
1769719056.458316,RECEIVED,8edaf5b6-5d80-493c-b205-4f1e01df83a5,d26e1738-a4fb-432b-acc7-b0e084539918,c5,c1,25,p1,?,surb={'id': '04ef60da-c57e-4693-8fde-3d977cb1109f', 'route': ['p1', 'e11', 'i10', 'x6', 'p2', 'c5']}
1769719056.506781,RECEIVED,fd4aaddb-6c3f-4c1f-823b-707e498ff56a,cffa378b-5026-47a9-ba79-a7cae78f1ef4,c3,c1,27,p1,?,surb={'id': '45a15df2-2303-4caa-a903-57f26c037562', 'route': ['p1', 'e5', 'i1', 'x7', 'p3', 'c3']}
1769719056.51772,SENT,ec11bed1-bc90-452c-9bfd-eaba77fd218b,660708dc-a8ad-4b0f-afb3-ce58adb7f9ba,c1,DROP,2016,?,p1,
1769719056.517762,CREATED,66cb9ad8-ac12-4e22-9ee1-8dbe06c57c28,b7aa571d-adf2-423a-8985-05e1af1326ec,c1,DROP,26,?,?,
1769719056.5496137,RECEIVED,7ff7ee33-61c5-40c8-b5e1-a26efffcdfd0,61ffe252-6151-4838-a293-785840679196,c2,c1,27,p1,?,surb={'id': '81d57529-254f-475f-bdd6-d1725432545f', 'route': ['p1', 'e8', 'i4', 'x3', 'p2', 'c2']}
1769719056.5662274,RECEIVED,a4760b7f-988e-45a1-b00f-9a245a2b77c8,fefb507b-d625-41ff-8f78-51563782b7b5,c5,c1,27,p1,?,surb={'id': 'e10f8ff9-494a-4cc2-aa55-df8047761063', 'route': ['p1', 'e12', 'i6', 'x4', 'p2', 'c5']}
1769719056.6722972,SENT,a57c5374-b96a-45e6-a9ba-23954f2a9df4,0d5898e4-6d9a-405d-beda-90ebe6d9118b,c1,c5,3374,?,p1,
1769719056.6723447,CREATED,ba33131f-fd92-49cf-844b-ac34cadc44f7,7b7a2030-6f0c-4329-a4a4-cba8a797e3bf,c1,c5,26,?,?,surb={'id': 'cfe54430-4cbc-4e3a-871d-70d598bdb248', 'route': ['p2', 'e6', 'i5', 'x5', 'p1', 'c1']}
1769719056.7088602,SENT,7de87086-a2a7-4d2a-b5e1-1d14f60c9747,cfab8fa4-d7ff-4abf-8365-be3d2c99ad1c,c1,DROP,2026,?,p1,
1769719056.7088993,CREATED,4a498705-b79d-4855-a168-1276ae46c959,22eab5af-9c6a-4bee-9c2c-ad6f6aa51c1a,c1,DROP,27,?,?,
1769719056.7179184,RECEIVED,36c26fd8-9476-4105-a451-4ac92eee09bd,2f607252-2c0a-4dab-8f5c-12cfe4d994dc,c5,c1,26,p1,?,surb={'id': '4a763b3d-fb52-4612-8dc9-9f57daa7f2ab', 'route': ['p1', 'e6', 'i12', 'x4', 'p2', 'c5']}
1769719056.72116,SENT,ded7abd5-fb6a-43a5-8911-afad424f0607,9718728e-9a96-4c2b-b36f-84daf6ffda66,c1,DROP,2032,?,p1,
1769719056.7212007,CREATED,2ac2a115-9c16-49e9-9470-bb259a1dcb62,388b3ec3-8016-44c1-a1f8-81fc1ab8b5e4,c1,DROP,26,?,?,
1769719056.7603266,RECEIVED,04e7840d-ed97-488f-a53d-f19abaec0808,93f53cf7-7db9-476d-9d37-29d8c12f0da4,c3,c1,27,p1,?,surb={'id': 'e3b0ffd4-d606-4180-a491-509ecacc0d08', 'route': ['p1', 'e11', 'i8', 'x5', 'p3', 'c3']}
1769719056.7880836,RECEIVED,d4964854-aecb-4340-8a9f-c1e46b4a3b52,504e140a-3a46-4dfa-8bf6-9cd2d60de150,c2,c1,27,p1,?,surb={'id': '787f5cf7-4972-4afa-a719-95456a7ec6e2', 'route': ['p1', 'e5', 'i2', 'x3', 'p2', 'c2']}
1769719056.8247817,SENT,5f05e0d4-661c-45f3-8e8b-cf57c05a74ad,4307acc8-f02b-48ca-ab78-5fc81ba0b039,c1,DROP,2030,?,p1,
1769719056.8248224,CREATED,cc3729c4-afd7-4e21-9fae-ea4be07f6b98,6b73b1c4-28b0-4683-80fe-ce67db03f424,c1,DROP,27,?,?,
1769719056.8405337,RECEIVED,605018da-681b-47a8-bc65-80001a2c204a,3b9a8389-6130-4e2a-8bc9-a40634a8d32d,c2,c1,27,p1,?,surb={'id': '1dce7542-7d21-4a05-aec7-43935e68d2c9', 'route': ['p1', 'e7', 'i11', 'x12', 'p2', 'c2']}
1769719056.8628452,RECEIVED,f91e74bd-bfcb-4a5c-bc84-016d2333bb7f,849f6e2d-fed8-4bde-819e-00ffab9a9466,c5,c1,27,p1,?,surb={'id': '5e733cff-110d-4421-9a8d-b512874c5e49', 'route': ['p1', 'e4', 'i7', 'x3', 'p2', 'c5']}
1769719056.8672607,SENT,bface1ab-a9e6-4f96-a9a9-758dde47d067,7bac35a8-aeee-458b-861d-c662a37fbf15,c1,DROP,2030,?,p1,
1769719056.8673005,CREATED,03629297-ee72-4e3f-af47-a5d436018950,729a199d-c475-4f80-b6cd-109bde6047ee,c1,DROP,27,?,?,
1769719056.8779392,RECEIVED,b10c6773-6186-4c29-b31c-a81c0ad45beb,bd3edec9-2af5-4d0a-a8cf-b6fc8d2977fe,c2,c1,27,p1,?,surb={'id': '088ea719-38e9-4022-9885-6f46cef145ee', 'route': ['p1', 'e12', 'i8', 'x1', 'p2', 'c2']}
1769719056.9315217,RECEIVED,bce32e3d-1675-4283-9820-87dc64fd1624,5fba6a0a-4f80-402f-a602-5e090d365658,c2,c1,27,p1,?,surb={'id': '90dbeec3-d38a-43a5-afc6-80d0f701a66c', 'route': ['p1', 'e9', 'i3', 'x9', 'p2', 'c2']}
1769719056.933955,RECEIVED,a93facb2-7b79-4169-aed5-eb6c49858043,d993831d-08d5-4e2f-9198-78ccfd2764ea,c2,c1,26,p1,?,surb={'id': '6363221c-e87b-44d7-bf03-bf0d826a7f6d', 'route': ['p1', 'e1', 'i3', 'x6', 'p2', 'c2']}
1769719056.9414415,SENT,89c8fd99-8dff-488a-9c21-d0764fbf6d6c,80e334fa-efe0-45dd-8e70-acf686c26cd8,c1,DROP,2015,?,p1,
1769719056.94148,CREATED,4eaec71d-9f85-4a46-af64-8f79028a298c,5d243dcb-f5aa-44ff-bad5-181c92f2def4,c1,DROP,27,?,?,
1769719056.9687872,RECEIVED,d43b18aa-c4f4-46ee-8a8e-9ef377c17d0e,e87f2de9-9e09-4dcd-b44a-866e88aca96b,c5,c1,27,p1,?,surb={'id': '30da0f64-766d-4479-897f-ae3d7afa89db', 'route': ['p1', 'e9', 'i9', 'x1', 'p2', 'c5']}
1769719057.1100612,RECEIVED,150d5796-bcd4-46d2-8343-e5d9161ddc97,be3260b5-3125-497a-99bf-e450427f45bb,c3,c1,27,p1,?,surb={'id': 'd78d9d2c-05a9-49b2-9057-abc0a755267b', 'route': ['p1', 'e4', 'i11', 'x9', 'p3', 'c3']}
1769719057.1375787,RECEIVED,e1ef89f1-e7ef-4266-891e-21b982b9bc28,af0d453d-1cc9-4661-b3b5-a2c76e5c97a4,c5,c1,27,p1,?,surb={'id': 'd0795d28-47be-4359-8c26-bdc41f66a549', 'route': ['p1', 'e7', 'i6', 'x11', 'p2', 'c5']}
1769719057.1555717,RECEIVED,459aa412-cb31-446d-b56f-2f628366b844,85fdfeec-2bdd-4b6f-99b2-266c1b1e3ddf,c5,c1,27,p1,?,surb={'id': '70c49b28-08fb-48d9-bb6e-14274e339f6a', 'route': ['p1', 'e11', 'i1', 'x7', 'p2', 'c5']}
1769719057.20995,SENT,fbefbac2-17f9-4a67-8ba6-afe06a2c8042,23dafcaf-5c48-4792-8324-26ae431d8e01,c1,DROP,2010,?,p1,
1769719057.2099895,CREATED,ec2fd6ca-eb7e-4187-acb9-04d25bc69975,334ca671-762c-4e53-8e06-afdfb4715cf2,c1,DROP,26,?,?,
1769719057.2789268,RECEIVED,86517759-7094-4f59-ad52-d7abd715155d,b424f8ee-b752-4803-9242-aeddb431134c,c5,c1,27,p1,?,surb={'id': '268319df-800d-423c-b493-99cfa7760f9b', 'route': ['p1', 'e6', 'i3', 'x9', 'p2', 'c5']}
1769719057.340223,RECEIVED,d29dec06-3b28-40a9-8344-c143490335be,b3988b24-6754-4101-ac23-9863f0a532f6,c2,c1,27,p1,?,surb={'id': '13f42ae9-991b-486b-bedf-01305f8895c8', 'route': ['p1', 'e1', 'i10', 'x4', 'p2', 'c2']}
1769719057.3555562,SENT,b682f1c4-1901-4a37-a518-183ac3f76a1b,e7d1f1ce-aac6-4d96-be07-fe23bce3ef99,c1,DROP,2017,?,p1,
1769719057.355598,CREATED,03714f90-35c8-4deb-8e85-a3c46199e206,f82aa768-709f-48b8-8465-0a07b12b78f8,c1,DROP,27,?,?,
1769719057.3692071,SENT,90726aca-41a1-4656-86f9-faf6ff9b18e8,639c7c1d-bc36-43a6-a21b-d54b57a17d39,c1,DROP,2040,?,p1,
1769719057.3692493,CREATED,130f4291-5222-4908-9d78-af6a72fad554,75179914-f6dd-46f2-bb71-6788b744a942,c1,DROP,27,?,?,
1769719057.3729188,RECEIVED,aa06b5fd-2a86-420f-9a15-2c97b7372649,d519ca77-7107-4f76-aa71-1d6c06dc9b69,c5,c1,27,p1,?,surb={'id': '6bea04b7-63fa-4705-86af-b2bdd0a5077d', 'route': ['p1', 'e5', 'i5', 'x12', 'p2', 'c5']}
1769719057.417141,RECEIVED,45fc4f5b-7126-44f1-96d7-b20ea58a0034,09d93836-e837-4f14-875e-3d2df554f125,c3,c1,27,p1,?,surb={'id': 'e6953fcd-dbfe-45bc-86e0-0b6eeaf3d552', 'route': ['p1', 'e6', 'i1', 'x11', 'p3', 'c3']}
1769719057.5237591,SENT,316ac6ab-de47-47c4-927a-ac7464f9436b,465e7991-253c-4c39-98b6-2af262f70e0f,c1,c5,3395,?,p1,
1769719057.523806,CREATED,b233d71c-5d28-45ae-8517-b37c3d558d87,4127434e-b185-4b26-ab98-cf418c8c2003,c1,c5,27,?,?,surb={'id': '41f78eb0-fd0a-41b9-aac3-25f65f4fde54', 'route': ['p2', 'e12', 'i11', 'x6', 'p1', 'c1']}
1769719057.5359025,RECEIVED,cfca2e1f-136d-4696-8b9a-ee0a76e4205b,4b6a0ffe-a730-4017-ab1f-729577426107,c2,c1,26,p1,?,surb={'id': 'd1b80309-3892-43b3-826b-7c7f4535a7c1', 'route': ['p1', 'e1', 'i5', 'x8', 'p2', 'c2']}
1769719057.541805,RECEIVED,3a2a4d7e-cee6-4214-8c93-d5b02044e29e,795ded7c-2651-4744-b24e-a36a7f90fb50,c5,c1,27,p1,?,surb={'id': 'bd43d939-cd1d-4164-ac63-d506cdf7bc00', 'route': ['p1', 'e1', 'i8', 'x8', 'p2', 'c5']}
1769719057.5498302,RECEIVED,3af27a5d-f815-49f8-86db-e31918e69931,80239d9b-43e3-4ad9-9409-ad4318feba11,c5,c1,27,p1,?,surb={'id': '38b2c0df-8b90-493e-ae7a-8d765efcfcc8', 'route': ['p1', 'e7', 'i6', 'x4', 'p2', 'c5']}
1769719057.5784216,RECEIVED,e8465a96-62a5-4a2f-a889-34af593b2fc7,a74de218-729f-4bd5-adea-4701c1318974,c5,c1,26,p1,?,surb={'id': '422300b3-9b74-4df2-9c63-5bf3e509ae7d', 'route': ['p1', 'e5', 'i7', 'x7', 'p2', 'c5']}
1769719057.5878668,SENT,49afd8ed-8110-4c38-a811-acf662d1408f,14002f22-40b1-47f1-a880-7472cfd2f1ad,c1,c5,3386,?,p1,
1769719057.5879183,CREATED,6beb1a19-0854-45c5-b431-dec1ad321401,386f7182-650a-49e2-95fd-161f60a3b23a,c1,c5,27,?,?,surb={'id': '97be0593-58a7-413f-a94a-f8f742db20a1', 'route': ['p2', 'e12', 'i9', 'x8', 'p1', 'c1']}
1769719057.591918,SENT,0f6fd1cb-5f0d-447f-90b5-06a6a1e08143,ae519206-6269-4a42-9986-ac689e0ac20c,c1,DROP,2016,?,p1,
1769719057.5919583,CREATED,f5327861-544d-4252-a747-e38e0f4ae63c,bc34dede-afd5-450f-87ec-32c551df47bd,c1,DROP,27,?,?,
1769719057.5973055,SENT,943b1fba-cb49-4bf4-9f4e-6c71314d437a,b00f46ad-c1fa-4370-b61a-b0991ce50519,c1,c5,3396,?,p1,
1769719057.5973501,CREATED,6a2d7332-07c4-4c93-955b-28167be4afa0,39d1373f-64c2-40be-bae5-0872f00c95f7,c1,c5,27,?,?,surb={'id': '8656a6bc-2286-4589-bf4f-a1b4011de80c', 'route': ['p2', 'e5', 'i4', 'x7', 'p1', 'c1']}
1769719057.648027,SENT,1a63988d-a706-4b29-a0fb-001af3320ae7,5f68878e-c460-46fe-a012-e80e276bf2fe,c1,DROP,2024,?,p1,
1769719057.648087,CREATED,df7f3916-87f6-421d-83bd-eae1719d57aa,11b325f3-7af0-448b-b166-3614dab0d4a3,c1,DROP,27,?,?,
1769719057.6639905,SENT,e282efbe-2bb8-4cdc-aec5-4da1e45c1099,8653c197-f592-4621-8a2f-4a39d766c9b0,c1,DROP,2023,?,p1,
1769719057.6640317,CREATED,7d347577-26d7-4ae3-9f37-120e6ee96b08,620eb212-ca9b-4881-9af3-e755cd1937ef,c1,DROP,27,?,?,
1769719057.6898313,SENT,6b687b1c-2dac-4def-b36c-ee50b09a5129,22e7d99f-d894-40fe-ad36-9d6dfb1a10e3,c1,DROP,2033,?,p1,
1769719057.6898727,CREATED,5d409c5c-67fa-4bfd-a330-e3b4837fe6a2,ecfbf88d-5c4e-4fb5-9313-ff86aeae8f82,c1,DROP,27,?,?,
1769719057.777233,SENT,6ce062a8-1595-48d3-9f27-a9dacc1d5245,3701cc22-3e68-459a-8d7f-504dc2184d31,c1,c5,3365,?,p1,
1769719057.7772794,CREATED,5b16b63b-8788-45d7-bc1c-df20f5b66156,168ffef9-cd48-481a-9361-5c4cee6e7227,c1,c5,27,?,?,surb={'id': '39ad777a-4c96-4fde-b87c-0363c291a15a', 'route': ['p2', 'e2', 'i12', 'x9', 'p1', 'c1']}
1769719057.8263128,SENT,46a5fe2e-68ba-4408-a347-4d3ba2a4dcbb,ab1d2c09-05f8-4184-bc9d-e9b426bd57a9,c1,DROP,2021,?,p1,
1769719057.8263521,CREATED,248b1c88-6ff7-4933-ab11-0777663d7fb3,cf2dcdea-27e4-4509-af16-d50edd149e18,c1,DROP,27,?,?,
1769719057.860905,RECEIVED,732eedc5-80d0-4ed0-b5cc-a330d103aa7a,e7aecfa3-ad05-4c02-b578-fb34ff22522c,c5,c1,27,p1,?,surb={'id': '0d9ac842-3500-4a0b-9a1e-61216abe7d74', 'route': ['p1', 'e4', 'i8', 'x5', 'p2', 'c5']}
1769719057.909308,SENT,71f2e0d2-8e62-4f3d-afe4-676091571211,0b4d5370-ea48-4b93-904a-d5ff31a24701,c1,DROP,2027,?,p1,
1769719057.909351,CREATED,d99e45b2-ae54-4372-8500-34d530ee253d,5d1ba958-c185-406c-ac9e-8bb90c699040,c1,DROP,27,?,?,
1769719058.0045214,RECEIVED,99d82b91-57ed-4c60-851d-c707f04411f2,0a6e7497-3989-4a2f-86b5-6b381174eef6,c3,c1,26,p1,?,surb={'id': '047451a6-c5e7-4d8f-b95a-1ddb7a35d27c', 'route': ['p1', 'e8', 'i3', 'x9', 'p3', 'c3']}
1769719058.0363388,SENT,9aa37e6d-e3b8-4fdb-86ac-695726871218,8364bf3b-3d39-4910-88d1-68c35afb66fd,c1,DROP,2028,?,p1,
1769719058.0363781,CREATED,fe27b1ff-6fcc-47dd-8a76-682796687df8,745b2959-891f-4035-9d9b-06a1dd7f0125,c1,DROP,27,?,?,
1769719058.2005079,SENT,285bb5c5-9f41-4f78-bba1-20f895e0f182,277dc592-10f3-4ac9-b419-bccdbdde53fd,c1,DROP,2021,?,p1,
1769719058.200549,CREATED,5cab091d-8b5d-4dca-9c28-49b6ad611a8c,88ade29a-6391-44f4-98ea-424580333398,c1,DROP,26,?,?,
1769719058.2948482,RECEIVED,64926cac-4e3d-4586-a992-5a1f616ee1eb,f1974ebc-2c8e-4a70-a3e1-78ecd9890424,c5,c1,27,p1,?,surb={'id': '4efefc37-8aa9-42aa-9d6e-edbbede12d47', 'route': ['p1', 'e2', 'i10', 'x5', 'p2', 'c5']}
1769719058.297911,SENT,3522c2d2-60aa-4040-99aa-ab18ab18d68c,39dab365-22d2-493b-ba03-395ed264e7eb,c1,c5,3359,?,p1,
1769719058.297955,CREATED,0760e9fc-1f76-4abb-9cd7-c18a1c6fa175,9dac770f-ff8e-4933-a6dd-e43b22c9027d,c1,c5,27,?,?,surb={'id': '461fabdd-f558-40ca-860d-48087d6fce3a', 'route': ['p2', 'e9', 'i2', 'x1', 'p1', 'c1']}
1769719058.3571649,SENT,26dea036-2bb8-4e72-8711-9c9376c3eafc,30185ede-a43e-49e3-bf8c-48664e49ff13,c1,DROP,2015,?,p1,
1769719058.357206,CREATED,24904a48-a2dd-4410-b4ed-d01d166a5e26,f10f968a-c0a2-4083-a224-f651ed8f864d,c1,DROP,26,?,?,
1769719058.3715518,SENT,b8155a53-e9ae-4250-afee-c069334e8f41,cf7c3512-8b22-450a-ad60-9f429eee8235,c1,DROP,2023,?,p1,
1769719058.3715942,CREATED,cf796a3c-7cd5-4501-85f8-64b405ed7038,cca22f6e-4b81-4ded-b6a5-0ad7fe2ee687,c1,DROP,27,?,?,
1769719058.4886649,SENT,7b665a95-6cc1-4839-9ca1-9ccca2926ea2,e66f0f3e-2757-40dc-9aa6-c4eccbc372cd,c1,DROP,2039,?,p1,
1769719058.4887056,CREATED,859a2319-7206-41dd-85fe-a5ec36b42cc7,b56f3c50-1513-4f7b-99b2-eb9501f387be,c1,DROP,27,?,?,
1769719058.5328748,RECEIVED,1eb769cb-3323-46e7-816a-980906ebba7d,a129aaad-9c4a-4006-9068-94c57a352be8,c2,c1,25,p1,?,surb={'id': '1b7e9652-6587-4ddd-99fa-d2faf6ad8e21', 'route': ['p1', 'e6', 'i11', 'x4', 'p2', 'c2']}
1769719058.5453157,RECEIVED,3675d8b2-1dde-4fd9-affb-1e79d6cefbc1,5faadbf2-0c62-4bc4-a847-2bb1207e58de,c5,c1,27,p1,?,surb={'id': '6071c409-472d-415c-acf7-a005c7a064e4', 'route': ['p1', 'e4', 'i10', 'x10', 'p2', 'c5']}
1769719058.5826757,SENT,d5d36e0e-1503-4a52-97e9-3e0422c2f39b,913049e3-fc5f-4ea6-8888-fd68f5ac9b88,c1,DROP,2035,?,p1,
1769719058.5827165,CREATED,3712d6f6-1bc4-4e3e-bb53-a3c5b3898209,17de1038-705e-45c0-a136-a5bb7b2fbf9c,c1,DROP,27,?,?,
1769719058.595527,SENT,c44e3101-d170-4297-943f-14da4cd2c6a2,bdc50351-0c70-470d-b164-99511de0cc01,c1,DROP,2019,?,p1,
1769719058.5955696,CREATED,8f2987fc-7051-4745-acae-4876bff741d1,91ea2d5a-dfc7-425b-940d-6b7985263580,c1,DROP,27,?,?,
1769719058.6259396,RECEIVED,d029c3f7-6b3f-410e-94c3-ccb9ef7709e8,4ab8564f-81ba-4354-9a08-3eaf8d55db4b,c2,c1,26,p1,?,surb={'id': 'b2ab2a96-e981-4aa9-a845-51ff807e0853', 'route': ['p1', 'e1', 'i12', 'x6', 'p2', 'c2']}
1769719058.6465309,SENT,7957b8a4-cb61-4021-bb05-ce2290ac59fe,31e412eb-7af4-471b-8743-ca7dd137db36,c1,DROP,2035,?,p1,
1769719058.6465619,CREATED,ef18dae7-2d00-4341-a70f-47d4e829601d,c78dbcf8-ab91-4387-84b4-2b23a48bd109,c1,DROP,27,?,?,
1769719058.674398,SENT,2cd2b6b8-bd22-4aad-a78e-1d8c91797206,2d37fc25-2cd9-40fe-8adc-a3296293a0fb,c1,DROP,2016,?,p1,
1769719058.6744392,CREATED,7d6f9556-0573-441e-95d4-c916883cf374,598c1fc6-e07c-4e8e-9c92-a13126b682f5,c1,DROP,27,?,?,
1769719058.832314,RECEIVED,58f4b57e-b616-4d1e-bbc2-2e98e513554c,7472ea25-411a-4c13-ac5e-f5a99ab4e68a,c2,c1,27,p1,?,surb={'id': 'b67c4fb1-d3e4-4f83-afb0-592fa907cf8f', 'route': ['p1', 'e8', 'i6', 'x8', 'p2', 'c2']}
1769719058.8712614,SENT,e442750d-423f-460f-8dba-43931205e7ed,ca1d931e-a90a-47e7-921d-a15e43b44a20,c1,c5,3400,?,p1,
1769719058.8713083,CREATED,d50dbc09-c8f8-4d21-aebb-e7fa5691d031,c6ca85d0-6496-40d5-a7ed-faa4724874ee,c1,c5,27,?,?,surb={'id': 'eaa14935-3008-4a4b-9246-95ad2080ff71', 'route': ['p2', 'e4', 'i11', 'x11', 'p1', 'c1']}
1769719058.9254937,SENT,3ed9a36b-ea80-4f3d-b5e7-118c88c8e173,2c585910-7299-487f-bb8d-48c50a01cc5d,c1,DROP,2028,?,p1,
1769719058.9255288,CREATED,74824908-b17c-42c8-930e-8544382e9c19,539c7e32-e6a0-4b70-ad22-e756a0ad5107,c1,DROP,27,?,?,
1769719058.9486456,SENT,f6d3fb51-e274-479e-83de-82aafbe2053e,9d855bce-7132-42cd-8034-aff839173ff9,c1,DROP,2027,?,p1,
1769719058.9486787,CREATED,c2e7d38a-57d9-43c8-91ee-872d6c435ba0,af567866-30d3-4f3d-a6d4-7febcda69175,c1,DROP,26,?,?,
1769719059.0547516,SENT,6f8b296d-a066-4d28-b90a-fcc8507e03e0,5304124d-b071-4d58-ae44-71bb86b21634,c1,DROP,2024,?,p1,
1769719059.0547948,CREATED,04ae1b58-eb99-490f-8ea2-efadff862f21,1b61362e-c395-4938-afee-003e9054de11,c1,DROP,27,?,?,
1769719059.1259477,SENT,62d5e902-d74e-4d64-bc57-125ac07ec276,ef16d6cd-fcf1-4987-8714-1db85b681a07,c1,DROP,2016,?,p1,
1769719059.1259854,CREATED,0da6d353-37fe-40bc-bca4-3d67c1a30e26,d23f9f9c-e034-455e-ac15-026bc3e983ce,c1,DROP,27,?,?,
1769719059.13714,RECEIVED,6966cc19-df52-4973-9667-e17d448d25d8,37485b64-b7ed-4d5c-b717-acc7e2249e87,c2,c1,27,p1,?,surb={'id': 'a97e393d-fdfd-4962-90ef-6372b137c3a5', 'route': ['p1', 'e11', 'i4', 'x2', 'p2', 'c2']}
1769719059.1520922,RECEIVED,645ee217-e639-4f26-b4ad-5cf5d802b12c,0ab745ad-2c61-4ab3-a436-841c43ac557a,c3,c1,27,p1,?,surb={'id': '908b3c65-4a1c-431d-828e-e53d575d4c3e', 'route': ['p1', 'e9', 'i7', 'x4', 'p3', 'c3']}
1769719059.1570563,RECEIVED,8e004ea6-6ce5-45e5-b26f-743b034e3074,ec018015-747a-45c3-bcd6-cb2d0f834cfb,c5,c1,27,p1,?,surb={'id': '3545ac8e-ceb1-49b4-add3-c8f3a5bc31eb', 'route': ['p1', 'e1', 'i6', 'x12', 'p2', 'c5']}
1769719059.1952105,RECEIVED,3339717d-8fb1-4297-8b90-cde966ca245c,f60740a3-53ee-46a5-ad34-8168d194237e,c5,c1,27,p1,?,surb={'id': 'dd196301-16f6-43f0-9ffc-c4dc47f838c9', 'route': ['p1', 'e8', 'i4', 'x1', 'p2', 'c5']}
1769719059.2698348,SENT,37798a47-bf62-437d-946a-5b2a9b298176,5fbf9ba9-1c2d-41d9-931d-ff01b31c26fd,c1,DROP,2029,?,p1,
1769719059.2698767,CREATED,93726678-1ccf-4df6-95a8-0dfa13bde5a7,389d1d8b-3100-4d12-b76c-55c8fe9ca742,c1,DROP,26,?,?,
1769719059.3204026,RECEIVED,0aa147b1-5d30-4592-a738-5807d9336b10,0b5605cc-2fd9-4e2c-a490-d28ba3f5c9bc,c3,c1,26,p1,?,surb={'id': 'b0d61fd9-a1e8-4162-875a-9ba21e3a752c', 'route': ['p1', 'e6', 'i10', 'x7', 'p3', 'c3']}
1769719059.3557959,SENT,aa78fa75-9124-4adf-aa41-fd7c501916a9,51a4f617-77a1-4f32-b948-f2a8dbdee971,c1,DROP,2041,?,p1,
1769719059.3558319,CREATED,61fe2529-4140-43e0-b877-7b2ea245b657,5984d151-c8d6-4094-bbb7-1ef9369b8ab6,c1,DROP,27,?,?,
1769719059.362502,SENT,e197a880-05c6-4d8f-b2de-4840d15b8df1,05036880-a44f-4aff-afa8-ee1d24d8a5b6,c1,DROP,2024,?,p1,
1769719059.362543,CREATED,7ceced17-16d1-4cac-8b3d-6856f8ec8e71,432db2d7-5e51-4bc6-b047-c00eee4891ce,c1,DROP,27,?,?,
1769719059.3944886,RECEIVED,ba0435c8-716a-4062-9ce6-6caa83b28c91,c00e23b7-d3e1-43af-af83-45aca86d8bec,c3,c1,27,p1,?,surb={'id': '567ab332-a624-42ac-a586-510011f86bc4', 'route': ['p1', 'e8', 'i10', 'x1', 'p3', 'c3']}
1769719059.4073045,RECEIVED,e10f550f-21db-46f5-b28f-748fe7f64ed3,15b8bae7-a720-4968-a107-6db7103139c7,c5,c1,27,p1,?,surb={'id': '631b501b-13f9-4d77-848e-35284582fef1', 'route': ['p1', 'e10', 'i12', 'x3', 'p2', 'c5']}
1769719059.4203405,RECEIVED,2b05d1ab-f553-42fe-95b5-92d5e4d43e42,4725197e-ed42-43b3-b2e5-08d8ac88c9e4,c3,c1,27,p1,?,surb={'id': '6ad7e3c0-3873-49e9-ab8d-a33bf9aa3dfb', 'route': ['p1', 'e12', 'i7', 'x4', 'p3', 'c3']}
1769719059.43521,SENT,1ab7094d-47ef-44ba-85d6-ee0de5ceb4cb,2c32c229-37af-4155-96de-099952dc1af3,c1,DROP,2038,?,p1,
1769719059.4352572,CREATED,0773a64a-fd53-43ae-b1f0-ad0d65f598a3,84219ef1-6e08-4925-b547-34aad93041bd,c1,DROP,27,?,?,
1769719059.4808762,SENT,4fce92a2-8cf0-4d15-a65e-50ff77c6491c,1a196e3a-e2bb-4c09-b6ec-c2bc2f0c4d99,c1,DROP,2031,?,p1,
1769719059.4809167,CREATED,2a4332b5-59f0-4136-93b5-e12c8b8f0107,02c2c7a5-c75f-4ecf-9c00-553344f67248,c1,DROP,27,?,?,
1769719059.5279992,SENT,281b3953-1ee6-4ea2-ab89-af1bee72cbb8,46480509-a5a2-4407-97b9-2e7723b3d642,c1,DROP,2028,?,p1,
1769719059.5280497,CREATED,d660b308-38f7-4ea9-a436-1453ceb19a32,4153cf07-b7ea-43ff-bc7d-69980d72a62c,c1,DROP,27,?,?,
1769719059.5355692,RECEIVED,411fb9a5-194e-4a29-b257-cbcf0dea5fbc,9e336bcc-14cc-401e-8143-b10863b96038,c5,c1,27,p1,?,surb={'id': 'f6a1ecdc-53dd-4a0b-9f8b-4b939528705c', 'route': ['p1', 'e7', 'i9', 'x7', 'p2', 'c5']}
1769719059.5708818,RECEIVED,11f0e43f-bd57-4d88-982e-b7c560b9904d,bf5f0eca-f12d-4f34-aa85-2f7a1a23d602,c3,c1,27,p1,?,surb={'id': 'ff56b3f9-4024-45ba-9e2e-3b0e24a22468', 'route': ['p1', 'e7', 'i11', 'x2', 'p3', 'c3']}
1769719059.57277,SENT,588fb4e6-5e4a-435f-ac25-c29a466d0c57,f93ff2e1-ad1b-4deb-855b-a0bf7ae54de2,c1,DROP,2042,?,p1,
1769719059.572809,CREATED,2e5c9cda-3d29-4edc-86b1-a412a663012f,1f246b2a-6996-44bd-8445-2a002c6cfd7f,c1,DROP,27,?,?,
1769719059.6376898,SENT,542a27f4-09f1-461b-8c84-bd7c9a77f384,69e2dcab-c683-4bab-8131-7fb29211b3a1,c1,DROP,2019,?,p1,
1769719059.6377316,CREATED,c630d68b-458b-467c-bd63-d085680a6a61,1533d656-1dfb-444e-940c-5c5e0919e354,c1,DROP,27,?,?,
1769719059.6449661,SENT,2548c51a-d684-4e46-bd3c-500dd6de7f74,195942ad-d1a6-480b-9c50-aef8be4bec6d,c1,DROP,2039,?,p1,
1769719059.6450012,CREATED,84b14f39-0a04-4851-aafa-bd9bfbaf91c7,aa1e2da5-961a-4c32-a8ca-c1a7d13d1151,c1,DROP,27,?,?,
1769719059.6579876,SENT,3d154e04-7f2b-4569-9637-412a71f9adf7,aac96467-76e7-43a9-baea-c5fbc020e576,c1,c5,3379,?,p1,
1769719059.658035,CREATED,7fd46204-ebda-4fcd-85ad-a7bbd12881e9,ae149387-812c-4745-99de-57b634731da2,c1,c5,26,?,?,surb={'id': 'f6ac1ae8-1eb1-4dff-b05e-07c031fbf831', 'route': ['p2', 'e3', 'i5', 'x11', 'p1', 'c1']}
1769719059.6709292,RECEIVED,8356f6a3-e305-4e49-8033-fbf37bfa1327,c4b75a43-a9ad-4783-9769-79b1835d90f3,c3,c1,27,p1,?,surb={'id': 'd473acbb-399c-44d6-bfd3-067dfd94facd', 'route': ['p1', 'e8', 'i2', 'x1', 'p3', 'c3']}
1769719059.80252,RECEIVED,544c3219-ebbd-418f-94e0-7a0cf9233d78,2d8ad06a-92be-445a-8638-0adfb7cfceb3,c2,c1,27,p1,?,surb={'id': 'fbc6a2be-8dd7-4077-be69-c0a37b7b3cbc', 'route': ['p1', 'e1', 'i12', 'x4', 'p2', 'c2']}
1769719059.8053155,RECEIVED,d5e89590-030c-4434-aee5-06b0bc886c95,61904f39-0d4b-4d5c-bfc7-f58c5d231022,c3,c1,26,p1,?,surb={'id': 'ed883345-9048-4aec-97a0-74a24834816c', 'route': ['p1', 'e12', 'i8', 'x8', 'p3', 'c3']}
1769719059.8579826,SENT,e90d2c1b-73c1-4d09-9bb1-a467eef0d76b,5dea12d9-172d-4c73-8690-e296a9c55c36,c1,DROP,2016,?,p1,
1769719059.8580225,CREATED,052a6304-8d5d-4803-b883-88d3035644d4,e5d5d330-c50d-4b94-9d60-19d500ebe973,c1,DROP,27,?,?,
1769719059.8778427,SENT,ac859862-1a0b-44b1-9379-b7833e8d1275,8d0e43b1-6062-4920-84ea-2f4c3eeb998e,c1,DROP,2016,?,p1,
1769719059.8779604,CREATED,8e2b9b2d-6124-4bd7-a56d-6760c3ffd32b,632d8498-1253-43b6-89a0-a393dd378586,c1,DROP,26,?,?,
1769719059.9108143,RECEIVED,794ae689-9bb3-4c74-a241-92c1286c513f,68dd0546-c956-406b-9ed5-4788c1f878b6,c5,c1,27,p1,?,surb={'id': '287f422f-0974-45ec-905c-2f63af98a700', 'route': ['p1', 'e4', 'i1', 'x1', 'p2', 'c5']}
1769719059.93441,SENT,2918b78a-d28f-4c4f-902a-9d722464608f,bab35da8-36f9-4656-b481-1929acb38e82,c1,c5,3384,?,p1,
1769719059.9344578,CREATED,3f69f867-35c5-4899-bc3b-faa1f309a82a,b3f9e423-9443-4d40-84aa-8ebbedeb298b,c1,c5,27,?,?,surb={'id': '1b52a33d-5dd5-4d5d-a6de-13aa0702c54e', 'route': ['p2', 'e3', 'i3', 'x5', 'p1', 'c1']}
1769719059.98461,SENT,96efb0a1-179f-4c96-98f5-bd0542ff5228,9a5192e8-6838-4653-aa20-8066d7cb3da2,c1,c5,3366,?,p1,
1769719059.9846566,CREATED,4b7c29e5-6beb-4a4d-a424-385415a377e7,acb9aa57-c9d4-4526-b1c5-66632c089cb3,c1,c5,26,?,?,surb={'id': '9baaf9bc-0142-409b-94aa-070f6ffbf0c6', 'route': ['p2', 'e9', 'i10', 'x11', 'p1', 'c1']}
1769719060.0113997,SENT,37a96488-9efb-43ff-bb6e-3970848044ec,c7554b73-9401-4a71-a976-ff9e34415acf,c1,DROP,2031,?,p1,
1769719060.011437,CREATED,51955e93-b418-4a26-b439-978009a1f6d3,7a929c5a-3537-4b5d-9825-4a6e926321bf,c1,DROP,27,?,?,
1769719060.012881,RECEIVED,cae42cf0-1b8a-46ae-9cc6-4ad18cafabc5,51f623cc-be51-403a-b69d-9412d18fd928,c3,c1,26,p1,?,surb={'id': 'd06adbea-8124-43d0-9fa4-19939706e291', 'route': ['p1', 'e4', 'i6', 'x6', 'p3', 'c3']}
1769719060.0514014,SENT,fec9734f-ad77-4a96-b710-822af3c65ede,cea79451-3ca7-43be-ad4d-fc0db7f799db,c1,DROP,2023,?,p1,
1769719060.0514414,CREATED,dfbdccd3-39fb-43fd-a765-92961bb6657a,ce48e181-f967-481e-892c-20ec223e265b,c1,DROP,27,?,?,
1769719060.1324832,SENT,a2cdf399-4f4b-42f5-a346-7ba04bd9febe,b7128425-cd5e-4ec6-b3e3-8b83e8b6e9aa,c1,DROP,2016,?,p1,
1769719060.1325245,CREATED,ac777951-589c-4319-ae70-b679216eabe7,6d0f3d42-6084-47a7-8ca8-d26a0cea3613,c1,DROP,27,?,?,
1769719060.1482427,SENT,6d0a60a8-4eda-495f-a60b-1e143e1c7095,bf27a61d-d696-4218-8ef7-023e437d2bf1,c1,DROP,2024,?,p1,
1769719060.148284,CREATED,3d395158-86e6-4a38-9324-4213b327e5e9,0d0024b4-fe57-4150-8d52-311e06dd076d,c1,DROP,27,?,?,
1769719060.2243085,RECEIVED,9366bad3-d312-43d6-8972-8fad337cf506,dbec6b5f-5e17-423f-b67b-73cf90803a21,c5,c1,26,p1,?,surb={'id': '327896fe-84b6-4e5c-8386-1f04865d94e9', 'route': ['p1', 'e10', 'i4', 'x11', 'p2', 'c5']}
1769719060.2622974,SENT,7a8c552b-92a0-42b4-be64-fff34e13d7f3,feea9657-9cbd-4c5c-9be0-3f202705b3d2,c1,c5,3387,?,p1,
1769719060.2623441,CREATED,de2cacda-4019-4af5-ae35-88cb97dfd38f,ac720554-bdfb-422e-81dd-b3600dc3e8cd,c1,c5,27,?,?,surb={'id': '5de43ccb-f1e0-4dc7-94df-16e22253d2d3', 'route': ['p2', 'e8', 'i11', 'x7', 'p1', 'c1']}
1769719060.2729213,SENT,8a97ff37-6fc2-46e9-8ebd-c15e3b73144b,995cf703-60b4-471f-8be4-b796d0f5b44d,c1,DROP,2015,?,p1,
1769719060.272962,CREATED,85bf16cf-745a-4fff-96e4-c80ba627238d,7c17981c-d8ec-4316-91c1-cc111f85ff7e,c1,DROP,27,?,?,
1769719060.3163095,SENT,84c98048-d1e9-42b4-999e-1dc5536dbb5a,71cbcb66-ce78-4706-a8ad-ad63c86a1011,c1,c5,3359,?,p1,
1769719060.3163552,CREATED,ca5ff8f3-57c1-4a6d-a838-48162405f239,c17c0cf1-2e22-4af2-b7c1-f86538f1bc85,c1,c5,26,?,?,surb={'id': '70523495-c8b3-43ff-9ddf-f4752382a8b5', 'route': ['p2', 'e1', 'i3', 'x5', 'p1', 'c1']}
1769719060.3328607,SENT,e5525f52-c1a5-44b7-8dc8-c9e64c4d5e40,90c5da5f-39ea-425b-a130-24287698dc4a,c1,DROP,2016,?,p1,
1769719060.3329089,CREATED,67baf106-b4a6-4247-a0f1-17a21aa564a0,107ba2b8-2af5-43d9-b4fd-bd23c0eb99b5,c1,DROP,27,?,?,
1769719060.3602915,SENT,7d902798-c638-4924-9fad-5a94f8309fd5,8d7d763a-1907-41c9-9298-a3f046140ae3,c1,DROP,2011,?,p1,
1769719060.3603315,CREATED,eb99c925-c965-4e78-9867-71282df7f6cf,87e99f47-2513-44b4-a3b9-1b751bba37d5,c1,DROP,26,?,?,
1769719060.369427,SENT,fc7e2f26-f283-4e30-b8e0-4e383726ed7b,b2ee670f-eeab-4b9b-9239-bea73dbdda4e,c1,DROP,2025,?,p1,
1769719060.369468,CREATED,95aeb0ee-0c4c-4df5-bf86-0786089fb581,c86d3ca8-6b0d-4885-9568-468f12ddd491,c1,DROP,27,?,?,
1769719060.3738809,RECEIVED,6e2082fc-1795-439c-81b4-60957feadf67,cf6fe4d3-b510-434a-9fe2-7bb794811067,c2,c1,26,p1,?,surb={'id': '3af108f0-ac6d-4f99-995e-a052aadeafae', 'route': ['p1', 'e6', 'i7', 'x12', 'p2', 'c2']}
1769719060.4173687,SENT,5d16b966-a474-4d13-afe7-e3aeec913424,efee81e8-9b1a-477b-99bb-31aefdc913ec,c1,DROP,2031,?,p1,
1769719060.4174042,CREATED,0b2db564-16b6-4e12-849c-a9f75f3acb34,138af6ee-86d4-4054-a882-118b326084bd,c1,DROP,27,?,?,
1769719060.4474823,SENT,3126cc83-09d6-49ff-9305-d36af67d2a71,a21747a1-c730-4d72-81da-d9ee5f3863fe,c1,DROP,2020,?,p1,
1769719060.4475236,CREATED,fa20ba38-6330-445d-a3f5-55ebeeb93842,284baa72-0b63-4bc2-b836-01899a623995,c1,DROP,27,?,?,
1769719060.455997,SENT,920f34c4-a265-4e52-9398-5c5561df0956,3abb59e2-d000-400b-a677-47e572b71268,c1,DROP,2016,?,p1,
1769719060.4560294,CREATED,ed4264c0-8766-416a-afb0-dc040b65e479,64cb5559-0aa2-4e80-8feb-46b644e890c4,c1,DROP,27,?,?,
1769719060.4714193,SENT,9079bef9-ca8f-48db-b47b-6f438661fe71,81d8a66e-c6f2-4240-8db5-399407d106a6,c1,DROP,2017,?,p1,
1769719060.4714613,CREATED,487506d3-1070-4a6b-95ae-234f8959d468,21160cab-4cd7-4464-8d00-78205fe3f76c,c1,DROP,27,?,?,
1769719060.5014648,RECEIVED,38187167-8eef-455d-9853-8fa6cbbe193f,abbbac2b-678c-44fb-8f9c-3c5f67d12247,c3,c1,27,p1,?,surb={'id': '2db61e2e-772f-48c6-af41-ae43d08e2af8', 'route': ['p1', 'e2', 'i2', 'x7', 'p3', 'c3']}
1769719060.531181,RECEIVED,10116557-5001-4710-b42f-a7b19a9f48ca,719b1fa3-4473-46fd-b2f1-c97beee9ad6f,c3,c1,27,p1,?,surb={'id': '680b6247-12ad-460f-8f08-97f7946e8b6d', 'route': ['p1', 'e1', 'i1', 'x8', 'p3', 'c3']}
1769719060.5714498,SENT,e367ea80-fa05-4973-9c47-f2fef5a28bf3,4aa0ed39-2523-4c34-b6dd-f4f37329f2a1,c1,DROP,2015,?,p1,
1769719060.5714905,CREATED,2d013b20-b384-4d04-ba94-1dda7433ef93,1aa674a9-a186-4ba7-9d33-36b1ab821fd9,c1,DROP,26,?,?,
1769719060.5936255,SENT,900d8b3f-7269-44bc-97ee-2a4b0a246f93,a684deb5-5a57-4021-9cd6-0fd0ecebd4a1,c1,DROP,2016,?,p1,
1769719060.5936604,CREATED,837915ea-af24-4ecf-9e65-e64989c8f18c,5cd0272e-d29a-4f72-b99a-c1579b43e7d7,c1,DROP,27,?,?,
1769719060.6086936,SENT,29f7fb2f-b6ac-4fff-8678-bfbbaa73f157,a992d60b-5787-4b2a-b41f-c3c82310323c,c1,DROP,2016,?,p1,
1769719060.6087337,CREATED,565bd7ac-1dac-4922-9d7f-1c6e7b8cd07c,0f13e26c-96eb-4cb3-8ca4-86e54edd4770,c1,DROP,26,?,?,
1769719060.635118,SENT,41d19b67-33e3-44ad-bd43-800787870ba5,86aa88d2-29da-4547-b97d-1de689af39a0,c1,DROP,2031,?,p1,
1769719060.635156,CREATED,ed5e4981-e978-4d8c-9eb8-b085c4313009,e1b10a2b-d776-4905-a44d-12b8f4fefbd4,c1,DROP,27,?,?,
1769719060.6580696,RECEIVED,71c999d7-2ee8-42ae-8d40-1c943f306002,b3a24bbf-11be-44a3-8d30-0e8250188c15,c5,c1,27,p1,?,surb={'id': '2652f1d3-e45b-42ba-933b-b85b18713199', 'route': ['p1', 'e5', 'i9', 'x2', 'p2', 'c5']}
1769719060.7024662,RECEIVED,4661e937-3078-417c-b1fc-fcdce88aa7b0,a31d725e-6347-4724-9839-41006acb620c,c5,c1,27,p1,?,surb={'id': 'e283e7fa-5ccd-476b-85a8-301354dc2d2b', 'route': ['p1', 'e10', 'i9', 'x11', 'p2', 'c5']}
1769719060.7942894,SENT,3d0e0db0-f2ff-4e6d-bda6-3d799cea5eca,e790eeec-fac6-4604-a54c-3900b31f830d,c1,c5,3371,?,p1,
1769719060.7943347,CREATED,73dd7961-0779-4e0f-83a7-69c358e92c31,bc94281f-6030-4f4d-a44b-1027ee380b1e,c1,c5,27,?,?,surb={'id': '1393e60e-8d4b-4d29-af66-4134c0d1a536', 'route': ['p2', 'e8', 'i9', 'x3', 'p1', 'c1']}
1769719060.8049753,SENT,76319f88-14d3-40b9-a9f0-a6a47b843ef3,cd59d3c5-133b-4177-aeef-e50894865271,c1,DROP,2023,?,p1,
1769719060.8050191,CREATED,d4b7e094-80da-4692-bdaa-4aa0f0ae6817,6c3bb01c-51e6-4a67-899c-79e8b7689bcb,c1,DROP,27,?,?,
1769719060.837555,SENT,e82a2b37-844a-47b3-a479-352123e722a0,e357ac0f-30de-40e6-90f3-2e34343aec65,c1,DROP,2016,?,p1,
1769719060.8375938,CREATED,3739d723-290e-47f0-b89f-db427bf55a1a,1cd2c06a-28e5-4808-9f9f-c8a4fb5c46c5,c1,DROP,26,?,?,
1769719060.9356303,SENT,aece397b-9425-4add-a43e-e7cd4d456327,585725cd-09a1-4023-8b61-033aa6a06047,c1,DROP,2019,?,p1,
1769719060.9356718,CREATED,3e705011-2ad2-4824-8ea6-9641fc480876,b97a52d0-714f-4807-8365-ffa80bf9436e,c1,DROP,27,?,?,
1769719060.965318,SENT,ce62f292-829b-4a42-be25-d16fa2f60300,61fe35b9-62e8-4fdb-a8f2-afae3f91e893,c1,DROP,2028,?,p1,
1769719060.9653606,CREATED,13506108-ed8e-4dd6-b0d9-54be012061a3,c8202fc0-6f1c-4db3-ae4d-7dfca9de4bd6,c1,DROP,27,?,?,
1769719060.9937437,RECEIVED,565690af-c27c-4471-80e2-aeaa6edb2d27,69d4207f-9ff9-4da9-af04-83264d4a647b,c5,c1,26,p1,?,surb={'id': '3f087c0e-3f88-4273-a223-e47c1af49345', 'route': ['p1', 'e3', 'i11', 'x1', 'p2', 'c5']}
1769719061.1148021,SENT,6e3ab0ea-d09b-4283-a064-fe481a8d67b0,0889d48f-c3ac-41df-81f4-e9c9e343c999,c1,DROP,2039,?,p1,
1769719061.1148427,CREATED,f471f99f-4735-4cb2-98b5-974ab743e3ba,de7f6f75-2e87-4e0e-971c-1456a60a5e9f,c1,DROP,27,?,?,
1769719061.1356442,SENT,45b9daf7-3ab5-4029-936b-f5688d37bc45,e4b4e880-280b-4fba-88f7-364edbc6b503,c1,DROP,2016,?,p1,
1769719061.135682,CREATED,85ecd1f5-ef59-4918-a5b9-206d997d1bf8,cc021601-358c-424e-8b13-58f0424f1b7e,c1,DROP,26,?,?,
1769719061.1535718,SENT,218ab716-9b08-42d9-a51a-f62ae3e1296b,7a318396-8807-4562-9eec-a2a5a482c313,c1,DROP,2032,?,p1,
1769719061.1536129,CREATED,e8148bfb-d993-46a3-8246-405df3152b58,499fc72a-7a27-4502-b957-dda669d2e485,c1,DROP,27,?,?,
1769719061.1860716,SENT,247dce1e-3544-49b2-aa39-2a7294285426,8d197cba-d110-4f76-8991-bbf91f45a8aa,c1,DROP,2044,?,p1,
1769719061.1861136,CREATED,d0020a90-8b89-47d5-a815-264fece022fb,dee43660-7333-4f46-851b-a099ad914a5d,c1,DROP,27,?,?,
1769719061.259705,SENT,a72705e0-2c7f-4470-a1d7-60379ecb8f4f,c8c487f5-e54b-43af-af19-3227aa5bf985,c1,DROP,2021,?,p1,
1769719061.2597435,CREATED,d3b7225f-dc53-4708-8f95-df7d1166cb2b,ee5584ee-acf8-45d9-a1f6-0b9aefad7ce9,c1,DROP,27,?,?,
1769719061.2652311,RECEIVED,35acdf47-aa8c-4ad1-8f98-e9eb4697f822,aaea5fb4-430e-4941-8500-68a337ad0893,c2,c1,27,p1,?,surb={'id': '73ee54dd-a51b-4abe-abba-523ec35e2fcd', 'route': ['p1', 'e12', 'i11', 'x2', 'p2', 'c2']}
1769719061.2730587,SENT,a013df93-592d-4052-9d5b-c5e80ad910b9,c909fd50-8130-409d-b601-8207c316c6ec,c1,DROP,2017,?,p1,
1769719061.2731018,CREATED,761c037c-7cb7-4e28-9735-04c1c6a9209d,8eff3e0a-556c-4183-8def-ba5ccc43469e,c1,DROP,26,?,?,
1769719061.4398067,RECEIVED,47fba178-db49-4a70-9ac4-288b585dc017,b038e8cb-0f0b-4b7e-97c3-a84527553cb1,c3,c1,27,p1,?,surb={'id': '8ef2ca16-53ec-44cd-9a78-ca7b2ad005c9', 'route': ['p1', 'e11', 'i1', 'x7', 'p3', 'c3']}
1769719061.4655852,SENT,ac37ae42-a957-42c5-930f-75d3d3bf9cf1,89d45d7a-0aec-485f-b723-1ef82980965f,c1,c5,3380,?,p1,
1769719061.4656327,CREATED,e24b0c64-9f58-4437-83d1-748e5c99399b,4cb1f7b4-0758-44b8-88f0-ab3f35e535a5,c1,c5,27,?,?,surb={'id': '6a08b6fb-9ab6-4365-bb05-f826e543a6c4', 'route': ['p2', 'e6', 'i11', 'x3', 'p1', 'c1']}
1769719061.4815881,RECEIVED,df6d49be-fcac-4e47-9bc8-e020efb7a8b9,21199d87-b3d6-4b1e-bc3b-6828cc46e040,c5,c1,27,p1,?,surb={'id': '10752774-d8a9-4a41-90e8-ce72dfda9e1f', 'route': ['p1', 'e8', 'i12', 'x4', 'p2', 'c5']}
1769719061.5436404,RECEIVED,a8eca584-30e9-4f43-b823-225528bde2ac,2aa8e213-c814-40f0-97cb-37e4a182ac37,c3,c1,27,p1,?,surb={'id': 'c23f7e81-9fbb-4df8-be83-8a11625ee176', 'route': ['p1', 'e11', 'i12', 'x4', 'p3', 'c3']}
1769719061.6695356,RECEIVED,42f7a5a8-4a7a-42af-84dc-81a8439ede69,3acb987b-643d-46af-b085-dd027634eba9,c3,c1,26,p1,?,surb={'id': '6cf41069-1ffb-409b-ab63-9a3073e3c639', 'route': ['p1', 'e2', 'i6', 'x8', 'p3', 'c3']}
1769719061.684644,RECEIVED,dda7ed19-8c8e-4419-9620-605bc7b36683,2cb0ca50-dc51-4b90-bd3a-7ca1c2edee57,c5,c1,26,p1,?,surb={'id': 'b1b24e51-921e-4413-9253-cbb39c11bec5', 'route': ['p1', 'e1', 'i3', 'x1', 'p2', 'c5']}
1769719061.7023783,RECEIVED,02290a65-1898-4ccc-b1e0-1bdfa808c6ba,0f91b41b-fa96-4c64-a285-ddb729c5e97c,c2,c1,26,p1,?,surb={'id': '7731a7e1-c5ad-4565-a35f-96910953dc0a', 'route': ['p1', 'e2', 'i9', 'x7', 'p2', 'c2']}
1769719061.868075,RECEIVED,b45a91e8-7c75-4554-8b13-3eb5abfe5f19,28211820-e350-425e-b825-0f7ba2bace5c,c5,c1,26,p1,?,surb={'id': '62519f38-1316-4017-b089-d83b3c1ccb70', 'route': ['p1', 'e9', 'i10', 'x5', 'p2', 'c5']}
1769719061.8910894,RECEIVED,f9842ce7-1303-4868-a701-7d25cc907a98,f4eda96b-2feb-4533-b21d-33a05d1e0470,c5,c1,27,p1,?,surb={'id': '5d7d7533-70d4-4721-81c2-91d09a4b0258', 'route': ['p1', 'e10', 'i2', 'x2', 'p2', 'c5']}
1769719062.1382706,RECEIVED,1ec74731-62ae-45d2-a85d-d79e512f6860,464283b8-7d35-4ef5-9c9e-a5d817df9939,c3,c1,27,p1,?,surb={'id': 'c2e003c0-48ec-43de-8faa-3b4ea13e841a', 'route': ['p1', 'e4', 'i3', 'x6', 'p3', 'c3']}
1769719062.149874,RECEIVED,493f131f-83fd-4679-b534-2487c4cb2c5c,fe880d43-61e7-45a9-8860-48e687559ee9,c3,c1,26,p1,?,surb={'id': '7f484e75-a716-41d3-8fb7-eb555ccf1521', 'route': ['p1', 'e1', 'i8', 'x11', 'p3', 'c3']}
1769719062.3778465,RECEIVED,9c568dde-955a-495b-b66e-e11c85e23c2d,e8f9c574-481a-42b4-8387-ecac5bb1e705,c2,c1,27,p1,?,surb={'id': '42f810c8-b1eb-4e80-b679-0b9cab7827a5', 'route': ['p1', 'e9', 'i11', 'x4', 'p2', 'c2']}
1769719062.5933263,RECEIVED,51e44989-5ee4-49f5-858d-8cc311ba2543,791487a0-94c9-4c0e-810c-468568940331,c5,c1,26,p1,?,surb={'id': '1d31d6d9-efac-4ca7-9b6d-c69700235262', 'route': ['p1', 'e5', 'i5', 'x4', 'p2', 'c5']}
1769719062.9986265,RECEIVED,9ec4f468-82dd-4473-8eeb-403a97853329,9e327e44-7021-48ee-bae7-bf0b88165ee2,c2,c1,27,p1,?,surb={'id': '07c93ef5-5846-49cc-966d-5273e82fc75b', 'route': ['p1', 'e9', 'i7', 'x6', 'p2', 'c2']}
1769719063.0230615,RECEIVED,857f134f-ece5-4744-91b9-5bd1995e749a,f8d6cd40-0ae3-4df4-a5b8-4b52815e1b1d,c2,c1,27,p1,?,surb={'id': '589d0442-7163-4f06-bb20-13423f7dbd37', 'route': ['p1', 'e9', 'i8', 'x7', 'p2', 'c2']}
1769719063.0524998,RECEIVED,cdc22175-3d3c-4b32-bc42-7a691d5587a1,a2e8e2cc-9969-4a74-9967-5b4bced359d7,c5,c1,27,p1,?,surb={'id': 'd2ac5fbc-281b-4fda-9b67-7f38b40f5762', 'route': ['p1', 'e4', 'i5', 'x5', 'p2', 'c5']}
1769719063.1061945,RECEIVED,2d674052-3ca6-4844-aaa5-fe94cc2d6e91,6214b042-297a-4377-a6c9-f37af5fb1db9,c2,c1,26,p1,?,surb={'id': 'f5738d17-141f-4a11-a96e-b9d7fe6b464c', 'route': ['p1', 'e2', 'i8', 'x12', 'p2', 'c2']}
1769719063.1432729,RECEIVED,690bedca-d461-4fdd-8393-7dde4f317621,05759cf2-78a6-4baa-a615-2c3d6943d607,c3,c1,27,p1,?,surb={'id': '6ac350a3-493e-48c0-9fed-ed21fef97f8e', 'route': ['p1', 'e6', 'i1', 'x2', 'p3', 'c3']}
1769719063.3899705,RECEIVED,bc3d7c29-d8e9-4be9-811f-380ff78c26e2,8032929d-7b68-4b7f-8123-48bf6766ad64,c3,c1,27,p1,?,surb={'id': '4cf9024f-17ee-431b-9684-2eb16d441e31', 'route': ['p1', 'e4', 'i6', 'x12', 'p3', 'c3']}
1769719063.3970823,RECEIVED,ac2c5514-c675-463e-a172-4d20f1b69044,dc51cb66-f514-44bc-a980-d4a1ec2520d7,c3,c1,26,p1,?,surb={'id': '401eb3a9-b6da-41e2-8ccb-316fcc75c895', 'route': ['p1', 'e1', 'i8', 'x9', 'p3', 'c3']}
1769719063.4284582,RECEIVED,82e017e0-60cc-4d03-9ae3-af406a54781d,aab8f6d5-99b7-4cbb-bef7-be8dabdd789c,c2,c1,26,p1,?,surb={'id': 'f6d29299-05be-4c0b-833c-78b4f8d68638', 'route': ['p1', 'e4', 'i6', 'x12', 'p2', 'c2']}
1769719063.6679373,RECEIVED,2470de22-8b86-4409-9a2e-312d64599d8f,4bc14997-a2cd-44c9-83e2-21b4828f15ae,c3,c1,27,p1,?,surb={'id': '50272632-bc4b-46e7-92d9-07dc40bdcc9f', 'route': ['p1', 'e3', 'i7', 'x7', 'p3', 'c3']}
1769719063.8074155,RECEIVED,fd524cfa-ef41-4246-bc89-aabc50faef10,a76aad58-aa61-41dd-9bad-8fd429fa8adb,c5,c1,26,p1,?,surb={'id': '1148f200-f179-4a24-9bc8-fdf978e7ad8a', 'route': ['p1', 'e11', 'i4', 'x7', 'p2', 'c5']}
1769719064.0862556,RECEIVED,dd57b8f2-bc3c-4223-87b3-2db2eb66e49a,9a597649-a67c-45f9-ae7e-3653e374362b,c2,c1,27,p1,?,surb={'id': '67543b55-5d4e-49e5-9e2d-45323808104b', 'route': ['p1', 'e3', 'i1', 'x12', 'p2', 'c2']}
1769719064.5128496,RECEIVED,5e4364a5-9bcc-4c6f-8702-23ca40b2e4f8,84392b2f-47c2-4c00-be99-8e336f072eb3,c3,c1,27,p1,?,surb={'id': '95da9207-415d-458c-be7e-e685fe376c9f', 'route': ['p1', 'e4', 'i8', 'x6', 'p3', 'c3']}
1769719064.5513828,RECEIVED,957747c6-9cfa-4465-af41-51ed9f084cca,abd4cd29-3c72-41bf-b11c-1602d7938460,c2,c1,26,p1,?,surb={'id': '3ada6b6f-91c1-4b89-bf03-b05b702659d6', 'route': ['p1', 'e11', 'i9', 'x7', 'p2', 'c2']}
1769719065.2939706,RECEIVED,1057b050-9afa-424d-8bd2-22b9476ca1d5,43394530-fac4-4881-b1ac-634c6707ce5a,c2,c1,27,p1,?,surb={'id': 'd034b39d-4d6d-408d-931a-7d5533b8d98d', 'route': ['p1', 'e10', 'i6', 'x6', 'p2', 'c2']}
