timestamp,event_type,packet_id,message_id,src,dst,size,prev_hop,next_hop,flags
1769364919.2709026,RECEIVED,847dab67-0002-4725-9379-ceffe0636a20,a21a0793-aeb4-49f2-bf03-4de0188ca134,c5,DROP,693,i7,?,
1769364919.5329182,RECEIVED,9efd3b09-99a2-4465-a8af-539f8ef3a565,4ece19f6-005d-4c18-b208-be3f73d1a0a4,c1,DROP,684,i6,?,
1769364919.6105928,SENT,847dab67-0002-4725-9379-ceffe0636a20,a21a0793-aeb4-49f2-bf03-4de0188ca134,c5,DROP,446,?,e12,
1769364919.6106915,FORWARDED,847dab67-0002-4725-9379-ceffe0636a20,a21a0793-aeb4-49f2-bf03-4de0188ca134,c5,DROP,446,?,e12,
1769364920.008177,SENT,9efd3b09-99a2-4465-a8af-539f8ef3a565,4ece19f6-005d-4c18-b208-be3f73d1a0a4,c1,DROP,441,?,e5,
1769364920.0083408,FORWARDED,9efd3b09-99a2-4465-a8af-539f8ef3a565,4ece19f6-005d-4c18-b208-be3f73d1a0a4,c1,DROP,441,?,e5,
1769364920.042317,RECEIVED,d0aa4140-e21f-49ce-8d14-69cca17db771,85c8c188-aca3-4f2c-b572-d81971ebc31c,c1,DROP,688,i8,?,
1769364920.1938946,SENT,d0aa4140-e21f-49ce-8d14-69cca17db771,85c8c188-aca3-4f2c-b572-d81971ebc31c,c1,DROP,442,?,i6,
1769364920.1939428,FORWARDED,d0aa4140-e21f-49ce-8d14-69cca17db771,85c8c188-aca3-4f2c-b572-d81971ebc31c,c1,DROP,442,?,i6,
1769364920.2149205,RECEIVED,e0562a50-99d8-49c0-89ae-3a37914f912f,90376ea1-054e-411e-aad4-ac36fffb0c6d,c5,DROP,687,i11,?,
1769364920.3016503,RECEIVED,8c9389e0-e457-479c-9b84-aa2483f46fd8,9535851b-3a96-44d9-8318-c4e5523a6a1f,c1,DROP,691,i3,?,
1769364920.3941138,RECEIVED,44a1cfe8-b98f-4cd8-8d71-7421b9e9bf36,c5261350-144e-4210-9e62-2a56789d81a3,c2,None,1031,i1,?,
1769364920.4535143,RECEIVED,67aec3f4-f0ad-4536-9940-d03a3390b54f,65829a1a-d5ca-4178-9023-f7888123c9f9,c5,DROP,445,x2,?,
1769364920.549782,SENT,e0562a50-99d8-49c0-89ae-3a37914f912f,90376ea1-054e-411e-aad4-ac36fffb0c6d,c5,DROP,444,?,x6,
1769364920.5498378,FORWARDED,e0562a50-99d8-49c0-89ae-3a37914f912f,90376ea1-054e-411e-aad4-ac36fffb0c6d,c5,DROP,444,?,x6,
1769364920.6112761,SENT,8c9389e0-e457-479c-9b84-aa2483f46fd8,9535851b-3a96-44d9-8318-c4e5523a6a1f,c1,DROP,445,?,e11,
1769364920.6114,FORWARDED,8c9389e0-e457-479c-9b84-aa2483f46fd8,9535851b-3a96-44d9-8318-c4e5523a6a1f,c1,DROP,445,?,e11,
1769364920.8035727,RECEIVED,385ce80f-ceeb-4403-aa60-9dcca643b70e,a250b330-29b5-42bf-a0ae-425a7268fe52,c5,DROP,442,x3,?,
1769364920.8913107,RECEIVED,a2eb7312-091a-49d9-9912-7aad77b51976,af7c9f9b-1a09-4e52-8c0d-ee7b2258901c,c4,DROP,688,i8,?,
1769364920.9077263,SENT,44a1cfe8-b98f-4cd8-8d71-7421b9e9bf36,c5261350-144e-4210-9e62-2a56789d81a3,c2,None,700,?,p2,
1769364920.9077685,FORWARDED,44a1cfe8-b98f-4cd8-8d71-7421b9e9bf36,c5261350-144e-4210-9e62-2a56789d81a3,c2,None,700,?,p2,
1769364921.1242473,RECEIVED,9bffde6d-ced1-4f54-bc70-76c829ced5af,acacfcb2-3b4b-486c-b91c-e4ddacb0d382,c3,c5,1268,i11,?,
1769364921.1652212,RECEIVED,1ec80532-fba9-4d15-94e8-265d251e6396,524c35f0-6754-48d2-ae29-3622de07ae26,c2,DROP,695,i9,?,
1769364921.1794655,SENT,9bffde6d-ced1-4f54-bc70-76c829ced5af,acacfcb2-3b4b-486c-b91c-e4ddacb0d382,c3,c5,877,?,p2,
1769364921.1795087,FORWARDED,9bffde6d-ced1-4f54-bc70-76c829ced5af,acacfcb2-3b4b-486c-b91c-e4ddacb0d382,c3,c5,877,?,p2,
1769364921.181547,SENT,1ec80532-fba9-4d15-94e8-265d251e6396,524c35f0-6754-48d2-ae29-3622de07ae26,c2,DROP,446,?,x12,
1769364921.1815877,FORWARDED,1ec80532-fba9-4d15-94e8-265d251e6396,524c35f0-6754-48d2-ae29-3622de07ae26,c2,DROP,446,?,x12,
1769364921.220867,RECEIVED,bde13048-100e-4fba-9005-f777987e37b7,8e174628-3109-4d75-b7ea-70758ec3636c,c4,DROP,693,i4,?,
1769364921.3984654,SENT,bde13048-100e-4fba-9005-f777987e37b7,8e174628-3109-4d75-b7ea-70758ec3636c,c4,DROP,445,?,e12,
1769364921.398504,FORWARDED,bde13048-100e-4fba-9005-f777987e37b7,8e174628-3109-4d75-b7ea-70758ec3636c,c4,DROP,445,?,e12,
1769364921.5196226,RECEIVED,7b757401-4e11-460a-baa8-bab80c9ade83,3fb7fc95-4db5-4351-beb7-7161cf44870c,c1,DROP,694,i12,?,
1769364921.5596545,RECEIVED,b55bd8fe-b3fc-4dca-abf5-0d87afb5a448,18fb2b88-80e7-425b-9f2b-741a28a23a64,c2,DROP,440,x2,?,
1769364921.5647998,RECEIVED,7c50d19b-198e-4639-9a48-25284b512736,52cffce5-966c-4461-b035-b6df4075e059,c2,DROP,687,i4,?,
1769364921.572218,RECEIVED,4f960935-6a1b-45be-b450-82539099ebbe,10087911-1859-4e78-8233-6603b50ec735,c3,DROP,689,i4,?,
1769364921.5995765,SENT,7b757401-4e11-460a-baa8-bab80c9ade83,3fb7fc95-4db5-4351-beb7-7161cf44870c,c1,DROP,445,?,e12,
1769364921.5996237,FORWARDED,7b757401-4e11-460a-baa8-bab80c9ade83,3fb7fc95-4db5-4351-beb7-7161cf44870c,c1,DROP,445,?,e12,
1769364921.8485515,SENT,7c50d19b-198e-4639-9a48-25284b512736,52cffce5-966c-4461-b035-b6df4075e059,c2,DROP,442,?,i6,
1769364921.8486822,FORWARDED,7c50d19b-198e-4639-9a48-25284b512736,52cffce5-966c-4461-b035-b6df4075e059,c2,DROP,442,?,i6,
1769364921.8692608,RECEIVED,76083447-afcc-44d2-89bb-ea38e951f566,1a2981c0-d359-4276-83a0-bcc36f16b25a,c3,None,1031,i5,?,
1769364921.9074802,SENT,4f960935-6a1b-45be-b450-82539099ebbe,10087911-1859-4e78-8233-6603b50ec735,c3,DROP,442,?,x12,
1769364921.9078786,FORWARDED,4f960935-6a1b-45be-b450-82539099ebbe,10087911-1859-4e78-8233-6603b50ec735,c3,DROP,442,?,x12,
1769364921.9722545,RECEIVED,b860cf95-ea5c-4a76-b172-bb16d9553bd3,ff48b1c2-ae7e-4e13-9b12-4ef3711a0c7f,c1,DROP,689,i7,?,
1769364922.0109663,SENT,b860cf95-ea5c-4a76-b172-bb16d9553bd3,ff48b1c2-ae7e-4e13-9b12-4ef3711a0c7f,c1,DROP,442,?,e11,
1769364922.011014,FORWARDED,b860cf95-ea5c-4a76-b172-bb16d9553bd3,ff48b1c2-ae7e-4e13-9b12-4ef3711a0c7f,c1,DROP,442,?,e11,
1769364922.0415406,RECEIVED,9fcae260-40e1-4d8b-b47b-9fde1f97c3b4,16d2adf0-d961-42ee-927b-1432f98bb443,c2,c3,1260,i9,?,
1769364922.1356668,SENT,9fcae260-40e1-4d8b-b47b-9fde1f97c3b4,16d2adf0-d961-42ee-927b-1432f98bb443,c2,c3,871,?,p3,
1769364922.135707,FORWARDED,9fcae260-40e1-4d8b-b47b-9fde1f97c3b4,16d2adf0-d961-42ee-927b-1432f98bb443,c2,c3,871,?,p3,
1769364922.355623,SENT,a2eb7312-091a-49d9-9912-7aad77b51976,af7c9f9b-1a09-4e52-8c0d-ee7b2258901c,c4,DROP,442,?,x12,
1769364922.3556578,FORWARDED,a2eb7312-091a-49d9-9912-7aad77b51976,af7c9f9b-1a09-4e52-8c0d-ee7b2258901c,c4,DROP,442,?,x12,
1769364922.3735268,SENT,76083447-afcc-44d2-89bb-ea38e951f566,1a2981c0-d359-4276-83a0-bcc36f16b25a,c3,None,700,?,p1,
1769364922.3735666,FORWARDED,76083447-afcc-44d2-89bb-ea38e951f566,1a2981c0-d359-4276-83a0-bcc36f16b25a,c3,None,700,?,p1,
1769364922.3910263,RECEIVED,a462a20d-eb98-4fad-8bc5-a858daf84694,7c10b0a1-cff0-4d98-ad2f-9565964a702b,c5,c2,1260,i6,?,
1769364922.4669304,RECEIVED,c7fe0bd0-6fec-4c74-b021-c2e4f71f1d04,3ae1380c-8822-478f-89d8-20717aa63896,c3,DROP,693,i4,?,
1769364922.4788783,SENT,c7fe0bd0-6fec-4c74-b021-c2e4f71f1d04,3ae1380c-8822-478f-89d8-20717aa63896,c3,DROP,445,?,x1,
1769364922.478916,FORWARDED,c7fe0bd0-6fec-4c74-b021-c2e4f71f1d04,3ae1380c-8822-478f-89d8-20717aa63896,c3,DROP,445,?,x1,
1769364922.5131085,SENT,a462a20d-eb98-4fad-8bc5-a858daf84694,7c10b0a1-cff0-4d98-ad2f-9565964a702b,c5,c2,872,?,p2,
1769364922.5131514,FORWARDED,a462a20d-eb98-4fad-8bc5-a858daf84694,7c10b0a1-cff0-4d98-ad2f-9565964a702b,c5,c2,872,?,p2,
1769364922.6137717,RECEIVED,c76bf41e-2546-4f32-9211-83036439f8b8,63f40ef0-1ff3-4340-bb65-6d4403e4e09e,c2,None,1022,i4,?,
1769364922.7779834,RECEIVED,7d9179e6-e8e6-4953-8366-b0942a75dd12,7a56fea5-107c-44fd-8376-f7b6c5626d0e,c3,DROP,690,i1,?,
1769364923.0603998,RECEIVED,afe2ed9d-d9ab-42b2-9f1c-0a1c3cbfd367,88d4c0fc-a45e-488a-ba86-54fef81f63ad,c1,DROP,441,x2,?,
1769364923.3599267,RECEIVED,6c5876be-29bc-429b-9f22-b6e7181f14e6,24bb91d0-1f3a-44d6-afa9-7c58486b4b90,c2,None,1027,i1,?,
1769364923.376215,RECEIVED,043b8567-f3f9-444c-b4dc-a3285369e2ea,78be57ce-5ad8-4234-a844-894fad0b9763,c2,DROP,441,x9,?,
1769364923.5921514,SENT,c76bf41e-2546-4f32-9211-83036439f8b8,63f40ef0-1ff3-4340-bb65-6d4403e4e09e,c2,None,695,?,p2,
1769364923.592196,FORWARDED,c76bf41e-2546-4f32-9211-83036439f8b8,63f40ef0-1ff3-4340-bb65-6d4403e4e09e,c2,None,695,?,p2,
1769364923.6419675,RECEIVED,db478271-d70f-40aa-bd5c-c30e8d68dedf,34ab9c14-b70f-4f2e-87ea-6cfe0fcf1b61,c2,DROP,687,i3,?,
1769364923.66978,SENT,7d9179e6-e8e6-4953-8366-b0942a75dd12,7a56fea5-107c-44fd-8376-f7b6c5626d0e,c3,DROP,446,?,i8,
1769364923.6698194,FORWARDED,7d9179e6-e8e6-4953-8366-b0942a75dd12,7a56fea5-107c-44fd-8376-f7b6c5626d0e,c3,DROP,446,?,i8,
1769364923.813593,RECEIVED,12502821-e9ce-4788-8467-0f9ea780ad31,4601ccee-ec41-4895-9a08-319158a9ed7d,c2,DROP,688,i9,?,
1769364923.872128,SENT,12502821-e9ce-4788-8467-0f9ea780ad31,4601ccee-ec41-4895-9a08-319158a9ed7d,c2,DROP,442,?,x4,
1769364923.8721788,FORWARDED,12502821-e9ce-4788-8467-0f9ea780ad31,4601ccee-ec41-4895-9a08-319158a9ed7d,c2,DROP,442,?,x4,
1769364924.044907,SENT,6c5876be-29bc-429b-9f22-b6e7181f14e6,24bb91d0-1f3a-44d6-afa9-7c58486b4b90,c2,None,699,?,p2,
1769364924.0450122,FORWARDED,6c5876be-29bc-429b-9f22-b6e7181f14e6,24bb91d0-1f3a-44d6-afa9-7c58486b4b90,c2,None,699,?,p2,
1769364924.156995,RECEIVED,03e705b8-5ded-43a3-a69f-b533bfb4bc62,2245f200-f37c-489b-b823-0a6f27d65f11,c2,DROP,682,i4,?,
1769364924.2583852,SENT,db478271-d70f-40aa-bd5c-c30e8d68dedf,34ab9c14-b70f-4f2e-87ea-6cfe0fcf1b61,c2,DROP,442,?,i7,
1769364924.2584252,FORWARDED,db478271-d70f-40aa-bd5c-c30e8d68dedf,34ab9c14-b70f-4f2e-87ea-6cfe0fcf1b61,c2,DROP,442,?,i7,
1769364924.4488983,RECEIVED,146effc6-8fda-4b49-a687-d9e94a568f14,4aac4698-0933-44bb-94ba-abb8cd4340ae,c4,DROP,683,i4,?,
1769364924.5879483,RECEIVED,9aa34fda-b51a-48e9-a260-157fa99ff363,8f5fdf4d-0bc7-44ed-92b1-b4fab94bd8ce,c3,c5,1264,i8,?,
1769364924.6017907,RECEIVED,516dd42f-f662-44b1-836b-e084408fe38a,e0f9d34d-d163-422d-be67-8eabc04cd976,c2,None,1032,i8,?,
1769364924.6436036,RECEIVED,7227d44c-5df9-471c-b1e7-d46c7f72a980,80761d3f-de9f-4003-adf6-207f7025559e,c1,c3,1252,i7,?,
1769364924.7358763,SENT,03e705b8-5ded-43a3-a69f-b533bfb4bc62,2245f200-f37c-489b-b823-0a6f27d65f11,c2,DROP,441,?,e9,
1769364924.7359197,FORWARDED,03e705b8-5ded-43a3-a69f-b533bfb4bc62,2245f200-f37c-489b-b823-0a6f27d65f11,c2,DROP,441,?,e9,
1769364924.7738824,SENT,7227d44c-5df9-471c-b1e7-d46c7f72a980,80761d3f-de9f-4003-adf6-207f7025559e,c1,c3,867,?,p3,
1769364924.773923,FORWARDED,7227d44c-5df9-471c-b1e7-d46c7f72a980,80761d3f-de9f-4003-adf6-207f7025559e,c1,c3,867,?,p3,
1769364924.842584,RECEIVED,4e01c1fa-7fbd-44c5-8245-a4eb3b6e3ac0,96207a2b-895d-4266-81a8-3c055308fef5,c5,c2,1262,i10,?,
1769364924.8936026,RECEIVED,159caff1-338d-4886-81de-668f1b7564cb,db5f8e0a-f4d8-491f-9fe0-481d14a5bfce,c3,DROP,682,i1,?,
1769364924.9124029,RECEIVED,a181661d-f8bd-4e5b-af90-29f9ef6efdc1,6ebf4c0b-3974-4901-b7e5-d8955a65d19b,c5,DROP,684,i1,?,
1769364924.9366481,SENT,9aa34fda-b51a-48e9-a260-157fa99ff363,8f5fdf4d-0bc7-44ed-92b1-b4fab94bd8ce,c3,c5,875,?,p2,
1769364924.9366887,FORWARDED,9aa34fda-b51a-48e9-a260-157fa99ff363,8f5fdf4d-0bc7-44ed-92b1-b4fab94bd8ce,c3,c5,875,?,p2,
1769364925.007353,RECEIVED,3cddc53e-af8e-4db3-a5f1-131b21e314d9,a53f4da6-88d7-4b74-9135-a8edd5b0c209,c5,DROP,691,i1,?,
1769364925.058021,RECEIVED,310d0e93-b0ff-4ffc-a7f0-9811d34c4feb,ed2b45c7-949d-44ad-82eb-54e7cf84d634,c5,None,1023,i4,?,
1769364925.0682092,SENT,516dd42f-f662-44b1-836b-e084408fe38a,e0f9d34d-d163-422d-be67-8eabc04cd976,c2,None,700,?,p2,
1769364925.0682518,FORWARDED,516dd42f-f662-44b1-836b-e084408fe38a,e0f9d34d-d163-422d-be67-8eabc04cd976,c2,None,700,?,p2,
1769364925.2086403,RECEIVED,e3cb6217-bfa7-481a-84fb-85a1cc0cb5c9,bf9f4a10-c62c-4513-9a6a-3d1351d5037c,c2,DROP,688,i5,?,
1769364925.2477522,SENT,a181661d-f8bd-4e5b-af90-29f9ef6efdc1,6ebf4c0b-3974-4901-b7e5-d8955a65d19b,c5,DROP,440,?,x5,
1769364925.2477906,FORWARDED,a181661d-f8bd-4e5b-af90-29f9ef6efdc1,6ebf4c0b-3974-4901-b7e5-d8955a65d19b,c5,DROP,440,?,x5,
1769364925.305412,SENT,146effc6-8fda-4b49-a687-d9e94a568f14,4aac4698-0933-44bb-94ba-abb8cd4340ae,c4,DROP,441,?,i2,
1769364925.3054538,FORWARDED,146effc6-8fda-4b49-a687-d9e94a568f14,4aac4698-0933-44bb-94ba-abb8cd4340ae,c4,DROP,441,?,i2,
1769364925.3301475,RECEIVED,e341562b-1282-4316-b08e-13e0fc884080,76565afa-edca-4644-afa9-962e2aa3812a,c1,c3,1263,i11,?,
1769364925.3361824,SENT,3cddc53e-af8e-4db3-a5f1-131b21e314d9,a53f4da6-88d7-4b74-9135-a8edd5b0c209,c5,DROP,446,?,e2,
1769364925.3362248,FORWARDED,3cddc53e-af8e-4db3-a5f1-131b21e314d9,a53f4da6-88d7-4b74-9135-a8edd5b0c209,c5,DROP,446,?,e2,
1769364925.3392475,RECEIVED,3c70f4d3-aff2-499e-a45c-78dbd06c0a56,509a24c3-9e81-468a-8da5-b98919bf1fa3,c1,c3,1251,i12,?,
1769364925.5525084,RECEIVED,2fb2a164-ab57-4270-a642-fe7a83d72348,b70e6e88-9c3e-4a0d-913a-6a845e00ff7c,c1,DROP,691,i10,?,
1769364925.6695383,SENT,e3cb6217-bfa7-481a-84fb-85a1cc0cb5c9,bf9f4a10-c62c-4513-9a6a-3d1351d5037c,c2,DROP,442,?,e2,
1769364925.6695964,FORWARDED,e3cb6217-bfa7-481a-84fb-85a1cc0cb5c9,bf9f4a10-c62c-4513-9a6a-3d1351d5037c,c2,DROP,442,?,e2,
1769364925.815171,RECEIVED,2eb1691f-ee24-4061-97c3-4a572b642cd0,99099610-1078-4101-8913-ab74d9e68b74,c5,DROP,691,i12,?,
1769364925.8431811,SENT,159caff1-338d-4886-81de-668f1b7564cb,db5f8e0a-f4d8-491f-9fe0-481d14a5bfce,c3,DROP,441,?,x7,
1769364925.843222,FORWARDED,159caff1-338d-4886-81de-668f1b7564cb,db5f8e0a-f4d8-491f-9fe0-481d14a5bfce,c3,DROP,441,?,x7,
1769364925.888104,SENT,310d0e93-b0ff-4ffc-a7f0-9811d34c4feb,ed2b45c7-949d-44ad-82eb-54e7cf84d634,c5,None,696,?,p3,
1769364925.8881469,FORWARDED,310d0e93-b0ff-4ffc-a7f0-9811d34c4feb,ed2b45c7-949d-44ad-82eb-54e7cf84d634,c5,None,696,?,p3,
1769364925.9603674,SENT,3c70f4d3-aff2-499e-a45c-78dbd06c0a56,509a24c3-9e81-468a-8da5-b98919bf1fa3,c1,c3,867,?,p3,
1769364925.9604058,FORWARDED,3c70f4d3-aff2-499e-a45c-78dbd06c0a56,509a24c3-9e81-468a-8da5-b98919bf1fa3,c1,c3,867,?,p3,
1769364926.0225847,RECEIVED,bd14a59a-55d2-46ce-8584-8ba8edf44a04,913ab26f-3109-47fb-9ae8-c9838030f810,c3,None,1027,i5,?,
1769364926.0442033,RECEIVED,91b9f57b-bac0-4286-abd4-91a912402e4d,792201e6-93f0-4295-bd4a-f537aaf2a45a,c4,c5,1256,i10,?,
1769364926.0685692,SENT,2fb2a164-ab57-4270-a642-fe7a83d72348,b70e6e88-9c3e-4a0d-913a-6a845e00ff7c,c1,DROP,446,?,i4,
1769364926.0686152,FORWARDED,2fb2a164-ab57-4270-a642-fe7a83d72348,b70e6e88-9c3e-4a0d-913a-6a845e00ff7c,c1,DROP,446,?,i4,
1769364926.258693,SENT,e341562b-1282-4316-b08e-13e0fc884080,76565afa-edca-4644-afa9-962e2aa3812a,c1,c3,876,?,p3,
1769364926.2587376,FORWARDED,e341562b-1282-4316-b08e-13e0fc884080,76565afa-edca-4644-afa9-962e2aa3812a,c1,c3,876,?,p3,
1769364926.2886078,SENT,91b9f57b-bac0-4286-abd4-91a912402e4d,792201e6-93f0-4295-bd4a-f537aaf2a45a,c4,c5,868,?,p2,
1769364926.2886405,FORWARDED,91b9f57b-bac0-4286-abd4-91a912402e4d,792201e6-93f0-4295-bd4a-f537aaf2a45a,c4,c5,868,?,p2,
1769364926.3712177,SENT,4e01c1fa-7fbd-44c5-8245-a4eb3b6e3ac0,96207a2b-895d-4266-81a8-3c055308fef5,c5,c2,874,?,p2,
1769364926.371254,FORWARDED,4e01c1fa-7fbd-44c5-8245-a4eb3b6e3ac0,96207a2b-895d-4266-81a8-3c055308fef5,c5,c2,874,?,p2,
1769364926.4457128,RECEIVED,9d66b2ef-be94-4d25-82f0-ed6725ac5076,fd6f2d19-5d48-41a5-bc91-137be1205cf8,c2,c3,1263,i8,?,
1769364926.461345,SENT,bd14a59a-55d2-46ce-8584-8ba8edf44a04,913ab26f-3109-47fb-9ae8-c9838030f810,c3,None,699,?,p1,
1769364926.4613876,FORWARDED,bd14a59a-55d2-46ce-8584-8ba8edf44a04,913ab26f-3109-47fb-9ae8-c9838030f810,c3,None,699,?,p1,
1769364926.475818,RECEIVED,28304bc9-f55d-4edf-8dcd-dcd3521f4c9e,f80af8da-660f-4f50-90d5-baa3c07984a8,c4,DROP,684,i11,?,
1769364926.5814018,RECEIVED,17c4d4c4-fa35-441b-86c4-d8520b56de44,0b055e02-6f2a-4a8f-bb34-de7db32850e3,c3,None,1019,i5,?,
1769364926.6207266,SENT,2eb1691f-ee24-4061-97c3-4a572b642cd0,99099610-1078-4101-8913-ab74d9e68b74,c5,DROP,445,?,x3,
1769364926.6207645,FORWARDED,2eb1691f-ee24-4061-97c3-4a572b642cd0,99099610-1078-4101-8913-ab74d9e68b74,c5,DROP,445,?,x3,
1769364926.6841052,SENT,28304bc9-f55d-4edf-8dcd-dcd3521f4c9e,f80af8da-660f-4f50-90d5-baa3c07984a8,c4,DROP,441,?,i3,
1769364926.6841466,FORWARDED,28304bc9-f55d-4edf-8dcd-dcd3521f4c9e,f80af8da-660f-4f50-90d5-baa3c07984a8,c4,DROP,441,?,i3,
1769364926.7825587,RECEIVED,d0053578-6caa-4e32-a66b-73a699e0c674,4c8cbc02-ce11-4d21-b827-d03a38bddd0a,c1,DROP,685,i6,?,
1769364926.791605,RECEIVED,2c1c3926-9358-479d-8a13-79e7931a44d3,1ebe9b88-f69a-4e54-8675-ee4f042a0d58,c1,DROP,440,x11,?,
1769364926.808115,RECEIVED,6e2ac5e6-9d1e-46c2-8245-3f39bf911679,ec2969f4-661f-4b77-9198-044ad2965f99,c5,c2,1251,i4,?,
1769364926.8246963,RECEIVED,31eb8739-8a11-41a1-b67d-94569e9f1102,78b5fd53-c6bb-45f1-971a-3cb8ec13db92,c1,DROP,692,i3,?,
1769364926.838147,SENT,d0053578-6caa-4e32-a66b-73a699e0c674,4c8cbc02-ce11-4d21-b827-d03a38bddd0a,c1,DROP,441,?,i3,
1769364926.8381896,FORWARDED,d0053578-6caa-4e32-a66b-73a699e0c674,4c8cbc02-ce11-4d21-b827-d03a38bddd0a,c1,DROP,441,?,i3,
1769364927.00866,SENT,17c4d4c4-fa35-441b-86c4-d8520b56de44,0b055e02-6f2a-4a8f-bb34-de7db32850e3,c3,None,691,?,p1,
1769364927.008704,FORWARDED,17c4d4c4-fa35-441b-86c4-d8520b56de44,0b055e02-6f2a-4a8f-bb34-de7db32850e3,c3,None,691,?,p1,
1769364927.221471,SENT,31eb8739-8a11-41a1-b67d-94569e9f1102,78b5fd53-c6bb-45f1-971a-3cb8ec13db92,c1,DROP,446,?,x7,
1769364927.2215106,FORWARDED,31eb8739-8a11-41a1-b67d-94569e9f1102,78b5fd53-c6bb-45f1-971a-3cb8ec13db92,c1,DROP,446,?,x7,
1769364927.2506726,RECEIVED,1c7af91e-e37f-49af-9659-3ea575b593e1,a4482001-37bb-427f-9049-f2934006e3a1,c2,DROP,687,i1,?,
1769364927.2558875,RECEIVED,374d3f8d-b928-4956-862d-baa7b89e3968,61f4db4c-a3d7-4bbf-bfa5-149d706ef311,c2,DROP,692,i11,?,
1769364927.261288,RECEIVED,6af74ee9-187f-4030-82f1-2ac5c69bd32f,b85a2478-4525-4a37-892a-2de3917ed0b0,c5,DROP,683,i11,?,
1769364927.3279603,RECEIVED,ecf054e0-01cb-424f-a862-102fcbefc301,bdccf397-f3da-42ec-a6e7-002788575205,c4,DROP,687,i11,?,
1769364927.4428167,RECEIVED,3cf88b23-2a63-4246-8f5b-9710ad2fb5de,95b1b86c-1b29-4b26-a4b0-58c3116bb25e,c1,DROP,691,i11,?,
1769364927.5415478,RECEIVED,f29704c3-f180-4fd2-b5fc-8aee7ea48f31,792f8980-1660-4848-a6af-97a05a68c146,c3,DROP,692,i6,?,
1769364927.677293,SENT,6af74ee9-187f-4030-82f1-2ac5c69bd32f,b85a2478-4525-4a37-892a-2de3917ed0b0,c5,DROP,441,?,x4,
1769364927.6773357,FORWARDED,6af74ee9-187f-4030-82f1-2ac5c69bd32f,b85a2478-4525-4a37-892a-2de3917ed0b0,c5,DROP,441,?,x4,
1769364927.7582006,RECEIVED,f62452c2-0405-4374-998e-da3081c6cbfd,2d40a76c-f219-4418-829d-d711c0f8c683,c3,c5,1251,i4,?,
1769364927.7999651,SENT,f29704c3-f180-4fd2-b5fc-8aee7ea48f31,792f8980-1660-4848-a6af-97a05a68c146,c3,DROP,445,?,e5,
1769364927.8000064,FORWARDED,f29704c3-f180-4fd2-b5fc-8aee7ea48f31,792f8980-1660-4848-a6af-97a05a68c146,c3,DROP,445,?,e5,
1769364927.8485732,SENT,1c7af91e-e37f-49af-9659-3ea575b593e1,a4482001-37bb-427f-9049-f2934006e3a1,c2,DROP,444,?,e2,
1769364927.8486056,FORWARDED,1c7af91e-e37f-49af-9659-3ea575b593e1,a4482001-37bb-427f-9049-f2934006e3a1,c2,DROP,444,?,e2,
1769364927.901332,RECEIVED,256a6199-eb5b-4ab5-a5d7-547f3b2b3292,409f0c8b-d692-4d40-87b4-a67ccf55884b,c3,c5,1264,i12,?,
1769364927.9072971,RECEIVED,91cd2348-1a9c-4571-8068-2fbfd113c8f1,6cdf9737-b89f-4d9d-b9e8-60a022f3be11,c2,DROP,695,i9,?,
1769364927.9505472,SENT,91cd2348-1a9c-4571-8068-2fbfd113c8f1,6cdf9737-b89f-4d9d-b9e8-60a022f3be11,c2,DROP,447,?,x12,
1769364927.9506102,FORWARDED,91cd2348-1a9c-4571-8068-2fbfd113c8f1,6cdf9737-b89f-4d9d-b9e8-60a022f3be11,c2,DROP,447,?,x12,
1769364928.160292,RECEIVED,3a4a9326-6721-4065-b11b-5109bb2f8f9a,9e925125-c23c-4899-bbe6-65c9028c9044,c5,DROP,446,x4,?,
1769364928.168821,SENT,256a6199-eb5b-4ab5-a5d7-547f3b2b3292,409f0c8b-d692-4d40-87b4-a67ccf55884b,c3,c5,876,?,p2,
1769364928.1688607,FORWARDED,256a6199-eb5b-4ab5-a5d7-547f3b2b3292,409f0c8b-d692-4d40-87b4-a67ccf55884b,c3,c5,876,?,p2,
1769364928.2629268,RECEIVED,8058776d-8244-4a38-a155-1d52ddf32e2c,836f5c4a-ab56-4aca-8c38-530b3ac508f7,c5,None,1029,i8,?,
1769364928.2743418,SENT,8058776d-8244-4a38-a155-1d52ddf32e2c,836f5c4a-ab56-4aca-8c38-530b3ac508f7,c5,None,699,?,p1,
1769364928.2743835,FORWARDED,8058776d-8244-4a38-a155-1d52ddf32e2c,836f5c4a-ab56-4aca-8c38-530b3ac508f7,c5,None,699,?,p1,
1769364928.307804,RECEIVED,2392c540-0ea2-4e94-96c2-270400870f1a,f74f17b1-0cd0-4f99-9195-d40a06055b47,c2,DROP,692,i10,?,
1769364928.3543954,RECEIVED,b7a4adee-288b-487a-8e2d-f1bf3265db34,c5cb3272-99d5-41e1-908d-f88c409b8ba4,c2,None,1028,i3,?,
1769364928.3868766,RECEIVED,c08ecdee-92cf-4a12-8a79-17fab1656b76,ab47733f-04c4-42d1-b352-1e40b605b335,c3,DROP,684,i8,?,
1769364928.3960662,SENT,6e2ac5e6-9d1e-46c2-8245-3f39bf911679,ec2969f4-661f-4b77-9198-044ad2965f99,c5,c2,867,?,p2,
1769364928.3961086,FORWARDED,6e2ac5e6-9d1e-46c2-8245-3f39bf911679,ec2969f4-661f-4b77-9198-044ad2965f99,c5,c2,867,?,p2,
1769364928.436116,RECEIVED,d38c798e-e859-42a6-97b1-a1117de06e51,2580b223-b49c-4b26-a274-63de1d699c24,c5,None,1019,i6,?,
1769364928.4721217,SENT,b7a4adee-288b-487a-8e2d-f1bf3265db34,c5cb3272-99d5-41e1-908d-f88c409b8ba4,c2,None,699,?,p2,
1769364928.4721637,FORWARDED,b7a4adee-288b-487a-8e2d-f1bf3265db34,c5cb3272-99d5-41e1-908d-f88c409b8ba4,c2,None,699,?,p2,
1769364928.4756832,RECEIVED,77cdc36c-d8ca-4480-af18-8337378129da,33f35ef8-39b9-4eb6-aae4-93ee313a5b32,c3,DROP,688,i2,?,
1769364928.5095692,SENT,2392c540-0ea2-4e94-96c2-270400870f1a,f74f17b1-0cd0-4f99-9195-d40a06055b47,c2,DROP,446,?,x2,
1769364928.509614,FORWARDED,2392c540-0ea2-4e94-96c2-270400870f1a,f74f17b1-0cd0-4f99-9195-d40a06055b47,c2,DROP,446,?,x2,
1769364928.549621,SENT,9d66b2ef-be94-4d25-82f0-ed6725ac5076,fd6f2d19-5d48-41a5-bc91-137be1205cf8,c2,c3,875,?,p3,
1769364928.54966,FORWARDED,9d66b2ef-be94-4d25-82f0-ed6725ac5076,fd6f2d19-5d48-41a5-bc91-137be1205cf8,c2,c3,875,?,p3,
1769364928.563512,SENT,77cdc36c-d8ca-4480-af18-8337378129da,33f35ef8-39b9-4eb6-aae4-93ee313a5b32,c3,DROP,443,?,i4,
1769364928.5635655,FORWARDED,77cdc36c-d8ca-4480-af18-8337378129da,33f35ef8-39b9-4eb6-aae4-93ee313a5b32,c3,DROP,443,?,i4,
1769364928.584961,SENT,c08ecdee-92cf-4a12-8a79-17fab1656b76,ab47733f-04c4-42d1-b352-1e40b605b335,c3,DROP,441,?,e1,
1769364928.5850005,FORWARDED,c08ecdee-92cf-4a12-8a79-17fab1656b76,ab47733f-04c4-42d1-b352-1e40b605b335,c3,DROP,441,?,e1,
1769364928.6604512,SENT,374d3f8d-b928-4956-862d-baa7b89e3968,61f4db4c-a3d7-4bbf-bfa5-149d706ef311,c2,DROP,446,?,e10,
1769364928.6604893,FORWARDED,374d3f8d-b928-4956-862d-baa7b89e3968,61f4db4c-a3d7-4bbf-bfa5-149d706ef311,c2,DROP,446,?,e10,
1769364928.7448106,SENT,f62452c2-0405-4374-998e-da3081c6cbfd,2d40a76c-f219-4418-829d-d711c0f8c683,c3,c5,867,?,p2,
1769364928.7448509,FORWARDED,f62452c2-0405-4374-998e-da3081c6cbfd,2d40a76c-f219-4418-829d-d711c0f8c683,c3,c5,867,?,p2,
1769364928.7873933,SENT,ecf054e0-01cb-424f-a862-102fcbefc301,bdccf397-f3da-42ec-a6e7-002788575205,c4,DROP,442,?,x2,
1769364928.7874348,FORWARDED,ecf054e0-01cb-424f-a862-102fcbefc301,bdccf397-f3da-42ec-a6e7-002788575205,c4,DROP,442,?,x2,
1769364929.0231361,RECEIVED,357e0c8f-f6e9-47f1-9d07-59da96128b63,3ab584f3-347f-46ec-9034-ac5a7a46c2bf,c3,DROP,684,i7,?,
1769364929.2157164,SENT,357e0c8f-f6e9-47f1-9d07-59da96128b63,3ab584f3-347f-46ec-9034-ac5a7a46c2bf,c3,DROP,441,?,i8,
1769364929.2158062,FORWARDED,357e0c8f-f6e9-47f1-9d07-59da96128b63,3ab584f3-347f-46ec-9034-ac5a7a46c2bf,c3,DROP,441,?,i8,
1769364929.3829765,RECEIVED,42e847a7-50a4-4cb4-b24d-955a14f876af,5f482c51-88c6-452b-8836-bd132fe6e1a0,c3,c5,1263,i2,?,
1769364929.6401153,RECEIVED,f1246366-be46-459e-b1e5-0902c0bcc1c3,954be3b8-9ac4-42d9-ac8a-4d7529e90c32,c1,DROP,687,i7,?,
1769364929.6495786,SENT,3cf88b23-2a63-4246-8f5b-9710ad2fb5de,95b1b86c-1b29-4b26-a4b0-58c3116bb25e,c1,DROP,445,?,x4,
1769364929.6496184,FORWARDED,3cf88b23-2a63-4246-8f5b-9710ad2fb5de,95b1b86c-1b29-4b26-a4b0-58c3116bb25e,c1,DROP,445,?,x4,
1769364929.736955,RECEIVED,fb8f53f7-7d81-4242-b00c-f66fab41af6e,52715546-85fc-4f10-8976-360030c53a0a,c3,DROP,692,i4,?,
1769364929.7812335,RECEIVED,b3ee9b2d-9b86-4d93-8e94-a4b56e78a149,a4de0400-87b4-4656-99c6-591213c8c03c,c1,DROP,695,i7,?,
1769364929.9104574,SENT,b3ee9b2d-9b86-4d93-8e94-a4b56e78a149,a4de0400-87b4-4656-99c6-591213c8c03c,c1,DROP,448,?,e5,
1769364929.9104981,FORWARDED,b3ee9b2d-9b86-4d93-8e94-a4b56e78a149,a4de0400-87b4-4656-99c6-591213c8c03c,c1,DROP,448,?,e5,
1769364929.9411168,SENT,fb8f53f7-7d81-4242-b00c-f66fab41af6e,52715546-85fc-4f10-8976-360030c53a0a,c3,DROP,446,?,x12,
1769364929.94116,FORWARDED,fb8f53f7-7d81-4242-b00c-f66fab41af6e,52715546-85fc-4f10-8976-360030c53a0a,c3,DROP,446,?,x12,
1769364930.1535878,SENT,d38c798e-e859-42a6-97b1-a1117de06e51,2580b223-b49c-4b26-a274-63de1d699c24,c5,None,693,?,p3,
1769364930.153625,FORWARDED,d38c798e-e859-42a6-97b1-a1117de06e51,2580b223-b49c-4b26-a274-63de1d699c24,c5,None,693,?,p3,
1769364930.1853228,RECEIVED,f3b1f717-0043-428f-a5bc-03785973587f,db121cb9-ab2e-4782-8cb3-6aea736e7c27,c3,DROP,441,x3,?,
1769364930.2346888,RECEIVED,4dabce34-bd87-4c8a-95f2-0b5a954696b7,1675e290-f6c9-4c19-86e7-51aefa1e5679,c4,DROP,683,i1,?,
1769364930.2437673,RECEIVED,315b8d73-366d-4f79-a453-12b15817051a,fd0d3510-2eec-40fa-8c98-fb3c18929dff,c5,DROP,687,i2,?,
1769364930.4702194,RECEIVED,323e2605-7782-46ea-af6a-442908a2b0ed,c435bd84-5301-43c9-9d19-624090b93059,c1,DROP,683,i3,?,
1769364930.481379,SENT,42e847a7-50a4-4cb4-b24d-955a14f876af,5f482c51-88c6-452b-8836-bd132fe6e1a0,c3,c5,876,?,p2,
1769364930.4814193,FORWARDED,42e847a7-50a4-4cb4-b24d-955a14f876af,5f482c51-88c6-452b-8836-bd132fe6e1a0,c3,c5,876,?,p2,
1769364930.531203,RECEIVED,e2dd0da1-6fda-4871-8310-c5284ae7e7a0,8c080183-cdcf-4e3a-8a71-16bfc8d3089b,c3,DROP,691,i6,?,
1769364930.5501075,RECEIVED,3a110440-8c30-44ab-b58b-7a0e7cd695e5,9b5394fa-ae0e-4d72-b8c7-af9f02be0edd,c3,DROP,693,i4,?,
1769364930.596665,RECEIVED,9a04b4fb-414f-416b-a2f2-1e9c27ce04f7,028ea093-9dbe-4533-a116-55c84dfc4208,c3,c5,1255,i3,?,
1769364930.6787071,SENT,f1246366-be46-459e-b1e5-0902c0bcc1c3,954be3b8-9ac4-42d9-ac8a-4d7529e90c32,c1,DROP,442,?,i6,
1769364930.6787488,FORWARDED,f1246366-be46-459e-b1e5-0902c0bcc1c3,954be3b8-9ac4-42d9-ac8a-4d7529e90c32,c1,DROP,442,?,i6,
1769364930.6939259,SENT,3a110440-8c30-44ab-b58b-7a0e7cd695e5,9b5394fa-ae0e-4d72-b8c7-af9f02be0edd,c3,DROP,445,?,e11,
1769364930.6939735,FORWARDED,3a110440-8c30-44ab-b58b-7a0e7cd695e5,9b5394fa-ae0e-4d72-b8c7-af9f02be0edd,c3,DROP,445,?,e11,
1769364930.7819889,RECEIVED,6185b756-785d-4914-9f00-dcefa9ef9992,0e55f49a-d49a-449d-9545-00f1d26c5e0f,c5,None,1033,i4,?,
1769364930.8005826,SENT,6185b756-785d-4914-9f00-dcefa9ef9992,0e55f49a-d49a-449d-9545-00f1d26c5e0f,c5,None,700,?,p1,
1769364930.800621,FORWARDED,6185b756-785d-4914-9f00-dcefa9ef9992,0e55f49a-d49a-449d-9545-00f1d26c5e0f,c5,None,700,?,p1,
1769364930.8145187,SENT,e2dd0da1-6fda-4871-8310-c5284ae7e7a0,8c080183-cdcf-4e3a-8a71-16bfc8d3089b,c3,DROP,445,?,x1,
1769364930.8145595,FORWARDED,e2dd0da1-6fda-4871-8310-c5284ae7e7a0,8c080183-cdcf-4e3a-8a71-16bfc8d3089b,c3,DROP,445,?,x1,
1769364930.898413,SENT,9a04b4fb-414f-416b-a2f2-1e9c27ce04f7,028ea093-9dbe-4533-a116-55c84dfc4208,c3,c5,868,?,p2,
1769364930.8984501,FORWARDED,9a04b4fb-414f-416b-a2f2-1e9c27ce04f7,028ea093-9dbe-4533-a116-55c84dfc4208,c3,c5,868,?,p2,
1769364930.9390318,RECEIVED,0cc33183-1898-4e11-96bf-76164068c646,e3401900-a9f7-4516-a18e-2b7b3a5ac759,c3,DROP,442,x8,?,
1769364930.9465053,RECEIVED,26108b32-541b-4b3f-b66b-7505ca0d2586,89c39737-cc40-4cda-ae19-6f6553b9ad9b,c2,DROP,691,i6,?,
1769364931.0176475,SENT,323e2605-7782-46ea-af6a-442908a2b0ed,c435bd84-5301-43c9-9d19-624090b93059,c1,DROP,441,?,e6,
1769364931.0177228,FORWARDED,323e2605-7782-46ea-af6a-442908a2b0ed,c435bd84-5301-43c9-9d19-624090b93059,c1,DROP,441,?,e6,
1769364931.0903163,RECEIVED,79accc97-3e5b-4de4-b4f4-9754ba541869,49ef02bd-a021-47c8-bfd7-c5e77e91cc0a,c5,DROP,441,x8,?,
1769364931.1461933,RECEIVED,c4e85aa4-61ea-4ead-bea2-bfd42a7ab800,a7f85eea-f760-4be9-83ce-4445da69578a,c1,DROP,690,i10,?,
1769364931.1948955,RECEIVED,e2abee7c-c560-4839-acc7-7e200f871ca6,dda7b3de-caf0-4565-81ed-f4f7bec99085,c5,None,1031,i2,?,
1769364931.2464824,SENT,26108b32-541b-4b3f-b66b-7505ca0d2586,89c39737-cc40-4cda-ae19-6f6553b9ad9b,c2,DROP,445,?,e8,
1769364931.2465198,FORWARDED,26108b32-541b-4b3f-b66b-7505ca0d2586,89c39737-cc40-4cda-ae19-6f6553b9ad9b,c2,DROP,445,?,e8,
1769364931.4121768,SENT,e2abee7c-c560-4839-acc7-7e200f871ca6,dda7b3de-caf0-4565-81ed-f4f7bec99085,c5,None,700,?,p1,
1769364931.412224,FORWARDED,e2abee7c-c560-4839-acc7-7e200f871ca6,dda7b3de-caf0-4565-81ed-f4f7bec99085,c5,None,700,?,p1,
1769364931.6552374,SENT,4dabce34-bd87-4c8a-95f2-0b5a954696b7,1675e290-f6c9-4c19-86e7-51aefa1e5679,c4,DROP,441,?,i2,
1769364931.6552768,FORWARDED,4dabce34-bd87-4c8a-95f2-0b5a954696b7,1675e290-f6c9-4c19-86e7-51aefa1e5679,c4,DROP,441,?,i2,
1769364931.7119248,SENT,c4e85aa4-61ea-4ead-bea2-bfd42a7ab800,a7f85eea-f760-4be9-83ce-4445da69578a,c1,DROP,446,?,e5,
1769364931.7119648,FORWARDED,c4e85aa4-61ea-4ead-bea2-bfd42a7ab800,a7f85eea-f760-4be9-83ce-4445da69578a,c1,DROP,446,?,e5,
1769364931.7473223,RECEIVED,97d775d0-b71a-4506-995f-50086a36dcdd,4c8ccd2e-2343-4b2c-9d22-9671c4551c75,c1,DROP,442,x6,?,
1769364931.8669171,SENT,315b8d73-366d-4f79-a453-12b15817051a,fd0d3510-2eec-40fa-8c98-fb3c18929dff,c5,DROP,442,?,x6,
1769364931.866958,FORWARDED,315b8d73-366d-4f79-a453-12b15817051a,fd0d3510-2eec-40fa-8c98-fb3c18929dff,c5,DROP,442,?,x6,
1769364931.89635,RECEIVED,fc91fc95-d252-42d4-a6ef-1a5eab384290,1b726c23-cc19-47be-82b4-6406ecc3ba2f,c5,DROP,688,i1,?,
1769364931.9986143,RECEIVED,676996e4-152b-42dd-836e-d6808eeaafc9,1ae69a6b-0a84-45a6-9ed2-356781746341,c1,c3,1259,i3,?,
1769364932.002644,SENT,fc91fc95-d252-42d4-a6ef-1a5eab384290,1b726c23-cc19-47be-82b4-6406ecc3ba2f,c5,DROP,443,?,e7,
1769364932.002679,FORWARDED,fc91fc95-d252-42d4-a6ef-1a5eab384290,1b726c23-cc19-47be-82b4-6406ecc3ba2f,c5,DROP,443,?,e7,
1769364932.3760915,RECEIVED,4d88312d-588d-4700-ad5f-72b03f5af589,002e4275-d633-42dc-a8da-918cb955b29b,c3,None,1028,i7,?,
1769364932.4299188,SENT,4d88312d-588d-4700-ad5f-72b03f5af589,002e4275-d633-42dc-a8da-918cb955b29b,c3,None,699,?,p2,
1769364932.4299572,FORWARDED,4d88312d-588d-4700-ad5f-72b03f5af589,002e4275-d633-42dc-a8da-918cb955b29b,c3,None,699,?,p2,
1769364932.5793915,RECEIVED,9d602176-0795-4320-a845-bc446ac23b97,ea3b1371-3e09-4328-bf54-6b8ae0afb948,c5,DROP,693,i10,?,
1769364932.6736856,RECEIVED,8957384c-cbcb-43b8-97f1-fc41873b9fe8,314050f3-add7-47e5-a54f-c8884ee49816,c5,DROP,684,i3,?,
1769364932.6807756,SENT,9d602176-0795-4320-a845-bc446ac23b97,ea3b1371-3e09-4328-bf54-6b8ae0afb948,c5,DROP,446,?,i12,
1769364932.6808197,FORWARDED,9d602176-0795-4320-a845-bc446ac23b97,ea3b1371-3e09-4328-bf54-6b8ae0afb948,c5,DROP,446,?,i12,
1769364932.8221824,RECEIVED,6d3b3ab7-5212-4b99-9bf5-55ebbdf4b0a0,34397224-9449-444f-a121-b22465859a1e,c3,DROP,692,i6,?,
1769364932.8305814,RECEIVED,ab126a46-4c02-40b7-96ba-642d98596495,d37ceaf5-1804-4820-a63e-2c7dc8f72825,c2,DROP,683,i2,?,
1769364932.8835213,RECEIVED,7df5d52c-26cd-4c8e-a4a7-dea2099794a9,f6d38bfd-540a-4f84-9084-4c3112e34775,c1,DROP,683,i7,?,
1769364932.9158256,SENT,8957384c-cbcb-43b8-97f1-fc41873b9fe8,314050f3-add7-47e5-a54f-c8884ee49816,c5,DROP,441,?,x1,
1769364932.9158673,FORWARDED,8957384c-cbcb-43b8-97f1-fc41873b9fe8,314050f3-add7-47e5-a54f-c8884ee49816,c5,DROP,441,?,x1,
1769364932.9214773,SENT,676996e4-152b-42dd-836e-d6808eeaafc9,1ae69a6b-0a84-45a6-9ed2-356781746341,c1,c3,873,?,p3,
1769364932.921519,FORWARDED,676996e4-152b-42dd-836e-d6808eeaafc9,1ae69a6b-0a84-45a6-9ed2-356781746341,c1,c3,873,?,p3,
1769364933.2129266,RECEIVED,f3ec1d27-3c64-4e5e-8724-f2660621ef13,10235fc0-7393-449a-9635-1d6c62ba03a5,c5,DROP,692,i8,?,
1769364933.2362447,RECEIVED,7feccf75-ddd8-4144-acac-f22bbdfd0ffc,d6397528-2a88-4cb1-b645-d090e72a0f0b,c5,c2,1251,i4,?,
1769364933.298894,SENT,6d3b3ab7-5212-4b99-9bf5-55ebbdf4b0a0,34397224-9449-444f-a121-b22465859a1e,c3,DROP,445,?,i11,
1769364933.2990057,FORWARDED,6d3b3ab7-5212-4b99-9bf5-55ebbdf4b0a0,34397224-9449-444f-a121-b22465859a1e,c3,DROP,445,?,i11,
1769364933.6281273,RECEIVED,875c4bb6-dccc-4770-82ea-f551786cb113,2835072c-e3d4-48ba-84f3-3edc3450094e,c4,DROP,442,x1,?,
1769364933.7047553,SENT,7df5d52c-26cd-4c8e-a4a7-dea2099794a9,f6d38bfd-540a-4f84-9084-4c3112e34775,c1,DROP,441,?,i5,
1769364933.7047944,FORWARDED,7df5d52c-26cd-4c8e-a4a7-dea2099794a9,f6d38bfd-540a-4f84-9084-4c3112e34775,c1,DROP,441,?,i5,
1769364933.7353914,RECEIVED,d22f6193-bb65-4824-8250-12e4465f09e8,4e046264-748d-4a59-b040-8c9e692a9bea,c5,DROP,442,x3,?,
1769364933.7533967,SENT,f3ec1d27-3c64-4e5e-8724-f2660621ef13,10235fc0-7393-449a-9635-1d6c62ba03a5,c5,DROP,445,?,x12,
1769364933.7534378,FORWARDED,f3ec1d27-3c64-4e5e-8724-f2660621ef13,10235fc0-7393-449a-9635-1d6c62ba03a5,c5,DROP,445,?,x12,
1769364933.8019667,SENT,7feccf75-ddd8-4144-acac-f22bbdfd0ffc,d6397528-2a88-4cb1-b645-d090e72a0f0b,c5,c2,867,?,p2,
1769364933.8020062,FORWARDED,7feccf75-ddd8-4144-acac-f22bbdfd0ffc,d6397528-2a88-4cb1-b645-d090e72a0f0b,c5,c2,867,?,p2,
1769364933.8527234,RECEIVED,1f9df020-bb7f-4b05-b88b-6ac6f4dddb4e,c2d9b9a0-d302-40f6-8528-df0b3770847f,c3,None,1031,i6,?,
1769364933.9575572,RECEIVED,e018faf1-bed1-470a-8dd5-7219b924ab0e,7a367e85-9566-4947-9efb-c9e15cab2046,c3,DROP,688,i3,?,
1769364934.0796614,RECEIVED,9cfd1751-6b14-4538-a150-e605008b5f88,a5843a92-1185-4e22-8105-972529588417,c1,DROP,691,i9,?,
1769364934.1485186,RECEIVED,e4a62c05-8e17-4a2d-aaa3-de2e9887b410,dd35e99c-ee05-44b1-b785-f61f0907f930,c1,DROP,446,x4,?,
1769364934.1968653,SENT,ab126a46-4c02-40b7-96ba-642d98596495,d37ceaf5-1804-4820-a63e-2c7dc8f72825,c2,DROP,440,?,i11,
1769364934.1971216,FORWARDED,ab126a46-4c02-40b7-96ba-642d98596495,d37ceaf5-1804-4820-a63e-2c7dc8f72825,c2,DROP,440,?,i11,
1769364934.2445562,RECEIVED,ce23d83e-9528-4b65-a040-fab90fabdb94,9581a080-9fe8-411c-8497-08885aa6f9bc,c3,DROP,684,i7,?,
1769364934.2966661,SENT,e018faf1-bed1-470a-8dd5-7219b924ab0e,7a367e85-9566-4947-9efb-c9e15cab2046,c3,DROP,443,?,x6,
1769364934.2967088,FORWARDED,e018faf1-bed1-470a-8dd5-7219b924ab0e,7a367e85-9566-4947-9efb-c9e15cab2046,c3,DROP,443,?,x6,
1769364934.3432815,RECEIVED,2a733bda-a05b-4354-815f-01a1f7f73b08,624d0bde-00b4-4ad2-a8d9-c7e2f2660fa1,c1,DROP,683,i7,?,
1769364934.4302154,SENT,ce23d83e-9528-4b65-a040-fab90fabdb94,9581a080-9fe8-411c-8497-08885aa6f9bc,c3,DROP,441,?,i5,
1769364934.4302626,FORWARDED,ce23d83e-9528-4b65-a040-fab90fabdb94,9581a080-9fe8-411c-8497-08885aa6f9bc,c3,DROP,441,?,i5,
1769364934.431386,RECEIVED,1454c9ff-e661-4d33-82a0-dd9e1e438334,9955a40a-40a8-47a8-ada7-0c90db1ddf0e,c1,c3,1258,i2,?,
1769364934.5236187,SENT,9cfd1751-6b14-4538-a150-e605008b5f88,a5843a92-1185-4e22-8105-972529588417,c1,DROP,446,?,x2,
1769364934.5236526,FORWARDED,9cfd1751-6b14-4538-a150-e605008b5f88,a5843a92-1185-4e22-8105-972529588417,c1,DROP,446,?,x2,
1769364934.5908418,RECEIVED,6aa649af-51d8-49e3-8c4b-a13999623054,adfa3666-8486-41fe-868b-e6b96d0ef1da,c2,None,1027,i10,?,
1769364934.6034417,SENT,2a733bda-a05b-4354-815f-01a1f7f73b08,624d0bde-00b4-4ad2-a8d9-c7e2f2660fa1,c1,DROP,441,?,e5,
1769364934.6034813,FORWARDED,2a733bda-a05b-4354-815f-01a1f7f73b08,624d0bde-00b4-4ad2-a8d9-c7e2f2660fa1,c1,DROP,441,?,e5,
1769364934.737606,SENT,1f9df020-bb7f-4b05-b88b-6ac6f4dddb4e,c2d9b9a0-d302-40f6-8528-df0b3770847f,c3,None,701,?,p2,
1769364934.7377672,FORWARDED,1f9df020-bb7f-4b05-b88b-6ac6f4dddb4e,c2d9b9a0-d302-40f6-8528-df0b3770847f,c3,None,701,?,p2,
1769364934.806519,SENT,6aa649af-51d8-49e3-8c4b-a13999623054,adfa3666-8486-41fe-868b-e6b96d0ef1da,c2,None,699,?,p2,
1769364934.8065636,FORWARDED,6aa649af-51d8-49e3-8c4b-a13999623054,adfa3666-8486-41fe-868b-e6b96d0ef1da,c2,None,699,?,p2,
1769364934.8214993,RECEIVED,8afa06ec-b671-476c-a537-206450629cae,c3c2f5c7-5043-4594-a68f-9e1bb6259132,c3,DROP,691,i1,?,
1769364934.933394,RECEIVED,ff0211e1-565b-4dc0-8037-fd58f958f5d0,195248d7-c57a-4fe3-86b3-e3e9114fe097,c2,DROP,442,x7,?,
1769364935.2090933,RECEIVED,920f42d2-f3ad-4a3b-b0f4-ffa4e567476d,405a38dd-38d3-45c8-ab9e-ddb1b8567ce9,c3,DROP,692,i11,?,
1769364935.3319862,RECEIVED,2e4a4a8b-945c-4086-821e-1bffadf5abc4,e3b2cb4c-baa7-46b2-984b-2a728670e74b,c5,DROP,442,x5,?,
1769364935.4095862,RECEIVED,16fe4d5c-70be-43e4-980e-a3baf9f09c9d,f1c596b2-4cbb-4d50-b79e-7c434dfcb099,c3,DROP,693,i4,?,
1769364935.467993,RECEIVED,a979b6a5-4fff-4456-a668-c2a0d12a6fd3,77c24a1d-fcb6-43d7-a0e9-30c5823418f6,c2,DROP,687,i9,?,
1769364935.4995403,RECEIVED,61ded439-9eb6-4683-8944-50c8aaed1e96,b8b381d9-8da4-40a5-adad-71e84b271e3c,c5,None,1027,i8,?,
1769364935.6374624,SENT,920f42d2-f3ad-4a3b-b0f4-ffa4e567476d,405a38dd-38d3-45c8-ab9e-ddb1b8567ce9,c3,DROP,445,?,i2,
1769364935.6374998,FORWARDED,920f42d2-f3ad-4a3b-b0f4-ffa4e567476d,405a38dd-38d3-45c8-ab9e-ddb1b8567ce9,c3,DROP,445,?,i2,
1769364935.7220132,RECEIVED,2d146860-6cdb-4bf3-9436-9b8d8feb1646,81ac8522-46a2-48e9-8ee3-2784b46a1ca9,c2,DROP,691,i11,?,
1769364935.7558708,SENT,2d146860-6cdb-4bf3-9436-9b8d8feb1646,81ac8522-46a2-48e9-8ee3-2784b46a1ca9,c2,DROP,445,?,i4,
1769364935.755911,FORWARDED,2d146860-6cdb-4bf3-9436-9b8d8feb1646,81ac8522-46a2-48e9-8ee3-2784b46a1ca9,c2,DROP,445,?,i4,
1769364935.8224099,RECEIVED,bd35cea7-c228-4fe7-a6da-abdb2630244f,6d32c626-4a31-4135-bd52-502a35c99963,c3,DROP,687,i2,?,
1769364935.845865,RECEIVED,53434292-a12f-43c3-a5c5-984e505b9f59,b9047f8a-86e9-4118-9f46-22dc09a45d70,c2,DROP,442,x9,?,
1769364935.8644934,SENT,16fe4d5c-70be-43e4-980e-a3baf9f09c9d,f1c596b2-4cbb-4d50-b79e-7c434dfcb099,c3,DROP,447,?,i11,
1769364935.8645358,FORWARDED,16fe4d5c-70be-43e4-980e-a3baf9f09c9d,f1c596b2-4cbb-4d50-b79e-7c434dfcb099,c3,DROP,447,?,i11,
1769364935.9011862,SENT,a979b6a5-4fff-4456-a668-c2a0d12a6fd3,77c24a1d-fcb6-43d7-a0e9-30c5823418f6,c2,DROP,442,?,i12,
1769364935.9012237,FORWARDED,a979b6a5-4fff-4456-a668-c2a0d12a6fd3,77c24a1d-fcb6-43d7-a0e9-30c5823418f6,c2,DROP,442,?,i12,
1769364936.1522188,SENT,1454c9ff-e661-4d33-82a0-dd9e1e438334,9955a40a-40a8-47a8-ada7-0c90db1ddf0e,c1,c3,871,?,p3,
1769364936.152276,FORWARDED,1454c9ff-e661-4d33-82a0-dd9e1e438334,9955a40a-40a8-47a8-ada7-0c90db1ddf0e,c1,c3,871,?,p3,
1769364936.2226021,SENT,61ded439-9eb6-4683-8944-50c8aaed1e96,b8b381d9-8da4-40a5-adad-71e84b271e3c,c5,None,699,?,p3,
1769364936.222643,FORWARDED,61ded439-9eb6-4683-8944-50c8aaed1e96,b8b381d9-8da4-40a5-adad-71e84b271e3c,c5,None,699,?,p3,
1769364936.2296097,RECEIVED,2249581b-f237-4372-b3b9-5d664926d288,f34d23cf-3347-47e7-b838-67ef2deac7a6,c1,DROP,442,x7,?,
1769364936.26713,RECEIVED,97fbffb0-7180-4cbb-96c1-eff90539baa6,41d0ddbc-2070-498a-921b-87809139da98,c4,DROP,683,i9,?,
1769364936.4364214,SENT,97fbffb0-7180-4cbb-96c1-eff90539baa6,41d0ddbc-2070-498a-921b-87809139da98,c4,DROP,441,?,x2,
1769364936.4364626,FORWARDED,97fbffb0-7180-4cbb-96c1-eff90539baa6,41d0ddbc-2070-498a-921b-87809139da98,c4,DROP,441,?,x2,
1769364936.4655685,RECEIVED,519f7c5e-3754-4fd5-86f0-2b180197e431,95c1ed54-eb64-433f-b0b3-34926d49e36e,c3,DROP,692,i2,?,
1769364936.4986098,RECEIVED,56abb43d-5b67-41de-8fb5-c506359d6f5b,0b1a08c3-6d1e-4a7c-97cf-478d4caccca9,c5,DROP,441,x5,?,
1769364936.5144417,SENT,8afa06ec-b671-476c-a537-206450629cae,c3c2f5c7-5043-4594-a68f-9e1bb6259132,c3,DROP,447,?,e2,
1769364936.5148933,FORWARDED,8afa06ec-b671-476c-a537-206450629cae,c3c2f5c7-5043-4594-a68f-9e1bb6259132,c3,DROP,447,?,e2,
1769364936.5987837,RECEIVED,c5030e63-cc48-4bad-aaa9-5d189b832c2a,4aacccf7-b43a-4f92-a3dd-1b94655d14f2,c3,DROP,684,i9,?,
1769364936.616937,RECEIVED,03cf13a1-0e10-44ba-a7d9-0bcb3830bea1,48cec7ef-c83c-46e4-be45-df71752b7a67,c5,DROP,693,i2,?,
1769364936.6971958,RECEIVED,a88af924-dc99-4eb2-9606-8b3a550dcaad,e4d91baf-2405-436a-89ac-7ee013fc045d,c4,DROP,682,i10,?,
1769364936.7160006,SENT,03cf13a1-0e10-44ba-a7d9-0bcb3830bea1,48cec7ef-c83c-46e4-be45-df71752b7a67,c5,DROP,445,?,x12,
1769364936.716042,FORWARDED,03cf13a1-0e10-44ba-a7d9-0bcb3830bea1,48cec7ef-c83c-46e4-be45-df71752b7a67,c5,DROP,445,?,x12,
1769364936.7887604,RECEIVED,ad8ece48-9cfa-488a-9ca4-381408190529,49cd0979-aa5f-4094-bbb1-a5a39e526cd1,c2,None,1027,i6,?,
1769364936.8353298,SENT,bd35cea7-c228-4fe7-a6da-abdb2630244f,6d32c626-4a31-4135-bd52-502a35c99963,c3,DROP,442,?,e6,
1769364936.835376,FORWARDED,bd35cea7-c228-4fe7-a6da-abdb2630244f,6d32c626-4a31-4135-bd52-502a35c99963,c3,DROP,442,?,e6,
1769364936.8409016,RECEIVED,66003864-ad8e-41ad-93ba-e27f2b1e3692,37aa38a0-5c8c-41a5-9c35-c628e6136f10,c5,DROP,688,i6,?,
1769364936.887442,SENT,c5030e63-cc48-4bad-aaa9-5d189b832c2a,4aacccf7-b43a-4f92-a3dd-1b94655d14f2,c3,DROP,440,?,e6,
1769364936.8874831,FORWARDED,c5030e63-cc48-4bad-aaa9-5d189b832c2a,4aacccf7-b43a-4f92-a3dd-1b94655d14f2,c3,DROP,440,?,e6,
1769364936.888529,RECEIVED,921c91d8-d01a-423a-95cd-3b05538aafaa,8f7581bf-c99a-4268-a97c-84941d0c604c,c2,DROP,686,i8,?,
1769364936.9467187,SENT,66003864-ad8e-41ad-93ba-e27f2b1e3692,37aa38a0-5c8c-41a5-9c35-c628e6136f10,c5,DROP,442,?,x3,
1769364936.9467611,FORWARDED,66003864-ad8e-41ad-93ba-e27f2b1e3692,37aa38a0-5c8c-41a5-9c35-c628e6136f10,c5,DROP,442,?,x3,
1769364937.238556,RECEIVED,4fc0de3c-211d-4ffd-87ce-31ca77e52f37,50ee0e76-2575-436f-8841-339e68c2882c,c5,None,1028,i1,?,
1769364937.2704916,RECEIVED,2643eb4b-9601-431f-b4a0-ab8f2a48f873,2bf790c9-02d0-490a-956a-df4fe1749c54,c2,DROP,687,i8,?,
1769364937.323991,RECEIVED,a32b84ec-a163-473b-b0ae-1eaf7d6114b5,260144a5-0cfa-4bd3-8fbd-44e82f912f00,c3,DROP,442,x9,?,
1769364937.4252229,RECEIVED,ae009f8a-b2d5-414f-a4b2-3587214fe3f1,768527c3-decb-449d-994e-8747fba191bf,c5,DROP,691,i3,?,
1769364937.4258547,RECEIVED,7df45803-4cdf-4d87-8971-5f0ef4f9f931,f61ccdf7-2701-4e94-869f-3831e8872331,c4,DROP,441,x11,?,
1769364937.4342368,SENT,921c91d8-d01a-423a-95cd-3b05538aafaa,8f7581bf-c99a-4268-a97c-84941d0c604c,c2,DROP,442,?,i5,
1769364937.4342775,FORWARDED,921c91d8-d01a-423a-95cd-3b05538aafaa,8f7581bf-c99a-4268-a97c-84941d0c604c,c2,DROP,442,?,i5,
1769364937.446775,SENT,4fc0de3c-211d-4ffd-87ce-31ca77e52f37,50ee0e76-2575-436f-8841-339e68c2882c,c5,None,699,?,p1,
1769364937.4468186,FORWARDED,4fc0de3c-211d-4ffd-87ce-31ca77e52f37,50ee0e76-2575-436f-8841-339e68c2882c,c5,None,699,?,p1,
1769364937.6262543,RECEIVED,9198d480-51f3-4a89-8572-0590cb9fdae3,18ea3009-fc15-40d1-a507-d3ec2d5c3df7,c3,DROP,691,i3,?,
1769364937.705642,SENT,ad8ece48-9cfa-488a-9ca4-381408190529,49cd0979-aa5f-4094-bbb1-a5a39e526cd1,c2,None,699,?,p2,
1769364937.7056868,FORWARDED,ad8ece48-9cfa-488a-9ca4-381408190529,49cd0979-aa5f-4094-bbb1-a5a39e526cd1,c2,None,699,?,p2,
1769364937.7723572,RECEIVED,828a16e1-cc51-4a25-8054-0056feba74d4,2a268aa0-fd42-4cf5-8ae9-b74c5a7939e0,c5,None,1027,i12,?,
1769364937.9246,RECEIVED,31f166b9-999e-46fc-a866-30df3167746e,636522a1-81a1-4de0-abc5-0bd0ed8718c7,c3,DROP,692,i9,?,
1769364937.9723043,RECEIVED,a4b3e179-8fd9-4ee5-9d2d-e59e4e95031e,99297908-aa07-4c7f-bd36-72a425fcc28f,c1,DROP,441,x11,?,
1769364938.008666,RECEIVED,b12c65b8-275c-4799-9605-6344aea78cd3,5d133f80-424c-433d-abee-807852d49f34,c5,None,1032,i2,?,
1769364938.0564902,SENT,ae009f8a-b2d5-414f-a4b2-3587214fe3f1,768527c3-decb-449d-994e-8747fba191bf,c5,DROP,447,?,e6,
1769364938.0565326,FORWARDED,ae009f8a-b2d5-414f-a4b2-3587214fe3f1,768527c3-decb-449d-994e-8747fba191bf,c5,DROP,447,?,e6,
1769364938.115512,SENT,2643eb4b-9601-431f-b4a0-ab8f2a48f873,2bf790c9-02d0-490a-956a-df4fe1749c54,c2,DROP,442,?,e3,
1769364938.115589,FORWARDED,2643eb4b-9601-431f-b4a0-ab8f2a48f873,2bf790c9-02d0-490a-956a-df4fe1749c54,c2,DROP,442,?,e3,
1769364938.1305914,SENT,519f7c5e-3754-4fd5-86f0-2b180197e431,95c1ed54-eb64-433f-b0b3-34926d49e36e,c3,DROP,445,?,x12,
1769364938.1306312,FORWARDED,519f7c5e-3754-4fd5-86f0-2b180197e431,95c1ed54-eb64-433f-b0b3-34926d49e36e,c3,DROP,445,?,x12,
1769364938.1792438,RECEIVED,a44cd1d1-cdd6-46f6-9571-8c20b4e479a0,6815bba7-6a21-4761-a0b7-7cd80c78f3ba,c2,c3,1263,i1,?,
1769364938.2941384,SENT,828a16e1-cc51-4a25-8054-0056feba74d4,2a268aa0-fd42-4cf5-8ae9-b74c5a7939e0,c5,None,699,?,p1,
1769364938.29418,FORWARDED,828a16e1-cc51-4a25-8054-0056feba74d4,2a268aa0-fd42-4cf5-8ae9-b74c5a7939e0,c5,None,699,?,p1,
1769364938.351386,SENT,31f166b9-999e-46fc-a866-30df3167746e,636522a1-81a1-4de0-abc5-0bd0ed8718c7,c3,DROP,447,?,i10,
1769364938.3514242,FORWARDED,31f166b9-999e-46fc-a866-30df3167746e,636522a1-81a1-4de0-abc5-0bd0ed8718c7,c3,DROP,447,?,i10,
1769364938.364551,SENT,b12c65b8-275c-4799-9605-6344aea78cd3,5d133f80-424c-433d-abee-807852d49f34,c5,None,700,?,p1,
1769364938.3645937,FORWARDED,b12c65b8-275c-4799-9605-6344aea78cd3,5d133f80-424c-433d-abee-807852d49f34,c5,None,700,?,p1,
1769364938.5819457,RECEIVED,dd1f57d4-b479-473a-80eb-be0e62af43d0,dc822309-1e51-422c-bc28-9577a41c12bf,c5,DROP,684,i4,?,
1769364938.6134331,SENT,dd1f57d4-b479-473a-80eb-be0e62af43d0,dc822309-1e51-422c-bc28-9577a41c12bf,c5,DROP,441,?,i7,
1769364938.613824,FORWARDED,dd1f57d4-b479-473a-80eb-be0e62af43d0,dc822309-1e51-422c-bc28-9577a41c12bf,c5,DROP,441,?,i7,
1769364938.6184714,RECEIVED,d63927e7-4d25-4c0d-bf6b-07b8f2aef389,6bb63032-d86d-4661-9b62-e23a873884d5,c2,DROP,687,i4,?,
1769364938.7273679,RECEIVED,a523884e-685f-40f3-83c6-7f0633306f52,9ae25aed-dbc7-4672-bf67-9245f7e5a7dc,c1,DROP,688,i3,?,
1769364938.7493484,SENT,a88af924-dc99-4eb2-9606-8b3a550dcaad,e4d91baf-2405-436a-89ac-7ee013fc045d,c4,DROP,441,?,x1,
1769364938.7493947,FORWARDED,a88af924-dc99-4eb2-9606-8b3a550dcaad,e4d91baf-2405-436a-89ac-7ee013fc045d,c4,DROP,441,?,x1,
1769364938.7824945,RECEIVED,4922bb3c-5634-4d69-b009-4f867646e08e,c827a743-0c14-4b19-ad30-e4a19f8590ea,c1,DROP,442,x4,?,
1769364938.8685596,RECEIVED,0db96148-16e1-4b22-a90f-534ed154ad64,2ffb8852-1e46-479d-aeb5-95abf072d6ce,c4,DROP,692,i10,?,
1769364939.0405655,SENT,9198d480-51f3-4a89-8572-0590cb9fdae3,18ea3009-fc15-40d1-a507-d3ec2d5c3df7,c3,DROP,446,?,e6,
1769364939.040604,FORWARDED,9198d480-51f3-4a89-8572-0590cb9fdae3,18ea3009-fc15-40d1-a507-d3ec2d5c3df7,c3,DROP,446,?,e6,
1769364939.0668838,SENT,0db96148-16e1-4b22-a90f-534ed154ad64,2ffb8852-1e46-479d-aeb5-95abf072d6ce,c4,DROP,445,?,i3,
1769364939.0669243,FORWARDED,0db96148-16e1-4b22-a90f-534ed154ad64,2ffb8852-1e46-479d-aeb5-95abf072d6ce,c4,DROP,445,?,i3,
1769364939.0752072,RECEIVED,a9893381-21dd-4842-90b6-07dad65ed357,fe6879c3-d2de-4f09-8d8a-1bcc98c9f1c6,c3,c5,1263,i1,?,
1769364939.1535387,RECEIVED,90a419de-12d4-4479-86a9-4232df5489a1,390e7529-234a-4cc7-aea8-09e553d61169,c5,DROP,684,i5,?,
1769364939.1642692,SENT,a44cd1d1-cdd6-46f6-9571-8c20b4e479a0,6815bba7-6a21-4761-a0b7-7cd80c78f3ba,c2,c3,876,?,p3,
1769364939.1643105,FORWARDED,a44cd1d1-cdd6-46f6-9571-8c20b4e479a0,6815bba7-6a21-4761-a0b7-7cd80c78f3ba,c2,c3,876,?,p3,
1769364939.1914222,SENT,90a419de-12d4-4479-86a9-4232df5489a1,390e7529-234a-4cc7-aea8-09e553d61169,c5,DROP,440,?,i7,
1769364939.191834,FORWARDED,90a419de-12d4-4479-86a9-4232df5489a1,390e7529-234a-4cc7-aea8-09e553d61169,c5,DROP,440,?,i7,
1769364939.2531857,RECEIVED,20b2466c-114c-49fb-9ff8-6887cbd51ee7,92326609-729a-4207-bfa9-703edbb117e3,c3,DROP,691,i12,?,
1769364939.4419296,RECEIVED,f3b89f23-2daa-40dd-91e8-316cb5e79f11,bb96bf10-2db1-409e-86eb-ae34a1ba3ac8,c4,c5,1264,i12,?,
1769364939.455342,RECEIVED,328880c2-23e1-47e9-91da-be9f8c85190b,a2042355-dbef-418e-8dbf-cfd0e8be9617,c5,DROP,684,i5,?,
1769364939.5018697,SENT,f3b89f23-2daa-40dd-91e8-316cb5e79f11,bb96bf10-2db1-409e-86eb-ae34a1ba3ac8,c4,c5,875,?,p2,
1769364939.5019102,FORWARDED,f3b89f23-2daa-40dd-91e8-316cb5e79f11,bb96bf10-2db1-409e-86eb-ae34a1ba3ac8,c4,c5,875,?,p2,
1769364939.5582592,SENT,a9893381-21dd-4842-90b6-07dad65ed357,fe6879c3-d2de-4f09-8d8a-1bcc98c9f1c6,c3,c5,876,?,p2,
1769364939.5585613,FORWARDED,a9893381-21dd-4842-90b6-07dad65ed357,fe6879c3-d2de-4f09-8d8a-1bcc98c9f1c6,c3,c5,876,?,p2,
1769364939.5586522,RECEIVED,758201f3-75d0-4f68-a0e8-f277a2ecac99,4fc7b4dd-bf04-49e9-a533-7793c8e7f1ec,c1,DROP,691,i10,?,
1769364939.630728,RECEIVED,e8df17c3-5207-4413-b8f3-eadac988b0b1,cc56deda-d721-4f30-9257-60ba547066b1,c4,c5,1264,i10,?,
1769364939.6333873,RECEIVED,c3bf4036-bf27-4306-93c0-fd5ed931d6cd,fc6acc3f-e31b-4a5c-8c2f-3a51eee68f46,c3,DROP,687,i1,?,
1769364939.6590123,SENT,d63927e7-4d25-4c0d-bf6b-07b8f2aef389,6bb63032-d86d-4661-9b62-e23a873884d5,c2,DROP,442,?,x6,
1769364939.6590617,FORWARDED,d63927e7-4d25-4c0d-bf6b-07b8f2aef389,6bb63032-d86d-4661-9b62-e23a873884d5,c2,DROP,442,?,x6,
1769364939.6718335,SENT,328880c2-23e1-47e9-91da-be9f8c85190b,a2042355-dbef-418e-8dbf-cfd0e8be9617,c5,DROP,441,?,x9,
1769364939.67188,FORWARDED,328880c2-23e1-47e9-91da-be9f8c85190b,a2042355-dbef-418e-8dbf-cfd0e8be9617,c5,DROP,441,?,x9,
1769364939.6739125,SENT,a523884e-685f-40f3-83c6-7f0633306f52,9ae25aed-dbc7-4672-bf67-9245f7e5a7dc,c1,DROP,442,?,i11,
1769364939.6739528,FORWARDED,a523884e-685f-40f3-83c6-7f0633306f52,9ae25aed-dbc7-4672-bf67-9245f7e5a7dc,c1,DROP,442,?,i11,
1769364939.6865962,SENT,e8df17c3-5207-4413-b8f3-eadac988b0b1,cc56deda-d721-4f30-9257-60ba547066b1,c4,c5,875,?,p2,
1769364939.6866353,FORWARDED,e8df17c3-5207-4413-b8f3-eadac988b0b1,cc56deda-d721-4f30-9257-60ba547066b1,c4,c5,875,?,p2,
1769364939.77111,RECEIVED,5612d8a2-98f6-48ce-82bb-f9d5c5dc32de,4bae5d29-7702-4666-a389-d09692121eae,c1,DROP,692,i4,?,
1769364939.7836075,RECEIVED,ec18a048-6899-426c-8a67-e78b6011be67,9aa7a938-df26-4f46-bd72-b587d2d2487a,c3,DROP,691,i8,?,
1769364939.805349,RECEIVED,aff41474-9056-4a06-afd7-f98f0e98d45a,1fee856f-2d5d-4587-a96d-ede251e1adb5,c5,DROP,446,x1,?,
1769364939.8075786,RECEIVED,0650b420-9679-4803-ab43-06e129728d00,c4a6ff83-5f9a-4c29-b299-dc0f1cc101b0,c2,c3,1259,i12,?,
1769364939.8428886,RECEIVED,6fb99405-b259-4e17-af2a-6c826ea93e81,e00e8561-e3cf-41cd-8c43-387eb23e57e6,c3,None,1027,i5,?,
1769364939.8567145,RECEIVED,001d0331-879f-4c26-9955-bfd7472dadcd,f4ad7a73-b648-4b65-a05f-d5c7fa02ccca,c5,DROP,684,i7,?,
1769364939.883485,SENT,758201f3-75d0-4f68-a0e8-f277a2ecac99,4fc7b4dd-bf04-49e9-a533-7793c8e7f1ec,c1,DROP,445,?,i8,
1769364939.8835256,FORWARDED,758201f3-75d0-4f68-a0e8-f277a2ecac99,4fc7b4dd-bf04-49e9-a533-7793c8e7f1ec,c1,DROP,445,?,i8,
1769364939.884148,RECEIVED,e3ff9b2e-c830-49dd-9d3a-9ea7da4ac5be,2cdb6508-3808-4fde-aba2-6f51255bed06,c5,DROP,683,i8,?,
1769364939.8881814,RECEIVED,a5b04778-cf59-4d71-9142-cce8752a6722,2bbd8a6a-9125-4792-9125-74ff781762a7,c1,DROP,684,i1,?,
1769364939.8912175,SENT,5612d8a2-98f6-48ce-82bb-f9d5c5dc32de,4bae5d29-7702-4666-a389-d09692121eae,c1,DROP,445,?,e2,
1769364939.8912573,FORWARDED,5612d8a2-98f6-48ce-82bb-f9d5c5dc32de,4bae5d29-7702-4666-a389-d09692121eae,c1,DROP,445,?,e2,
1769364940.0090027,SENT,a5b04778-cf59-4d71-9142-cce8752a6722,2bbd8a6a-9125-4792-9125-74ff781762a7,c1,DROP,441,?,e4,
1769364940.009083,FORWARDED,a5b04778-cf59-4d71-9142-cce8752a6722,2bbd8a6a-9125-4792-9125-74ff781762a7,c1,DROP,441,?,e4,
1769364940.0228467,RECEIVED,01a8165f-e65b-4f83-84a0-f3b62892cf3e,3cfbaa4d-13c1-4fdb-95bd-85f039115c3c,c1,DROP,446,x11,?,
1769364940.0232124,SENT,0650b420-9679-4803-ab43-06e129728d00,c4a6ff83-5f9a-4c29-b299-dc0f1cc101b0,c2,c3,871,?,p3,
1769364940.023505,FORWARDED,0650b420-9679-4803-ab43-06e129728d00,c4a6ff83-5f9a-4c29-b299-dc0f1cc101b0,c2,c3,871,?,p3,
1769364940.0261848,SENT,001d0331-879f-4c26-9955-bfd7472dadcd,f4ad7a73-b648-4b65-a05f-d5c7fa02ccca,c5,DROP,441,?,x2,
1769364940.026223,FORWARDED,001d0331-879f-4c26-9955-bfd7472dadcd,f4ad7a73-b648-4b65-a05f-d5c7fa02ccca,c5,DROP,441,?,x2,
1769364940.084533,RECEIVED,e05c0319-0a2a-4e52-a2a8-4be3f31acc9f,24bb3e96-4964-422c-a6ce-238093a49f57,c1,DROP,683,i3,?,
1769364940.1897235,RECEIVED,dd4fc975-294d-4e46-8371-1a3f0c8c684f,dbcdd369-6984-43d6-80ee-4ab6c2616114,c4,DROP,686,i4,?,
1769364940.2303562,RECEIVED,e712d13b-81f8-445c-97f2-cf6b6d9ec899,b34190f7-10fe-4a97-91d3-8a43b78de5af,c3,DROP,692,i4,?,
1769364940.2793593,RECEIVED,e6f2ac3c-0e99-4e53-b4cf-3aec4e06a7d5,71478736-619a-41bb-ac24-1900bcec50f1,c2,DROP,443,x8,?,
1769364940.5008645,SENT,20b2466c-114c-49fb-9ff8-6887cbd51ee7,92326609-729a-4207-bfa9-703edbb117e3,c3,DROP,445,?,x6,
1769364940.5009081,FORWARDED,20b2466c-114c-49fb-9ff8-6887cbd51ee7,92326609-729a-4207-bfa9-703edbb117e3,c3,DROP,445,?,x6,
1769364940.5312443,SENT,e3ff9b2e-c830-49dd-9d3a-9ea7da4ac5be,2cdb6508-3808-4fde-aba2-6f51255bed06,c5,DROP,441,?,x8,
1769364940.531319,FORWARDED,e3ff9b2e-c830-49dd-9d3a-9ea7da4ac5be,2cdb6508-3808-4fde-aba2-6f51255bed06,c5,DROP,441,?,x8,
1769364940.541875,SENT,e05c0319-0a2a-4e52-a2a8-4be3f31acc9f,24bb3e96-4964-422c-a6ce-238093a49f57,c1,DROP,441,?,x5,
1769364940.5419137,FORWARDED,e05c0319-0a2a-4e52-a2a8-4be3f31acc9f,24bb3e96-4964-422c-a6ce-238093a49f57,c1,DROP,441,?,x5,
1769364940.72148,SENT,6fb99405-b259-4e17-af2a-6c826ea93e81,e00e8561-e3cf-41cd-8c43-387eb23e57e6,c3,None,699,?,p1,
1769364940.7215269,FORWARDED,6fb99405-b259-4e17-af2a-6c826ea93e81,e00e8561-e3cf-41cd-8c43-387eb23e57e6,c3,None,699,?,p1,
1769364940.7350206,RECEIVED,a467c070-6295-464a-bd48-e24ca135bda9,1a0ad45f-b34a-4543-a245-3e2041cae6f3,c4,DROP,687,i7,?,
1769364940.8156626,SENT,e712d13b-81f8-445c-97f2-cf6b6d9ec899,b34190f7-10fe-4a97-91d3-8a43b78de5af,c3,DROP,445,?,e11,
1769364940.8156974,FORWARDED,e712d13b-81f8-445c-97f2-cf6b6d9ec899,b34190f7-10fe-4a97-91d3-8a43b78de5af,c3,DROP,445,?,e11,
1769364940.8843422,RECEIVED,e22ac2da-c016-4736-a0eb-3911737bb842,ae985fc8-8c48-4d0c-b1bc-cdd3104f67b8,c1,DROP,442,x9,?,
1769364940.941477,SENT,c3bf4036-bf27-4306-93c0-fd5ed931d6cd,fc6acc3f-e31b-4a5c-8c2f-3a51eee68f46,c3,DROP,442,?,x8,
1769364940.9415174,FORWARDED,c3bf4036-bf27-4306-93c0-fd5ed931d6cd,fc6acc3f-e31b-4a5c-8c2f-3a51eee68f46,c3,DROP,442,?,x8,
1769364940.9540932,RECEIVED,77347a57-2d78-49b4-9a09-0f24c5ab0f66,dcb0184b-6034-4e67-98c2-39b7d392a165,c5,DROP,684,i2,?,
1769364940.997334,SENT,dd4fc975-294d-4e46-8371-1a3f0c8c684f,dbcdd369-6984-43d6-80ee-4ab6c2616114,c4,DROP,442,?,e1,
1769364940.9973717,FORWARDED,dd4fc975-294d-4e46-8371-1a3f0c8c684f,dbcdd369-6984-43d6-80ee-4ab6c2616114,c4,DROP,442,?,e1,
1769364941.116975,SENT,77347a57-2d78-49b4-9a09-0f24c5ab0f66,dcb0184b-6034-4e67-98c2-39b7d392a165,c5,DROP,441,?,x1,
1769364941.1170156,FORWARDED,77347a57-2d78-49b4-9a09-0f24c5ab0f66,dcb0184b-6034-4e67-98c2-39b7d392a165,c5,DROP,441,?,x1,
1769364941.228656,RECEIVED,e74e6a6d-7362-4ee7-9cbf-498e724c81d0,7eb30b84-5bfd-46c4-89d0-82846e0e9193,c3,DROP,691,i12,?,
1769364941.2651298,RECEIVED,e58e6fd4-c63b-478c-8b82-bb4573379fec,3b3660e8-28da-4550-aa71-c410e81eabf9,c4,DROP,691,i12,?,
1769364941.3314302,RECEIVED,cd92d6d3-35e1-4115-948d-ef2504cc0757,3c2de48c-b552-445e-8d7f-2bdcf6c23c57,c5,DROP,445,x12,?,
1769364941.4434648,RECEIVED,c7c923eb-c421-4a62-b7cf-a1cb0dc22a16,ef6d6140-a94e-40dd-b6b4-e573f6fe4eea,c5,None,1027,i1,?,
1769364941.46269,SENT,ec18a048-6899-426c-8a67-e78b6011be67,9aa7a938-df26-4f46-bd72-b587d2d2487a,c3,DROP,445,?,x5,
1769364941.4629433,FORWARDED,ec18a048-6899-426c-8a67-e78b6011be67,9aa7a938-df26-4f46-bd72-b587d2d2487a,c3,DROP,445,?,x5,
1769364941.5527678,RECEIVED,b5400c68-fec1-4c9e-a8ad-ebd388b78bd0,1c744c25-c672-4d66-bf37-97115c10f26c,c5,DROP,681,i1,?,
1769364941.6304867,SENT,a467c070-6295-464a-bd48-e24ca135bda9,1a0ad45f-b34a-4543-a245-3e2041cae6f3,c4,DROP,442,?,i9,
1769364941.6305234,FORWARDED,a467c070-6295-464a-bd48-e24ca135bda9,1a0ad45f-b34a-4543-a245-3e2041cae6f3,c4,DROP,442,?,i9,
1769364941.7124825,RECEIVED,5cc72cc7-6cb6-4bc9-a6b9-f25756131b51,54a18571-92b9-40a7-ba0b-6d1be018822b,c1,DROP,693,i10,?,
1769364941.7618024,SENT,e74e6a6d-7362-4ee7-9cbf-498e724c81d0,7eb30b84-5bfd-46c4-89d0-82846e0e9193,c3,DROP,446,?,e8,
1769364941.7618735,FORWARDED,e74e6a6d-7362-4ee7-9cbf-498e724c81d0,7eb30b84-5bfd-46c4-89d0-82846e0e9193,c3,DROP,446,?,e8,
1769364941.8956583,SENT,5cc72cc7-6cb6-4bc9-a6b9-f25756131b51,54a18571-92b9-40a7-ba0b-6d1be018822b,c1,DROP,446,?,e11,
1769364941.8956974,FORWARDED,5cc72cc7-6cb6-4bc9-a6b9-f25756131b51,54a18571-92b9-40a7-ba0b-6d1be018822b,c1,DROP,446,?,e11,
1769364941.938445,RECEIVED,0ad321a2-6ac0-4636-8133-71846a746338,284cd4be-a4bb-4613-b56a-3c4b6f71792d,c3,DROP,688,i9,?,
1769364942.0311198,RECEIVED,6889a8f4-1db1-4453-9017-4c3de3c8fd3f,7cc38598-a81c-418f-8a1a-87be05b7796f,c1,DROP,441,x1,?,
1769364942.1404324,SENT,c7c923eb-c421-4a62-b7cf-a1cb0dc22a16,ef6d6140-a94e-40dd-b6b4-e573f6fe4eea,c5,None,699,?,p1,
1769364942.1404731,FORWARDED,c7c923eb-c421-4a62-b7cf-a1cb0dc22a16,ef6d6140-a94e-40dd-b6b4-e573f6fe4eea,c5,None,699,?,p1,
1769364942.1510327,RECEIVED,5e7eb733-8ceb-47b2-b36c-2bbf93232a65,83ccf7e7-eb3f-4268-9365-6a73d5be3b25,c3,DROP,687,i9,?,
1769364942.279738,SENT,e58e6fd4-c63b-478c-8b82-bb4573379fec,3b3660e8-28da-4550-aa71-c410e81eabf9,c4,DROP,445,?,x4,
1769364942.2797801,FORWARDED,e58e6fd4-c63b-478c-8b82-bb4573379fec,3b3660e8-28da-4550-aa71-c410e81eabf9,c4,DROP,445,?,x4,
1769364942.362033,RECEIVED,92acf7ca-d68b-4de7-9abc-c148a2d4c287,cf61492c-5bb2-4191-bb76-4fe33639b2de,c5,DROP,441,x7,?,
1769364942.4104223,SENT,0ad321a2-6ac0-4636-8133-71846a746338,284cd4be-a4bb-4613-b56a-3c4b6f71792d,c3,DROP,442,?,i12,
1769364942.4104638,FORWARDED,0ad321a2-6ac0-4636-8133-71846a746338,284cd4be-a4bb-4613-b56a-3c4b6f71792d,c3,DROP,442,?,i12,
1769364942.553233,RECEIVED,9fd71d2b-76d6-4d5e-96dd-70d87bc952f6,cb1c3c55-3b18-4c8d-b1a5-c76aaf96cf8b,c4,c5,1260,i11,?,
1769364942.572429,RECEIVED,0f3bb5e0-50d5-4e93-9b38-1b7b937f8c4c,df21fdbd-83a5-41f5-a977-e25ead5899d1,c3,c5,1264,i10,?,
1769364942.5771134,RECEIVED,4ff99378-1d7a-4413-91cb-228db2b248d1,78c694e2-9655-48a8-ace6-10c6d87fbfec,c4,c5,1256,i11,?,
1769364942.6384668,SENT,b5400c68-fec1-4c9e-a8ad-ebd388b78bd0,1c744c25-c672-4d66-bf37-97115c10f26c,c5,DROP,441,?,e5,
1769364942.638508,FORWARDED,b5400c68-fec1-4c9e-a8ad-ebd388b78bd0,1c744c25-c672-4d66-bf37-97115c10f26c,c5,DROP,441,?,e5,
1769364942.6747758,SENT,5e7eb733-8ceb-47b2-b36c-2bbf93232a65,83ccf7e7-eb3f-4268-9365-6a73d5be3b25,c3,DROP,443,?,i6,
1769364942.6748176,FORWARDED,5e7eb733-8ceb-47b2-b36c-2bbf93232a65,83ccf7e7-eb3f-4268-9365-6a73d5be3b25,c3,DROP,443,?,i6,
1769364942.701389,SENT,9fd71d2b-76d6-4d5e-96dd-70d87bc952f6,cb1c3c55-3b18-4c8d-b1a5-c76aaf96cf8b,c4,c5,871,?,p2,
1769364942.7014823,FORWARDED,9fd71d2b-76d6-4d5e-96dd-70d87bc952f6,cb1c3c55-3b18-4c8d-b1a5-c76aaf96cf8b,c4,c5,871,?,p2,
1769364942.715132,SENT,0f3bb5e0-50d5-4e93-9b38-1b7b937f8c4c,df21fdbd-83a5-41f5-a977-e25ead5899d1,c3,c5,875,?,p2,
1769364942.7151735,FORWARDED,0f3bb5e0-50d5-4e93-9b38-1b7b937f8c4c,df21fdbd-83a5-41f5-a977-e25ead5899d1,c3,c5,875,?,p2,
1769364942.906022,SENT,4ff99378-1d7a-4413-91cb-228db2b248d1,78c694e2-9655-48a8-ace6-10c6d87fbfec,c4,c5,868,?,p2,
1769364942.9060743,FORWARDED,4ff99378-1d7a-4413-91cb-228db2b248d1,78c694e2-9655-48a8-ace6-10c6d87fbfec,c4,c5,868,?,p2,
1769364942.9854443,RECEIVED,584a8c65-2c67-4002-86f0-7261d570e059,22556324-b413-4c81-a4b6-09d487dca619,c2,None,1031,i10,?,
1769364943.1913745,RECEIVED,1ca9a22b-8a1c-4c20-94eb-1d4dad5a88f1,94df82bc-c733-4751-ad11-bb33e36425d7,c5,DROP,688,i12,?,
1769364943.2296,RECEIVED,4f8cb68d-4095-4d36-ba46-3df0ec2f703b,ca6ed33b-eff7-4a36-87f0-efea000db79c,c4,c5,1264,i11,?,
1769364943.260888,SENT,1ca9a22b-8a1c-4c20-94eb-1d4dad5a88f1,94df82bc-c733-4751-ad11-bb33e36425d7,c5,DROP,444,?,i8,
1769364943.2609274,FORWARDED,1ca9a22b-8a1c-4c20-94eb-1d4dad5a88f1,94df82bc-c733-4751-ad11-bb33e36425d7,c5,DROP,444,?,i8,
1769364943.3217382,RECEIVED,fa25cc70-d77b-4cd0-9200-3714f0b62796,7db5877d-60d8-4121-91b2-16b1cee8fce4,c4,c5,1263,i11,?,
1769364943.5285397,SENT,584a8c65-2c67-4002-86f0-7261d570e059,22556324-b413-4c81-a4b6-09d487dca619,c2,None,700,?,p2,
1769364943.5285816,FORWARDED,584a8c65-2c67-4002-86f0-7261d570e059,22556324-b413-4c81-a4b6-09d487dca619,c2,None,700,?,p2,
1769364943.5503106,SENT,4f8cb68d-4095-4d36-ba46-3df0ec2f703b,ca6ed33b-eff7-4a36-87f0-efea000db79c,c4,c5,874,?,p2,
1769364943.5503476,FORWARDED,4f8cb68d-4095-4d36-ba46-3df0ec2f703b,ca6ed33b-eff7-4a36-87f0-efea000db79c,c4,c5,874,?,p2,
1769364943.7974484,RECEIVED,b6c1cbb8-4d7c-4b5d-a3bc-bc89806f23e6,aaceb32a-f4c7-4564-8111-14e8cc571b36,c2,DROP,682,i11,?,
1769364943.9384754,RECEIVED,4934c9dc-e4b8-4f36-9d4f-eb384d4083f2,9ca44c2a-2d56-48c9-96ae-c4cc223fcafd,c3,DROP,445,x8,?,
1769364943.9601905,RECEIVED,4bccdffb-f224-48c2-8190-727c6481b2f5,842b6a7f-b890-46d3-a71f-53651d3cb6ae,c3,DROP,692,i8,?,
1769364943.9925396,RECEIVED,59eca49c-53e8-4865-af6b-31a8e2224423,ace9467d-6c5d-4cdb-b475-fce9116d0a9d,c5,None,1030,i4,?,
1769364944.004649,RECEIVED,c716dee2-299d-41a6-aa2e-3ba61a1b3073,a2f2f1f4-3702-4e40-9e6e-79e767662756,c3,DROP,684,i2,?,
1769364944.044455,RECEIVED,b928a76d-b523-4918-975b-3de8c258cf15,f9881f40-82da-4014-b992-a9dc315337be,c4,DROP,687,i5,?,
1769364944.059075,RECEIVED,8da2d155-8687-4812-bbed-6135ecb11da4,71050de2-3d26-4480-9abf-7e1cfd0811f8,c2,DROP,687,i1,?,
1769364944.278761,SENT,fa25cc70-d77b-4cd0-9200-3714f0b62796,7db5877d-60d8-4121-91b2-16b1cee8fce4,c4,c5,875,?,p2,
1769364944.2788005,FORWARDED,fa25cc70-d77b-4cd0-9200-3714f0b62796,7db5877d-60d8-4121-91b2-16b1cee8fce4,c4,c5,875,?,p2,
1769364944.3400805,SENT,4bccdffb-f224-48c2-8190-727c6481b2f5,842b6a7f-b890-46d3-a71f-53651d3cb6ae,c3,DROP,445,?,e7,
1769364944.3401299,FORWARDED,4bccdffb-f224-48c2-8190-727c6481b2f5,842b6a7f-b890-46d3-a71f-53651d3cb6ae,c3,DROP,445,?,e7,
1769364944.469148,RECEIVED,778aa36b-a612-42ab-9c80-8c5f31de50ed,858cc71c-ed63-4f62-8a4f-c14a543b2f5b,c4,DROP,445,x3,?,
1769364944.489626,RECEIVED,a739a21f-7d9f-4905-82a3-797cc837147e,019419d0-c4f5-415e-8b92-93e459db2463,c5,DROP,686,i1,?,
1769364944.5264397,RECEIVED,3571952f-6297-4137-a772-d491815c6f59,3acf163a-c60c-4076-8ee8-a22d69c60ce7,c2,DROP,445,x1,?,
1769364944.5410368,RECEIVED,ebfe59be-8e8e-4b76-bf19-bc0ee4e59c58,c5c66616-7b3d-4cea-a443-40d776346e25,c3,DROP,693,i7,?,
1769364944.7226865,RECEIVED,ebba2a73-6626-4515-b532-150918df7bfd,7639117f-9e88-45e4-8991-b323f9f87d2b,c3,None,1023,i3,?,
1769364944.7965589,SENT,b6c1cbb8-4d7c-4b5d-a3bc-bc89806f23e6,aaceb32a-f4c7-4564-8111-14e8cc571b36,c2,DROP,441,?,x8,
1769364944.7965982,FORWARDED,b6c1cbb8-4d7c-4b5d-a3bc-bc89806f23e6,aaceb32a-f4c7-4564-8111-14e8cc571b36,c2,DROP,441,?,x8,
1769364944.8194408,RECEIVED,2c23fdc9-1eb7-4da5-8c11-6c9aa065afdf,8e0692a6-907b-4de0-9c3a-43ee3efa2a66,c5,DROP,441,x1,?,
1769364944.8326933,SENT,ebfe59be-8e8e-4b76-bf19-bc0ee4e59c58,c5c66616-7b3d-4cea-a443-40d776346e25,c3,DROP,446,?,e10,
1769364944.8327305,FORWARDED,ebfe59be-8e8e-4b76-bf19-bc0ee4e59c58,c5c66616-7b3d-4cea-a443-40d776346e25,c3,DROP,446,?,e10,
1769364944.8736837,RECEIVED,a21294e1-c4c0-4b97-8182-57dd6e96de6b,fe37fd75-449a-4b44-9c7a-4551796a724c,c4,DROP,693,i1,?,
1769364944.903009,RECEIVED,585ef339-82df-4f66-821c-ffdcbf912961,e47d5366-c423-4d78-96ea-bc7ed379024b,c3,None,1027,i6,?,
1769364945.0082195,SENT,c716dee2-299d-41a6-aa2e-3ba61a1b3073,a2f2f1f4-3702-4e40-9e6e-79e767662756,c3,DROP,441,?,e11,
1769364945.0082598,FORWARDED,c716dee2-299d-41a6-aa2e-3ba61a1b3073,a2f2f1f4-3702-4e40-9e6e-79e767662756,c3,DROP,441,?,e11,
1769364945.041896,SENT,a21294e1-c4c0-4b97-8182-57dd6e96de6b,fe37fd75-449a-4b44-9c7a-4551796a724c,c4,DROP,445,?,x11,
1769364945.0419908,FORWARDED,a21294e1-c4c0-4b97-8182-57dd6e96de6b,fe37fd75-449a-4b44-9c7a-4551796a724c,c4,DROP,445,?,x11,
1769364945.0605514,RECEIVED,3b13a6d7-f2b1-4de6-b960-e359f568b7d4,434bfc1f-a720-4de0-af16-8dd6f62c21fc,c1,DROP,441,x1,?,
1769364945.0645444,SENT,ebba2a73-6626-4515-b532-150918df7bfd,7639117f-9e88-45e4-8991-b323f9f87d2b,c3,None,695,?,p2,
1769364945.064634,FORWARDED,ebba2a73-6626-4515-b532-150918df7bfd,7639117f-9e88-45e4-8991-b323f9f87d2b,c3,None,695,?,p2,
1769364945.1643314,SENT,b928a76d-b523-4918-975b-3de8c258cf15,f9881f40-82da-4014-b992-a9dc315337be,c4,DROP,443,?,x7,
1769364945.1643705,FORWARDED,b928a76d-b523-4918-975b-3de8c258cf15,f9881f40-82da-4014-b992-a9dc315337be,c4,DROP,443,?,x7,
1769364945.1894357,RECEIVED,7d8fa6dd-886a-4917-ad7e-aee2679c580a,dc7b4c51-f4ba-4c23-a019-0af6445ffaaf,c2,DROP,445,x8,?,
1769364945.203536,RECEIVED,b1225348-1c0b-4975-a560-010fad31f5b2,542ae53f-7ba4-4f6f-ae33-74ab54e1c2af,c4,DROP,683,i5,?,
1769364945.279702,RECEIVED,617e6df3-4408-4b6f-8f3f-3cdbec11119f,9126ec32-9ee5-4e8f-a6f1-0232d0be75a2,c1,c3,1251,i10,?,
1769364945.2996593,RECEIVED,33f2808c-de4a-4885-b5d3-ea91d6b962ab,90e9fe44-e4f9-4470-8a32-bd933e6477da,c1,c3,1264,i9,?,
1769364945.3386197,SENT,59eca49c-53e8-4865-af6b-31a8e2224423,ace9467d-6c5d-4cdb-b475-fce9116d0a9d,c5,None,700,?,p1,
1769364945.338655,FORWARDED,59eca49c-53e8-4865-af6b-31a8e2224423,ace9467d-6c5d-4cdb-b475-fce9116d0a9d,c5,None,700,?,p1,
1769364945.3620083,SENT,33f2808c-de4a-4885-b5d3-ea91d6b962ab,90e9fe44-e4f9-4470-8a32-bd933e6477da,c1,c3,875,?,p3,
1769364945.3620899,FORWARDED,33f2808c-de4a-4885-b5d3-ea91d6b962ab,90e9fe44-e4f9-4470-8a32-bd933e6477da,c1,c3,875,?,p3,
1769364945.3997867,SENT,585ef339-82df-4f66-821c-ffdcbf912961,e47d5366-c423-4d78-96ea-bc7ed379024b,c3,None,699,?,p1,
1769364945.3998291,FORWARDED,585ef339-82df-4f66-821c-ffdcbf912961,e47d5366-c423-4d78-96ea-bc7ed379024b,c3,None,699,?,p1,
1769364945.656302,SENT,a739a21f-7d9f-4905-82a3-797cc837147e,019419d0-c4f5-415e-8b92-93e459db2463,c5,DROP,442,?,e6,
1769364945.6563423,FORWARDED,a739a21f-7d9f-4905-82a3-797cc837147e,019419d0-c4f5-415e-8b92-93e459db2463,c5,DROP,442,?,e6,
1769364945.6761851,RECEIVED,f07859ee-d7d4-4049-a62c-05c3e04ac7d2,ee2bd038-28f2-44bb-85f6-5dd6e4a50e47,c3,DROP,441,x2,?,
1769364945.7001631,RECEIVED,07bd8c01-339f-420f-a077-9f0a897b38ae,ebe90f18-2840-427d-9d28-211a92372ebe,c5,None,1027,i12,?,
1769364945.7041068,RECEIVED,c00fd830-da76-4c00-8dd4-adbec0fd1755,b0f7fb3a-9076-42b9-8330-f76a21399513,c2,DROP,693,i4,?,
1769364945.7061796,SENT,8da2d155-8687-4812-bbed-6135ecb11da4,71050de2-3d26-4480-9abf-7e1cfd0811f8,c2,DROP,442,?,x7,
1769364945.7062345,FORWARDED,8da2d155-8687-4812-bbed-6135ecb11da4,71050de2-3d26-4480-9abf-7e1cfd0811f8,c2,DROP,442,?,x7,
1769364945.710925,SENT,c00fd830-da76-4c00-8dd4-adbec0fd1755,b0f7fb3a-9076-42b9-8330-f76a21399513,c2,DROP,446,?,e8,
1769364945.7109659,FORWARDED,c00fd830-da76-4c00-8dd4-adbec0fd1755,b0f7fb3a-9076-42b9-8330-f76a21399513,c2,DROP,446,?,e8,
1769364945.788954,RECEIVED,838048d3-d4bd-4ed4-b8c3-e2bcc7ece0fb,0de239d5-f4e1-45cf-a108-378d019a8c07,c3,None,1031,i1,?,
1769364945.8260365,RECEIVED,6c28c12b-fb14-4d9b-a225-630f7072d787,3705adb4-652a-4567-90d5-117f24e5f322,c4,DROP,441,x8,?,
1769364945.917849,RECEIVED,580fcde1-c006-4f3d-8c3a-90e1aa156ae9,870a4cc1-75ec-4ea4-acd4-ae7c15da0d52,c5,DROP,684,i10,?,
1769364945.9831483,SENT,580fcde1-c006-4f3d-8c3a-90e1aa156ae9,870a4cc1-75ec-4ea4-acd4-ae7c15da0d52,c5,DROP,441,?,i5,
1769364945.983188,FORWARDED,580fcde1-c006-4f3d-8c3a-90e1aa156ae9,870a4cc1-75ec-4ea4-acd4-ae7c15da0d52,c5,DROP,441,?,i5,
1769364946.0304356,RECEIVED,3ffc7528-6479-41c8-957e-4f8cae7a3dd7,d2466d0f-5fdd-4756-bd63-778c80a216fc,c5,DROP,689,i8,?,
1769364946.0853071,RECEIVED,5dd01c70-7bfe-4c84-81d9-30ac1db3287c,55ab3976-0830-43f7-b439-2cb2cb838db6,c1,DROP,691,i9,?,
1769364946.0927675,SENT,07bd8c01-339f-420f-a077-9f0a897b38ae,ebe90f18-2840-427d-9d28-211a92372ebe,c5,None,699,?,p1,
1769364946.092809,FORWARDED,07bd8c01-339f-420f-a077-9f0a897b38ae,ebe90f18-2840-427d-9d28-211a92372ebe,c5,None,699,?,p1,
1769364946.130294,SENT,b1225348-1c0b-4975-a560-010fad31f5b2,542ae53f-7ba4-4f6f-ae33-74ab54e1c2af,c4,DROP,441,?,i3,
1769364946.1310048,FORWARDED,b1225348-1c0b-4975-a560-010fad31f5b2,542ae53f-7ba4-4f6f-ae33-74ab54e1c2af,c4,DROP,441,?,i3,
1769364946.1378205,RECEIVED,2df3355b-1f90-464f-9f2f-ee4cdb195924,6464f6b2-b571-43be-a6fa-6eb66de2372e,c4,DROP,446,x1,?,
1769364946.3242817,RECEIVED,69026ef6-8c4d-4068-9a66-bb52fc787872,276de574-4d03-4832-bf54-a4538695367e,c2,c3,1256,i7,?,
1769364946.3396,SENT,3ffc7528-6479-41c8-957e-4f8cae7a3dd7,d2466d0f-5fdd-4756-bd63-778c80a216fc,c5,DROP,443,?,e10,
1769364946.339639,FORWARDED,3ffc7528-6479-41c8-957e-4f8cae7a3dd7,d2466d0f-5fdd-4756-bd63-778c80a216fc,c5,DROP,443,?,e10,
1769364946.3737915,SENT,5dd01c70-7bfe-4c84-81d9-30ac1db3287c,55ab3976-0830-43f7-b439-2cb2cb838db6,c1,DROP,445,?,x8,
1769364946.3744667,FORWARDED,5dd01c70-7bfe-4c84-81d9-30ac1db3287c,55ab3976-0830-43f7-b439-2cb2cb838db6,c1,DROP,445,?,x8,
1769364946.406829,RECEIVED,c22a4a42-2646-45c7-9d8f-1a3f6896a3ef,5293b5e8-0955-485b-badd-906b462ad048,c3,None,1031,i5,?,
1769364946.4684134,SENT,69026ef6-8c4d-4068-9a66-bb52fc787872,276de574-4d03-4832-bf54-a4538695367e,c2,c3,869,?,p3,
1769364946.4684505,FORWARDED,69026ef6-8c4d-4068-9a66-bb52fc787872,276de574-4d03-4832-bf54-a4538695367e,c2,c3,869,?,p3,
1769364946.4918635,SENT,838048d3-d4bd-4ed4-b8c3-e2bcc7ece0fb,0de239d5-f4e1-45cf-a108-378d019a8c07,c3,None,700,?,p2,
1769364946.4919066,FORWARDED,838048d3-d4bd-4ed4-b8c3-e2bcc7ece0fb,0de239d5-f4e1-45cf-a108-378d019a8c07,c3,None,700,?,p2,
1769364946.6974015,RECEIVED,f944eacf-8b04-4eb5-97d1-b0bb86f5b7d1,15ced5b9-a2b6-48b4-a4fa-04684f70943b,c4,DROP,688,i7,?,
1769364946.7217584,RECEIVED,cf2c8808-5575-4034-ae17-d85e23e51bef,0467f56f-b2bc-4d42-beee-4b341b6b8e7c,c1,c3,1260,i12,?,
1769364946.9912808,RECEIVED,84275d8f-e108-4956-a1a5-4362aec52979,b44c9361-ea6b-4f69-b7e3-66db89672b37,c4,DROP,684,i10,?,
1769364947.011873,RECEIVED,e7ca1d0b-ab46-40d7-aed8-45b00070e159,e78e27db-1717-489d-939b-a527bcffbd7b,c2,c3,1259,i1,?,
1769364947.0909884,RECEIVED,643e1db5-d64b-4ff5-a97e-03be43cd82ac,4658bba5-83fa-4125-b349-f7d56095e173,c5,DROP,684,i8,?,
1769364947.1133473,RECEIVED,b97faa99-11d9-466a-9ff1-f9e236f18363,f94231dd-7487-4dd5-ae22-b47cfde5869d,c3,c5,1263,i5,?,
1769364947.128178,SENT,cf2c8808-5575-4034-ae17-d85e23e51bef,0467f56f-b2bc-4d42-beee-4b341b6b8e7c,c1,c3,873,?,p3,
1769364947.1282792,FORWARDED,cf2c8808-5575-4034-ae17-d85e23e51bef,0467f56f-b2bc-4d42-beee-4b341b6b8e7c,c1,c3,873,?,p3,
1769364947.1494539,RECEIVED,1386189d-4a2a-4e1b-ae5a-b30a2c76c486,31775b59-2e1e-4dfd-8b64-e18dcb230364,c4,c5,1265,i11,?,
1769364947.1817057,SENT,1386189d-4a2a-4e1b-ae5a-b30a2c76c486,31775b59-2e1e-4dfd-8b64-e18dcb230364,c4,c5,875,?,p2,
1769364947.1818829,FORWARDED,1386189d-4a2a-4e1b-ae5a-b30a2c76c486,31775b59-2e1e-4dfd-8b64-e18dcb230364,c4,c5,875,?,p2,
1769364947.1884155,SENT,b97faa99-11d9-466a-9ff1-f9e236f18363,f94231dd-7487-4dd5-ae22-b47cfde5869d,c3,c5,876,?,p2,
1769364947.1884615,FORWARDED,b97faa99-11d9-466a-9ff1-f9e236f18363,f94231dd-7487-4dd5-ae22-b47cfde5869d,c3,c5,876,?,p2,
1769364947.2126868,SENT,c22a4a42-2646-45c7-9d8f-1a3f6896a3ef,5293b5e8-0955-485b-badd-906b462ad048,c3,None,700,?,p2,
1769364947.2127302,FORWARDED,c22a4a42-2646-45c7-9d8f-1a3f6896a3ef,5293b5e8-0955-485b-badd-906b462ad048,c3,None,700,?,p2,
1769364947.2444005,RECEIVED,fa663739-f9a0-48bb-a96e-6cf843f0e5fe,d220ca83-2b8f-4424-9d7f-5c6b45061304,c1,DROP,441,x1,?,
1769364947.2447438,SENT,84275d8f-e108-4956-a1a5-4362aec52979,b44c9361-ea6b-4f69-b7e3-66db89672b37,c4,DROP,441,?,x8,
1769364947.2447867,FORWARDED,84275d8f-e108-4956-a1a5-4362aec52979,b44c9361-ea6b-4f69-b7e3-66db89672b37,c4,DROP,441,?,x8,
1769364947.2615113,RECEIVED,d44c8f07-8449-4466-86ad-6c271d927ef1,cd4376a6-a743-40a3-804a-6c8f6f1d24ee,c5,DROP,684,i10,?,
1769364947.306181,RECEIVED,18bb1e08-aaf7-4e63-82f5-e8d499980bfd,a167a81c-4e61-4221-ab30-627903cbc2f9,c1,c3,1251,i8,?,
1769364947.3120337,SENT,e7ca1d0b-ab46-40d7-aed8-45b00070e159,e78e27db-1717-489d-939b-a527bcffbd7b,c2,c3,872,?,p3,
1769364947.3120878,FORWARDED,e7ca1d0b-ab46-40d7-aed8-45b00070e159,e78e27db-1717-489d-939b-a527bcffbd7b,c2,c3,872,?,p3,
1769364947.3654633,SENT,d44c8f07-8449-4466-86ad-6c271d927ef1,cd4376a6-a743-40a3-804a-6c8f6f1d24ee,c5,DROP,441,?,i4,
1769364947.3655114,FORWARDED,d44c8f07-8449-4466-86ad-6c271d927ef1,cd4376a6-a743-40a3-804a-6c8f6f1d24ee,c5,DROP,441,?,i4,
1769364947.4115028,RECEIVED,79a65e5f-4c38-43bc-b0cc-6cf15e8a78bb,0344502f-8bb7-4d40-879c-9cb9089c9735,c5,None,1031,i3,?,
1769364947.4262755,RECEIVED,d5dac6dd-5860-40af-a52d-d1ff7eb2aed7,1616a455-b73a-40c0-9d0d-71681482e0d0,c1,c3,1264,i8,?,
1769364947.599016,RECEIVED,dfb573f6-7c92-4b92-b9a0-025903d077c3,281282ca-27e0-4111-9281-5571a8f38e4d,c3,None,1033,i2,?,
1769364947.5992825,RECEIVED,84e09b2b-23ec-4738-a6f2-6e121967b101,15faa684-fad5-4c59-b79e-8bbfc27bcb0e,c4,DROP,445,x12,?,
1769364947.609663,SENT,617e6df3-4408-4b6f-8f3f-3cdbec11119f,9126ec32-9ee5-4e8f-a6f1-0232d0be75a2,c1,c3,867,?,p3,
1769364947.6097045,FORWARDED,617e6df3-4408-4b6f-8f3f-3cdbec11119f,9126ec32-9ee5-4e8f-a6f1-0232d0be75a2,c1,c3,867,?,p3,
1769364947.6243784,SENT,dfb573f6-7c92-4b92-b9a0-025903d077c3,281282ca-27e0-4111-9281-5571a8f38e4d,c3,None,701,?,p2,
1769364947.62442,FORWARDED,dfb573f6-7c92-4b92-b9a0-025903d077c3,281282ca-27e0-4111-9281-5571a8f38e4d,c3,None,701,?,p2,
1769364947.644196,SENT,643e1db5-d64b-4ff5-a97e-03be43cd82ac,4658bba5-83fa-4125-b349-f7d56095e173,c5,DROP,441,?,i11,
1769364947.6442363,FORWARDED,643e1db5-d64b-4ff5-a97e-03be43cd82ac,4658bba5-83fa-4125-b349-f7d56095e173,c5,DROP,441,?,i11,
1769364947.67492,SENT,d5dac6dd-5860-40af-a52d-d1ff7eb2aed7,1616a455-b73a-40c0-9d0d-71681482e0d0,c1,c3,876,?,p3,
1769364947.6749618,FORWARDED,d5dac6dd-5860-40af-a52d-d1ff7eb2aed7,1616a455-b73a-40c0-9d0d-71681482e0d0,c1,c3,876,?,p3,
1769364947.796798,SENT,f944eacf-8b04-4eb5-97d1-b0bb86f5b7d1,15ced5b9-a2b6-48b4-a4fa-04684f70943b,c4,DROP,442,?,i12,
1769364947.796844,FORWARDED,f944eacf-8b04-4eb5-97d1-b0bb86f5b7d1,15ced5b9-a2b6-48b4-a4fa-04684f70943b,c4,DROP,442,?,i12,
1769364947.8657582,RECEIVED,42c0ff71-7790-471b-8fbd-894ff1a628af,1c7087b2-0790-4aba-8e56-98b5ae895667,c2,None,1028,i3,?,
1769364947.983974,SENT,42c0ff71-7790-471b-8fbd-894ff1a628af,1c7087b2-0790-4aba-8e56-98b5ae895667,c2,None,699,?,p2,
1769364947.984087,FORWARDED,42c0ff71-7790-471b-8fbd-894ff1a628af,1c7087b2-0790-4aba-8e56-98b5ae895667,c2,None,699,?,p2,
1769364948.0212383,RECEIVED,7bd2f72e-eea7-4d5b-865b-5552514fff81,cebf458d-b85d-418b-9ed6-fd1d99ab988f,c3,DROP,688,i8,?,
1769364948.0310163,SENT,79a65e5f-4c38-43bc-b0cc-6cf15e8a78bb,0344502f-8bb7-4d40-879c-9cb9089c9735,c5,None,700,?,p3,
1769364948.0310726,FORWARDED,79a65e5f-4c38-43bc-b0cc-6cf15e8a78bb,0344502f-8bb7-4d40-879c-9cb9089c9735,c5,None,700,?,p3,
1769364948.0346072,RECEIVED,4d9f5081-3378-4461-bde2-80b094d5fb4f,e037224d-5b6c-406e-ab12-8ac17cca63b6,c3,DROP,446,x9,?,
1769364948.351659,RECEIVED,beab45c0-a595-4c58-920e-26add4165edc,c06858e2-472e-4d17-87ef-c131899a61ff,c5,DROP,689,i1,?,
1769364948.3522823,RECEIVED,0cee6f2b-969c-47a9-9c31-178dcb60527e,17c1a7a3-982d-4c59-a863-9019e6837cfe,c1,c3,1251,i7,?,
1769364948.391166,SENT,0cee6f2b-969c-47a9-9c31-178dcb60527e,17c1a7a3-982d-4c59-a863-9019e6837cfe,c1,c3,866,?,p3,
1769364948.391251,FORWARDED,0cee6f2b-969c-47a9-9c31-178dcb60527e,17c1a7a3-982d-4c59-a863-9019e6837cfe,c1,c3,866,?,p3,
1769364948.4252858,SENT,beab45c0-a595-4c58-920e-26add4165edc,c06858e2-472e-4d17-87ef-c131899a61ff,c5,DROP,442,?,e11,
1769364948.4253278,FORWARDED,beab45c0-a595-4c58-920e-26add4165edc,c06858e2-472e-4d17-87ef-c131899a61ff,c5,DROP,442,?,e11,
1769364948.4405568,RECEIVED,f3a75114-95dc-42e1-b6ca-bb533ea88736,a0af2807-ee86-41be-b6dc-4f9e91239eff,c3,DROP,444,x12,?,
1769364948.492198,SENT,7bd2f72e-eea7-4d5b-865b-5552514fff81,cebf458d-b85d-418b-9ed6-fd1d99ab988f,c3,DROP,443,?,e2,
1769364948.492232,FORWARDED,7bd2f72e-eea7-4d5b-865b-5552514fff81,cebf458d-b85d-418b-9ed6-fd1d99ab988f,c3,DROP,443,?,e2,
1769364948.5723507,RECEIVED,6bda1fad-5e1c-4399-92e0-a82bb6d1f8fa,07c2f729-ff95-4064-8e6c-91ba3d73015c,c5,None,1028,i3,?,
1769364948.6010966,RECEIVED,23a7644a-0804-49b6-9386-f16cecc9c72e,871abf7b-66d3-4202-898e-27057e2450a2,c4,c5,1258,i11,?,
1769364948.6515882,SENT,18bb1e08-aaf7-4e63-82f5-e8d499980bfd,a167a81c-4e61-4221-ab30-627903cbc2f9,c1,c3,866,?,p3,
1769364948.6516287,FORWARDED,18bb1e08-aaf7-4e63-82f5-e8d499980bfd,a167a81c-4e61-4221-ab30-627903cbc2f9,c1,c3,866,?,p3,
1769364948.6530623,RECEIVED,85ac3049-9f3b-4902-b437-b7be3cea9eab,b1e063b8-f919-4b96-9991-93ba98597509,c1,c3,1264,i5,?,
1769364948.7788553,RECEIVED,def1df82-fa55-44b6-811d-06c4551ced18,8ef7cd9c-a2bd-449c-b0bb-bdeba5044a64,c1,DROP,688,i5,?,
1769364948.8064377,RECEIVED,ab966ddc-cd25-4523-9cc7-fffb1e5f9f57,5da35e1f-0a9f-429f-9d62-084ceeb6468c,c2,c3,1260,i1,?,
1769364948.8766696,SENT,def1df82-fa55-44b6-811d-06c4551ced18,8ef7cd9c-a2bd-449c-b0bb-bdeba5044a64,c1,DROP,442,?,e8,
1769364948.8767674,FORWARDED,def1df82-fa55-44b6-811d-06c4551ced18,8ef7cd9c-a2bd-449c-b0bb-bdeba5044a64,c1,DROP,442,?,e8,
1769364948.8847997,SENT,85ac3049-9f3b-4902-b437-b7be3cea9eab,b1e063b8-f919-4b96-9991-93ba98597509,c1,c3,875,?,p3,
1769364948.8848796,FORWARDED,85ac3049-9f3b-4902-b437-b7be3cea9eab,b1e063b8-f919-4b96-9991-93ba98597509,c1,c3,875,?,p3,
1769364948.982638,RECEIVED,89c51d1f-784d-49c1-9ef7-3b9432100c39,42221dc4-2915-4a33-9132-4964af390a4d,c1,DROP,683,i8,?,
1769364948.9866173,RECEIVED,38f3153b-564b-4aa8-94be-096842c57545,df2aa79d-57f2-4350-9a89-6e6d64358859,c3,DROP,683,i11,?,
1769364949.0016754,SENT,6bda1fad-5e1c-4399-92e0-a82bb6d1f8fa,07c2f729-ff95-4064-8e6c-91ba3d73015c,c5,None,699,?,p3,
1769364949.0017161,FORWARDED,6bda1fad-5e1c-4399-92e0-a82bb6d1f8fa,07c2f729-ff95-4064-8e6c-91ba3d73015c,c5,None,699,?,p3,
1769364949.1685624,RECEIVED,b819e3d6-e4e3-4f5f-9096-4683c5a38470,246044bd-6e47-4175-b2fb-2238a74b5378,c2,DROP,692,i11,?,
1769364949.2686265,SENT,ab966ddc-cd25-4523-9cc7-fffb1e5f9f57,5da35e1f-0a9f-429f-9d62-084ceeb6468c,c2,c3,871,?,p3,
1769364949.2686656,FORWARDED,ab966ddc-cd25-4523-9cc7-fffb1e5f9f57,5da35e1f-0a9f-429f-9d62-084ceeb6468c,c2,c3,871,?,p3,
1769364949.3329878,RECEIVED,1472dd0c-c401-4266-be4e-893b67cfa256,b6ff83b7-1e6e-4f6e-a1f4-2518d001575e,c5,DROP,692,i1,?,
1769364949.3419757,SENT,b819e3d6-e4e3-4f5f-9096-4683c5a38470,246044bd-6e47-4175-b2fb-2238a74b5378,c2,DROP,446,?,x11,
1769364949.3420162,FORWARDED,b819e3d6-e4e3-4f5f-9096-4683c5a38470,246044bd-6e47-4175-b2fb-2238a74b5378,c2,DROP,446,?,x11,
1769364949.4264116,RECEIVED,24cf20b3-4f78-46ea-9907-15c0e2203850,cac8a646-55c5-480b-ab7e-d7aed77d63e3,c5,DROP,688,i11,?,
1769364949.5652628,RECEIVED,269d8474-ae23-475e-a957-a38d287cd046,dc3e2ddb-11fe-4e0b-86c2-8f5d40fd47e3,c2,None,1023,i3,?,
1769364949.608219,RECEIVED,63b2fb39-c7ae-4639-8e39-fa0cb358b226,f3bad9b1-95ec-490c-9816-08d280725886,c2,c3,1263,i9,?,
1769364949.7138858,SENT,1472dd0c-c401-4266-be4e-893b67cfa256,b6ff83b7-1e6e-4f6e-a1f4-2518d001575e,c5,DROP,446,?,i2,
1769364949.7139277,FORWARDED,1472dd0c-c401-4266-be4e-893b67cfa256,b6ff83b7-1e6e-4f6e-a1f4-2518d001575e,c5,DROP,446,?,i2,
1769364949.735386,SENT,24cf20b3-4f78-46ea-9907-15c0e2203850,cac8a646-55c5-480b-ab7e-d7aed77d63e3,c5,DROP,442,?,i5,
1769364949.7354326,FORWARDED,24cf20b3-4f78-46ea-9907-15c0e2203850,cac8a646-55c5-480b-ab7e-d7aed77d63e3,c5,DROP,442,?,i5,
1769364949.7476761,SENT,23a7644a-0804-49b6-9386-f16cecc9c72e,871abf7b-66d3-4202-898e-27057e2450a2,c4,c5,871,?,p2,
1769364949.747716,FORWARDED,23a7644a-0804-49b6-9386-f16cecc9c72e,871abf7b-66d3-4202-898e-27057e2450a2,c4,c5,871,?,p2,
1769364949.748404,RECEIVED,4d51fdf8-adfd-457d-b314-099bee367286,8898cf6e-2c1a-47be-bb6e-c83b69c4d51f,c5,c2,1268,i10,?,
1769364949.7881863,SENT,63b2fb39-c7ae-4639-8e39-fa0cb358b226,f3bad9b1-95ec-490c-9816-08d280725886,c2,c3,875,?,p3,
1769364949.788246,FORWARDED,63b2fb39-c7ae-4639-8e39-fa0cb358b226,f3bad9b1-95ec-490c-9816-08d280725886,c2,c3,875,?,p3,
1769364949.8260744,SENT,4d51fdf8-adfd-457d-b314-099bee367286,8898cf6e-2c1a-47be-bb6e-c83b69c4d51f,c5,c2,879,?,p2,
1769364949.8261175,FORWARDED,4d51fdf8-adfd-457d-b314-099bee367286,8898cf6e-2c1a-47be-bb6e-c83b69c4d51f,c5,c2,879,?,p2,
1769364949.876517,RECEIVED,fb095748-d32f-4dff-b612-e0fdf40d985c,8650707f-9ffa-4c75-bfdd-ab89060a19e4,c2,DROP,684,i3,?,
1769364949.9312632,SENT,fb095748-d32f-4dff-b612-e0fdf40d985c,8650707f-9ffa-4c75-bfdd-ab89060a19e4,c2,DROP,441,?,i5,
1769364949.9313002,FORWARDED,fb095748-d32f-4dff-b612-e0fdf40d985c,8650707f-9ffa-4c75-bfdd-ab89060a19e4,c2,DROP,441,?,i5,
1769364950.0713897,SENT,89c51d1f-784d-49c1-9ef7-3b9432100c39,42221dc4-2915-4a33-9132-4964af390a4d,c1,DROP,441,?,e4,
1769364950.0714314,FORWARDED,89c51d1f-784d-49c1-9ef7-3b9432100c39,42221dc4-2915-4a33-9132-4964af390a4d,c1,DROP,441,?,e4,
1769364950.0768123,RECEIVED,16c4ae1f-8605-4b44-aa1e-3fce1c6fc99c,6271304e-cac5-4ef4-8803-008591f10d7f,c1,DROP,690,i5,?,
1769364950.1123881,RECEIVED,2d0e992d-f701-4f16-92cf-f695c371700c,2d11cbf4-5613-42cf-9940-469c657a5cdd,c3,c5,1255,i12,?,
1769364950.116963,RECEIVED,e813fc2a-fe83-4f61-b9a0-0d9a41e7bb43,358680ee-cec6-48fe-801d-878fc1f1dde9,c1,DROP,693,i9,?,
1769364950.13079,RECEIVED,02b8a726-6685-496e-b97d-841244544bd9,ac62a6e8-290f-4d9b-95eb-035abd88dba0,c5,DROP,692,i9,?,
1769364950.174813,SENT,16c4ae1f-8605-4b44-aa1e-3fce1c6fc99c,6271304e-cac5-4ef4-8803-008591f10d7f,c1,DROP,443,?,e8,
1769364950.1748824,FORWARDED,16c4ae1f-8605-4b44-aa1e-3fce1c6fc99c,6271304e-cac5-4ef4-8803-008591f10d7f,c1,DROP,443,?,e8,
1769364950.2006073,SENT,38f3153b-564b-4aa8-94be-096842c57545,df2aa79d-57f2-4350-9a89-6e6d64358859,c3,DROP,441,?,i1,
1769364950.2006428,FORWARDED,38f3153b-564b-4aa8-94be-096842c57545,df2aa79d-57f2-4350-9a89-6e6d64358859,c3,DROP,441,?,i1,
1769364950.2057817,RECEIVED,16720113-6abb-4b5b-8c65-ae70ebe97de0,57191b7b-2e27-4826-86c2-f6a5360034aa,c1,c3,1259,i5,?,
1769364950.2161162,SENT,e813fc2a-fe83-4f61-b9a0-0d9a41e7bb43,358680ee-cec6-48fe-801d-878fc1f1dde9,c1,DROP,445,?,x12,
1769364950.2161598,FORWARDED,e813fc2a-fe83-4f61-b9a0-0d9a41e7bb43,358680ee-cec6-48fe-801d-878fc1f1dde9,c1,DROP,445,?,x12,
1769364950.335474,SENT,02b8a726-6685-496e-b97d-841244544bd9,ac62a6e8-290f-4d9b-95eb-035abd88dba0,c5,DROP,445,?,e2,
1769364950.3355138,FORWARDED,02b8a726-6685-496e-b97d-841244544bd9,ac62a6e8-290f-4d9b-95eb-035abd88dba0,c5,DROP,445,?,e2,
1769364950.4653952,SENT,269d8474-ae23-475e-a957-a38d287cd046,dc3e2ddb-11fe-4e0b-86c2-8f5d40fd47e3,c2,None,695,?,p2,
1769364950.465551,FORWARDED,269d8474-ae23-475e-a957-a38d287cd046,dc3e2ddb-11fe-4e0b-86c2-8f5d40fd47e3,c2,None,695,?,p2,
1769364950.5504189,RECEIVED,f696e87c-85c3-44ae-8304-c3d27db6837b,38f910f1-3c34-4a7c-ae89-cd98a1622446,c1,DROP,692,i10,?,
1769364950.619117,RECEIVED,bc26810c-e25b-4178-8cc9-a8d43f8ee5d0,459a5f1c-d1b3-450d-adbd-f55f20f2a788,c4,c5,1263,i8,?,
1769364950.7831476,RECEIVED,a9da2df7-0494-4571-90a5-bbd784801765,a0d47d49-51f5-4d5b-891f-74cee6e64a6d,c5,DROP,686,i4,?,
1769364950.864632,SENT,16720113-6abb-4b5b-8c65-ae70ebe97de0,57191b7b-2e27-4826-86c2-f6a5360034aa,c1,c3,871,?,p3,
1769364950.864677,FORWARDED,16720113-6abb-4b5b-8c65-ae70ebe97de0,57191b7b-2e27-4826-86c2-f6a5360034aa,c1,c3,871,?,p3,
1769364950.888254,SENT,2d0e992d-f701-4f16-92cf-f695c371700c,2d11cbf4-5613-42cf-9940-469c657a5cdd,c3,c5,868,?,p2,
1769364950.888342,FORWARDED,2d0e992d-f701-4f16-92cf-f695c371700c,2d11cbf4-5613-42cf-9940-469c657a5cdd,c3,c5,868,?,p2,
1769364951.013473,SENT,f696e87c-85c3-44ae-8304-c3d27db6837b,38f910f1-3c34-4a7c-ae89-cd98a1622446,c1,DROP,445,?,x11,
1769364951.01351,FORWARDED,f696e87c-85c3-44ae-8304-c3d27db6837b,38f910f1-3c34-4a7c-ae89-cd98a1622446,c1,DROP,445,?,x11,
1769364951.0603738,RECEIVED,a171c8c6-dd9d-4946-9547-3867dac9464d,73293acc-4d2d-42d4-b96c-61db4dd11935,c5,None,1027,i6,?,
1769364951.2195451,RECEIVED,00370e9a-bc61-41fa-9ab5-dbb87e087785,c8e7120f-5853-4dbe-bb1b-9415e1b78288,c5,None,1032,i6,?,
1769364951.234702,RECEIVED,5870ec9a-546b-4d7f-b6ac-a9e577d5ff89,25faed24-571e-45a5-8bcf-82391de8b816,c3,DROP,692,i10,?,
1769364951.239008,RECEIVED,e9ef78f8-6082-4889-bb2b-98884b6bd575,937b3e0d-5380-4236-9b0e-a2f43f144559,c5,DROP,684,i5,?,
1769364951.3181167,SENT,00370e9a-bc61-41fa-9ab5-dbb87e087785,c8e7120f-5853-4dbe-bb1b-9415e1b78288,c5,None,700,?,p3,
1769364951.3181567,FORWARDED,00370e9a-bc61-41fa-9ab5-dbb87e087785,c8e7120f-5853-4dbe-bb1b-9415e1b78288,c5,None,700,?,p3,
1769364951.3359628,SENT,a171c8c6-dd9d-4946-9547-3867dac9464d,73293acc-4d2d-42d4-b96c-61db4dd11935,c5,None,698,?,p1,
1769364951.3360035,FORWARDED,a171c8c6-dd9d-4946-9547-3867dac9464d,73293acc-4d2d-42d4-b96c-61db4dd11935,c5,None,698,?,p1,
1769364951.4049163,SENT,e9ef78f8-6082-4889-bb2b-98884b6bd575,937b3e0d-5380-4236-9b0e-a2f43f144559,c5,DROP,441,?,i3,
1769364951.4049644,FORWARDED,e9ef78f8-6082-4889-bb2b-98884b6bd575,937b3e0d-5380-4236-9b0e-a2f43f144559,c5,DROP,441,?,i3,
1769364951.555429,SENT,bc26810c-e25b-4178-8cc9-a8d43f8ee5d0,459a5f1c-d1b3-450d-adbd-f55f20f2a788,c4,c5,876,?,p2,
1769364951.5557468,FORWARDED,bc26810c-e25b-4178-8cc9-a8d43f8ee5d0,459a5f1c-d1b3-450d-adbd-f55f20f2a788,c4,c5,876,?,p2,
1769364951.8791347,RECEIVED,d1269a03-86f8-4fe9-884b-e359aef8e082,80f4cad1-537d-4460-bcfd-bd5c5d725f55,c4,DROP,688,i11,?,
1769364951.9242485,SENT,a9da2df7-0494-4571-90a5-bbd784801765,a0d47d49-51f5-4d5b-891f-74cee6e64a6d,c5,DROP,442,?,i8,
1769364951.9242885,FORWARDED,a9da2df7-0494-4571-90a5-bbd784801765,a0d47d49-51f5-4d5b-891f-74cee6e64a6d,c5,DROP,442,?,i8,
1769364952.106795,SENT,d1269a03-86f8-4fe9-884b-e359aef8e082,80f4cad1-537d-4460-bcfd-bd5c5d725f55,c4,DROP,444,?,i8,
1769364952.1068373,FORWARDED,d1269a03-86f8-4fe9-884b-e359aef8e082,80f4cad1-537d-4460-bcfd-bd5c5d725f55,c4,DROP,444,?,i8,
1769364952.2023807,RECEIVED,baf2b456-2db8-42e8-a7be-e6b62cad75fe,87b46392-dccc-4bc2-af75-25c6ab53f081,c2,DROP,684,i3,?,
1769364952.249523,SENT,baf2b456-2db8-42e8-a7be-e6b62cad75fe,87b46392-dccc-4bc2-af75-25c6ab53f081,c2,DROP,441,?,e3,
1769364952.2495608,FORWARDED,baf2b456-2db8-42e8-a7be-e6b62cad75fe,87b46392-dccc-4bc2-af75-25c6ab53f081,c2,DROP,441,?,e3,
1769364952.3022258,RECEIVED,b5caf18a-d064-48ca-8ed2-fff66ca200c5,34db2f35-acf4-4508-a387-f46017d6adf0,c5,c2,1260,i7,?,
1769364952.3031077,RECEIVED,3170a777-b9df-4fd5-9b10-2e907b1b4daf,bc81a447-b941-4a8e-a06f-1a1442447542,c2,DROP,693,i11,?,
1769364952.3552601,SENT,3170a777-b9df-4fd5-9b10-2e907b1b4daf,bc81a447-b941-4a8e-a06f-1a1442447542,c2,DROP,446,?,e8,
1769364952.3553007,FORWARDED,3170a777-b9df-4fd5-9b10-2e907b1b4daf,bc81a447-b941-4a8e-a06f-1a1442447542,c2,DROP,446,?,e8,
1769364952.35702,RECEIVED,18e5197e-800e-4420-a39c-d969575dfa86,560918e2-e388-4228-881a-300d3ec2a87a,c2,DROP,689,i5,?,
1769364952.4268165,RECEIVED,d03a6fa7-3905-4be8-a1b3-9555fb2a5c4f,0aebc17a-dbc7-4381-a319-4e3131ce3c95,c3,None,1032,i2,?,
1769364952.4853454,SENT,d03a6fa7-3905-4be8-a1b3-9555fb2a5c4f,0aebc17a-dbc7-4381-a319-4e3131ce3c95,c3,None,700,?,p2,
1769364952.4853873,FORWARDED,d03a6fa7-3905-4be8-a1b3-9555fb2a5c4f,0aebc17a-dbc7-4381-a319-4e3131ce3c95,c3,None,700,?,p2,
1769364952.4894269,SENT,b5caf18a-d064-48ca-8ed2-fff66ca200c5,34db2f35-acf4-4508-a387-f46017d6adf0,c5,c2,872,?,p2,
1769364952.489468,FORWARDED,b5caf18a-d064-48ca-8ed2-fff66ca200c5,34db2f35-acf4-4508-a387-f46017d6adf0,c5,c2,872,?,p2,
1769364952.5358098,RECEIVED,18d945f6-180b-437b-828c-ec85e41ee785,da0c3a29-6f32-44bc-b5cf-8fa19546a99e,c4,c5,1252,i2,?,
1769364952.554942,RECEIVED,1a6cffc2-5df4-4198-a43f-fd1954ac559f,3693ef0f-43d9-4d67-b3e1-656fda9e0e02,c5,None,1023,i6,?,
1769364952.5791833,SENT,18e5197e-800e-4420-a39c-d969575dfa86,560918e2-e388-4228-881a-300d3ec2a87a,c2,DROP,442,?,e11,
1769364952.5792534,FORWARDED,18e5197e-800e-4420-a39c-d969575dfa86,560918e2-e388-4228-881a-300d3ec2a87a,c2,DROP,442,?,e11,
1769364952.591988,SENT,18d945f6-180b-437b-828c-ec85e41ee785,da0c3a29-6f32-44bc-b5cf-8fa19546a99e,c4,c5,867,?,p2,
1769364952.592029,FORWARDED,18d945f6-180b-437b-828c-ec85e41ee785,da0c3a29-6f32-44bc-b5cf-8fa19546a99e,c4,c5,867,?,p2,
1769364952.662771,RECEIVED,105b97a5-fa65-46d5-9a33-5ec18a017a4f,be7a4688-4432-4ba3-912f-9d5b6aeb7720,c2,None,1020,i7,?,
1769364952.763952,SENT,105b97a5-fa65-46d5-9a33-5ec18a017a4f,be7a4688-4432-4ba3-912f-9d5b6aeb7720,c2,None,693,?,p2,
1769364952.7640002,FORWARDED,105b97a5-fa65-46d5-9a33-5ec18a017a4f,be7a4688-4432-4ba3-912f-9d5b6aeb7720,c2,None,693,?,p2,
1769364952.8102717,SENT,1a6cffc2-5df4-4198-a43f-fd1954ac559f,3693ef0f-43d9-4d67-b3e1-656fda9e0e02,c5,None,695,?,p3,
1769364952.8103137,FORWARDED,1a6cffc2-5df4-4198-a43f-fd1954ac559f,3693ef0f-43d9-4d67-b3e1-656fda9e0e02,c5,None,695,?,p3,
1769364952.8174365,RECEIVED,cf8c5160-e7f8-43cd-93f6-a05a93a52092,b1ef33db-ce7c-408b-83d3-6b62bd505557,c1,DROP,683,i6,?,
1769364952.8617043,RECEIVED,37349839-a63c-41f8-8931-825a3cfe235a,e0c2a668-9bbb-45b7-b700-29777ad0c87d,c1,DROP,691,i10,?,
1769364952.875555,SENT,5870ec9a-546b-4d7f-b6ac-a9e577d5ff89,25faed24-571e-45a5-8bcf-82391de8b816,c3,DROP,445,?,x12,
1769364952.8756108,FORWARDED,5870ec9a-546b-4d7f-b6ac-a9e577d5ff89,25faed24-571e-45a5-8bcf-82391de8b816,c3,DROP,445,?,x12,
1769364952.9033117,RECEIVED,fe4560b0-bd9d-42a5-85d4-36911d6ceef0,f6404cf1-7600-4059-95b2-e605ebbcee5a,c5,DROP,683,i8,?,
1769364953.0912817,SENT,cf8c5160-e7f8-43cd-93f6-a05a93a52092,b1ef33db-ce7c-408b-83d3-6b62bd505557,c1,DROP,441,?,x7,
1769364953.0915418,FORWARDED,cf8c5160-e7f8-43cd-93f6-a05a93a52092,b1ef33db-ce7c-408b-83d3-6b62bd505557,c1,DROP,441,?,x7,
1769364953.2833467,SENT,fe4560b0-bd9d-42a5-85d4-36911d6ceef0,f6404cf1-7600-4059-95b2-e605ebbcee5a,c5,DROP,441,?,x1,
1769364953.2833807,FORWARDED,fe4560b0-bd9d-42a5-85d4-36911d6ceef0,f6404cf1-7600-4059-95b2-e605ebbcee5a,c5,DROP,441,?,x1,
1769364953.4063146,RECEIVED,5cabc56d-eb4e-4776-9379-b27e57155b1b,b446abd7-8b3f-4fdf-a87e-e5ae1c4010a3,c4,DROP,687,i6,?,
1769364953.4256783,RECEIVED,ddf7eb2b-4f51-4d75-8d5a-0acd5c33b8b6,f740db3b-ae0c-4f11-92c2-8296956b8bdd,c5,DROP,691,i1,?,
1769364953.5037196,RECEIVED,1ee45117-74dd-491c-9720-0f83db2fbf76,2bee0cbe-4622-4c9a-8e27-4cb9657c506e,c3,DROP,684,i2,?,
1769364953.5626125,RECEIVED,a76b6884-c8ef-4471-9880-b93c8bf5b5f7,83e6136b-0008-48fb-8ece-cd68c869dd42,c4,DROP,442,x3,?,
1769364953.5873063,SENT,1ee45117-74dd-491c-9720-0f83db2fbf76,2bee0cbe-4622-4c9a-8e27-4cb9657c506e,c3,DROP,441,?,e4,
1769364953.5873477,FORWARDED,1ee45117-74dd-491c-9720-0f83db2fbf76,2bee0cbe-4622-4c9a-8e27-4cb9657c506e,c3,DROP,441,?,e4,
1769364953.641879,SENT,5cabc56d-eb4e-4776-9379-b27e57155b1b,b446abd7-8b3f-4fdf-a87e-e5ae1c4010a3,c4,DROP,443,?,x1,
1769364953.6419504,FORWARDED,5cabc56d-eb4e-4776-9379-b27e57155b1b,b446abd7-8b3f-4fdf-a87e-e5ae1c4010a3,c4,DROP,443,?,x1,
1769364954.0271642,RECEIVED,0e64f82b-c546-499e-8dfc-e6385c8e358e,7910b3ca-4e1d-4016-b711-dd7e81c129f4,c2,None,1027,i1,?,
1769364954.0329514,RECEIVED,50d44614-45ab-40cc-af73-4c4586f90242,5046e3c6-ae5e-4dc2-91e8-2c766cca3f83,c2,DROP,687,i1,?,
1769364954.0431108,SENT,37349839-a63c-41f8-8931-825a3cfe235a,e0c2a668-9bbb-45b7-b700-29777ad0c87d,c1,DROP,446,?,x3,
1769364954.0431557,FORWARDED,37349839-a63c-41f8-8931-825a3cfe235a,e0c2a668-9bbb-45b7-b700-29777ad0c87d,c1,DROP,446,?,x3,
1769364954.0766428,RECEIVED,2d21085a-1bc4-427c-a9cf-75640f027705,5a15d882-5beb-4245-9ba5-04d424b133e6,c2,DROP,683,i4,?,
1769364954.1391623,RECEIVED,22e6d18b-8a56-44ba-a185-dd971b01d871,e6e70f31-51bb-4acd-90a5-a0ad662d00db,c4,DROP,687,i3,?,
1769364954.1521132,RECEIVED,a99a963d-35cf-4fb9-9694-c21cc9364129,d3e28c84-276f-49ac-a567-9636dfc5660a,c5,DROP,692,i2,?,
1769364954.1712844,RECEIVED,3ad02c46-305e-4294-a81f-9adc5426cb64,84d0785f-ea67-4dbe-9152-3926c3ce8faa,c2,DROP,441,x6,?,
1769364954.3117518,RECEIVED,75bd5737-f975-44f9-952e-cb01c041a5f4,3b6e9f1a-3f05-451f-bb30-6e53d6f9d79b,c2,DROP,691,i9,?,
1769364954.316719,SENT,a99a963d-35cf-4fb9-9694-c21cc9364129,d3e28c84-276f-49ac-a567-9636dfc5660a,c5,DROP,445,?,e10,
1769364954.3167553,FORWARDED,a99a963d-35cf-4fb9-9694-c21cc9364129,d3e28c84-276f-49ac-a567-9636dfc5660a,c5,DROP,445,?,e10,
1769364954.3674014,RECEIVED,90d19127-e193-4bd9-b053-32e1de57805a,6830808e-206c-43c8-91e7-e88b5becabbf,c1,DROP,688,i10,?,
1769364954.419369,SENT,90d19127-e193-4bd9-b053-32e1de57805a,6830808e-206c-43c8-91e7-e88b5becabbf,c1,DROP,442,?,e7,
1769364954.4194117,FORWARDED,90d19127-e193-4bd9-b053-32e1de57805a,6830808e-206c-43c8-91e7-e88b5becabbf,c1,DROP,442,?,e7,
1769364954.4628563,SENT,22e6d18b-8a56-44ba-a185-dd971b01d871,e6e70f31-51bb-4acd-90a5-a0ad662d00db,c4,DROP,442,?,e9,
1769364954.4629016,FORWARDED,22e6d18b-8a56-44ba-a185-dd971b01d871,e6e70f31-51bb-4acd-90a5-a0ad662d00db,c4,DROP,442,?,e9,
1769364954.5451813,RECEIVED,84d615b6-cb43-4168-8ca5-efde296a4bdb,801a4ea6-3d69-4254-8ea8-c9232ef40ddb,c5,DROP,684,i4,?,
1769364954.6028924,SENT,50d44614-45ab-40cc-af73-4c4586f90242,5046e3c6-ae5e-4dc2-91e8-2c766cca3f83,c2,DROP,442,?,x6,
1769364954.6029353,FORWARDED,50d44614-45ab-40cc-af73-4c4586f90242,5046e3c6-ae5e-4dc2-91e8-2c766cca3f83,c2,DROP,442,?,x6,
1769364954.7002645,RECEIVED,b632d648-3225-45db-9e69-dfc6523903ae,b0fd3111-9b41-4b01-b357-7a2ca3528459,c3,DROP,683,i1,?,
1769364954.7178695,SENT,0e64f82b-c546-499e-8dfc-e6385c8e358e,7910b3ca-4e1d-4016-b711-dd7e81c129f4,c2,None,699,?,p2,
1769364954.71791,FORWARDED,0e64f82b-c546-499e-8dfc-e6385c8e358e,7910b3ca-4e1d-4016-b711-dd7e81c129f4,c2,None,699,?,p2,
1769364954.7340946,SENT,84d615b6-cb43-4168-8ca5-efde296a4bdb,801a4ea6-3d69-4254-8ea8-c9232ef40ddb,c5,DROP,441,?,x4,
1769364954.7341359,FORWARDED,84d615b6-cb43-4168-8ca5-efde296a4bdb,801a4ea6-3d69-4254-8ea8-c9232ef40ddb,c5,DROP,441,?,x4,
1769364954.794835,SENT,ddf7eb2b-4f51-4d75-8d5a-0acd5c33b8b6,f740db3b-ae0c-4f11-92c2-8296956b8bdd,c5,DROP,445,?,i3,
1769364954.7948725,FORWARDED,ddf7eb2b-4f51-4d75-8d5a-0acd5c33b8b6,f740db3b-ae0c-4f11-92c2-8296956b8bdd,c5,DROP,445,?,i3,
1769364954.7966435,RECEIVED,f66361d9-f8c8-4545-9f6d-408e676382c2,50789fe1-0e9d-4f94-a5be-cedb4a73578c,c5,DROP,439,x7,?,
1769364954.827497,SENT,2d21085a-1bc4-427c-a9cf-75640f027705,5a15d882-5beb-4245-9ba5-04d424b133e6,c2,DROP,441,?,e3,
1769364954.8275273,FORWARDED,2d21085a-1bc4-427c-a9cf-75640f027705,5a15d882-5beb-4245-9ba5-04d424b133e6,c2,DROP,441,?,e3,
1769364954.9138653,RECEIVED,d4bb9763-311e-4183-ae04-13b4005acba3,9b85cb3c-bec3-4786-9768-05f891f3ca94,c1,DROP,688,i2,?,
1769364954.9464912,RECEIVED,5cb618cb-0f94-4ee3-b393-d0ea394c9971,d9db207e-e2cf-4f2e-9c47-6c3b62c9e7a9,c1,DROP,683,i8,?,
1769364955.010792,SENT,75bd5737-f975-44f9-952e-cb01c041a5f4,3b6e9f1a-3f05-451f-bb30-6e53d6f9d79b,c2,DROP,445,?,i12,
1769364955.010838,FORWARDED,75bd5737-f975-44f9-952e-cb01c041a5f4,3b6e9f1a-3f05-451f-bb30-6e53d6f9d79b,c2,DROP,445,?,i12,
1769364955.0611224,SENT,d4bb9763-311e-4183-ae04-13b4005acba3,9b85cb3c-bec3-4786-9768-05f891f3ca94,c1,DROP,442,?,e3,
1769364955.0611637,FORWARDED,d4bb9763-311e-4183-ae04-13b4005acba3,9b85cb3c-bec3-4786-9768-05f891f3ca94,c1,DROP,442,?,e3,
1769364955.141619,RECEIVED,0cdf941b-7334-4090-b1ac-cbfbe4e09ec1,1cd633e2-93bd-4b26-9b37-b8087c5ef94c,c3,DROP,684,i4,?,
1769364955.1424484,RECEIVED,e9f1ef6f-7643-41cd-93ed-f06ac43c284a,c237fd7e-31a8-4a14-a228-180549cb2eb1,c1,DROP,686,i11,?,
1769364955.1466591,SENT,5cb618cb-0f94-4ee3-b393-d0ea394c9971,d9db207e-e2cf-4f2e-9c47-6c3b62c9e7a9,c1,DROP,441,?,e3,
1769364955.1467004,FORWARDED,5cb618cb-0f94-4ee3-b393-d0ea394c9971,d9db207e-e2cf-4f2e-9c47-6c3b62c9e7a9,c1,DROP,441,?,e3,
1769364955.1780288,SENT,0cdf941b-7334-4090-b1ac-cbfbe4e09ec1,1cd633e2-93bd-4b26-9b37-b8087c5ef94c,c3,DROP,440,?,e7,
1769364955.1781383,FORWARDED,0cdf941b-7334-4090-b1ac-cbfbe4e09ec1,1cd633e2-93bd-4b26-9b37-b8087c5ef94c,c3,DROP,440,?,e7,
1769364955.194823,RECEIVED,b9290784-d7fb-4450-86e6-29a828dcdac0,346a9e51-8b22-49de-817d-6c3128444bbc,c4,DROP,693,i9,?,
1769364955.3027017,SENT,b9290784-d7fb-4450-86e6-29a828dcdac0,346a9e51-8b22-49de-817d-6c3128444bbc,c4,DROP,445,?,i10,
1769364955.302744,FORWARDED,b9290784-d7fb-4450-86e6-29a828dcdac0,346a9e51-8b22-49de-817d-6c3128444bbc,c4,DROP,445,?,i10,
1769364955.3088121,RECEIVED,1d41a8e1-e90d-443a-9c81-c24bd748d03f,8a64d63b-14f6-4dd8-904a-9204143ea79d,c5,None,1027,i1,?,
1769364955.5156188,RECEIVED,292317bb-b412-499f-a098-0be2331915bd,7effa11d-928e-4989-ad40-5fee3e0779cc,c3,DROP,684,i5,?,
1769364955.5294003,RECEIVED,573f7802-d54e-436c-912b-d3f6e13bbf69,aeadb4c3-5c3a-405a-be24-3ad5d8b5fd62,c2,None,1028,i10,?,
1769364955.606878,SENT,573f7802-d54e-436c-912b-d3f6e13bbf69,aeadb4c3-5c3a-405a-be24-3ad5d8b5fd62,c2,None,699,?,p2,
1769364955.6069221,FORWARDED,573f7802-d54e-436c-912b-d3f6e13bbf69,aeadb4c3-5c3a-405a-be24-3ad5d8b5fd62,c2,None,699,?,p2,
1769364955.6306653,RECEIVED,8922f7ec-3379-418d-b821-0e1fb6a926d2,1f83a130-046a-4e38-9e78-c4ab68cdc1c9,c5,c2,1259,i6,?,
1769364955.6432507,SENT,b632d648-3225-45db-9e69-dfc6523903ae,b0fd3111-9b41-4b01-b357-7a2ca3528459,c3,DROP,441,?,e1,
1769364955.643294,FORWARDED,b632d648-3225-45db-9e69-dfc6523903ae,b0fd3111-9b41-4b01-b357-7a2ca3528459,c3,DROP,441,?,e1,
1769364955.66233,SENT,1d41a8e1-e90d-443a-9c81-c24bd748d03f,8a64d63b-14f6-4dd8-904a-9204143ea79d,c5,None,698,?,p3,
1769364955.662372,FORWARDED,1d41a8e1-e90d-443a-9c81-c24bd748d03f,8a64d63b-14f6-4dd8-904a-9204143ea79d,c5,None,698,?,p3,
1769364955.7959206,RECEIVED,bd1e4738-f113-4f41-aa8b-5a43338c7397,0c851193-0d8b-4c1e-a44d-98e797ffcd1c,c3,DROP,691,i12,?,
1769364955.8789682,RECEIVED,a7e29533-c614-46ed-b723-b3f5fb5bf484,5fa25389-c245-4ff8-9991-715e79fc1589,c1,DROP,691,i12,?,
1769364955.9620306,SENT,292317bb-b412-499f-a098-0be2331915bd,7effa11d-928e-4989-ad40-5fee3e0779cc,c3,DROP,441,?,x11,
1769364955.9620826,FORWARDED,292317bb-b412-499f-a098-0be2331915bd,7effa11d-928e-4989-ad40-5fee3e0779cc,c3,DROP,441,?,x11,
1769364956.1213038,SENT,8922f7ec-3379-418d-b821-0e1fb6a926d2,1f83a130-046a-4e38-9e78-c4ab68cdc1c9,c5,c2,871,?,p2,
1769364956.1213424,FORWARDED,8922f7ec-3379-418d-b821-0e1fb6a926d2,1f83a130-046a-4e38-9e78-c4ab68cdc1c9,c5,c2,871,?,p2,
1769364956.164625,RECEIVED,4ed9aa8f-56c1-4f52-a09b-9cf41266e566,857e554d-ca8e-4203-b2ac-45532bc8122e,c5,DROP,442,x5,?,
1769364956.2462518,RECEIVED,bb65e1ac-11f7-46b3-b4df-e47fa8960777,19802fec-ac8c-40f0-85d1-dbd151c97057,c4,DROP,441,x1,?,
1769364956.4925919,SENT,a7e29533-c614-46ed-b723-b3f5fb5bf484,5fa25389-c245-4ff8-9991-715e79fc1589,c1,DROP,445,?,x7,
1769364956.4926329,FORWARDED,a7e29533-c614-46ed-b723-b3f5fb5bf484,5fa25389-c245-4ff8-9991-715e79fc1589,c1,DROP,445,?,x7,
1769364956.5274053,RECEIVED,c6a37b18-fb9c-4c6c-af70-af55e5b00a0e,cd55cff3-7c45-44dc-bf8f-60fb93431656,c2,None,1027,i11,?,
1769364956.8350177,RECEIVED,7de6e66a-df13-4c89-975d-8d91cbc21f4f,95154bbb-4fdd-4403-91b3-8bf6ec09f276,c2,c3,1263,i7,?,
1769364956.8444045,SENT,e9f1ef6f-7643-41cd-93ed-f06ac43c284a,c237fd7e-31a8-4a14-a228-180549cb2eb1,c1,DROP,443,?,i1,
1769364956.8444455,FORWARDED,e9f1ef6f-7643-41cd-93ed-f06ac43c284a,c237fd7e-31a8-4a14-a228-180549cb2eb1,c1,DROP,443,?,i1,
1769364956.9221861,RECEIVED,2930f522-514f-44fc-954b-08d10c48e073,8c33f75b-4315-4f4c-9c42-1e8524104f94,c5,None,1033,i3,?,
1769364956.9223344,RECEIVED,29f3fb01-fa1e-44b2-966e-1c431e8a2dbd,ac84a5b8-fb59-4403-adcd-96050915b2c7,c3,DROP,441,x6,?,
1769364956.9333982,RECEIVED,f2d05699-08ab-4170-9e6d-b49ebb970c1b,ad788751-2140-462a-be26-560c472963c1,c5,DROP,441,x5,?,
1769364956.9404461,RECEIVED,08e9b28b-afbb-4ba6-825e-952e35d45a3f,116b48f2-5548-4141-a8e4-83ba54937b8e,c2,DROP,446,x11,?,
1769364956.9541857,SENT,2930f522-514f-44fc-954b-08d10c48e073,8c33f75b-4315-4f4c-9c42-1e8524104f94,c5,None,700,?,p1,
1769364956.954319,FORWARDED,2930f522-514f-44fc-954b-08d10c48e073,8c33f75b-4315-4f4c-9c42-1e8524104f94,c5,None,700,?,p1,
1769364957.130127,RECEIVED,fcd8083a-61b0-48b2-9c32-9c2f31c6e609,ee59de14-00de-46fb-b537-afdece580578,c3,DROP,693,i3,?,
1769364957.1441963,RECEIVED,8d726a3e-b743-48ab-8b3e-bf1720cc243e,e1fd25ca-5009-4461-827f-b9b669a1b72c,c5,DROP,692,i3,?,
1769364957.2064073,SENT,8d726a3e-b743-48ab-8b3e-bf1720cc243e,e1fd25ca-5009-4461-827f-b9b669a1b72c,c5,DROP,445,?,x8,
1769364957.206459,FORWARDED,8d726a3e-b743-48ab-8b3e-bf1720cc243e,e1fd25ca-5009-4461-827f-b9b669a1b72c,c5,DROP,445,?,x8,
1769364957.2890058,SENT,fcd8083a-61b0-48b2-9c32-9c2f31c6e609,ee59de14-00de-46fb-b537-afdece580578,c3,DROP,446,?,x11,
1769364957.2890573,FORWARDED,fcd8083a-61b0-48b2-9c32-9c2f31c6e609,ee59de14-00de-46fb-b537-afdece580578,c3,DROP,446,?,x11,
1769364957.3001106,RECEIVED,a859c063-96f9-488d-8a31-504042004aaf,b3361826-c0e5-4808-bafd-61c4b5fe3490,c1,c3,1264,i6,?,
1769364957.3522186,RECEIVED,8f9ed728-3d66-4a42-8d38-b51cd6531ce0,019bc6d4-e22f-4a1c-b5f1-316edeb28098,c5,None,1031,i8,?,
1769364957.484985,RECEIVED,af2b9442-5017-4bae-8dcb-68973bc281e3,fb1491f1-25af-41ff-ab25-8e3d173a7709,c2,DROP,442,x3,?,
1769364957.5649083,SENT,c6a37b18-fb9c-4c6c-af70-af55e5b00a0e,cd55cff3-7c45-44dc-bf8f-60fb93431656,c2,None,699,?,p2,
1769364957.5649953,FORWARDED,c6a37b18-fb9c-4c6c-af70-af55e5b00a0e,cd55cff3-7c45-44dc-bf8f-60fb93431656,c2,None,699,?,p2,
1769364957.5674314,RECEIVED,ce917ab2-0887-431e-adea-823ebda67fda,ff73099c-80fc-4d28-bde8-57580e9f1734,c3,c5,1251,i3,?,
1769364957.5753112,RECEIVED,508dbd85-9f26-4531-af5b-4e994d2cf24c,697e2714-f94b-48c8-823a-bf16d6e3acd0,c5,c2,1260,i9,?,
1769364957.645376,SENT,a859c063-96f9-488d-8a31-504042004aaf,b3361826-c0e5-4808-bafd-61c4b5fe3490,c1,c3,875,?,p3,
1769364957.6454487,FORWARDED,a859c063-96f9-488d-8a31-504042004aaf,b3361826-c0e5-4808-bafd-61c4b5fe3490,c1,c3,875,?,p3,
1769364957.653302,SENT,7de6e66a-df13-4c89-975d-8d91cbc21f4f,95154bbb-4fdd-4403-91b3-8bf6ec09f276,c2,c3,876,?,p3,
1769364957.6533458,FORWARDED,7de6e66a-df13-4c89-975d-8d91cbc21f4f,95154bbb-4fdd-4403-91b3-8bf6ec09f276,c2,c3,876,?,p3,
1769364957.728069,RECEIVED,afc162ce-f0a5-4e5f-94db-5fb28b783f3a,305e34f6-54d5-4424-9d72-88264a8dbe04,c5,c2,1248,i8,?,
1769364957.745162,RECEIVED,78bed020-c3ef-4ceb-8ee7-243ba422ce63,b4692c68-2bbb-4e8c-a5bc-4c5dc23e0d50,c1,DROP,692,i6,?,
1769364957.784779,SENT,508dbd85-9f26-4531-af5b-4e994d2cf24c,697e2714-f94b-48c8-823a-bf16d6e3acd0,c5,c2,872,?,p2,
1769364957.7848177,FORWARDED,508dbd85-9f26-4531-af5b-4e994d2cf24c,697e2714-f94b-48c8-823a-bf16d6e3acd0,c5,c2,872,?,p2,
1769364957.7961206,SENT,afc162ce-f0a5-4e5f-94db-5fb28b783f3a,305e34f6-54d5-4424-9d72-88264a8dbe04,c5,c2,863,?,p2,
1769364957.7961621,FORWARDED,afc162ce-f0a5-4e5f-94db-5fb28b783f3a,305e34f6-54d5-4424-9d72-88264a8dbe04,c5,c2,863,?,p2,
1769364957.8794992,SENT,bd1e4738-f113-4f41-aa8b-5a43338c7397,0c851193-0d8b-4c1e-a44d-98e797ffcd1c,c3,DROP,446,?,x5,
1769364957.8795464,FORWARDED,bd1e4738-f113-4f41-aa8b-5a43338c7397,0c851193-0d8b-4c1e-a44d-98e797ffcd1c,c3,DROP,446,?,x5,
1769364957.9747214,SENT,ce917ab2-0887-431e-adea-823ebda67fda,ff73099c-80fc-4d28-bde8-57580e9f1734,c3,c5,867,?,p2,
1769364957.9749298,FORWARDED,ce917ab2-0887-431e-adea-823ebda67fda,ff73099c-80fc-4d28-bde8-57580e9f1734,c3,c5,867,?,p2,
1769364958.0037613,RECEIVED,1a2560c9-2e8e-4e1b-b05e-5736be4d66b1,fb657152-7034-4e3a-ad14-92496bf4a8d3,c5,DROP,692,i10,?,
1769364958.0547497,RECEIVED,33ad371e-976f-4713-8e0d-a16dcd36cf06,c6af0b73-a85a-4d5a-9920-f4bbc7d4be0e,c4,DROP,682,i9,?,
1769364958.120119,RECEIVED,a712ffd7-7120-4f1b-ac28-43c83b6d1244,5db4b60a-5e50-48da-8406-2fbf01cbe849,c3,DROP,684,i2,?,
1769364958.1331956,RECEIVED,1480a446-b3be-44d1-99d5-5e2a85204703,d7f81870-482b-4193-bd47-beb0d40c59ee,c4,c5,1260,i8,?,
1769364958.149516,RECEIVED,c8a11bc3-28c6-4848-865d-af6cdb5e3115,5bce5e89-bd76-455b-8bb9-cf01c3d94879,c3,DROP,687,i3,?,
1769364958.2933116,SENT,8f9ed728-3d66-4a42-8d38-b51cd6531ce0,019bc6d4-e22f-4a1c-b5f1-316edeb28098,c5,None,701,?,p3,
1769364958.2933543,FORWARDED,8f9ed728-3d66-4a42-8d38-b51cd6531ce0,019bc6d4-e22f-4a1c-b5f1-316edeb28098,c5,None,701,?,p3,
1769364958.3007877,RECEIVED,8cd5c7ad-9482-42b2-9778-4630909e10a1,fa0b98c9-e965-4978-8955-c7bbedd6e048,c4,DROP,684,i1,?,
1769364958.3043647,SENT,1480a446-b3be-44d1-99d5-5e2a85204703,d7f81870-482b-4193-bd47-beb0d40c59ee,c4,c5,871,?,p2,
1769364958.3044045,FORWARDED,1480a446-b3be-44d1-99d5-5e2a85204703,d7f81870-482b-4193-bd47-beb0d40c59ee,c4,c5,871,?,p2,
1769364958.3149118,RECEIVED,ce05fa71-d211-4a4f-8c0d-47ef97ec8056,fe4671ad-2bce-4c65-a87c-2042aded2c02,c3,c5,1263,i6,?,
1769364958.3193727,RECEIVED,2ebe6b14-d30e-4bb6-95ab-9307706d1bf7,76ae108f-1197-4207-b7eb-b7918d7faafb,c1,DROP,683,i6,?,
1769364958.3197129,SENT,33ad371e-976f-4713-8e0d-a16dcd36cf06,c6af0b73-a85a-4d5a-9920-f4bbc7d4be0e,c4,DROP,441,?,i2,
1769364958.3197522,FORWARDED,33ad371e-976f-4713-8e0d-a16dcd36cf06,c6af0b73-a85a-4d5a-9920-f4bbc7d4be0e,c4,DROP,441,?,i2,
1769364958.337582,SENT,1a2560c9-2e8e-4e1b-b05e-5736be4d66b1,fb657152-7034-4e3a-ad14-92496bf4a8d3,c5,DROP,445,?,e9,
1769364958.337622,FORWARDED,1a2560c9-2e8e-4e1b-b05e-5736be4d66b1,fb657152-7034-4e3a-ad14-92496bf4a8d3,c5,DROP,445,?,e9,
1769364958.352075,RECEIVED,73d26578-bffc-4f59-8cae-984625e5cd59,bb1737fe-718d-49c7-b516-bf9802633af3,c3,DROP,683,i8,?,
1769364958.503118,SENT,a712ffd7-7120-4f1b-ac28-43c83b6d1244,5db4b60a-5e50-48da-8406-2fbf01cbe849,c3,DROP,441,?,x7,
1769364958.5031638,FORWARDED,a712ffd7-7120-4f1b-ac28-43c83b6d1244,5db4b60a-5e50-48da-8406-2fbf01cbe849,c3,DROP,441,?,x7,
1769364958.5869696,SENT,78bed020-c3ef-4ceb-8ee7-243ba422ce63,b4692c68-2bbb-4e8c-a5bc-4c5dc23e0d50,c1,DROP,445,?,e10,
1769364958.5870087,FORWARDED,78bed020-c3ef-4ceb-8ee7-243ba422ce63,b4692c68-2bbb-4e8c-a5bc-4c5dc23e0d50,c1,DROP,445,?,e10,
1769364958.7705276,RECEIVED,295017be-2fa0-45a6-9ba4-583099e611cb,22b56573-c22e-4c8e-b6fa-3ae714d5f452,c3,None,1029,i10,?,
1769364958.8053148,RECEIVED,c6180f9e-ab14-4a7f-93a4-d0e08aba168b,e9a969f4-2e74-49b9-b63f-5b0496d4b893,c4,DROP,693,i12,?,
1769364958.8226368,RECEIVED,4abd945e-7885-4d9a-940b-09959f1e8cf3,c0d3732d-0635-42cd-b771-a540722f8c1c,c3,DROP,683,i8,?,
1769364958.9030988,SENT,c6180f9e-ab14-4a7f-93a4-d0e08aba168b,e9a969f4-2e74-49b9-b63f-5b0496d4b893,c4,DROP,445,?,i3,
1769364958.9031408,FORWARDED,c6180f9e-ab14-4a7f-93a4-d0e08aba168b,e9a969f4-2e74-49b9-b63f-5b0496d4b893,c4,DROP,445,?,i3,
1769364958.922271,SENT,73d26578-bffc-4f59-8cae-984625e5cd59,bb1737fe-718d-49c7-b516-bf9802633af3,c3,DROP,441,?,e4,
1769364958.9223135,FORWARDED,73d26578-bffc-4f59-8cae-984625e5cd59,bb1737fe-718d-49c7-b516-bf9802633af3,c3,DROP,441,?,e4,
1769364959.0224237,RECEIVED,afa50fc7-25f0-47d5-ac2b-50cf17c8945b,2dc303f7-dd30-4015-b31a-da9fcd02a852,c1,DROP,692,i12,?,
1769364959.1250772,SENT,afa50fc7-25f0-47d5-ac2b-50cf17c8945b,2dc303f7-dd30-4015-b31a-da9fcd02a852,c1,DROP,445,?,i1,
1769364959.1251192,FORWARDED,afa50fc7-25f0-47d5-ac2b-50cf17c8945b,2dc303f7-dd30-4015-b31a-da9fcd02a852,c1,DROP,445,?,i1,
1769364959.1285102,SENT,4abd945e-7885-4d9a-940b-09959f1e8cf3,c0d3732d-0635-42cd-b771-a540722f8c1c,c3,DROP,439,?,x1,
1769364959.1285481,FORWARDED,4abd945e-7885-4d9a-940b-09959f1e8cf3,c0d3732d-0635-42cd-b771-a540722f8c1c,c3,DROP,439,?,x1,
1769364959.2477517,RECEIVED,8d5899d3-2137-4994-b553-f745ea90f585,fb2670e2-b734-4c30-8573-83bdc7844bea,c1,c3,1255,i4,?,
1769364959.545652,SENT,2ebe6b14-d30e-4bb6-95ab-9307706d1bf7,76ae108f-1197-4207-b7eb-b7918d7faafb,c1,DROP,441,?,e4,
1769364959.5456884,FORWARDED,2ebe6b14-d30e-4bb6-95ab-9307706d1bf7,76ae108f-1197-4207-b7eb-b7918d7faafb,c1,DROP,441,?,e4,
1769364959.6676867,SENT,c8a11bc3-28c6-4848-865d-af6cdb5e3115,5bce5e89-bd76-455b-8bb9-cf01c3d94879,c3,DROP,442,?,e9,
1769364959.6677296,FORWARDED,c8a11bc3-28c6-4848-865d-af6cdb5e3115,5bce5e89-bd76-455b-8bb9-cf01c3d94879,c3,DROP,442,?,e9,
1769364959.7509785,RECEIVED,adb6fb64-faa1-496e-84b6-32ae3a7e7cd8,dbb9fd7f-5246-41d8-8372-7782d7dd4567,c3,c5,1263,i11,?,
1769364959.7560816,RECEIVED,04f50b8a-ee04-4802-ba4a-30b10a027381,25ebd839-0fa4-42eb-a6f5-190f40aba658,c3,DROP,688,i11,?,
1769364959.7853508,SENT,ce05fa71-d211-4a4f-8c0d-47ef97ec8056,fe4671ad-2bce-4c65-a87c-2042aded2c02,c3,c5,875,?,p2,
1769364959.785393,FORWARDED,ce05fa71-d211-4a4f-8c0d-47ef97ec8056,fe4671ad-2bce-4c65-a87c-2042aded2c02,c3,c5,875,?,p2,
1769364959.793953,SENT,04f50b8a-ee04-4802-ba4a-30b10a027381,25ebd839-0fa4-42eb-a6f5-190f40aba658,c3,DROP,442,?,x8,
1769364959.7940016,FORWARDED,04f50b8a-ee04-4802-ba4a-30b10a027381,25ebd839-0fa4-42eb-a6f5-190f40aba658,c3,DROP,442,?,x8,
1769364960.197256,SENT,adb6fb64-faa1-496e-84b6-32ae3a7e7cd8,dbb9fd7f-5246-41d8-8372-7782d7dd4567,c3,c5,876,?,p2,
1769364960.1973996,FORWARDED,adb6fb64-faa1-496e-84b6-32ae3a7e7cd8,dbb9fd7f-5246-41d8-8372-7782d7dd4567,c3,c5,876,?,p2,
1769364960.366915,SENT,8cd5c7ad-9482-42b2-9778-4630909e10a1,fa0b98c9-e965-4978-8955-c7bbedd6e048,c4,DROP,443,?,i7,
1769364960.366953,FORWARDED,8cd5c7ad-9482-42b2-9778-4630909e10a1,fa0b98c9-e965-4978-8955-c7bbedd6e048,c4,DROP,443,?,i7,
1769364960.3940227,RECEIVED,8819dbc4-97cd-427e-87ef-b25204cd3f44,19fa5c1f-51f5-46f3-9022-48b3192c611a,c3,c5,1262,i6,?,
1769364960.4032176,RECEIVED,9a8974f6-0168-40b6-8546-9e0400bd956c,32a74408-3a81-4026-a776-74e42947caa0,c1,DROP,442,x1,?,
1769364960.4254038,SENT,8d5899d3-2137-4994-b553-f745ea90f585,fb2670e2-b734-4c30-8573-83bdc7844bea,c1,c3,868,?,p3,
1769364960.4254425,FORWARDED,8d5899d3-2137-4994-b553-f745ea90f585,fb2670e2-b734-4c30-8573-83bdc7844bea,c1,c3,868,?,p3,
1769364960.447319,SENT,295017be-2fa0-45a6-9ba4-583099e611cb,22b56573-c22e-4c8e-b6fa-3ae714d5f452,c3,None,700,?,p2,
1769364960.447358,FORWARDED,295017be-2fa0-45a6-9ba4-583099e611cb,22b56573-c22e-4c8e-b6fa-3ae714d5f452,c3,None,700,?,p2,
1769364960.4735444,RECEIVED,927d8b94-c727-489e-869e-894839f82045,3c1bd7b1-0f86-4881-bbfc-c10ea4464a5c,c2,DROP,440,x6,?,
1769364960.513387,RECEIVED,cf809c5e-0d5a-4a9c-a794-ffbf0abe96b3,7b9af788-900a-4a37-b648-85171bafad8b,c4,DROP,686,i5,?,
1769364960.6130035,RECEIVED,720c26b3-8bbb-4127-9b62-6d97d1b1533c,98ecdeaf-390c-4a22-be0f-43583a3b6ae7,c3,None,1028,i7,?,
1769364960.6925578,RECEIVED,14470d43-bfa1-4af7-8ca6-9cc648ea869d,171f1ba6-f57f-4548-91bf-415d6cd9668f,c3,None,1032,i11,?,
1769364960.7285624,RECEIVED,6652a089-21b6-45c3-ac7f-1504e19b1930,6c748111-a1f7-4039-a8c2-71a2fc4f2978,c5,None,1035,i12,?,
1769364960.7685823,SENT,14470d43-bfa1-4af7-8ca6-9cc648ea869d,171f1ba6-f57f-4548-91bf-415d6cd9668f,c3,None,700,?,p1,
1769364960.768619,FORWARDED,14470d43-bfa1-4af7-8ca6-9cc648ea869d,171f1ba6-f57f-4548-91bf-415d6cd9668f,c3,None,700,?,p1,
1769364960.889715,RECEIVED,23692f06-f78e-492c-b352-21d7078ee20d,036d03ad-bfda-49ee-9f88-33074cf1967b,c2,c3,1256,i12,?,
1769364960.9410586,RECEIVED,aaf8464b-e6d0-4727-be3b-1f599f1f7761,882498af-1c1e-4e72-8e3d-ea8357c80263,c3,DROP,687,i3,?,
1769364961.0436413,SENT,23692f06-f78e-492c-b352-21d7078ee20d,036d03ad-bfda-49ee-9f88-33074cf1967b,c2,c3,868,?,p3,
1769364961.0436816,FORWARDED,23692f06-f78e-492c-b352-21d7078ee20d,036d03ad-bfda-49ee-9f88-33074cf1967b,c2,c3,868,?,p3,
1769364961.0617633,RECEIVED,b9c49584-a9be-44df-8b09-bb6625125553,dfa3804d-dd74-4b8b-aefd-d276eee8df00,c2,DROP,446,x9,?,
1769364961.0705416,SENT,720c26b3-8bbb-4127-9b62-6d97d1b1533c,98ecdeaf-390c-4a22-be0f-43583a3b6ae7,c3,None,699,?,p1,
1769364961.0705836,FORWARDED,720c26b3-8bbb-4127-9b62-6d97d1b1533c,98ecdeaf-390c-4a22-be0f-43583a3b6ae7,c3,None,699,?,p1,
1769364961.2653446,SENT,8819dbc4-97cd-427e-87ef-b25204cd3f44,19fa5c1f-51f5-46f3-9022-48b3192c611a,c3,c5,875,?,p2,
1769364961.2653852,FORWARDED,8819dbc4-97cd-427e-87ef-b25204cd3f44,19fa5c1f-51f5-46f3-9022-48b3192c611a,c3,c5,875,?,p2,
1769364961.2755926,RECEIVED,69de1506-d878-44b2-a839-227da519591a,111ff33c-2fab-466f-a91b-5cd74093cb65,c3,None,1027,i7,?,
1769364961.3054233,RECEIVED,cdd41660-45e8-4fa0-8241-7051cf0694d0,c27a32b3-7d3b-4b70-8c6a-9583b9a0db1e,c5,DROP,441,x6,?,
1769364961.3219116,SENT,cf809c5e-0d5a-4a9c-a794-ffbf0abe96b3,7b9af788-900a-4a37-b648-85171bafad8b,c4,DROP,442,?,x7,
1769364961.3220432,FORWARDED,cf809c5e-0d5a-4a9c-a794-ffbf0abe96b3,7b9af788-900a-4a37-b648-85171bafad8b,c4,DROP,442,?,x7,
1769364961.5574462,SENT,6652a089-21b6-45c3-ac7f-1504e19b1930,6c748111-a1f7-4039-a8c2-71a2fc4f2978,c5,None,704,?,p3,
1769364961.557521,FORWARDED,6652a089-21b6-45c3-ac7f-1504e19b1930,6c748111-a1f7-4039-a8c2-71a2fc4f2978,c5,None,704,?,p3,
1769364961.6590247,RECEIVED,dc431122-de2d-4390-8fe8-420dde697338,1f6034f5-6ac7-4b7a-8374-dc551bee08c0,c4,DROP,682,i10,?,
1769364961.9283051,SENT,aaf8464b-e6d0-4727-be3b-1f599f1f7761,882498af-1c1e-4e72-8e3d-ea8357c80263,c3,DROP,442,?,x2,
1769364961.9283442,FORWARDED,aaf8464b-e6d0-4727-be3b-1f599f1f7761,882498af-1c1e-4e72-8e3d-ea8357c80263,c3,DROP,442,?,x2,
1769364961.929491,RECEIVED,ef524423-11ef-4e13-9bfd-eaf01d310dd5,3fcfbcd2-f448-4853-b76d-b7e1fa7919f5,c3,DROP,693,i7,?,
1769364961.9760327,RECEIVED,97a38a49-39c8-4f8b-abd6-d8eb8d31390c,b907406e-a7f0-4b38-a24b-53598100cdd9,c5,DROP,683,i10,?,
1769364962.1341004,RECEIVED,9b17d890-c65e-4592-a5ce-e915f0f7089f,9d6dc362-7949-4c94-a4aa-f57089f34ee5,c4,DROP,445,x12,?,
1769364962.1375175,SENT,ef524423-11ef-4e13-9bfd-eaf01d310dd5,3fcfbcd2-f448-4853-b76d-b7e1fa7919f5,c3,DROP,447,?,x12,
1769364962.1375551,FORWARDED,ef524423-11ef-4e13-9bfd-eaf01d310dd5,3fcfbcd2-f448-4853-b76d-b7e1fa7919f5,c3,DROP,447,?,x12,
1769364962.1778646,RECEIVED,dec0bf59-fbb3-48f8-addd-9d0225b2cf36,4198e082-f548-4828-bcc7-90806b340716,c2,DROP,692,i3,?,
1769364962.2856953,SENT,dec0bf59-fbb3-48f8-addd-9d0225b2cf36,4198e082-f548-4828-bcc7-90806b340716,c2,DROP,445,?,x6,
1769364962.2857356,FORWARDED,dec0bf59-fbb3-48f8-addd-9d0225b2cf36,4198e082-f548-4828-bcc7-90806b340716,c2,DROP,445,?,x6,
1769364962.4115615,SENT,97a38a49-39c8-4f8b-abd6-d8eb8d31390c,b907406e-a7f0-4b38-a24b-53598100cdd9,c5,DROP,441,?,i5,
1769364962.411603,FORWARDED,97a38a49-39c8-4f8b-abd6-d8eb8d31390c,b907406e-a7f0-4b38-a24b-53598100cdd9,c5,DROP,441,?,i5,
1769364962.4870744,RECEIVED,ed7d6a8b-ceb9-4968-b081-a70e90c629a3,860a8fe2-7679-4a45-a43f-1a1359403863,c2,DROP,687,i8,?,
1769364962.5850902,RECEIVED,e706acfd-baac-4bf4-938d-4d44530a4d4c,7ebc096d-d7a6-47b8-96dd-acb1a222b9bb,c5,DROP,441,x9,?,
1769364962.614821,RECEIVED,f0179293-c2d1-418f-bf60-0ddb18af25cd,25f5921b-8cc0-44ad-b9e8-154a8b3611a3,c4,DROP,684,i4,?,
1769364962.7161775,SENT,f0179293-c2d1-418f-bf60-0ddb18af25cd,25f5921b-8cc0-44ad-b9e8-154a8b3611a3,c4,DROP,441,?,i12,
1769364962.7162142,FORWARDED,f0179293-c2d1-418f-bf60-0ddb18af25cd,25f5921b-8cc0-44ad-b9e8-154a8b3611a3,c4,DROP,441,?,i12,
1769364962.7308745,RECEIVED,5b5f15ca-19d4-4cc9-8ace-ea77b908b122,4441011f-500d-42b6-8b9b-0d3b33807c4a,c5,None,1024,i2,?,
1769364962.7394214,RECEIVED,0c8b6153-52f5-48ee-80df-d68c5f04365a,058f5e16-c47e-4323-8b38-3628ff1ec531,c3,DROP,680,i6,?,
1769364962.8190367,SENT,0c8b6153-52f5-48ee-80df-d68c5f04365a,058f5e16-c47e-4323-8b38-3628ff1ec531,c3,DROP,436,?,i2,
1769364962.8190868,FORWARDED,0c8b6153-52f5-48ee-80df-d68c5f04365a,058f5e16-c47e-4323-8b38-3628ff1ec531,c3,DROP,436,?,i2,
1769364962.8345275,SENT,5b5f15ca-19d4-4cc9-8ace-ea77b908b122,4441011f-500d-42b6-8b9b-0d3b33807c4a,c5,None,695,?,p3,
1769364962.8345618,FORWARDED,5b5f15ca-19d4-4cc9-8ace-ea77b908b122,4441011f-500d-42b6-8b9b-0d3b33807c4a,c5,None,695,?,p3,
1769364962.8453064,RECEIVED,784055ab-6b4b-4660-b25b-4613fed327a1,af476acf-2e48-4af8-942f-75997d2016e6,c3,DROP,693,i7,?,
1769364962.9144418,RECEIVED,300b319e-3337-4a80-b321-382ac9563897,bae2c7af-ce56-4bf4-b2c7-0e3e6152ec82,c3,DROP,441,x2,?,
1769364962.9379537,SENT,784055ab-6b4b-4660-b25b-4613fed327a1,af476acf-2e48-4af8-942f-75997d2016e6,c3,DROP,445,?,e11,
1769364962.9379992,FORWARDED,784055ab-6b4b-4660-b25b-4613fed327a1,af476acf-2e48-4af8-942f-75997d2016e6,c3,DROP,445,?,e11,
1769364962.942958,SENT,69de1506-d878-44b2-a839-227da519591a,111ff33c-2fab-466f-a91b-5cd74093cb65,c3,None,699,?,p1,
1769364962.9430006,FORWARDED,69de1506-d878-44b2-a839-227da519591a,111ff33c-2fab-466f-a91b-5cd74093cb65,c3,None,699,?,p1,
1769364963.170763,RECEIVED,85574eae-e56c-4ba2-a3bb-346b269dd5a9,111daaae-ac60-48c4-b032-1187ce8d7fff,c2,DROP,684,i6,?,
1769364963.2270765,SENT,ed7d6a8b-ceb9-4968-b081-a70e90c629a3,860a8fe2-7679-4a45-a43f-1a1359403863,c2,DROP,442,?,x1,
1769364963.2271192,FORWARDED,ed7d6a8b-ceb9-4968-b081-a70e90c629a3,860a8fe2-7679-4a45-a43f-1a1359403863,c2,DROP,442,?,x1,
1769364963.2396772,SENT,85574eae-e56c-4ba2-a3bb-346b269dd5a9,111daaae-ac60-48c4-b032-1187ce8d7fff,c2,DROP,441,?,i7,
1769364963.23972,FORWARDED,85574eae-e56c-4ba2-a3bb-346b269dd5a9,111daaae-ac60-48c4-b032-1187ce8d7fff,c2,DROP,441,?,i7,
1769364963.4473689,RECEIVED,500e9695-0145-46de-880c-afae4ef4fc15,c4b9d8cb-b95f-4594-bf0b-8b79739b20d7,c5,DROP,684,i5,?,
1769364963.5101209,RECEIVED,28d88ef0-ab7d-4318-8703-bfcc251946a8,8f9a8a0f-c362-4d83-a1db-bdca7c63a81b,c5,DROP,692,i12,?,
1769364963.600851,RECEIVED,a71129c0-f4e5-454d-aced-3229d1861237,c1678568-629a-4b6e-b0a2-acef82b24b1b,c1,DROP,691,i11,?,
1769364963.6374815,SENT,500e9695-0145-46de-880c-afae4ef4fc15,c4b9d8cb-b95f-4594-bf0b-8b79739b20d7,c5,DROP,441,?,i8,
1769364963.6375208,FORWARDED,500e9695-0145-46de-880c-afae4ef4fc15,c4b9d8cb-b95f-4594-bf0b-8b79739b20d7,c5,DROP,441,?,i8,
1769364963.6646588,RECEIVED,c699a2a6-286b-4014-b3b2-aa0f53a4b4bf,1ed95076-275f-46ce-b051-069c9521226b,c1,DROP,683,i7,?,
1769364963.679936,SENT,28d88ef0-ab7d-4318-8703-bfcc251946a8,8f9a8a0f-c362-4d83-a1db-bdca7c63a81b,c5,DROP,446,?,x1,
1769364963.6799767,FORWARDED,28d88ef0-ab7d-4318-8703-bfcc251946a8,8f9a8a0f-c362-4d83-a1db-bdca7c63a81b,c5,DROP,446,?,x1,
1769364963.717741,RECEIVED,1688c208-e3bf-4cfa-a435-7b2a93b3e7cc,f27196f2-97b8-4802-8372-aad6b4900671,c1,DROP,691,i8,?,
1769364963.7723467,SENT,dc431122-de2d-4390-8fe8-420dde697338,1f6034f5-6ac7-4b7a-8374-dc551bee08c0,c4,DROP,441,?,x1,
1769364963.772385,FORWARDED,dc431122-de2d-4390-8fe8-420dde697338,1f6034f5-6ac7-4b7a-8374-dc551bee08c0,c4,DROP,441,?,x1,
1769364963.7983987,RECEIVED,9d6222f4-1f5f-4446-861a-4e921f0deb82,ccf5adbb-e798-4d6f-ae26-f7fa716335bd,c1,DROP,688,i12,?,
1769364963.8798213,RECEIVED,a88ee4a4-cea1-414b-9b5f-658410ee20ec,9f6f29c1-8952-4258-9f8a-2d45b382f3fd,c5,DROP,686,i3,?,
1769364963.8979676,SENT,9d6222f4-1f5f-4446-861a-4e921f0deb82,ccf5adbb-e798-4d6f-ae26-f7fa716335bd,c1,DROP,442,?,e9,
1769364963.898008,FORWARDED,9d6222f4-1f5f-4446-861a-4e921f0deb82,ccf5adbb-e798-4d6f-ae26-f7fa716335bd,c1,DROP,442,?,e9,
1769364964.040344,RECEIVED,48dab9d4-74f8-402a-8aaf-212ec4579b54,4691918e-62a4-424d-ab24-e7ad259c87d7,c1,DROP,683,i2,?,
1769364964.0766294,SENT,1688c208-e3bf-4cfa-a435-7b2a93b3e7cc,f27196f2-97b8-4802-8372-aad6b4900671,c1,DROP,445,?,e4,
1769364964.0766702,FORWARDED,1688c208-e3bf-4cfa-a435-7b2a93b3e7cc,f27196f2-97b8-4802-8372-aad6b4900671,c1,DROP,445,?,e4,
1769364964.0775456,RECEIVED,9f5ece43-06cf-45da-99f8-df374859e37c,181156a8-273c-4c97-938d-ed9f2bc03516,c2,None,1032,i3,?,
1769364964.114792,SENT,48dab9d4-74f8-402a-8aaf-212ec4579b54,4691918e-62a4-424d-ab24-e7ad259c87d7,c1,DROP,441,?,x5,
1769364964.1148326,FORWARDED,48dab9d4-74f8-402a-8aaf-212ec4579b54,4691918e-62a4-424d-ab24-e7ad259c87d7,c1,DROP,441,?,x5,
1769364964.3241043,RECEIVED,6eb86b9b-f643-456a-a4f3-8b6100483b20,57672ca1-7512-4a44-a73f-8777a3c1b8f1,c1,c3,1260,i6,?,
1769364964.339534,SENT,9f5ece43-06cf-45da-99f8-df374859e37c,181156a8-273c-4c97-938d-ed9f2bc03516,c2,None,700,?,p2,
1769364964.3395786,FORWARDED,9f5ece43-06cf-45da-99f8-df374859e37c,181156a8-273c-4c97-938d-ed9f2bc03516,c2,None,700,?,p2,
1769364964.3726623,SENT,c699a2a6-286b-4014-b3b2-aa0f53a4b4bf,1ed95076-275f-46ce-b051-069c9521226b,c1,DROP,441,?,i4,
1769364964.3727021,FORWARDED,c699a2a6-286b-4014-b3b2-aa0f53a4b4bf,1ed95076-275f-46ce-b051-069c9521226b,c1,DROP,441,?,i4,
1769364964.409034,SENT,6eb86b9b-f643-456a-a4f3-8b6100483b20,57672ca1-7512-4a44-a73f-8777a3c1b8f1,c1,c3,872,?,p3,
1769364964.4100096,FORWARDED,6eb86b9b-f643-456a-a4f3-8b6100483b20,57672ca1-7512-4a44-a73f-8777a3c1b8f1,c1,c3,872,?,p3,
1769364964.480188,RECEIVED,4bea95d2-3519-4839-8a26-ddc9427e0e01,dd8ea041-ad1a-4175-9466-66c7ef27344f,c2,c3,1256,i2,?,
1769364964.5127335,SENT,4bea95d2-3519-4839-8a26-ddc9427e0e01,dd8ea041-ad1a-4175-9466-66c7ef27344f,c2,c3,868,?,p3,
1769364964.5127728,FORWARDED,4bea95d2-3519-4839-8a26-ddc9427e0e01,dd8ea041-ad1a-4175-9466-66c7ef27344f,c2,c3,868,?,p3,
1769364964.59138,SENT,a71129c0-f4e5-454d-aced-3229d1861237,c1678568-629a-4b6e-b0a2-acef82b24b1b,c1,DROP,447,?,e8,
1769364964.5914202,FORWARDED,a71129c0-f4e5-454d-aced-3229d1861237,c1678568-629a-4b6e-b0a2-acef82b24b1b,c1,DROP,447,?,e8,
1769364964.8413992,RECEIVED,dd6899f7-209c-4036-bb39-fd08f6c773ea,b334da80-a5fb-44c0-b801-a79d963c9cf7,c1,DROP,688,i5,?,
1769364964.8934815,SENT,dd6899f7-209c-4036-bb39-fd08f6c773ea,b334da80-a5fb-44c0-b801-a79d963c9cf7,c1,DROP,443,?,i3,
1769364964.893521,FORWARDED,dd6899f7-209c-4036-bb39-fd08f6c773ea,b334da80-a5fb-44c0-b801-a79d963c9cf7,c1,DROP,443,?,i3,
1769364964.9856114,RECEIVED,e1e7b4af-2a80-4524-b3e0-0c338b4c30ce,38b9de32-996e-4122-a9b4-2f62f7cb42dd,c3,DROP,683,i11,?,
1769364965.057917,SENT,a88ee4a4-cea1-414b-9b5f-658410ee20ec,9f6f29c1-8952-4258-9f8a-2d45b382f3fd,c5,DROP,443,?,x6,
1769364965.0579584,FORWARDED,a88ee4a4-cea1-414b-9b5f-658410ee20ec,9f6f29c1-8952-4258-9f8a-2d45b382f3fd,c5,DROP,443,?,x6,
1769364965.21346,RECEIVED,cdac92f3-6d7e-4a26-b4e6-c28f3b8600d2,869fdbde-7ccd-4126-9bae-31e0a7b89281,c3,DROP,445,x1,?,
1769364965.2597003,RECEIVED,20c111a9-c5a2-49b2-ae68-d4f9c54d2775,58099c1c-ca2d-4763-8b1b-2db69ca996b1,c1,DROP,683,i8,?,
1769364965.297872,RECEIVED,04e6d613-2e31-4b71-a84c-05941cb52773,6b58c2bd-0e7b-4dea-ba16-d9c6a8dd26a1,c3,DROP,692,i12,?,
1769364965.305562,RECEIVED,d696508b-a88e-4658-b08f-76538cd39c2e,c6ae554b-0ce0-47d5-a74f-4fc6d27050b0,c3,DROP,687,i5,?,
1769364965.3623343,SENT,04e6d613-2e31-4b71-a84c-05941cb52773,6b58c2bd-0e7b-4dea-ba16-d9c6a8dd26a1,c3,DROP,446,?,i8,
1769364965.3623831,FORWARDED,04e6d613-2e31-4b71-a84c-05941cb52773,6b58c2bd-0e7b-4dea-ba16-d9c6a8dd26a1,c3,DROP,446,?,i8,
1769364965.400821,RECEIVED,96330222-2a8c-44a2-bdbb-a7cffe4c2fa9,c7cba5e2-42e9-4c24-a26d-7dc8be681cf6,c2,None,1028,i12,?,
1769364965.447143,RECEIVED,18ec3c4d-c38f-41d2-ac40-e1540d46357e,b6e0f9f0-dc08-4531-b212-62e2cbc98dc6,c1,DROP,689,i6,?,
1769364965.5704565,SENT,18ec3c4d-c38f-41d2-ac40-e1540d46357e,b6e0f9f0-dc08-4531-b212-62e2cbc98dc6,c1,DROP,442,?,x12,
1769364965.5705004,FORWARDED,18ec3c4d-c38f-41d2-ac40-e1540d46357e,b6e0f9f0-dc08-4531-b212-62e2cbc98dc6,c1,DROP,442,?,x12,
1769364965.5881486,RECEIVED,1dc631ba-26a4-4a70-b133-a5859da0580d,4cb31348-1046-40db-b2d9-dc2942974643,c2,DROP,683,i3,?,
1769364965.617852,SENT,96330222-2a8c-44a2-bdbb-a7cffe4c2fa9,c7cba5e2-42e9-4c24-a26d-7dc8be681cf6,c2,None,699,?,p2,
1769364965.6178966,FORWARDED,96330222-2a8c-44a2-bdbb-a7cffe4c2fa9,c7cba5e2-42e9-4c24-a26d-7dc8be681cf6,c2,None,699,?,p2,
1769364965.622815,RECEIVED,80a45ac4-cd48-4969-8b57-8892d5ac71c0,6c368426-2b16-4e08-9281-b49a6a8ebb46,c5,None,1030,i2,?,
1769364965.6714213,SENT,d696508b-a88e-4658-b08f-76538cd39c2e,c6ae554b-0ce0-47d5-a74f-4fc6d27050b0,c3,DROP,442,?,e2,
1769364965.6714618,FORWARDED,d696508b-a88e-4658-b08f-76538cd39c2e,c6ae554b-0ce0-47d5-a74f-4fc6d27050b0,c3,DROP,442,?,e2,
1769364965.800472,RECEIVED,756204b6-4faf-43bd-b43c-6b44b146412c,85fa9aab-6841-4399-8d90-2b46bfcc5185,c4,DROP,444,x1,?,
1769364965.8041167,RECEIVED,d471d567-c450-4245-90b1-4901bc4466ab,dfc5f5fd-0040-4960-b7cd-fc7636125d0f,c5,c2,1263,i5,?,
1769364965.8520257,RECEIVED,67d18fc0-4b70-4e05-a121-74ef1e698af7,6d23a9ff-0cd3-4d25-9a95-316ad5968f12,c1,DROP,691,i12,?,
1769364965.9017923,SENT,67d18fc0-4b70-4e05-a121-74ef1e698af7,6d23a9ff-0cd3-4d25-9a95-316ad5968f12,c1,DROP,446,?,i6,
1769364965.9018323,FORWARDED,67d18fc0-4b70-4e05-a121-74ef1e698af7,6d23a9ff-0cd3-4d25-9a95-316ad5968f12,c1,DROP,446,?,i6,
1769364966.0626304,RECEIVED,c7ef4852-46c3-49cd-9d0d-b2e3944ef7fd,96d8fb18-093e-453c-a1e7-a1768acc1899,c3,None,1031,i8,?,
1769364966.0731053,RECEIVED,d12cf5e9-e4de-4908-a995-bc82a8249041,fcd66d42-21bd-4119-920a-e84aa6fa58ae,c4,DROP,441,x6,?,
1769364966.0828187,SENT,20c111a9-c5a2-49b2-ae68-d4f9c54d2775,58099c1c-ca2d-4763-8b1b-2db69ca996b1,c1,DROP,441,?,i9,
1769364966.08286,FORWARDED,20c111a9-c5a2-49b2-ae68-d4f9c54d2775,58099c1c-ca2d-4763-8b1b-2db69ca996b1,c1,DROP,441,?,i9,
1769364966.1720033,RECEIVED,fbfe8766-fa7b-44ef-bf4f-3a44846837da,52bd07ed-3065-4704-b464-b9e35f3bd7ab,c5,DROP,684,i1,?,
1769364966.2802722,RECEIVED,76f08016-31bf-4f00-8b75-0fb15a29ffe0,c5c17a6f-3a86-4b6e-a67c-a9bacb6c0a95,c5,DROP,688,i7,?,
1769364966.3477905,SENT,76f08016-31bf-4f00-8b75-0fb15a29ffe0,c5c17a6f-3a86-4b6e-a67c-a9bacb6c0a95,c5,DROP,444,?,i3,
1769364966.347835,FORWARDED,76f08016-31bf-4f00-8b75-0fb15a29ffe0,c5c17a6f-3a86-4b6e-a67c-a9bacb6c0a95,c5,DROP,444,?,i3,
1769364966.4392369,SENT,d471d567-c450-4245-90b1-4901bc4466ab,dfc5f5fd-0040-4960-b7cd-fc7636125d0f,c5,c2,875,?,p2,
1769364966.4392781,FORWARDED,d471d567-c450-4245-90b1-4901bc4466ab,dfc5f5fd-0040-4960-b7cd-fc7636125d0f,c5,c2,875,?,p2,
1769364966.4633439,RECEIVED,3e477182-b3bb-42de-baaf-2f0f26382958,09fce2d4-63f5-414e-83d0-c1daa8817f42,c3,DROP,691,i11,?,
1769364966.5279536,RECEIVED,51236fb7-64c6-4377-b533-d59f5bdee83b,cc584616-dd70-4f5d-8b93-42965f9a4195,c3,DROP,692,i2,?,
1769364966.6017597,SENT,c7ef4852-46c3-49cd-9d0d-b2e3944ef7fd,96d8fb18-093e-453c-a1e7-a1768acc1899,c3,None,700,?,p2,
1769364966.601852,FORWARDED,c7ef4852-46c3-49cd-9d0d-b2e3944ef7fd,96d8fb18-093e-453c-a1e7-a1768acc1899,c3,None,700,?,p2,
1769364966.6128874,SENT,80a45ac4-cd48-4969-8b57-8892d5ac71c0,6c368426-2b16-4e08-9281-b49a6a8ebb46,c5,None,700,?,p1,
1769364966.6129289,FORWARDED,80a45ac4-cd48-4969-8b57-8892d5ac71c0,6c368426-2b16-4e08-9281-b49a6a8ebb46,c5,None,700,?,p1,
1769364966.6435337,SENT,fbfe8766-fa7b-44ef-bf4f-3a44846837da,52bd07ed-3065-4704-b464-b9e35f3bd7ab,c5,DROP,441,?,x9,
1769364966.643581,FORWARDED,fbfe8766-fa7b-44ef-bf4f-3a44846837da,52bd07ed-3065-4704-b464-b9e35f3bd7ab,c5,DROP,441,?,x9,
1769364966.649072,SENT,51236fb7-64c6-4377-b533-d59f5bdee83b,cc584616-dd70-4f5d-8b93-42965f9a4195,c3,DROP,446,?,e9,
1769364966.6491148,FORWARDED,51236fb7-64c6-4377-b533-d59f5bdee83b,cc584616-dd70-4f5d-8b93-42965f9a4195,c3,DROP,446,?,e9,
1769364966.7156134,SENT,e1e7b4af-2a80-4524-b3e0-0c338b4c30ce,38b9de32-996e-4122-a9b4-2f62f7cb42dd,c3,DROP,441,?,i2,
1769364966.7156525,FORWARDED,e1e7b4af-2a80-4524-b3e0-0c338b4c30ce,38b9de32-996e-4122-a9b4-2f62f7cb42dd,c3,DROP,441,?,i2,
1769364966.9827282,RECEIVED,44ff5a3d-3b50-494c-87dc-b7aa225d89f3,f48821ce-0093-4e9d-9930-0cfdb5255326,c2,DROP,692,i4,?,
1769364967.0225303,RECEIVED,3c56e26f-3020-4896-ae45-e54529d06f91,a58f5a3c-d4e9-4fb0-81da-2ef77ad0a0a3,c2,DROP,687,i10,?,
1769364967.1454039,SENT,3e477182-b3bb-42de-baaf-2f0f26382958,09fce2d4-63f5-414e-83d0-c1daa8817f42,c3,DROP,446,?,i6,
1769364967.1454425,FORWARDED,3e477182-b3bb-42de-baaf-2f0f26382958,09fce2d4-63f5-414e-83d0-c1daa8817f42,c3,DROP,446,?,i6,
1769364967.269714,RECEIVED,d7f84020-b823-4796-9264-aa0c50073207,69168adb-1670-417f-9dc5-1a66931fd457,c4,DROP,692,i11,?,
1769364967.2754295,RECEIVED,90a8c421-3686-45cf-a87f-62b79aae6b08,b053950c-b55c-4515-90e2-1b179ace4485,c4,DROP,682,i4,?,
1769364967.4192886,RECEIVED,5345c9fe-a60a-4c7d-ad93-44ece64031fa,cbeefcea-4df7-42bc-bec5-5faaa5de3a74,c1,DROP,687,i7,?,
1769364967.5309663,SENT,1dc631ba-26a4-4a70-b133-a5859da0580d,4cb31348-1046-40db-b2d9-dc2942974643,c2,DROP,441,?,x8,
1769364967.5310075,FORWARDED,1dc631ba-26a4-4a70-b133-a5859da0580d,4cb31348-1046-40db-b2d9-dc2942974643,c2,DROP,441,?,x8,
1769364967.547499,RECEIVED,cd2b5e83-563f-460b-b62a-41c45ecbd759,7ba44442-5a37-47f8-afc0-9403fa75689c,c5,DROP,441,x3,?,
1769364967.562516,SENT,90a8c421-3686-45cf-a87f-62b79aae6b08,b053950c-b55c-4515-90e2-1b179ace4485,c4,DROP,441,?,i6,
1769364967.562765,FORWARDED,90a8c421-3686-45cf-a87f-62b79aae6b08,b053950c-b55c-4515-90e2-1b179ace4485,c4,DROP,441,?,i6,
1769364967.6031017,SENT,44ff5a3d-3b50-494c-87dc-b7aa225d89f3,f48821ce-0093-4e9d-9930-0cfdb5255326,c2,DROP,445,?,e12,
1769364967.6031418,FORWARDED,44ff5a3d-3b50-494c-87dc-b7aa225d89f3,f48821ce-0093-4e9d-9930-0cfdb5255326,c2,DROP,445,?,e12,
1769364967.6135285,SENT,d7f84020-b823-4796-9264-aa0c50073207,69168adb-1670-417f-9dc5-1a66931fd457,c4,DROP,446,?,i2,
1769364967.6135712,FORWARDED,d7f84020-b823-4796-9264-aa0c50073207,69168adb-1670-417f-9dc5-1a66931fd457,c4,DROP,446,?,i2,
1769364968.0366416,RECEIVED,4e951cdd-6c70-40ad-b16f-97f1290b82e5,54e8ddc7-0d20-4fd1-98c2-01790cc0b363,c3,DROP,691,i10,?,
1769364968.1382968,SENT,5345c9fe-a60a-4c7d-ad93-44ece64031fa,cbeefcea-4df7-42bc-bec5-5faaa5de3a74,c1,DROP,444,?,e12,
1769364968.138857,FORWARDED,5345c9fe-a60a-4c7d-ad93-44ece64031fa,cbeefcea-4df7-42bc-bec5-5faaa5de3a74,c1,DROP,444,?,e12,
1769364968.1478584,SENT,3c56e26f-3020-4896-ae45-e54529d06f91,a58f5a3c-d4e9-4fb0-81da-2ef77ad0a0a3,c2,DROP,444,?,x5,
1769364968.1479063,FORWARDED,3c56e26f-3020-4896-ae45-e54529d06f91,a58f5a3c-d4e9-4fb0-81da-2ef77ad0a0a3,c2,DROP,444,?,x5,
1769364968.2128263,RECEIVED,09bb2db6-cc2d-4f52-9121-55aad4cd5a47,1a1ac32a-7aa7-44da-8ba6-7194df097192,c3,DROP,441,x3,?,
1769364968.2180417,SENT,4e951cdd-6c70-40ad-b16f-97f1290b82e5,54e8ddc7-0d20-4fd1-98c2-01790cc0b363,c3,DROP,445,?,x3,
1769364968.2185397,FORWARDED,4e951cdd-6c70-40ad-b16f-97f1290b82e5,54e8ddc7-0d20-4fd1-98c2-01790cc0b363,c3,DROP,445,?,x3,
1769364968.358839,RECEIVED,c6289bce-3f18-46ac-b3e8-de0deb49fdad,2365b035-329e-4223-8e04-13883fbcc142,c5,DROP,688,i2,?,
1769364968.5402784,RECEIVED,bfa45d28-b817-4094-b241-30d36e55276a,f4907c5e-8663-4dd5-8c69-3208cc469cf5,c2,DROP,687,i10,?,
1769364968.5609877,RECEIVED,58ee3162-edef-431b-8d4c-1152933831fa,3d76e596-b830-4040-b1c4-7abb16f896ad,c3,c5,1259,i5,?,
1769364968.5938447,SENT,c6289bce-3f18-46ac-b3e8-de0deb49fdad,2365b035-329e-4223-8e04-13883fbcc142,c5,DROP,442,?,x5,
1769364968.5938838,FORWARDED,c6289bce-3f18-46ac-b3e8-de0deb49fdad,2365b035-329e-4223-8e04-13883fbcc142,c5,DROP,442,?,x5,
1769364968.6431556,RECEIVED,95cccce2-ca7c-4662-a3fd-5e085ecd07d2,00970021-4b51-47db-9f74-0cd26f8f0fa0,c1,DROP,687,i6,?,
1769364968.7722626,RECEIVED,8d053866-f7f5-4aa7-9476-deef590a4d42,9aa2e1f0-4243-4e3a-986f-6b126629e812,c5,DROP,692,i8,?,
1769364968.7815888,RECEIVED,c624201d-2032-4045-bd32-db34b62d0fd9,b1857ce3-cf1b-4548-990f-6734ffbf615f,c1,DROP,685,i3,?,
1769364968.811479,RECEIVED,8489277d-0e4e-4dfc-be90-9bad3e28d18b,eed8516f-e13d-49d5-9140-a695ccc278c9,c2,DROP,683,i11,?,
1769364968.8953042,SENT,58ee3162-edef-431b-8d4c-1152933831fa,3d76e596-b830-4040-b1c4-7abb16f896ad,c3,c5,871,?,p2,
1769364968.8953454,FORWARDED,58ee3162-edef-431b-8d4c-1152933831fa,3d76e596-b830-4040-b1c4-7abb16f896ad,c3,c5,871,?,p2,
1769364968.896952,RECEIVED,2c2ed858-1cf5-4e42-ae1e-c3603b3b0b49,184c572c-ee60-42f3-991c-bcce547059d9,c5,DROP,683,i4,?,
1769364968.9002223,RECEIVED,eff2a917-80e4-42c7-84fe-77720b85863b,ab20b6ff-6334-467f-9c8f-07a052ee6897,c5,DROP,683,i9,?,
1769364968.902369,RECEIVED,7c008575-db67-4b52-bff2-d9164c7df183,27c5482d-410d-40d2-8398-4b82cbc8d01a,c3,None,1030,i11,?,
1769364968.9188015,RECEIVED,c68dfe6e-4aac-474f-9d36-7a6ca2be9a6e,e6588ebe-c466-4367-ad4f-6f862b24dba5,c2,c3,1265,i11,?,
1769364968.9340303,RECEIVED,fdc55fe2-26c0-42bc-813e-fc2f61b52ac6,2ba61806-ef5e-401e-8703-03e4be71c00b,c4,DROP,441,x9,?,
1769364968.9944522,RECEIVED,05ad5950-4897-4305-85d2-eb5409974ef3,4290d2eb-5ee5-447d-aabb-091901667677,c3,c5,1263,i12,?,
1769364969.0028107,SENT,c68dfe6e-4aac-474f-9d36-7a6ca2be9a6e,e6588ebe-c466-4367-ad4f-6f862b24dba5,c2,c3,876,?,p3,
1769364969.0028512,FORWARDED,c68dfe6e-4aac-474f-9d36-7a6ca2be9a6e,e6588ebe-c466-4367-ad4f-6f862b24dba5,c2,c3,876,?,p3,
1769364969.0055237,RECEIVED,6eb6c521-928b-4d29-8127-da6a70ece36b,956bcbd3-cf3c-4c24-8beb-20f82aa4313d,c3,c5,1255,i6,?,
1769364969.039323,RECEIVED,9acd4ae9-6562-4f4c-a485-954af923477a,c405ddd4-4d7c-4488-8d54-0ef246b0c2af,c5,None,1028,i3,?,
1769364969.0942988,SENT,8d053866-f7f5-4aa7-9476-deef590a4d42,9aa2e1f0-4243-4e3a-986f-6b126629e812,c5,DROP,446,?,x11,
1769364969.0943387,FORWARDED,8d053866-f7f5-4aa7-9476-deef590a4d42,9aa2e1f0-4243-4e3a-986f-6b126629e812,c5,DROP,446,?,x11,
1769364969.1038942,SENT,eff2a917-80e4-42c7-84fe-77720b85863b,ab20b6ff-6334-467f-9c8f-07a052ee6897,c5,DROP,441,?,i8,
1769364969.1039326,FORWARDED,eff2a917-80e4-42c7-84fe-77720b85863b,ab20b6ff-6334-467f-9c8f-07a052ee6897,c5,DROP,441,?,i8,
1769364969.1681917,SENT,c624201d-2032-4045-bd32-db34b62d0fd9,b1857ce3-cf1b-4548-990f-6734ffbf615f,c1,DROP,441,?,x11,
1769364969.1682332,FORWARDED,c624201d-2032-4045-bd32-db34b62d0fd9,b1857ce3-cf1b-4548-990f-6734ffbf615f,c1,DROP,441,?,x11,
1769364969.1827464,SENT,9acd4ae9-6562-4f4c-a485-954af923477a,c405ddd4-4d7c-4488-8d54-0ef246b0c2af,c5,None,699,?,p3,
1769364969.1827881,FORWARDED,9acd4ae9-6562-4f4c-a485-954af923477a,c405ddd4-4d7c-4488-8d54-0ef246b0c2af,c5,None,699,?,p3,
1769364969.2160892,RECEIVED,2011b72f-67af-44d5-ad61-027820ef93f3,ed5c8e92-b8e3-4643-95fd-713f039432af,c5,DROP,693,i7,?,
1769364969.2259223,SENT,bfa45d28-b817-4094-b241-30d36e55276a,f4907c5e-8663-4dd5-8c69-3208cc469cf5,c2,DROP,442,?,e1,
1769364969.225991,FORWARDED,bfa45d28-b817-4094-b241-30d36e55276a,f4907c5e-8663-4dd5-8c69-3208cc469cf5,c2,DROP,442,?,e1,
1769364969.287617,RECEIVED,900000b4-a097-41b3-afc5-a40cc32babcf,f7013d21-794e-449b-9f82-d49313a4d775,c5,DROP,683,i6,?,
1769364969.3021085,RECEIVED,4c5b3bba-2a40-4b8a-b368-86925cbfa99d,e8491822-ae61-40ae-af8a-778256dc60b2,c4,DROP,441,x7,?,
1769364969.3487763,SENT,95cccce2-ca7c-4662-a3fd-5e085ecd07d2,00970021-4b51-47db-9f74-0cd26f8f0fa0,c1,DROP,442,?,x7,
1769364969.3488197,FORWARDED,95cccce2-ca7c-4662-a3fd-5e085ecd07d2,00970021-4b51-47db-9f74-0cd26f8f0fa0,c1,DROP,442,?,x7,
1769364969.4657588,RECEIVED,7c4e45c5-7adb-44ce-86ae-a03b43b0a8e8,cec88fe9-53a2-4423-bd5e-d9c011390a01,c2,c3,1259,i8,?,
1769364969.4991138,SENT,8489277d-0e4e-4dfc-be90-9bad3e28d18b,eed8516f-e13d-49d5-9140-a695ccc278c9,c2,DROP,441,?,x4,
1769364969.4991872,FORWARDED,8489277d-0e4e-4dfc-be90-9bad3e28d18b,eed8516f-e13d-49d5-9140-a695ccc278c9,c2,DROP,441,?,x4,
1769364969.5726244,SENT,2011b72f-67af-44d5-ad61-027820ef93f3,ed5c8e92-b8e3-4643-95fd-713f039432af,c5,DROP,445,?,i12,
1769364969.5726662,FORWARDED,2011b72f-67af-44d5-ad61-027820ef93f3,ed5c8e92-b8e3-4643-95fd-713f039432af,c5,DROP,445,?,i12,
1769364969.6338878,SENT,7c008575-db67-4b52-bff2-d9164c7df183,27c5482d-410d-40d2-8398-4b82cbc8d01a,c3,None,700,?,p1,
1769364969.633937,FORWARDED,7c008575-db67-4b52-bff2-d9164c7df183,27c5482d-410d-40d2-8398-4b82cbc8d01a,c3,None,700,?,p1,
1769364969.7385643,SENT,05ad5950-4897-4305-85d2-eb5409974ef3,4290d2eb-5ee5-447d-aabb-091901667677,c3,c5,876,?,p2,
1769364969.7385957,FORWARDED,05ad5950-4897-4305-85d2-eb5409974ef3,4290d2eb-5ee5-447d-aabb-091901667677,c3,c5,876,?,p2,
1769364969.7723224,SENT,7c4e45c5-7adb-44ce-86ae-a03b43b0a8e8,cec88fe9-53a2-4423-bd5e-d9c011390a01,c2,c3,872,?,p3,
1769364969.7723637,FORWARDED,7c4e45c5-7adb-44ce-86ae-a03b43b0a8e8,cec88fe9-53a2-4423-bd5e-d9c011390a01,c2,c3,872,?,p3,
1769364969.782866,SENT,6eb6c521-928b-4d29-8127-da6a70ece36b,956bcbd3-cf3c-4c24-8beb-20f82aa4313d,c3,c5,870,?,p2,
1769364969.7829056,FORWARDED,6eb6c521-928b-4d29-8127-da6a70ece36b,956bcbd3-cf3c-4c24-8beb-20f82aa4313d,c3,c5,870,?,p2,
1769364969.8589451,RECEIVED,7005a622-85ea-417f-b8e5-98198dd0a6d5,f225a4db-83e5-4568-9287-228559b7c283,c4,DROP,446,x2,?,
1769364969.933388,RECEIVED,923ed600-3534-4de7-9aac-d1b1931b28e1,7d57ed7f-0db1-4b0c-a221-feb5e8893d40,c5,DROP,447,x11,?,
1769364970.0917063,RECEIVED,32124691-76e8-46a0-8ed8-beb7b57b61a5,57326c34-7bdb-448c-bc32-bbb8b7afdb91,c5,DROP,692,i11,?,
1769364970.128132,SENT,2c2ed858-1cf5-4e42-ae1e-c3603b3b0b49,184c572c-ee60-42f3-991c-bcce547059d9,c5,DROP,441,?,x4,
1769364970.1281705,FORWARDED,2c2ed858-1cf5-4e42-ae1e-c3603b3b0b49,184c572c-ee60-42f3-991c-bcce547059d9,c5,DROP,441,?,x4,
1769364970.1624076,RECEIVED,8a5f2ac9-b78f-48a4-a94c-57296ebb48ca,5dbec77a-f266-41d7-8961-8d54b5c26e9b,c1,DROP,684,i4,?,
1769364970.2782605,SENT,900000b4-a097-41b3-afc5-a40cc32babcf,f7013d21-794e-449b-9f82-d49313a4d775,c5,DROP,441,?,e3,
1769364970.2783012,FORWARDED,900000b4-a097-41b3-afc5-a40cc32babcf,f7013d21-794e-449b-9f82-d49313a4d775,c5,DROP,441,?,e3,
1769364970.356677,SENT,8a5f2ac9-b78f-48a4-a94c-57296ebb48ca,5dbec77a-f266-41d7-8961-8d54b5c26e9b,c1,DROP,441,?,e8,
1769364970.3567185,FORWARDED,8a5f2ac9-b78f-48a4-a94c-57296ebb48ca,5dbec77a-f266-41d7-8961-8d54b5c26e9b,c1,DROP,441,?,e8,
1769364970.4488816,SENT,32124691-76e8-46a0-8ed8-beb7b57b61a5,57326c34-7bdb-448c-bc32-bbb8b7afdb91,c5,DROP,445,?,e12,
1769364970.4489257,FORWARDED,32124691-76e8-46a0-8ed8-beb7b57b61a5,57326c34-7bdb-448c-bc32-bbb8b7afdb91,c5,DROP,445,?,e12,
1769364970.5153985,RECEIVED,1a301e7e-0036-4052-998f-a383185e4165,a342466f-6b01-427d-9a09-d4bacae69388,c1,DROP,688,i1,?,
1769364970.5205498,RECEIVED,49277b87-c58a-4d56-9720-b6cb2501dd47,7ab77411-12e7-4b28-94e9-e42e1b3df716,c4,DROP,693,i9,?,
1769364970.6209123,SENT,49277b87-c58a-4d56-9720-b6cb2501dd47,7ab77411-12e7-4b28-94e9-e42e1b3df716,c4,DROP,445,?,e10,
1769364970.6209557,FORWARDED,49277b87-c58a-4d56-9720-b6cb2501dd47,7ab77411-12e7-4b28-94e9-e42e1b3df716,c4,DROP,445,?,e10,
1769364970.676099,RECEIVED,b30d575b-6cf3-403c-a94d-8610076d3b2d,f3d3eeba-ef03-4e24-ad8c-ec8d762f2c61,c1,DROP,444,x8,?,
1769364970.8712215,SENT,1a301e7e-0036-4052-998f-a383185e4165,a342466f-6b01-427d-9a09-d4bacae69388,c1,DROP,442,?,x12,
1769364970.8715017,FORWARDED,1a301e7e-0036-4052-998f-a383185e4165,a342466f-6b01-427d-9a09-d4bacae69388,c1,DROP,442,?,x12,
1769364971.1474638,RECEIVED,76a47ea4-c41e-448c-9489-b650edd469d7,96b49552-c10b-4d47-9dc1-efbdaed1d70b,c4,DROP,682,i5,?,
1769364971.2403023,RECEIVED,e324c598-bb89-4ce3-b270-d424e61024a3,636fe1d1-cd9a-458b-b5b7-5f180faa7b0a,c3,DROP,687,i1,?,
1769364971.3582828,RECEIVED,11ccf011-f0ec-4850-96a7-a4cafb2297da,19a48779-6205-4691-919e-1bb99c01bf1d,c3,DROP,687,i8,?,
1769364971.6979754,SENT,e324c598-bb89-4ce3-b270-d424e61024a3,636fe1d1-cd9a-458b-b5b7-5f180faa7b0a,c3,DROP,444,?,x7,
1769364971.6980162,FORWARDED,e324c598-bb89-4ce3-b270-d424e61024a3,636fe1d1-cd9a-458b-b5b7-5f180faa7b0a,c3,DROP,444,?,x7,
1769364971.7148244,RECEIVED,bd66a2b9-af2c-4b35-9567-8cb2b5c0ea3a,b6610241-9b8c-4752-9027-e03a1c1fd7c5,c3,None,1032,i9,?,
1769364971.8034072,SENT,bd66a2b9-af2c-4b35-9567-8cb2b5c0ea3a,b6610241-9b8c-4752-9027-e03a1c1fd7c5,c3,None,700,?,p2,
1769364971.8034513,FORWARDED,bd66a2b9-af2c-4b35-9567-8cb2b5c0ea3a,b6610241-9b8c-4752-9027-e03a1c1fd7c5,c3,None,700,?,p2,
1769364971.8146603,SENT,11ccf011-f0ec-4850-96a7-a4cafb2297da,19a48779-6205-4691-919e-1bb99c01bf1d,c3,DROP,442,?,x4,
1769364971.8147044,FORWARDED,11ccf011-f0ec-4850-96a7-a4cafb2297da,19a48779-6205-4691-919e-1bb99c01bf1d,c3,DROP,442,?,x4,
1769364971.8321903,RECEIVED,07c1726a-fefc-4d6e-b151-4753d7ab30b0,e66beeed-439f-4095-877a-a3e8df1b5bb5,c5,DROP,683,i7,?,
1769364971.8783367,RECEIVED,99e346b0-4e43-490b-a106-368289969d32,c4c3677b-2b58-4890-9449-fadaaf004ce4,c5,DROP,692,i7,?,
1769364972.0480917,RECEIVED,cbc7f26b-9704-4a15-8051-2e0a0ce790fa,4c48030a-5677-4b99-8c3f-2ce5e44d2a1b,c5,DROP,683,i2,?,
1769364972.0822153,RECEIVED,53c29fa3-9f9e-4b29-b283-bc5160878526,c467a2a5-93cd-43d1-b7ff-856b507ac42d,c3,c5,1259,i2,?,
1769364972.1360016,RECEIVED,bd929350-928b-444f-86c8-8c45640ac93d,be0c08ed-f093-48ae-bcbc-d0b79fd3bd42,c3,c5,1264,i5,?,
1769364972.2100444,SENT,bd929350-928b-444f-86c8-8c45640ac93d,be0c08ed-f093-48ae-bcbc-d0b79fd3bd42,c3,c5,875,?,p2,
1769364972.2101104,FORWARDED,bd929350-928b-444f-86c8-8c45640ac93d,be0c08ed-f093-48ae-bcbc-d0b79fd3bd42,c3,c5,875,?,p2,
1769364972.2177477,SENT,76a47ea4-c41e-448c-9489-b650edd469d7,96b49552-c10b-4d47-9dc1-efbdaed1d70b,c4,DROP,441,?,e6,
1769364972.2177935,FORWARDED,76a47ea4-c41e-448c-9489-b650edd469d7,96b49552-c10b-4d47-9dc1-efbdaed1d70b,c4,DROP,441,?,e6,
1769364972.2576253,RECEIVED,f267d8a6-98e2-4d8b-af2a-10f598d6b191,d53137e3-6872-4ef0-a7f2-8e19e7996232,c2,None,1036,i2,?,
1769364972.2612016,SENT,99e346b0-4e43-490b-a106-368289969d32,c4c3677b-2b58-4890-9449-fadaaf004ce4,c5,DROP,447,?,e10,
1769364972.2612474,FORWARDED,99e346b0-4e43-490b-a106-368289969d32,c4c3677b-2b58-4890-9449-fadaaf004ce4,c5,DROP,447,?,e10,
1769364972.2953756,RECEIVED,493be5a4-6f1a-4b3b-9709-ebe9382ae3fe,cc30fa53-6da9-49b6-857a-ea2774cfd9f3,c2,DROP,687,i1,?,
1769364972.3053825,SENT,07c1726a-fefc-4d6e-b151-4753d7ab30b0,e66beeed-439f-4095-877a-a3e8df1b5bb5,c5,DROP,440,?,e6,
1769364972.3054218,FORWARDED,07c1726a-fefc-4d6e-b151-4753d7ab30b0,e66beeed-439f-4095-877a-a3e8df1b5bb5,c5,DROP,440,?,e6,
1769364972.4389699,RECEIVED,a467fb88-6544-48c7-98ad-7945d07da0ac,9fad4975-2be0-444e-9836-3c3f392f7418,c5,DROP,445,x6,?,
1769364972.5968735,SENT,cbc7f26b-9704-4a15-8051-2e0a0ce790fa,4c48030a-5677-4b99-8c3f-2ce5e44d2a1b,c5,DROP,441,?,e6,
1769364972.5969157,FORWARDED,cbc7f26b-9704-4a15-8051-2e0a0ce790fa,4c48030a-5677-4b99-8c3f-2ce5e44d2a1b,c5,DROP,441,?,e6,
1769364972.5999055,RECEIVED,2568c253-47ce-44bc-a6e8-e3a4b1db0686,990189d3-13b9-4c94-9a50-efce66ff0cc0,c1,DROP,692,i10,?,
1769364972.6287198,SENT,f267d8a6-98e2-4d8b-af2a-10f598d6b191,d53137e3-6872-4ef0-a7f2-8e19e7996232,c2,None,704,?,p2,
1769364972.6288548,FORWARDED,f267d8a6-98e2-4d8b-af2a-10f598d6b191,d53137e3-6872-4ef0-a7f2-8e19e7996232,c2,None,704,?,p2,
1769364972.6505249,SENT,2568c253-47ce-44bc-a6e8-e3a4b1db0686,990189d3-13b9-4c94-9a50-efce66ff0cc0,c1,DROP,445,?,e6,
1769364972.650566,FORWARDED,2568c253-47ce-44bc-a6e8-e3a4b1db0686,990189d3-13b9-4c94-9a50-efce66ff0cc0,c1,DROP,445,?,e6,
1769364972.812495,RECEIVED,95771ad5-389e-40a6-bd0c-6f6e94a09266,2c62d2f5-3ab9-4b43-9767-d63122a93d7e,c1,DROP,692,i12,?,
1769364972.830602,RECEIVED,8c5da147-3dd0-49e3-8936-0aa50ce8f0cf,5cbf4f84-b068-4667-b550-98acac86ec3e,c1,DROP,691,i7,?,
1769364972.852711,RECEIVED,b58d8c93-75c8-4165-ae68-fbedfc826048,a021049e-575a-46b4-a375-d41f6911bd24,c4,DROP,688,i1,?,
1769364972.9259274,RECEIVED,da862812-6768-430e-9abf-9dc03e692ce7,a1b441a8-dfe4-49d1-9f0a-16cf6f189696,c1,DROP,442,x6,?,
1769364972.926618,RECEIVED,53ad66bd-3cbe-4571-8a7d-cc4174ebb088,c0b87e1e-6653-4031-b778-b8bad45fe4fa,c3,DROP,692,i10,?,
1769364972.9832575,RECEIVED,c62af033-7e5b-4703-bc8e-8a0f31fdcb53,b7245a2a-90f6-4152-a129-5e3e23693a90,c1,DROP,445,x7,?,
1769364973.001489,SENT,b58d8c93-75c8-4165-ae68-fbedfc826048,a021049e-575a-46b4-a375-d41f6911bd24,c4,DROP,442,?,x5,
1769364973.0015364,FORWARDED,b58d8c93-75c8-4165-ae68-fbedfc826048,a021049e-575a-46b4-a375-d41f6911bd24,c4,DROP,442,?,x5,
1769364973.071949,RECEIVED,c203ee8a-181c-49d4-ab96-3989b528a156,72a85c68-9b16-4b07-a74e-3a79577d659a,c4,c5,1263,i6,?,
1769364973.099661,SENT,95771ad5-389e-40a6-bd0c-6f6e94a09266,2c62d2f5-3ab9-4b43-9767-d63122a93d7e,c1,DROP,445,?,x11,
1769364973.0996945,FORWARDED,95771ad5-389e-40a6-bd0c-6f6e94a09266,2c62d2f5-3ab9-4b43-9767-d63122a93d7e,c1,DROP,445,?,x11,
1769364973.138661,SENT,493be5a4-6f1a-4b3b-9709-ebe9382ae3fe,cc30fa53-6da9-49b6-857a-ea2774cfd9f3,c2,DROP,442,?,i2,
1769364973.1388903,FORWARDED,493be5a4-6f1a-4b3b-9709-ebe9382ae3fe,cc30fa53-6da9-49b6-857a-ea2774cfd9f3,c2,DROP,442,?,i2,
