timestamp,event_type,packet_id,message_id,src,dst,size,prev_hop,next_hop,flags
1769500632.4458926,RECEIVED,62246829-25d6-49a7-b0b5-f27fc4a8f2f6,4c43cb87-8145-40ef-a043-5f799c177c7b,c4,DROP,1448,p1,?,
1769500632.5057054,SENT,62246829-25d6-49a7-b0b5-f27fc4a8f2f6,4c43cb87-8145-40ef-a043-5f799c177c7b,c4,DROP,1012,?,i5,
1769500632.505835,FORWARDED,62246829-25d6-49a7-b0b5-f27fc4a8f2f6,4c43cb87-8145-40ef-a043-5f799c177c7b,c4,DROP,1012,?,i5,
1769500632.5527983,RECEIVED,c9ef7fec-79c0-4e7a-b435-d66c688e7124,74bcd0b9-8303-4ad3-b069-7b412fe8906c,c2,DROP,1441,p2,?,
1769500632.5775688,SENT,c9ef7fec-79c0-4e7a-b435-d66c688e7124,74bcd0b9-8303-4ad3-b069-7b412fe8906c,c2,DROP,1008,?,i6,
1769500632.5776799,FORWARDED,c9ef7fec-79c0-4e7a-b435-d66c688e7124,74bcd0b9-8303-4ad3-b069-7b412fe8906c,c2,DROP,1008,?,i6,
1769500633.189573,RECEIVED,b171d4ef-8fdc-46e5-ab35-027035cdf59f,d49244c5-ea23-42ec-a896-08aae1ec42ce,c1,DROP,1441,p1,?,
1769500633.200406,SENT,b171d4ef-8fdc-46e5-ab35-027035cdf59f,d49244c5-ea23-42ec-a896-08aae1ec42ce,c1,DROP,1007,?,i4,
1769500633.200522,FORWARDED,b171d4ef-8fdc-46e5-ab35-027035cdf59f,d49244c5-ea23-42ec-a896-08aae1ec42ce,c1,DROP,1007,?,i4,
1769500633.2722983,RECEIVED,bfa455d6-31ec-429f-bc2f-760d78738420,2fee01a7-11db-4bf1-b4a0-a2e118069b6d,c2,DROP,1454,p2,?,
1769500633.3070402,RECEIVED,90e44bfb-8004-4f9b-b19d-d6df4ccfdadc,8c01aa54-86c2-4b17-9330-e702ab7c16cb,c3,DROP,443,x5,?,
1769500633.3578176,RECEIVED,67d56a2b-9b89-4ade-b3d7-0acb69f4f0e4,3ee7e698-4eac-404a-b098-206c3d6914b7,c4,DROP,1443,p1,?,
1769500633.4763029,RECEIVED,e1b45ab3-376b-4f21-9af4-cb08fca9ac13,237935c4-5d48-45ef-96b5-c5c4f529d8ec,c4,DROP,1452,p1,?,
1769500633.512874,SENT,67d56a2b-9b89-4ade-b3d7-0acb69f4f0e4,3ee7e698-4eac-404a-b098-206c3d6914b7,c4,DROP,1011,?,i2,
1769500633.512978,FORWARDED,67d56a2b-9b89-4ade-b3d7-0acb69f4f0e4,3ee7e698-4eac-404a-b098-206c3d6914b7,c4,DROP,1011,?,i2,
1769500633.5175915,RECEIVED,b7472652-f4c7-4b6e-9ace-c50a1a2c359a,ba267682-ecf5-4c8c-a020-63a39710ba58,c5,DROP,1447,p2,?,
1769500633.6212904,SENT,e1b45ab3-376b-4f21-9af4-cb08fca9ac13,237935c4-5d48-45ef-96b5-c5c4f529d8ec,c4,DROP,1015,?,i6,
1769500633.6214066,FORWARDED,e1b45ab3-376b-4f21-9af4-cb08fca9ac13,237935c4-5d48-45ef-96b5-c5c4f529d8ec,c4,DROP,1015,?,i6,
1769500633.6348171,RECEIVED,14394460-d856-461c-bde8-22f971e1ff02,aeff6f5c-01e8-42e4-bbe7-4cbf0eee0a6f,c5,DROP,1448,p2,?,
1769500633.7315018,SENT,14394460-d856-461c-bde8-22f971e1ff02,aeff6f5c-01e8-42e4-bbe7-4cbf0eee0a6f,c5,DROP,1013,?,i3,
1769500633.731619,FORWARDED,14394460-d856-461c-bde8-22f971e1ff02,aeff6f5c-01e8-42e4-bbe7-4cbf0eee0a6f,c5,DROP,1013,?,i3,
1769500633.9952796,SENT,bfa455d6-31ec-429f-bc2f-760d78738420,2fee01a7-11db-4bf1-b4a0-a2e118069b6d,c2,DROP,1019,?,i11,
1769500633.9953957,FORWARDED,bfa455d6-31ec-429f-bc2f-760d78738420,2fee01a7-11db-4bf1-b4a0-a2e118069b6d,c2,DROP,1019,?,i11,
1769500634.1375422,SENT,b7472652-f4c7-4b6e-9ace-c50a1a2c359a,ba267682-ecf5-4c8c-a020-63a39710ba58,c5,DROP,1012,?,i2,
1769500634.1376247,FORWARDED,b7472652-f4c7-4b6e-9ace-c50a1a2c359a,ba267682-ecf5-4c8c-a020-63a39710ba58,c5,DROP,1012,?,i2,
1769500634.1474423,RECEIVED,49ebeb94-72f5-4307-95f4-5849bf40e125,1f5e66e0-7c09-4789-969e-3af9ae83a3b1,c2,DROP,1438,p2,?,
1769500634.2739458,RECEIVED,54bcbd06-8db7-4dda-812b-2d0cc1fa1dd5,0c7d1052-79de-4795-bbe7-84c8895eb9ac,c2,c1,2464,p2,?,
1769500634.2841516,RECEIVED,023f6fc8-4e21-43a5-9e33-c98631d1a90d,da43b35a-ecd5-4991-8c22-466292d76aeb,c4,c3,2463,p1,?,
1769500634.530535,RECEIVED,8f247a63-c55a-4fe2-99bf-165ad68d1a76,dfd6efe5-821a-4ea2-bce8-8423a57315dd,c2,DROP,1448,p2,?,
1769500634.6420124,SENT,8f247a63-c55a-4fe2-99bf-165ad68d1a76,dfd6efe5-821a-4ea2-bce8-8423a57315dd,c2,DROP,1012,?,i4,
1769500634.6421173,FORWARDED,8f247a63-c55a-4fe2-99bf-165ad68d1a76,dfd6efe5-821a-4ea2-bce8-8423a57315dd,c2,DROP,1012,?,i4,
1769500634.6673932,RECEIVED,bd7d3c1c-c7f9-4738-b355-483381dbe519,175bd086-770b-45e7-b6f6-cc59e25756bd,c4,DROP,1452,p1,?,
1769500634.6724267,SENT,54bcbd06-8db7-4dda-812b-2d0cc1fa1dd5,0c7d1052-79de-4795-bbe7-84c8895eb9ac,c2,c1,1776,?,i11,
1769500634.6725059,FORWARDED,54bcbd06-8db7-4dda-812b-2d0cc1fa1dd5,0c7d1052-79de-4795-bbe7-84c8895eb9ac,c2,c1,1776,?,i11,
1769500634.6767862,RECEIVED,2482fb79-8608-413b-bde5-4c11050cc1da,72e7d875-4f63-4bb8-82ba-a1c07ccecfc8,c2,None,2235,p2,?,
1769500634.724137,RECEIVED,a9b41b07-3809-43b8-957e-1bca829d29ca,ec925416-8e1d-4e3d-97e6-77ff6c815a11,c3,None,2220,p3,?,
1769500634.7647977,RECEIVED,f5f2f4df-d9b9-4674-bea8-edbcf70774e4,c54e552e-ab5c-4b60-8ca3-829ea93bd273,c2,DROP,1444,p2,?,
1769500634.7751837,SENT,a9b41b07-3809-43b8-957e-1bca829d29ca,ec925416-8e1d-4e3d-97e6-77ff6c815a11,c3,None,1592,?,i11,
1769500634.7752671,FORWARDED,a9b41b07-3809-43b8-957e-1bca829d29ca,ec925416-8e1d-4e3d-97e6-77ff6c815a11,c3,None,1592,?,i11,
1769500634.8055768,SENT,023f6fc8-4e21-43a5-9e33-c98631d1a90d,da43b35a-ecd5-4991-8c22-466292d76aeb,c4,c3,1774,?,i9,
1769500634.8056607,FORWARDED,023f6fc8-4e21-43a5-9e33-c98631d1a90d,da43b35a-ecd5-4991-8c22-466292d76aeb,c4,c3,1774,?,i9,
1769500634.8471043,RECEIVED,f52be977-2a2e-42aa-a33d-4725cb38c9c4,ab2f520a-ad1c-48a8-9e0b-ac771d48b767,c1,DROP,1448,p1,?,
1769500634.8891418,SENT,f5f2f4df-d9b9-4674-bea8-edbcf70774e4,c54e552e-ab5c-4b60-8ca3-829ea93bd273,c2,DROP,1011,?,i1,
1769500634.8892245,FORWARDED,f5f2f4df-d9b9-4674-bea8-edbcf70774e4,c54e552e-ab5c-4b60-8ca3-829ea93bd273,c2,DROP,1011,?,i1,
1769500635.0084503,SENT,bd7d3c1c-c7f9-4738-b355-483381dbe519,175bd086-770b-45e7-b6f6-cc59e25756bd,c4,DROP,1015,?,i1,
1769500635.0085342,FORWARDED,bd7d3c1c-c7f9-4738-b355-483381dbe519,175bd086-770b-45e7-b6f6-cc59e25756bd,c4,DROP,1015,?,i1,
1769500635.0304046,SENT,f52be977-2a2e-42aa-a33d-4725cb38c9c4,ab2f520a-ad1c-48a8-9e0b-ac771d48b767,c1,DROP,1013,?,i2,
1769500635.0304847,FORWARDED,f52be977-2a2e-42aa-a33d-4725cb38c9c4,ab2f520a-ad1c-48a8-9e0b-ac771d48b767,c1,DROP,1013,?,i2,
1769500635.036201,RECEIVED,865defd3-ebd4-439d-87c1-966ccac929e1,c64b6c70-1285-40e3-97e2-e56de95a35ce,c3,DROP,1451,p3,?,
1769500635.2257383,RECEIVED,5dada20d-4838-4f6c-ad99-9c3bdb8381f8,7c336862-1ea0-4205-b782-ca8631c16b71,c5,DROP,441,x5,?,
1769500635.3223379,RECEIVED,19e926be-ae19-4409-b85a-e6c01f8df4a3,6144d884-74db-4e41-b40d-a94617d20743,c3,c4,2472,p3,?,
1769500635.442858,RECEIVED,2946043d-e2cf-45de-8248-f3d4aeaba160,8afa367e-1909-4cfb-b263-160a4a3ac4a1,c3,DROP,1439,p3,?,
1769500635.5486665,SENT,19e926be-ae19-4409-b85a-e6c01f8df4a3,6144d884-74db-4e41-b40d-a94617d20743,c3,c4,1780,?,i6,
1769500635.5487814,FORWARDED,19e926be-ae19-4409-b85a-e6c01f8df4a3,6144d884-74db-4e41-b40d-a94617d20743,c3,c4,1780,?,i6,
1769500635.5732,SENT,865defd3-ebd4-439d-87c1-966ccac929e1,c64b6c70-1285-40e3-97e2-e56de95a35ce,c3,DROP,1015,?,i7,
1769500635.573279,FORWARDED,865defd3-ebd4-439d-87c1-966ccac929e1,c64b6c70-1285-40e3-97e2-e56de95a35ce,c3,DROP,1015,?,i7,
1769500635.714821,SENT,2946043d-e2cf-45de-8248-f3d4aeaba160,8afa367e-1909-4cfb-b263-160a4a3ac4a1,c3,DROP,1007,?,i4,
1769500635.7149343,FORWARDED,2946043d-e2cf-45de-8248-f3d4aeaba160,8afa367e-1909-4cfb-b263-160a4a3ac4a1,c3,DROP,1007,?,i4,
1769500635.9008079,RECEIVED,ce38d64d-efe0-40e5-a1fa-489a332c80ec,d542909f-3af5-4acf-be4a-3ef64ef50819,c1,DROP,1449,p1,?,
1769500635.938224,SENT,ce38d64d-efe0-40e5-a1fa-489a332c80ec,d542909f-3af5-4acf-be4a-3ef64ef50819,c1,DROP,1012,?,i5,
1769500635.9383051,FORWARDED,ce38d64d-efe0-40e5-a1fa-489a332c80ec,d542909f-3af5-4acf-be4a-3ef64ef50819,c1,DROP,1012,?,i5,
1769500635.9627993,RECEIVED,5a2e4309-996e-4b6f-84b5-e4b36ab153e8,994900fe-a678-4d97-8879-fea107583869,c5,DROP,1440,p2,?,
1769500636.1910713,SENT,2482fb79-8608-413b-bde5-4c11050cc1da,72e7d875-4f63-4bb8-82ba-a1c07ccecfc8,c2,None,1604,?,i7,
1769500636.1911235,FORWARDED,2482fb79-8608-413b-bde5-4c11050cc1da,72e7d875-4f63-4bb8-82ba-a1c07ccecfc8,c2,None,1604,?,i7,
1769500636.2594995,SENT,49ebeb94-72f5-4307-95f4-5849bf40e125,1f5e66e0-7c09-4789-969e-3af9ae83a3b1,c2,DROP,1008,?,i3,
1769500636.2595472,FORWARDED,49ebeb94-72f5-4307-95f4-5849bf40e125,1f5e66e0-7c09-4789-969e-3af9ae83a3b1,c2,DROP,1008,?,i3,
1769500636.2893782,RECEIVED,c0b24ed2-109b-43be-8c00-3e774b7832b3,60d11ee0-e0ce-4c10-b36b-7af33e2c58ff,c1,c5,2448,p1,?,
1769500636.317976,RECEIVED,b2dcf81f-bb59-4491-a3df-498e6db78265,f5d09497-d5ef-4bc1-abc0-a3cf83da3be2,c1,DROP,1453,p1,?,
1769500636.3886547,RECEIVED,6ea69f95-8047-4c36-a858-959ce3886c1e,625c8407-a199-4cfd-b25d-b7258b4cc934,c3,DROP,1440,p3,?,
1769500636.4602861,RECEIVED,3a5e709e-b000-4f4d-bba9-becf7ac0606b,122f6a15-bb66-4c00-85ea-5721d0b9cf6f,c5,DROP,442,x10,?,
1769500636.4996247,SENT,b2dcf81f-bb59-4491-a3df-498e6db78265,f5d09497-d5ef-4bc1-abc0-a3cf83da3be2,c1,DROP,1015,?,i10,
1769500636.4996743,FORWARDED,b2dcf81f-bb59-4491-a3df-498e6db78265,f5d09497-d5ef-4bc1-abc0-a3cf83da3be2,c1,DROP,1015,?,i10,
1769500636.510689,RECEIVED,6333aa92-0332-4f77-8655-e1f07162ed3e,5f01d5e6-6b7c-4d74-828f-3877df1249dc,c5,DROP,1439,p2,?,
1769500636.5126693,SENT,6ea69f95-8047-4c36-a858-959ce3886c1e,625c8407-a199-4cfd-b25d-b7258b4cc934,c3,DROP,1008,?,i3,
1769500636.5127208,FORWARDED,6ea69f95-8047-4c36-a858-959ce3886c1e,625c8407-a199-4cfd-b25d-b7258b4cc934,c3,DROP,1008,?,i3,
1769500636.5718231,SENT,c0b24ed2-109b-43be-8c00-3e774b7832b3,60d11ee0-e0ce-4c10-b36b-7af33e2c58ff,c1,c5,1765,?,i7,
1769500636.571871,FORWARDED,c0b24ed2-109b-43be-8c00-3e774b7832b3,60d11ee0-e0ce-4c10-b36b-7af33e2c58ff,c1,c5,1765,?,i7,
1769500636.6211627,RECEIVED,52e67df2-cde9-4852-a5c1-64b1bded22c1,8a9657fe-7248-4a10-bc54-b0f6e764a47f,c4,DROP,1441,p1,?,
1769500636.6935108,SENT,52e67df2-cde9-4852-a5c1-64b1bded22c1,8a9657fe-7248-4a10-bc54-b0f6e764a47f,c4,DROP,1007,?,i11,
1769500636.693558,FORWARDED,52e67df2-cde9-4852-a5c1-64b1bded22c1,8a9657fe-7248-4a10-bc54-b0f6e764a47f,c4,DROP,1007,?,i11,
1769500636.698616,RECEIVED,530acc9f-b34d-4363-9de4-6cc9d2a0b8f4,191ba416-771a-435d-8468-c677ba9bd853,c4,DROP,1451,p1,?,
1769500636.9677806,SENT,530acc9f-b34d-4363-9de4-6cc9d2a0b8f4,191ba416-771a-435d-8468-c677ba9bd853,c4,DROP,1017,?,i4,
1769500636.9679227,FORWARDED,530acc9f-b34d-4363-9de4-6cc9d2a0b8f4,191ba416-771a-435d-8468-c677ba9bd853,c4,DROP,1017,?,i4,
1769500636.9825912,SENT,5a2e4309-996e-4b6f-84b5-e4b36ab153e8,994900fe-a678-4d97-8879-fea107583869,c5,DROP,1008,?,i11,
1769500636.9826486,FORWARDED,5a2e4309-996e-4b6f-84b5-e4b36ab153e8,994900fe-a678-4d97-8879-fea107583869,c5,DROP,1008,?,i11,
1769500636.9920373,RECEIVED,c01849f2-9395-4bd8-9c6c-578ad76c04dc,24c6d675-a1cd-4bd2-b1e8-dd9a09fa2778,c3,DROP,1455,p3,?,
1769500637.0172765,RECEIVED,aa7c04f8-74e0-443e-8725-1abcdfcd3715,9962e39d-d29d-4c74-af4c-77356fdd275b,c3,DROP,1452,p3,?,
1769500637.0854852,SENT,aa7c04f8-74e0-443e-8725-1abcdfcd3715,9962e39d-d29d-4c74-af4c-77356fdd275b,c3,DROP,1017,?,i6,
1769500637.0855324,FORWARDED,aa7c04f8-74e0-443e-8725-1abcdfcd3715,9962e39d-d29d-4c74-af4c-77356fdd275b,c3,DROP,1017,?,i6,
1769500637.4294963,RECEIVED,5353e8b8-796f-4d89-97b3-fc4a2905777d,94372141-ee22-4fe8-b4b5-104c57ab3697,c3,DROP,442,x4,?,
1769500637.446238,RECEIVED,12491938-b964-440c-afa8-4cdd104e5668,ac0de779-dd3f-4a10-b601-e3fdd22146ef,c1,DROP,1440,p1,?,
1769500637.4797118,RECEIVED,72fa4ca6-4cd2-4a20-93e9-4c71a26c6597,00386507-9639-40a2-8ce4-87ce9830c61f,c1,DROP,1439,p1,?,
1769500637.482783,SENT,6333aa92-0332-4f77-8655-e1f07162ed3e,5f01d5e6-6b7c-4d74-828f-3877df1249dc,c5,DROP,1008,?,i1,
1769500637.4828227,FORWARDED,6333aa92-0332-4f77-8655-e1f07162ed3e,5f01d5e6-6b7c-4d74-828f-3877df1249dc,c5,DROP,1008,?,i1,
1769500637.5001674,RECEIVED,ce609899-74c2-4034-bf7a-8df744e773db,24eabb5e-2a17-4d7e-bdc2-8099cc0ed595,c1,None,2239,p1,?,
1769500637.5732527,RECEIVED,fa9bda4b-c94c-4579-bc00-134d2a189412,31b895bb-0be4-418c-8782-93dc8f1e1c14,c4,DROP,1447,p1,?,
1769500637.5764964,SENT,c01849f2-9395-4bd8-9c6c-578ad76c04dc,24c6d675-a1cd-4bd2-b1e8-dd9a09fa2778,c3,DROP,1018,?,i5,
1769500637.5766115,FORWARDED,c01849f2-9395-4bd8-9c6c-578ad76c04dc,24c6d675-a1cd-4bd2-b1e8-dd9a09fa2778,c3,DROP,1018,?,i5,
1769500637.6394253,RECEIVED,8ad8f820-6b96-4f6e-aea2-c59df742e46e,e0e316b8-46ee-4ec4-b443-f0b990db509c,c1,DROP,1444,p1,?,
1769500637.6754088,SENT,12491938-b964-440c-afa8-4cdd104e5668,ac0de779-dd3f-4a10-b601-e3fdd22146ef,c1,DROP,1007,?,i1,
1769500637.6754491,FORWARDED,12491938-b964-440c-afa8-4cdd104e5668,ac0de779-dd3f-4a10-b601-e3fdd22146ef,c1,DROP,1007,?,i1,
1769500637.6869297,RECEIVED,2d9f427a-53d2-4473-af71-2e560d484155,ea419a89-e119-4cec-bc87-5a467e9f55d7,c1,c5,2469,p1,?,
1769500638.1023338,RECEIVED,f720308b-8b18-46f4-a650-0800e936f258,4d1f82d5-110b-49b5-82c4-8f5266ca9831,c5,DROP,1441,p2,?,
1769500638.221493,SENT,8ad8f820-6b96-4f6e-aea2-c59df742e46e,e0e316b8-46ee-4ec4-b443-f0b990db509c,c1,DROP,1009,?,i12,
1769500638.2215323,FORWARDED,8ad8f820-6b96-4f6e-aea2-c59df742e46e,e0e316b8-46ee-4ec4-b443-f0b990db509c,c1,DROP,1009,?,i12,
1769500638.2506528,SENT,f720308b-8b18-46f4-a650-0800e936f258,4d1f82d5-110b-49b5-82c4-8f5266ca9831,c5,DROP,1007,?,i10,
1769500638.250693,FORWARDED,f720308b-8b18-46f4-a650-0800e936f258,4d1f82d5-110b-49b5-82c4-8f5266ca9831,c5,DROP,1007,?,i10,
1769500638.3068023,RECEIVED,9972bf9b-d2eb-40ae-b341-440bc16d103b,f8209311-6ca7-4955-a258-f8f53815ad9f,c5,c2,2464,p2,?,
1769500638.3524516,SENT,9972bf9b-d2eb-40ae-b341-440bc16d103b,f8209311-6ca7-4955-a258-f8f53815ad9f,c5,c2,1775,?,i5,
1769500638.3524897,FORWARDED,9972bf9b-d2eb-40ae-b341-440bc16d103b,f8209311-6ca7-4955-a258-f8f53815ad9f,c5,c2,1775,?,i5,
1769500638.390169,SENT,fa9bda4b-c94c-4579-bc00-134d2a189412,31b895bb-0be4-418c-8782-93dc8f1e1c14,c4,DROP,1012,?,i2,
1769500638.3902082,FORWARDED,fa9bda4b-c94c-4579-bc00-134d2a189412,31b895bb-0be4-418c-8782-93dc8f1e1c14,c4,DROP,1012,?,i2,
1769500638.4233716,SENT,ce609899-74c2-4034-bf7a-8df744e773db,24eabb5e-2a17-4d7e-bdc2-8099cc0ed595,c1,None,1608,?,i9,
1769500638.4234135,FORWARDED,ce609899-74c2-4034-bf7a-8df744e773db,24eabb5e-2a17-4d7e-bdc2-8099cc0ed595,c1,None,1608,?,i9,
1769500638.4666934,RECEIVED,b1dc1e7c-aa88-4e68-82bb-39371cb59916,444f254d-c8f1-498b-b04d-127daaf77010,c2,DROP,1438,p2,?,
1769500638.496384,RECEIVED,f6360ef6-d6ec-4502-88fa-28241939899a,41bd01d6-63cb-4081-aecc-d954943ee4a2,c3,DROP,1446,p3,?,
1769500638.5951595,RECEIVED,3a48eb04-62f2-4dd2-bdc6-460a1920ca3a,294983ef-e9bb-49d9-bfe5-0a54b4cef33d,c4,c3,2473,p1,?,
1769500638.754771,RECEIVED,d466ec2a-57c5-45c5-aac5-e199e8d6f0fc,6cf5bd20-6e81-4f5b-b336-6d6cfd58ff83,c4,DROP,1443,p1,?,
1769500638.7938132,SENT,3a48eb04-62f2-4dd2-bdc6-460a1920ca3a,294983ef-e9bb-49d9-bfe5-0a54b4cef33d,c4,c3,1780,?,i11,
1769500638.7938542,FORWARDED,3a48eb04-62f2-4dd2-bdc6-460a1920ca3a,294983ef-e9bb-49d9-bfe5-0a54b4cef33d,c4,c3,1780,?,i11,
1769500638.9818661,SENT,b1dc1e7c-aa88-4e68-82bb-39371cb59916,444f254d-c8f1-498b-b04d-127daaf77010,c2,DROP,1007,?,i2,
1769500638.9819076,FORWARDED,b1dc1e7c-aa88-4e68-82bb-39371cb59916,444f254d-c8f1-498b-b04d-127daaf77010,c2,DROP,1007,?,i2,
1769500639.0135498,RECEIVED,3e7cdca9-f7b5-490a-9404-d455085f6855,8151b54e-b7da-4079-bcaf-bee0a8c6fd1c,c1,None,2235,p1,?,
1769500639.3937485,RECEIVED,2db00a70-21d8-4003-b1de-51ec1f8ba9ca,2e849df6-99bd-47ed-a0c4-bf87a31e473d,c2,DROP,1440,p2,?,
1769500639.4302363,RECEIVED,fb571112-bddc-4fe5-b9af-ba09de9111c4,3a5cfc3c-9d35-4d64-a582-63ab5d9b56c5,c2,c1,2464,p2,?,
1769500639.437354,RECEIVED,d5822224-5ff5-469a-9398-7400c34aa32e,d2ca71db-3b5e-4c44-9bc0-a73bd47eaef1,c1,DROP,446,x2,?,
1769500639.5017657,SENT,fb571112-bddc-4fe5-b9af-ba09de9111c4,3a5cfc3c-9d35-4d64-a582-63ab5d9b56c5,c2,c1,1776,?,i7,
1769500639.5018055,FORWARDED,fb571112-bddc-4fe5-b9af-ba09de9111c4,3a5cfc3c-9d35-4d64-a582-63ab5d9b56c5,c2,c1,1776,?,i7,
1769500639.5643094,SENT,72fa4ca6-4cd2-4a20-93e9-4c71a26c6597,00386507-9639-40a2-8ce4-87ce9830c61f,c1,DROP,1007,?,i8,
1769500639.5643492,FORWARDED,72fa4ca6-4cd2-4a20-93e9-4c71a26c6597,00386507-9639-40a2-8ce4-87ce9830c61f,c1,DROP,1007,?,i8,
1769500639.580907,SENT,3e7cdca9-f7b5-490a-9404-d455085f6855,8151b54e-b7da-4079-bcaf-bee0a8c6fd1c,c1,None,1603,?,i8,
1769500639.5809495,FORWARDED,3e7cdca9-f7b5-490a-9404-d455085f6855,8151b54e-b7da-4079-bcaf-bee0a8c6fd1c,c1,None,1603,?,i8,
1769500639.6692224,RECEIVED,181facea-d91f-45bf-8bf6-18df3d14e609,81faccf8-4f1c-4188-833c-3b93c11a14f0,c1,DROP,441,x5,?,
1769500639.6877763,RECEIVED,b474d1e1-2944-4885-a68a-d3f0c7491231,17e6906b-9978-47aa-8c55-3e1727b74c9f,c5,DROP,1440,p2,?,
1769500639.7238102,SENT,2db00a70-21d8-4003-b1de-51ec1f8ba9ca,2e849df6-99bd-47ed-a0c4-bf87a31e473d,c2,DROP,1007,?,i4,
1769500639.7238505,FORWARDED,2db00a70-21d8-4003-b1de-51ec1f8ba9ca,2e849df6-99bd-47ed-a0c4-bf87a31e473d,c2,DROP,1007,?,i4,
1769500639.7954335,RECEIVED,a12b3cd1-b58c-48fc-ac69-b11e9bb2200a,c949ba04-e3d7-4d90-9978-647aa40f035b,c5,None,2223,p2,?,
1769500639.8050265,RECEIVED,848e8fc3-967a-4222-8477-c6fb9aefc725,cd2209f6-599c-42eb-9bb1-e666ddb19dd2,c3,DROP,441,x6,?,
1769500639.9951174,SENT,d466ec2a-57c5-45c5-aac5-e199e8d6f0fc,6cf5bd20-6e81-4f5b-b336-6d6cfd58ff83,c4,DROP,1010,?,i3,
1769500639.995158,FORWARDED,d466ec2a-57c5-45c5-aac5-e199e8d6f0fc,6cf5bd20-6e81-4f5b-b336-6d6cfd58ff83,c4,DROP,1010,?,i3,
1769500640.0161097,RECEIVED,42b46031-456e-4f55-b3a6-debc9d4537fd,69592d30-3c62-48b6-9564-3bbe74f90e05,c1,DROP,1440,p1,?,
1769500640.1176088,RECEIVED,e9e4b5d7-fef3-4a69-9f75-fd2d4d236ac2,2b9658c3-cf89-48c6-8e2c-e78e731a377f,c2,DROP,1449,p2,?,
1769500640.1966715,SENT,e9e4b5d7-fef3-4a69-9f75-fd2d4d236ac2,2b9658c3-cf89-48c6-8e2c-e78e731a377f,c2,DROP,1012,?,i8,
1769500640.1967092,FORWARDED,e9e4b5d7-fef3-4a69-9f75-fd2d4d236ac2,2b9658c3-cf89-48c6-8e2c-e78e731a377f,c2,DROP,1012,?,i8,
1769500640.2110791,SENT,42b46031-456e-4f55-b3a6-debc9d4537fd,69592d30-3c62-48b6-9564-3bbe74f90e05,c1,DROP,1007,?,i2,
1769500640.2111201,FORWARDED,42b46031-456e-4f55-b3a6-debc9d4537fd,69592d30-3c62-48b6-9564-3bbe74f90e05,c1,DROP,1007,?,i2,
1769500640.2623165,RECEIVED,6930f316-2a78-4f65-be33-ff588f9f93ac,921d2623-8d79-42ab-86ea-70e7c622e13f,c4,DROP,445,x12,?,
1769500640.274903,RECEIVED,287d9200-4b12-40df-ac36-d6aafe0ae201,682d0aef-1509-431e-bc34-3e01768488e9,c1,DROP,442,x11,?,
1769500640.3240573,SENT,2d9f427a-53d2-4473-af71-2e560d484155,ea419a89-e119-4cec-bc87-5a467e9f55d7,c1,c5,1780,?,i3,
1769500640.3240993,FORWARDED,2d9f427a-53d2-4473-af71-2e560d484155,ea419a89-e119-4cec-bc87-5a467e9f55d7,c1,c5,1780,?,i3,
1769500640.4583411,SENT,f6360ef6-d6ec-4502-88fa-28241939899a,41bd01d6-63cb-4081-aecc-d954943ee4a2,c3,DROP,1013,?,i3,
1769500640.458379,FORWARDED,f6360ef6-d6ec-4502-88fa-28241939899a,41bd01d6-63cb-4081-aecc-d954943ee4a2,c3,DROP,1013,?,i3,
1769500640.522013,RECEIVED,d136593a-d1d8-43f1-a74c-17c1fe6f97b1,6919aa02-de18-48f8-9f4e-797e60b6641e,c3,None,2214,p3,?,
1769500640.7538543,SENT,b474d1e1-2944-4885-a68a-d3f0c7491231,17e6906b-9978-47aa-8c55-3e1727b74c9f,c5,DROP,1008,?,i11,
1769500640.7539546,FORWARDED,b474d1e1-2944-4885-a68a-d3f0c7491231,17e6906b-9978-47aa-8c55-3e1727b74c9f,c5,DROP,1008,?,i11,
1769500640.8334806,RECEIVED,c9a2d369-7a85-4eb5-892b-12b57a810911,b18b2f90-7dc9-4fc4-af35-8779caf62658,c5,DROP,442,x1,?,
1769500640.8423512,RECEIVED,b7f1e8b6-768d-4b84-9c87-64580b78e049,e306aab6-eced-4737-ac13-184acde5c072,c2,DROP,1440,p2,?,
1769500640.8643122,RECEIVED,3ade9632-d729-4f51-bd32-61a7c1b5aa54,43466ac0-504c-454d-b0ba-16dfa236dedd,c1,None,2248,p1,?,
1769500640.9508536,RECEIVED,adb32a73-f967-419e-88cd-15a22de69892,5d23ebd3-d9b8-4fb2-b88f-57d54c76a713,c1,DROP,1442,p1,?,
1769500640.9794102,SENT,adb32a73-f967-419e-88cd-15a22de69892,5d23ebd3-d9b8-4fb2-b88f-57d54c76a713,c1,DROP,1007,?,i11,
1769500640.9794507,FORWARDED,adb32a73-f967-419e-88cd-15a22de69892,5d23ebd3-d9b8-4fb2-b88f-57d54c76a713,c1,DROP,1007,?,i11,
1769500641.0727232,SENT,a12b3cd1-b58c-48fc-ac69-b11e9bb2200a,c949ba04-e3d7-4d90-9978-647aa40f035b,c5,None,1596,?,i11,
1769500641.072763,FORWARDED,a12b3cd1-b58c-48fc-ac69-b11e9bb2200a,c949ba04-e3d7-4d90-9978-647aa40f035b,c5,None,1596,?,i11,
1769500641.1938503,RECEIVED,cc7bf26b-89fb-42ad-896f-2265d9985281,e5acb4e3-371a-4ce8-956e-f88d28b996a9,c5,DROP,1455,p2,?,
1769500641.2716284,RECEIVED,6b19a89a-9c9b-4436-af55-3756c880fce7,3e37b853-93f8-4ca5-99e2-9077c491dd1e,c1,DROP,1440,p1,?,
1769500641.2911935,RECEIVED,a0388afc-3018-4836-baad-dbf0f1964ef6,1d2b651f-1e4d-4b57-ae98-55ca457d234b,c5,None,2239,p2,?,
1769500641.3093717,RECEIVED,93bcafc7-68c7-45a5-8bd2-da02cb96bdcf,de2c75a6-294f-4314-9a0d-855f02e5d7ed,c5,DROP,446,x12,?,
1769500641.4452424,SENT,3ade9632-d729-4f51-bd32-61a7c1b5aa54,43466ac0-504c-454d-b0ba-16dfa236dedd,c1,None,1612,?,i12,
1769500641.4453144,FORWARDED,3ade9632-d729-4f51-bd32-61a7c1b5aa54,43466ac0-504c-454d-b0ba-16dfa236dedd,c1,None,1612,?,i12,
1769500641.4571793,SENT,6b19a89a-9c9b-4436-af55-3756c880fce7,3e37b853-93f8-4ca5-99e2-9077c491dd1e,c1,DROP,1007,?,i11,
1769500641.4572194,FORWARDED,6b19a89a-9c9b-4436-af55-3756c880fce7,3e37b853-93f8-4ca5-99e2-9077c491dd1e,c1,DROP,1007,?,i11,
1769500641.6012957,RECEIVED,8e213eb2-12a1-4a21-b411-9647c597e0a9,cd21fd39-422c-42b0-8fcd-bacda3323b56,c5,c2,2453,p2,?,
1769500641.6723084,SENT,8e213eb2-12a1-4a21-b411-9647c597e0a9,cd21fd39-422c-42b0-8fcd-bacda3323b56,c5,c2,1767,?,i11,
1769500641.6723485,FORWARDED,8e213eb2-12a1-4a21-b411-9647c597e0a9,cd21fd39-422c-42b0-8fcd-bacda3323b56,c5,c2,1767,?,i11,
1769500641.916962,RECEIVED,a5ef594c-3ce9-4e1a-9853-b31ea21a39ec,982cc41e-8059-4976-ba77-b2f709e0f856,c3,None,2243,p3,?,
1769500641.9233146,RECEIVED,b53646dc-83d2-4bb3-a4dd-19853b552c1e,3f833349-b292-4721-b18a-a4c2ddeb0c9c,c2,DROP,1444,p2,?,
1769500641.9254322,SENT,cc7bf26b-89fb-42ad-896f-2265d9985281,e5acb4e3-371a-4ce8-956e-f88d28b996a9,c5,DROP,1020,?,i7,
1769500641.9254715,FORWARDED,cc7bf26b-89fb-42ad-896f-2265d9985281,e5acb4e3-371a-4ce8-956e-f88d28b996a9,c5,DROP,1020,?,i7,
1769500641.9911141,RECEIVED,82a8ee1f-08e5-4a1d-b7f3-67eb694cc45b,c40eb36f-fc85-455e-862a-b3e56d62713e,c4,DROP,1459,p1,?,
1769500642.0343761,RECEIVED,c125dc0b-1624-4d49-b70c-1d109adbb8e1,14482955-7d08-4245-8409-96da4157dbff,c3,DROP,441,x1,?,
1769500642.0612385,SENT,b53646dc-83d2-4bb3-a4dd-19853b552c1e,3f833349-b292-4721-b18a-a4c2ddeb0c9c,c2,DROP,1011,?,i2,
1769500642.0612733,FORWARDED,b53646dc-83d2-4bb3-a4dd-19853b552c1e,3f833349-b292-4721-b18a-a4c2ddeb0c9c,c2,DROP,1011,?,i2,
1769500642.0634341,RECEIVED,ad04bcc9-3524-402a-803e-dd09ce19d79e,aa83b37a-420b-4ce7-b6cf-5bd295391042,c4,DROP,1451,p1,?,
1769500642.2085636,SENT,a0388afc-3018-4836-baad-dbf0f1964ef6,1d2b651f-1e4d-4b57-ae98-55ca457d234b,c5,None,1607,?,i9,
1769500642.208604,FORWARDED,a0388afc-3018-4836-baad-dbf0f1964ef6,1d2b651f-1e4d-4b57-ae98-55ca457d234b,c5,None,1607,?,i9,
1769500642.257392,RECEIVED,fcd29a87-855a-41f8-af38-1dd2e98d1d7d,c73d3015-6325-4a4f-9930-94cf87ddad56,c3,DROP,1447,p3,?,
1769500642.272751,SENT,ad04bcc9-3524-402a-803e-dd09ce19d79e,aa83b37a-420b-4ce7-b6cf-5bd295391042,c4,DROP,1015,?,i1,
1769500642.272792,FORWARDED,ad04bcc9-3524-402a-803e-dd09ce19d79e,aa83b37a-420b-4ce7-b6cf-5bd295391042,c4,DROP,1015,?,i1,
1769500642.3606231,RECEIVED,5e042030-f762-4a98-9cb8-e98038696d7c,3367dd23-a3d6-4cf6-b27d-6fddd6fc8662,c3,DROP,1444,p3,?,
1769500642.367158,SENT,d136593a-d1d8-43f1-a74c-17c1fe6f97b1,6919aa02-de18-48f8-9f4e-797e60b6641e,c3,None,1590,?,i3,
1769500642.367198,FORWARDED,d136593a-d1d8-43f1-a74c-17c1fe6f97b1,6919aa02-de18-48f8-9f4e-797e60b6641e,c3,None,1590,?,i3,
1769500642.3942149,RECEIVED,3b77213e-fef1-44fc-95c4-5424948c3f8b,9b72ab8c-8d19-4e50-a4e3-529b482c501d,c1,DROP,1443,p1,?,
1769500642.5474677,RECEIVED,8f9907d2-7f65-4120-9d21-15a82220bebf,75182f4c-800d-4e31-8ea5-92fbafaac41a,c5,c2,2460,p2,?,
1769500642.576209,SENT,b7f1e8b6-768d-4b84-9c87-64580b78e049,e306aab6-eced-4737-ac13-184acde5c072,c2,DROP,1008,?,i10,
1769500642.5762477,FORWARDED,b7f1e8b6-768d-4b84-9c87-64580b78e049,e306aab6-eced-4737-ac13-184acde5c072,c2,DROP,1008,?,i10,
1769500642.5977452,SENT,5e042030-f762-4a98-9cb8-e98038696d7c,3367dd23-a3d6-4cf6-b27d-6fddd6fc8662,c3,DROP,1011,?,i7,
1769500642.5977843,FORWARDED,5e042030-f762-4a98-9cb8-e98038696d7c,3367dd23-a3d6-4cf6-b27d-6fddd6fc8662,c3,DROP,1011,?,i7,
1769500642.6519165,SENT,8f9907d2-7f65-4120-9d21-15a82220bebf,75182f4c-800d-4e31-8ea5-92fbafaac41a,c5,c2,1773,?,i7,
1769500642.651954,FORWARDED,8f9907d2-7f65-4120-9d21-15a82220bebf,75182f4c-800d-4e31-8ea5-92fbafaac41a,c5,c2,1773,?,i7,
1769500642.7475314,RECEIVED,351e0384-c7a9-4395-af61-769b3458c440,c2caa64f-5d7b-46ad-9449-51a48a9be23d,c3,None,2235,p3,?,
1769500642.8698294,RECEIVED,25439faf-3a2d-4fc7-9bc9-121a1b90d184,6e6b0b85-87b5-49e4-9ef9-e771c13869f3,c5,None,2249,p2,?,
1769500642.9122992,RECEIVED,21ef2a4b-238c-4583-bdc3-04efa5609268,233157e6-279f-4c10-88f7-9b99480b3798,c4,None,2224,p1,?,
1769500643.1245534,SENT,fcd29a87-855a-41f8-af38-1dd2e98d1d7d,c73d3015-6325-4a4f-9930-94cf87ddad56,c3,DROP,1012,?,i5,
1769500643.1245928,FORWARDED,fcd29a87-855a-41f8-af38-1dd2e98d1d7d,c73d3015-6325-4a4f-9930-94cf87ddad56,c3,DROP,1012,?,i5,
1769500643.12564,RECEIVED,1aaa4f0f-847b-45e0-98c0-dfd5a81a3a4a,9ae2a28f-2f0a-43bc-8939-bf5518df891c,c1,c5,2463,p1,?,
1769500643.157607,SENT,21ef2a4b-238c-4583-bdc3-04efa5609268,233157e6-279f-4c10-88f7-9b99480b3798,c4,None,1596,?,i5,
1769500643.157649,FORWARDED,21ef2a4b-238c-4583-bdc3-04efa5609268,233157e6-279f-4c10-88f7-9b99480b3798,c4,None,1596,?,i5,
1769500643.1918912,SENT,3b77213e-fef1-44fc-95c4-5424948c3f8b,9b72ab8c-8d19-4e50-a4e3-529b482c501d,c1,DROP,1009,?,i2,
1769500643.1919312,FORWARDED,3b77213e-fef1-44fc-95c4-5424948c3f8b,9b72ab8c-8d19-4e50-a4e3-529b482c501d,c1,DROP,1009,?,i2,
1769500643.2106519,SENT,82a8ee1f-08e5-4a1d-b7f3-67eb694cc45b,c40eb36f-fc85-455e-862a-b3e56d62713e,c4,DROP,1021,?,i5,
1769500643.210692,FORWARDED,82a8ee1f-08e5-4a1d-b7f3-67eb694cc45b,c40eb36f-fc85-455e-862a-b3e56d62713e,c4,DROP,1021,?,i5,
1769500643.2768524,RECEIVED,8d3113e0-7d45-4af9-830a-98096a504d76,5efd2101-cacf-4e2b-87d2-671aba033af4,c5,DROP,1451,p2,?,
1769500643.3052757,SENT,25439faf-3a2d-4fc7-9bc9-121a1b90d184,6e6b0b85-87b5-49e4-9ef9-e771c13869f3,c5,None,1613,?,i11,
1769500643.3053203,FORWARDED,25439faf-3a2d-4fc7-9bc9-121a1b90d184,6e6b0b85-87b5-49e4-9ef9-e771c13869f3,c5,None,1613,?,i11,
1769500643.4046202,RECEIVED,fe27b607-50da-4da6-aa97-8ef1a094eac9,a2b72a43-3e35-4246-bc71-d0c1e7c8d8dc,c2,None,2231,p2,?,
1769500643.5178504,SENT,8d3113e0-7d45-4af9-830a-98096a504d76,5efd2101-cacf-4e2b-87d2-671aba033af4,c5,DROP,1015,?,i4,
1769500643.517889,FORWARDED,8d3113e0-7d45-4af9-830a-98096a504d76,5efd2101-cacf-4e2b-87d2-671aba033af4,c5,DROP,1015,?,i4,
1769500643.521973,RECEIVED,ca12577b-32f6-4745-b46d-9a5439c88dc6,71ad6e49-6085-4b2f-861a-f18b3f82b09f,c5,None,2232,p2,?,
1769500643.5970166,RECEIVED,67f298b3-8e01-4619-9e81-8192e86abccf,8c98eef8-aca5-4b85-875a-e40844ce1998,c5,DROP,1439,p2,?,
1769500643.6513236,SENT,a5ef594c-3ce9-4e1a-9853-b31ea21a39ec,982cc41e-8059-4976-ba77-b2f709e0f856,c3,None,1609,?,i7,
1769500643.6513617,FORWARDED,a5ef594c-3ce9-4e1a-9853-b31ea21a39ec,982cc41e-8059-4976-ba77-b2f709e0f856,c3,None,1609,?,i7,
1769500643.718675,SENT,ca12577b-32f6-4745-b46d-9a5439c88dc6,71ad6e49-6085-4b2f-861a-f18b3f82b09f,c5,None,1600,?,i10,
1769500643.7187169,FORWARDED,ca12577b-32f6-4745-b46d-9a5439c88dc6,71ad6e49-6085-4b2f-861a-f18b3f82b09f,c5,None,1600,?,i10,
1769500643.7375312,RECEIVED,d6796d38-faa0-484e-9094-6562475ef04a,03c955f9-71de-4507-bad3-68014a609b77,c4,DROP,440,x11,?,
1769500643.8228986,SENT,351e0384-c7a9-4395-af61-769b3458c440,c2caa64f-5d7b-46ad-9449-51a48a9be23d,c3,None,1604,?,i8,
1769500643.822939,FORWARDED,351e0384-c7a9-4395-af61-769b3458c440,c2caa64f-5d7b-46ad-9449-51a48a9be23d,c3,None,1604,?,i8,
1769500643.8616188,SENT,67f298b3-8e01-4619-9e81-8192e86abccf,8c98eef8-aca5-4b85-875a-e40844ce1998,c5,DROP,1007,?,i9,
1769500643.8616593,FORWARDED,67f298b3-8e01-4619-9e81-8192e86abccf,8c98eef8-aca5-4b85-875a-e40844ce1998,c5,DROP,1007,?,i9,
1769500644.0946224,RECEIVED,5c380795-c14b-4b8b-9241-641d5ca7e014,072e0f95-a313-4f21-8216-0c1ef4f4f03e,c2,c1,2476,p2,?,
1769500644.1051605,RECEIVED,477a0694-08af-42df-a93a-7eef2d1b5e06,bc08b69e-90c5-4017-a207-2e91d3f348e4,c1,DROP,1459,p1,?,
1769500644.190746,RECEIVED,c0f62074-f007-4294-b2eb-6d3582b78b2d,c33c7ffe-e0ce-46c3-b023-698bb78a041b,c3,DROP,1444,p3,?,
1769500644.197103,RECEIVED,f5fb700f-7ef3-4b89-9e20-b3f4373926ad,4e169d89-6bbb-4d86-a54b-34a71082a4ee,c2,DROP,1455,p2,?,
1769500644.2075963,SENT,c0f62074-f007-4294-b2eb-6d3582b78b2d,c33c7ffe-e0ce-46c3-b023-698bb78a041b,c3,DROP,1009,?,i7,
1769500644.207634,FORWARDED,c0f62074-f007-4294-b2eb-6d3582b78b2d,c33c7ffe-e0ce-46c3-b023-698bb78a041b,c3,DROP,1009,?,i7,
1769500644.2111146,SENT,5c380795-c14b-4b8b-9241-641d5ca7e014,072e0f95-a313-4f21-8216-0c1ef4f4f03e,c2,c1,1783,?,i6,
1769500644.2111547,FORWARDED,5c380795-c14b-4b8b-9241-641d5ca7e014,072e0f95-a313-4f21-8216-0c1ef4f4f03e,c2,c1,1783,?,i6,
1769500644.2220237,SENT,477a0694-08af-42df-a93a-7eef2d1b5e06,bc08b69e-90c5-4017-a207-2e91d3f348e4,c1,DROP,1023,?,i10,
1769500644.2220767,FORWARDED,477a0694-08af-42df-a93a-7eef2d1b5e06,bc08b69e-90c5-4017-a207-2e91d3f348e4,c1,DROP,1023,?,i10,
1769500644.2749624,RECEIVED,22517478-2c68-420d-80ee-0893c4ceefe9,000339fa-f301-4f40-ad9b-11b030d7b3a6,c4,c3,2443,p1,?,
1769500644.2766407,RECEIVED,4eec4e32-99ba-4e9b-8448-64e1bb439b18,26194450-8ebf-4acd-8761-b5599a5c4525,c5,c2,2455,p2,?,
1769500644.4735138,RECEIVED,a82fba97-a2a6-4be9-97f2-312c8d98ca85,454bda2d-b3b7-4ec8-9b2c-9a894a1e6abf,c4,None,2232,p1,?,
1769500644.494022,SENT,f5fb700f-7ef3-4b89-9e20-b3f4373926ad,4e169d89-6bbb-4d86-a54b-34a71082a4ee,c2,DROP,1020,?,i5,
1769500644.4940917,FORWARDED,f5fb700f-7ef3-4b89-9e20-b3f4373926ad,4e169d89-6bbb-4d86-a54b-34a71082a4ee,c2,DROP,1020,?,i5,
1769500644.6335528,SENT,1aaa4f0f-847b-45e0-98c0-dfd5a81a3a4a,9ae2a28f-2f0a-43bc-8939-bf5518df891c,c1,c5,1775,?,i7,
1769500644.6335917,FORWARDED,1aaa4f0f-847b-45e0-98c0-dfd5a81a3a4a,9ae2a28f-2f0a-43bc-8939-bf5518df891c,c1,c5,1775,?,i7,
1769500644.6560163,SENT,22517478-2c68-420d-80ee-0893c4ceefe9,000339fa-f301-4f40-ad9b-11b030d7b3a6,c4,c3,1759,?,i3,
1769500644.656064,FORWARDED,22517478-2c68-420d-80ee-0893c4ceefe9,000339fa-f301-4f40-ad9b-11b030d7b3a6,c4,c3,1759,?,i3,
1769500644.7301211,SENT,fe27b607-50da-4da6-aa97-8ef1a094eac9,a2b72a43-3e35-4246-bc71-d0c1e7c8d8dc,c2,None,1600,?,i6,
1769500644.730162,FORWARDED,fe27b607-50da-4da6-aa97-8ef1a094eac9,a2b72a43-3e35-4246-bc71-d0c1e7c8d8dc,c2,None,1600,?,i6,
1769500644.968008,RECEIVED,15716294-2e26-4bad-a1d8-81dc0dae63f7,ec1838cb-138d-4e6d-8b59-d06978649df4,c4,DROP,1439,p1,?,
1769500645.0034897,RECEIVED,a401a639-4bb4-4fe5-b3c5-af3494973e50,1737abcf-e99b-4305-b3a4-b71c9f1a7af6,c4,DROP,1448,p1,?,
1769500645.139719,RECEIVED,91beb8af-8dfe-4d95-b8aa-7ba28c51bc79,96482933-8938-44ad-b953-c5287d5e34bc,c4,c3,2472,p1,?,
1769500645.2310336,SENT,a401a639-4bb4-4fe5-b3c5-af3494973e50,1737abcf-e99b-4305-b3a4-b71c9f1a7af6,c4,DROP,1012,?,i6,
1769500645.2312803,FORWARDED,a401a639-4bb4-4fe5-b3c5-af3494973e50,1737abcf-e99b-4305-b3a4-b71c9f1a7af6,c4,DROP,1012,?,i6,
1769500645.437709,SENT,a82fba97-a2a6-4be9-97f2-312c8d98ca85,454bda2d-b3b7-4ec8-9b2c-9a894a1e6abf,c4,None,1602,?,i12,
1769500645.4377506,FORWARDED,a82fba97-a2a6-4be9-97f2-312c8d98ca85,454bda2d-b3b7-4ec8-9b2c-9a894a1e6abf,c4,None,1602,?,i12,
1769500645.445688,RECEIVED,b9b666de-6f4a-43c3-ad30-a8169e008c36,dcf4ca60-69ce-4060-a793-31f639c614c6,c5,DROP,1440,p2,?,
1769500645.4509835,SENT,15716294-2e26-4bad-a1d8-81dc0dae63f7,ec1838cb-138d-4e6d-8b59-d06978649df4,c4,DROP,1007,?,i5,
1769500645.4510224,FORWARDED,15716294-2e26-4bad-a1d8-81dc0dae63f7,ec1838cb-138d-4e6d-8b59-d06978649df4,c4,DROP,1007,?,i5,
1769500645.473699,RECEIVED,9a94f10d-6641-4ebd-8af4-b1c5c853c084,9752a30b-8a3e-443a-bceb-780cd8298155,c4,c3,2451,p1,?,
1769500645.557834,RECEIVED,7a966ca9-ffe9-4891-ae06-aa4fba09fe4e,6174dab5-5e18-4a83-adb0-9a54a5d1ea98,c1,DROP,1457,p1,?,
1769500645.5735116,RECEIVED,48d6f6ec-8b06-402a-8afb-66c7703476f1,4f033ade-9898-4d3a-98af-66f0ba4e87ca,c4,c3,2460,p1,?,
1769500645.6264648,RECEIVED,1e517010-8c6b-4095-a52b-cf694b76cab3,ea14e2ba-0140-4a19-ab39-becc2ef7118d,c5,c2,2464,p2,?,
1769500645.6963532,SENT,1e517010-8c6b-4095-a52b-cf694b76cab3,ea14e2ba-0140-4a19-ab39-becc2ef7118d,c5,c2,1775,?,i4,
1769500645.6963909,FORWARDED,1e517010-8c6b-4095-a52b-cf694b76cab3,ea14e2ba-0140-4a19-ab39-becc2ef7118d,c5,c2,1775,?,i4,
1769500645.7059176,SENT,48d6f6ec-8b06-402a-8afb-66c7703476f1,4f033ade-9898-4d3a-98af-66f0ba4e87ca,c4,c3,1773,?,i5,
1769500645.7059557,FORWARDED,48d6f6ec-8b06-402a-8afb-66c7703476f1,4f033ade-9898-4d3a-98af-66f0ba4e87ca,c4,c3,1773,?,i5,
1769500645.8389418,RECEIVED,1b9ac0d2-6fab-4ac7-a8ca-8c0ce4190261,e99aa517-82c8-4e6c-9e4d-9a81c0551724,c1,DROP,1439,p1,?,
1769500645.846374,RECEIVED,4a223fb9-221c-472a-9868-078bb00ce535,012e906f-3984-4719-a99f-708c9d66da95,c5,DROP,1441,p2,?,
1769500645.903844,SENT,b9b666de-6f4a-43c3-ad30-a8169e008c36,dcf4ca60-69ce-4060-a793-31f639c614c6,c5,DROP,1007,?,i5,
1769500645.9038856,FORWARDED,b9b666de-6f4a-43c3-ad30-a8169e008c36,dcf4ca60-69ce-4060-a793-31f639c614c6,c5,DROP,1007,?,i5,
1769500645.9400024,SENT,4a223fb9-221c-472a-9868-078bb00ce535,012e906f-3984-4719-a99f-708c9d66da95,c5,DROP,1008,?,i11,
1769500645.9400425,FORWARDED,4a223fb9-221c-472a-9868-078bb00ce535,012e906f-3984-4719-a99f-708c9d66da95,c5,DROP,1008,?,i11,
1769500645.9832988,SENT,4eec4e32-99ba-4e9b-8448-64e1bb439b18,26194450-8ebf-4acd-8761-b5599a5c4525,c5,c2,1768,?,i2,
1769500645.9833467,FORWARDED,4eec4e32-99ba-4e9b-8448-64e1bb439b18,26194450-8ebf-4acd-8761-b5599a5c4525,c5,c2,1768,?,i2,
1769500645.9977274,RECEIVED,dc8e87fa-2565-40dd-af78-1175a708d149,6324878d-2abe-4e93-9ffd-c78c4c6a2f54,c3,DROP,1453,p3,?,
1769500646.029788,RECEIVED,814e570b-9592-4530-8238-5a5e9a906f28,4d7194f4-3df6-4f1c-8dd2-d8198662c250,c5,c2,2465,p2,?,
1769500646.0420759,SENT,7a966ca9-ffe9-4891-ae06-aa4fba09fe4e,6174dab5-5e18-4a83-adb0-9a54a5d1ea98,c1,DROP,1020,?,i10,
1769500646.042117,FORWARDED,7a966ca9-ffe9-4891-ae06-aa4fba09fe4e,6174dab5-5e18-4a83-adb0-9a54a5d1ea98,c1,DROP,1020,?,i10,
1769500646.0525122,RECEIVED,b212537d-e27a-4764-91db-00bcb6ffea61,96411e71-4b7c-485d-b1f8-e55e50ab902f,c1,DROP,442,x2,?,
1769500646.053602,SENT,dc8e87fa-2565-40dd-af78-1175a708d149,6324878d-2abe-4e93-9ffd-c78c4c6a2f54,c3,DROP,1015,?,i11,
1769500646.05364,FORWARDED,dc8e87fa-2565-40dd-af78-1175a708d149,6324878d-2abe-4e93-9ffd-c78c4c6a2f54,c3,DROP,1015,?,i11,
1769500646.1450973,RECEIVED,5d8cd9c5-4a7c-44c3-92e4-426ce725228c,6684a289-ff0f-4006-b01e-92b24c3f5f74,c3,DROP,1454,p3,?,
1769500646.1487172,RECEIVED,dcdfb9a9-1716-4640-993a-4a5bad6cd1c8,1d924ad5-4d62-45d4-a2d1-4d7b1875041e,c2,DROP,1448,p2,?,
1769500646.171062,SENT,5d8cd9c5-4a7c-44c3-92e4-426ce725228c,6684a289-ff0f-4006-b01e-92b24c3f5f74,c3,DROP,1015,?,i11,
1769500646.1711028,FORWARDED,5d8cd9c5-4a7c-44c3-92e4-426ce725228c,6684a289-ff0f-4006-b01e-92b24c3f5f74,c3,DROP,1015,?,i11,
1769500646.2702222,RECEIVED,69287483-749b-4b90-afd8-0c152c416b6b,3c050169-ef2c-4b63-a05f-542009737f1a,c3,DROP,441,x1,?,
1769500646.3437219,SENT,814e570b-9592-4530-8238-5a5e9a906f28,4d7194f4-3df6-4f1c-8dd2-d8198662c250,c5,c2,1775,?,i11,
1769500646.3437572,FORWARDED,814e570b-9592-4530-8238-5a5e9a906f28,4d7194f4-3df6-4f1c-8dd2-d8198662c250,c5,c2,1775,?,i11,
1769500646.3857756,SENT,dcdfb9a9-1716-4640-993a-4a5bad6cd1c8,1d924ad5-4d62-45d4-a2d1-4d7b1875041e,c2,DROP,1014,?,i4,
1769500646.385813,FORWARDED,dcdfb9a9-1716-4640-993a-4a5bad6cd1c8,1d924ad5-4d62-45d4-a2d1-4d7b1875041e,c2,DROP,1014,?,i4,
1769500646.4103677,SENT,9a94f10d-6641-4ebd-8af4-b1c5c853c084,9752a30b-8a3e-443a-bceb-780cd8298155,c4,c3,1766,?,i7,
1769500646.4104064,FORWARDED,9a94f10d-6641-4ebd-8af4-b1c5c853c084,9752a30b-8a3e-443a-bceb-780cd8298155,c4,c3,1766,?,i7,
1769500646.8160617,RECEIVED,33aaf4b6-ff26-4bf2-93ee-138abbcb23da,c66112f5-a57b-42be-8240-6f1648ad9fcf,c3,DROP,1448,p3,?,
1769500646.8462481,RECEIVED,91123d80-c408-43c0-92e1-06dd460e7909,26598b63-09e7-4aa4-885f-a14db6e32e4c,c1,None,2239,p1,?,
1769500646.9658687,RECEIVED,0d07e586-fc17-4002-94df-098b18d6e4f0,5edd264d-7dbc-42a9-a41d-b4bf59196527,c2,DROP,441,x12,?,
1769500647.1525521,RECEIVED,c9b16fcb-57dc-445d-9ca5-e3f44e48a463,3d145ab7-9ad2-4f99-9ab9-55c4b6097824,c1,None,2223,p1,?,
1769500647.154944,SENT,1b9ac0d2-6fab-4ac7-a8ca-8c0ce4190261,e99aa517-82c8-4e6c-9e4d-9a81c0551724,c1,DROP,1008,?,i1,
1769500647.1549823,FORWARDED,1b9ac0d2-6fab-4ac7-a8ca-8c0ce4190261,e99aa517-82c8-4e6c-9e4d-9a81c0551724,c1,DROP,1008,?,i1,
1769500647.247182,RECEIVED,24d1d421-2572-44c7-acf2-11fd007f9873,b6bce177-418d-4e59-aeda-e8485ce83861,c3,None,2222,p3,?,
1769500647.3176916,SENT,91123d80-c408-43c0-92e1-06dd460e7909,26598b63-09e7-4aa4-885f-a14db6e32e4c,c1,None,1607,?,i6,
1769500647.3177526,FORWARDED,91123d80-c408-43c0-92e1-06dd460e7909,26598b63-09e7-4aa4-885f-a14db6e32e4c,c1,None,1607,?,i6,
1769500647.332504,RECEIVED,776f2937-6871-4a7d-b948-0781978facde,c9eed1b0-02b6-489e-a93e-24bf09cafbf7,c5,None,2240,p2,?,
1769500647.4105978,SENT,33aaf4b6-ff26-4bf2-93ee-138abbcb23da,c66112f5-a57b-42be-8240-6f1648ad9fcf,c3,DROP,1012,?,i11,
1769500647.410632,FORWARDED,33aaf4b6-ff26-4bf2-93ee-138abbcb23da,c66112f5-a57b-42be-8240-6f1648ad9fcf,c3,DROP,1012,?,i11,
1769500647.439007,RECEIVED,45dbdd88-3738-4c4f-8059-701d86f0efa8,e767e27c-bb45-408f-8fb8-c0b45b62ca4a,c1,DROP,1440,p1,?,
1769500647.4435897,RECEIVED,7fd430ff-3e01-4f5d-8ced-cdebdbbc6de7,f4086b3a-a77f-4eb8-a6af-c12ee0ecdada,c2,None,2219,p2,?,
1769500647.5845263,SENT,91beb8af-8dfe-4d95-b8aa-7ba28c51bc79,96482933-8938-44ad-b953-c5287d5e34bc,c4,c3,1780,?,i12,
1769500647.584577,FORWARDED,91beb8af-8dfe-4d95-b8aa-7ba28c51bc79,96482933-8938-44ad-b953-c5287d5e34bc,c4,c3,1780,?,i12,
1769500647.6529675,RECEIVED,d8f7c077-053c-4efd-afb7-29f7b118174a,7e5a8bcb-e220-48cd-8826-6a1fe4dd1d6d,c4,c3,2463,p1,?,
1769500647.6546178,SENT,776f2937-6871-4a7d-b948-0781978facde,c9eed1b0-02b6-489e-a93e-24bf09cafbf7,c5,None,1607,?,i4,
1769500647.6546607,FORWARDED,776f2937-6871-4a7d-b948-0781978facde,c9eed1b0-02b6-489e-a93e-24bf09cafbf7,c5,None,1607,?,i4,
1769500647.6657183,RECEIVED,c84c0ebe-934a-43c0-9376-c1e7c75ed8fc,283a2c93-a182-4c3e-9145-a1b783a5ebff,c4,DROP,1451,p1,?,
1769500647.6951652,SENT,45dbdd88-3738-4c4f-8059-701d86f0efa8,e767e27c-bb45-408f-8fb8-c0b45b62ca4a,c1,DROP,1008,?,i12,
1769500647.6952035,FORWARDED,45dbdd88-3738-4c4f-8059-701d86f0efa8,e767e27c-bb45-408f-8fb8-c0b45b62ca4a,c1,DROP,1008,?,i12,
1769500647.90318,RECEIVED,4cbceb47-0482-4843-b3f2-2d0b27f66e08,901e66aa-0076-459e-a29a-748e7dedeea0,c4,DROP,1451,p1,?,
1769500647.91138,RECEIVED,2d6d5d40-7626-4a4e-b794-4123c2451b1b,d970039f-5e0e-461c-806e-3de78b0bf245,c5,None,2224,p2,?,
1769500647.9294226,RECEIVED,76813c3d-16ba-493e-9a66-11446a6bd54e,eefbc10a-563f-4df4-923d-7bdcd85561a8,c2,c1,2468,p2,?,
1769500647.9351568,RECEIVED,1b513bba-f417-4dd3-9ae0-e9cef4a1e3eb,3c599f62-7a4a-4550-8c63-b7733e7fde51,c4,DROP,1436,p1,?,
1769500648.0021615,SENT,2d6d5d40-7626-4a4e-b794-4123c2451b1b,d970039f-5e0e-461c-806e-3de78b0bf245,c5,None,1596,?,i9,
1769500648.0022054,FORWARDED,2d6d5d40-7626-4a4e-b794-4123c2451b1b,d970039f-5e0e-461c-806e-3de78b0bf245,c5,None,1596,?,i9,
1769500648.0058153,RECEIVED,17b4acdb-f534-43b0-af07-2908099c17b6,b6cab708-14d7-4524-96a6-9764c165b773,c5,DROP,1440,p2,?,
1769500648.0647001,SENT,76813c3d-16ba-493e-9a66-11446a6bd54e,eefbc10a-563f-4df4-923d-7bdcd85561a8,c2,c1,1777,?,i8,
1769500648.0647342,FORWARDED,76813c3d-16ba-493e-9a66-11446a6bd54e,eefbc10a-563f-4df4-923d-7bdcd85561a8,c2,c1,1777,?,i8,
1769500648.134974,SENT,d8f7c077-053c-4efd-afb7-29f7b118174a,7e5a8bcb-e220-48cd-8826-6a1fe4dd1d6d,c4,c3,1776,?,i7,
1769500648.1350136,FORWARDED,d8f7c077-053c-4efd-afb7-29f7b118174a,7e5a8bcb-e220-48cd-8826-6a1fe4dd1d6d,c4,c3,1776,?,i7,
1769500648.2952385,RECEIVED,74d74201-0a0a-44f8-9271-4111cf76ece5,378b33b8-ac8e-47f2-a944-4aff0e82d880,c4,DROP,1438,p1,?,
1769500648.295296,SENT,1b513bba-f417-4dd3-9ae0-e9cef4a1e3eb,3c599f62-7a4a-4550-8c63-b7733e7fde51,c4,DROP,1004,?,i10,
1769500648.2954686,FORWARDED,1b513bba-f417-4dd3-9ae0-e9cef4a1e3eb,3c599f62-7a4a-4550-8c63-b7733e7fde51,c4,DROP,1004,?,i10,
1769500648.3030987,SENT,74d74201-0a0a-44f8-9271-4111cf76ece5,378b33b8-ac8e-47f2-a944-4aff0e82d880,c4,DROP,1004,?,i11,
1769500648.3031387,FORWARDED,74d74201-0a0a-44f8-9271-4111cf76ece5,378b33b8-ac8e-47f2-a944-4aff0e82d880,c4,DROP,1004,?,i11,
1769500648.312704,SENT,4cbceb47-0482-4843-b3f2-2d0b27f66e08,901e66aa-0076-459e-a29a-748e7dedeea0,c4,DROP,1016,?,i4,
1769500648.3127408,FORWARDED,4cbceb47-0482-4843-b3f2-2d0b27f66e08,901e66aa-0076-459e-a29a-748e7dedeea0,c4,DROP,1016,?,i4,
1769500648.3818135,RECEIVED,5eafb213-37a6-4cf5-b018-7b4ba976e5ae,4733ac40-5916-4e14-81bb-68acef4a954f,c3,None,2249,p3,?,
1769500648.4255147,RECEIVED,5dd08aff-a315-41ae-8c80-97b534479d26,2b0aaa5e-9c38-4237-8b7e-936a45a130b5,c2,c1,2460,p2,?,
1769500648.4852939,SENT,5eafb213-37a6-4cf5-b018-7b4ba976e5ae,4733ac40-5916-4e14-81bb-68acef4a954f,c3,None,1614,?,i11,
1769500648.485335,FORWARDED,5eafb213-37a6-4cf5-b018-7b4ba976e5ae,4733ac40-5916-4e14-81bb-68acef4a954f,c3,None,1614,?,i11,
1769500648.5235977,RECEIVED,2f024081-34b0-4238-9c4d-6e12b5ef9431,bd184597-5e59-4b9e-b147-e42ab2261bad,c5,None,2236,p2,?,
1769500648.588589,SENT,2f024081-34b0-4238-9c4d-6e12b5ef9431,bd184597-5e59-4b9e-b147-e42ab2261bad,c5,None,1603,?,i9,
1769500648.5886269,FORWARDED,2f024081-34b0-4238-9c4d-6e12b5ef9431,bd184597-5e59-4b9e-b147-e42ab2261bad,c5,None,1603,?,i9,
1769500648.628918,SENT,c9b16fcb-57dc-445d-9ca5-e3f44e48a463,3d145ab7-9ad2-4f99-9ab9-55c4b6097824,c1,None,1595,?,i2,
1769500648.6289597,FORWARDED,c9b16fcb-57dc-445d-9ca5-e3f44e48a463,3d145ab7-9ad2-4f99-9ab9-55c4b6097824,c1,None,1595,?,i2,
1769500648.7368596,SENT,c84c0ebe-934a-43c0-9376-c1e7c75ed8fc,283a2c93-a182-4c3e-9145-a1b783a5ebff,c4,DROP,1016,?,i4,
1769500648.737138,FORWARDED,c84c0ebe-934a-43c0-9376-c1e7c75ed8fc,283a2c93-a182-4c3e-9145-a1b783a5ebff,c4,DROP,1016,?,i4,
1769500648.7548258,RECEIVED,1bf25f17-306f-4350-ba29-4218ec971255,bf96970b-259c-45a1-b1e7-f3ab29bf0559,c3,DROP,1451,p3,?,
1769500648.778964,RECEIVED,f880c762-6cbf-4614-95cc-4eac17d36528,c5c1fada-4f94-488d-8fa2-9dba0fb13bc4,c4,DROP,1459,p1,?,
1769500648.8052042,SENT,5dd08aff-a315-41ae-8c80-97b534479d26,2b0aaa5e-9c38-4237-8b7e-936a45a130b5,c2,c1,1771,?,i3,
1769500648.8052409,FORWARDED,5dd08aff-a315-41ae-8c80-97b534479d26,2b0aaa5e-9c38-4237-8b7e-936a45a130b5,c2,c1,1771,?,i3,
1769500648.9032986,SENT,24d1d421-2572-44c7-acf2-11fd007f9873,b6bce177-418d-4e59-aeda-e8485ce83861,c3,None,1594,?,i7,
1769500648.9033337,FORWARDED,24d1d421-2572-44c7-acf2-11fd007f9873,b6bce177-418d-4e59-aeda-e8485ce83861,c3,None,1594,?,i7,
1769500648.9406734,SENT,7fd430ff-3e01-4f5d-8ced-cdebdbbc6de7,f4086b3a-a77f-4eb8-a6af-c12ee0ecdada,c2,None,1591,?,i4,
1769500648.9407158,FORWARDED,7fd430ff-3e01-4f5d-8ced-cdebdbbc6de7,f4086b3a-a77f-4eb8-a6af-c12ee0ecdada,c2,None,1591,?,i4,
1769500649.0914085,RECEIVED,9611cbc8-d157-4828-a5f2-0b218335e969,66818a17-f0e2-4f01-992c-ad95c242c06b,c4,DROP,1440,p1,?,
1769500649.1109927,SENT,1bf25f17-306f-4350-ba29-4218ec971255,bf96970b-259c-45a1-b1e7-f3ab29bf0559,c3,DROP,1015,?,i2,
1769500649.1110325,FORWARDED,1bf25f17-306f-4350-ba29-4218ec971255,bf96970b-259c-45a1-b1e7-f3ab29bf0559,c3,DROP,1015,?,i2,
1769500649.125482,RECEIVED,c0167748-a528-4373-861f-5739ea45207f,c4ae4a12-01f0-434f-96dc-a4c6e02e572f,c2,DROP,1450,p2,?,
1769500649.1514754,RECEIVED,c87c3c4b-fe9d-43a9-a40c-750762d7432c,a9a5b388-75a3-4be4-bf03-a3aad737cedb,c1,DROP,1445,p1,?,
1769500649.1728067,RECEIVED,5921a40f-abb9-4c54-a4a0-f5de7947088f,22ccb369-fcba-45d0-9e25-f77634eace71,c2,c1,2449,p2,?,
1769500649.1826189,RECEIVED,2f0ed35f-62a4-4782-bd09-b23b7a6e5951,4af8c089-1067-43f1-9447-a962bacad54b,c3,DROP,1439,p3,?,
1769500649.2559454,SENT,5921a40f-abb9-4c54-a4a0-f5de7947088f,22ccb369-fcba-45d0-9e25-f77634eace71,c2,c1,1762,?,i10,
1769500649.2559857,FORWARDED,5921a40f-abb9-4c54-a4a0-f5de7947088f,22ccb369-fcba-45d0-9e25-f77634eace71,c2,c1,1762,?,i10,
1769500649.2723203,SENT,c0167748-a528-4373-861f-5739ea45207f,c4ae4a12-01f0-434f-96dc-a4c6e02e572f,c2,DROP,1015,?,i12,
1769500649.2723591,FORWARDED,c0167748-a528-4373-861f-5739ea45207f,c4ae4a12-01f0-434f-96dc-a4c6e02e572f,c2,DROP,1015,?,i12,
1769500649.2878947,SENT,17b4acdb-f534-43b0-af07-2908099c17b6,b6cab708-14d7-4524-96a6-9764c165b773,c5,DROP,1007,?,i12,
1769500649.2879276,FORWARDED,17b4acdb-f534-43b0-af07-2908099c17b6,b6cab708-14d7-4524-96a6-9764c165b773,c5,DROP,1007,?,i12,
1769500649.316329,RECEIVED,61590a75-8198-419a-bdd9-f21fdb7f214b,d36287ec-c872-494b-8148-cc2e3658f369,c2,DROP,1451,p2,?,
1769500649.3477077,RECEIVED,6483715f-9b4d-4620-837e-bec5be44d29e,6e697862-2758-4928-a6fd-670dafcfa26f,c4,None,2228,p1,?,
1769500649.3865461,RECEIVED,ec1faff9-5f7a-484e-b1fb-0c7fadadda1d,977c09c2-c945-4471-866e-a9a94aafb723,c5,None,2223,p2,?,
1769500649.3892426,SENT,6483715f-9b4d-4620-837e-bec5be44d29e,6e697862-2758-4928-a6fd-670dafcfa26f,c4,None,1597,?,i3,
1769500649.3892834,FORWARDED,6483715f-9b4d-4620-837e-bec5be44d29e,6e697862-2758-4928-a6fd-670dafcfa26f,c4,None,1597,?,i3,
1769500649.5491748,SENT,c87c3c4b-fe9d-43a9-a40c-750762d7432c,a9a5b388-75a3-4be4-bf03-a3aad737cedb,c1,DROP,1011,?,i11,
1769500649.5492141,FORWARDED,c87c3c4b-fe9d-43a9-a40c-750762d7432c,a9a5b388-75a3-4be4-bf03-a3aad737cedb,c1,DROP,1011,?,i11,
1769500649.5643075,SENT,9611cbc8-d157-4828-a5f2-0b218335e969,66818a17-f0e2-4f01-992c-ad95c242c06b,c4,DROP,1008,?,i9,
1769500649.5643506,FORWARDED,9611cbc8-d157-4828-a5f2-0b218335e969,66818a17-f0e2-4f01-992c-ad95c242c06b,c4,DROP,1008,?,i9,
1769500649.6305966,RECEIVED,9c362820-1826-4136-b811-1815747db037,6a1d7f93-5e64-4167-af06-2df77c2b0fc1,c5,DROP,1452,p2,?,
1769500649.6972215,RECEIVED,dfa7c512-62b2-4b77-b594-ba0f82adaaf3,37e6d15d-6f5f-4b59-8391-78dc5ce35ecc,c1,DROP,1448,p1,?,
1769500649.739465,SENT,f880c762-6cbf-4614-95cc-4eac17d36528,c5c1fada-4f94-488d-8fa2-9dba0fb13bc4,c4,DROP,1021,?,i12,
1769500649.7395132,FORWARDED,f880c762-6cbf-4614-95cc-4eac17d36528,c5c1fada-4f94-488d-8fa2-9dba0fb13bc4,c4,DROP,1021,?,i12,
1769500649.8629045,RECEIVED,a167149b-543b-4d00-9cf2-f9f52762441a,66acb956-f1c3-4b63-a729-9afe03b80703,c2,DROP,442,x2,?,
1769500649.919228,RECEIVED,3b13595c-0775-469f-bc9a-804fb4596fe9,5ef2a641-d0d5-4084-bd11-79c92d509f5a,c5,DROP,1444,p2,?,
1769500649.9488704,RECEIVED,3196f3a7-93d0-4b43-8c42-c16a237ff251,2fa52adb-f89b-46a6-b545-aba2625462cb,c4,c3,2459,p1,?,
1769500650.058624,RECEIVED,5d0870f7-1b87-45d5-befe-e810967c29a6,a60dff67-2778-4086-a2c1-b0d2a4e7d507,c4,DROP,1439,p1,?,
1769500650.115104,RECEIVED,e1c85593-58a2-4b37-af35-d3f67972f6d9,f381c2c3-c8bc-4dfb-8a26-fa684ab1b34d,c2,DROP,441,x3,?,
1769500650.1431787,SENT,9c362820-1826-4136-b811-1815747db037,6a1d7f93-5e64-4167-af06-2df77c2b0fc1,c5,DROP,1016,?,i12,
1769500650.1432164,FORWARDED,9c362820-1826-4136-b811-1815747db037,6a1d7f93-5e64-4167-af06-2df77c2b0fc1,c5,DROP,1016,?,i12,
1769500650.1785612,SENT,dfa7c512-62b2-4b77-b594-ba0f82adaaf3,37e6d15d-6f5f-4b59-8391-78dc5ce35ecc,c1,DROP,1013,?,i12,
1769500650.1786008,FORWARDED,dfa7c512-62b2-4b77-b594-ba0f82adaaf3,37e6d15d-6f5f-4b59-8391-78dc5ce35ecc,c1,DROP,1013,?,i12,
1769500650.219979,SENT,5d0870f7-1b87-45d5-befe-e810967c29a6,a60dff67-2778-4086-a2c1-b0d2a4e7d507,c4,DROP,1007,?,i4,
1769500650.2200172,FORWARDED,5d0870f7-1b87-45d5-befe-e810967c29a6,a60dff67-2778-4086-a2c1-b0d2a4e7d507,c4,DROP,1007,?,i4,
1769500650.2457216,SENT,2f0ed35f-62a4-4782-bd09-b23b7a6e5951,4af8c089-1067-43f1-9447-a962bacad54b,c3,DROP,1007,?,i9,
1769500650.2457635,FORWARDED,2f0ed35f-62a4-4782-bd09-b23b7a6e5951,4af8c089-1067-43f1-9447-a962bacad54b,c3,DROP,1007,?,i9,
1769500650.3925755,RECEIVED,7bf39ad6-c57d-44da-ad24-a21339eed9a6,9035d547-0208-4693-9de2-e54caab56f16,c5,DROP,1440,p2,?,
1769500650.4356885,RECEIVED,99cf5912-7845-4dbc-b509-80ecd9c34932,063ba9ac-82ca-4e13-8da0-03bf4655b730,c5,DROP,1438,p2,?,
1769500650.501223,SENT,ec1faff9-5f7a-484e-b1fb-0c7fadadda1d,977c09c2-c945-4471-866e-a9a94aafb723,c5,None,1596,?,i4,
1769500650.50126,FORWARDED,ec1faff9-5f7a-484e-b1fb-0c7fadadda1d,977c09c2-c945-4471-866e-a9a94aafb723,c5,None,1596,?,i4,
1769500650.5164948,RECEIVED,8174e941-993b-4b6c-82ec-78c991fa76d4,2a1b7b5d-fddb-4f45-95e9-d7fdc092a05c,c5,DROP,1442,p2,?,
1769500650.6832411,SENT,3b13595c-0775-469f-bc9a-804fb4596fe9,5ef2a641-d0d5-4084-bd11-79c92d509f5a,c5,DROP,1011,?,i10,
1769500650.6832802,FORWARDED,3b13595c-0775-469f-bc9a-804fb4596fe9,5ef2a641-d0d5-4084-bd11-79c92d509f5a,c5,DROP,1011,?,i10,
1769500650.687136,RECEIVED,3183ca1a-17ec-4f53-aa16-b7208db5ffcc,e24967a0-7647-4173-bd05-d31da74b6d31,c5,DROP,1448,p2,?,
1769500650.7136738,RECEIVED,31b16c36-1d45-4c90-ba20-5b01fe8591f6,26d4ff1c-aa0c-4dda-ba0c-0dafcf03e19c,c4,DROP,1440,p1,?,
1769500650.785661,SENT,3183ca1a-17ec-4f53-aa16-b7208db5ffcc,e24967a0-7647-4173-bd05-d31da74b6d31,c5,DROP,1012,?,i7,
1769500650.785695,FORWARDED,3183ca1a-17ec-4f53-aa16-b7208db5ffcc,e24967a0-7647-4173-bd05-d31da74b6d31,c5,DROP,1012,?,i7,
1769500650.844328,SENT,7bf39ad6-c57d-44da-ad24-a21339eed9a6,9035d547-0208-4693-9de2-e54caab56f16,c5,DROP,1008,?,i9,
1769500650.84437,FORWARDED,7bf39ad6-c57d-44da-ad24-a21339eed9a6,9035d547-0208-4693-9de2-e54caab56f16,c5,DROP,1008,?,i9,
1769500650.8757997,SENT,31b16c36-1d45-4c90-ba20-5b01fe8591f6,26d4ff1c-aa0c-4dda-ba0c-0dafcf03e19c,c4,DROP,1008,?,i7,
1769500650.875835,FORWARDED,31b16c36-1d45-4c90-ba20-5b01fe8591f6,26d4ff1c-aa0c-4dda-ba0c-0dafcf03e19c,c4,DROP,1008,?,i7,
1769500650.8887138,SENT,3196f3a7-93d0-4b43-8c42-c16a237ff251,2fa52adb-f89b-46a6-b545-aba2625462cb,c4,c3,1772,?,i5,
1769500650.8887541,FORWARDED,3196f3a7-93d0-4b43-8c42-c16a237ff251,2fa52adb-f89b-46a6-b545-aba2625462cb,c4,c3,1772,?,i5,
1769500650.927561,RECEIVED,7ad333e9-ef73-4025-b088-7fefa76b9a19,74695310-0b31-4427-8d9e-1198958fe237,c4,None,2223,p1,?,
1769500651.089796,RECEIVED,1554afbc-1e58-4b81-a68b-cfb3c752675f,68215908-00c0-44bb-8ec6-bdd66d2a19a8,c1,DROP,1439,p1,?,
1769500651.2425656,SENT,99cf5912-7845-4dbc-b509-80ecd9c34932,063ba9ac-82ca-4e13-8da0-03bf4655b730,c5,DROP,1007,?,i1,
1769500651.2426133,FORWARDED,99cf5912-7845-4dbc-b509-80ecd9c34932,063ba9ac-82ca-4e13-8da0-03bf4655b730,c5,DROP,1007,?,i1,
1769500651.2741246,RECEIVED,05126115-968d-4cd8-806d-4eccb0950dfe,36951512-3e54-43c1-b342-27cc200957ee,c3,DROP,440,x5,?,
1769500651.2783737,RECEIVED,15397b50-7f89-406b-a6d0-092b1f0a76ff,226fbd1f-211b-43e5-937e-6cc8d968b952,c3,DROP,1445,p3,?,
1769500651.2855756,SENT,61590a75-8198-419a-bdd9-f21fdb7f214b,d36287ec-c872-494b-8148-cc2e3658f369,c2,DROP,1015,?,i7,
1769500651.2856138,FORWARDED,61590a75-8198-419a-bdd9-f21fdb7f214b,d36287ec-c872-494b-8148-cc2e3658f369,c2,DROP,1015,?,i7,
1769500651.3081608,RECEIVED,bf245e9f-d7d4-4a14-b5b0-96dc4cd02e5f,2c8f1bb9-1db4-409c-b901-50409ad50150,c2,c1,2449,p2,?,
1769500651.3271863,SENT,bf245e9f-d7d4-4a14-b5b0-96dc4cd02e5f,2c8f1bb9-1db4-409c-b901-50409ad50150,c2,c1,1764,?,i7,
1769500651.327226,FORWARDED,bf245e9f-d7d4-4a14-b5b0-96dc4cd02e5f,2c8f1bb9-1db4-409c-b901-50409ad50150,c2,c1,1764,?,i7,
1769500651.3293009,SENT,15397b50-7f89-406b-a6d0-092b1f0a76ff,226fbd1f-211b-43e5-937e-6cc8d968b952,c3,DROP,1009,?,i6,
1769500651.3293407,FORWARDED,15397b50-7f89-406b-a6d0-092b1f0a76ff,226fbd1f-211b-43e5-937e-6cc8d968b952,c3,DROP,1009,?,i6,
1769500651.3319793,RECEIVED,4aae2eed-654e-4262-a111-fdc30d63c692,ab4d2b0c-8a71-4443-806e-6b6cf3913c92,c2,DROP,1443,p2,?,
1769500651.3595164,RECEIVED,b1ba1343-5a6b-484c-ab96-3d7e5d70a569,2a5c82a3-3405-48db-b56f-bc8624c938e8,c3,DROP,1459,p3,?,
1769500651.487907,RECEIVED,e407399c-9159-49c2-a4cf-f61db189c437,bd68e37b-f05a-40af-972d-b8d8b9374852,c2,c1,2452,p2,?,
1769500651.5489416,RECEIVED,78295f49-3339-40fa-98c0-51dcdae3b171,160398fb-f854-472b-9db8-0fe141b03d90,c3,DROP,439,x12,?,
1769500651.5618808,SENT,8174e941-993b-4b6c-82ec-78c991fa76d4,2a1b7b5d-fddb-4f45-95e9-d7fdc092a05c,c5,DROP,1009,?,i2,
1769500651.5619216,FORWARDED,8174e941-993b-4b6c-82ec-78c991fa76d4,2a1b7b5d-fddb-4f45-95e9-d7fdc092a05c,c5,DROP,1009,?,i2,
1769500651.569825,RECEIVED,31c978be-89b0-4ab9-a8be-475878fc454b,1320c502-1805-4f24-8f3b-edaab17ee876,c3,DROP,1452,p3,?,
1769500651.6050131,SENT,b1ba1343-5a6b-484c-ab96-3d7e5d70a569,2a5c82a3-3405-48db-b56f-bc8624c938e8,c3,DROP,1022,?,i1,
1769500651.6050575,FORWARDED,b1ba1343-5a6b-484c-ab96-3d7e5d70a569,2a5c82a3-3405-48db-b56f-bc8624c938e8,c3,DROP,1022,?,i1,
1769500651.613242,RECEIVED,09309987-21a2-482b-8fbe-b063522d161e,1ba86c79-57a4-4b90-8140-16dea8e89ec6,c1,DROP,1448,p1,?,
1769500651.6728363,SENT,7ad333e9-ef73-4025-b088-7fefa76b9a19,74695310-0b31-4427-8d9e-1198958fe237,c4,None,1596,?,i1,
1769500651.6728792,FORWARDED,7ad333e9-ef73-4025-b088-7fefa76b9a19,74695310-0b31-4427-8d9e-1198958fe237,c4,None,1596,?,i1,
1769500651.7130666,SENT,1554afbc-1e58-4b81-a68b-cfb3c752675f,68215908-00c0-44bb-8ec6-bdd66d2a19a8,c1,DROP,1008,?,i9,
1769500651.713106,FORWARDED,1554afbc-1e58-4b81-a68b-cfb3c752675f,68215908-00c0-44bb-8ec6-bdd66d2a19a8,c1,DROP,1008,?,i9,
1769500651.735026,RECEIVED,668bc1b1-8320-4174-830c-f2964eb03ffd,260149a3-0d1c-4746-8917-e7de32d468f1,c5,DROP,1441,p2,?,
1769500651.8140788,SENT,668bc1b1-8320-4174-830c-f2964eb03ffd,260149a3-0d1c-4746-8917-e7de32d468f1,c5,DROP,1008,?,i11,
1769500651.814124,FORWARDED,668bc1b1-8320-4174-830c-f2964eb03ffd,260149a3-0d1c-4746-8917-e7de32d468f1,c5,DROP,1008,?,i11,
1769500651.9408562,RECEIVED,45d1ea87-425c-4a87-8b21-47d597798ae5,c35b7dbc-1d92-4a81-9eda-994c00db078c,c5,None,2231,p2,?,
1769500651.9865348,RECEIVED,144d6a8f-9da9-4104-9293-6047a475ecbc,3e40356a-8b70-40c3-bf89-9babec124697,c4,DROP,442,x5,?,
1769500651.9874427,SENT,31c978be-89b0-4ab9-a8be-475878fc454b,1320c502-1805-4f24-8f3b-edaab17ee876,c3,DROP,1015,?,i5,
1769500651.9874814,FORWARDED,31c978be-89b0-4ab9-a8be-475878fc454b,1320c502-1805-4f24-8f3b-edaab17ee876,c3,DROP,1015,?,i5,
1769500652.0257092,SENT,e407399c-9159-49c2-a4cf-f61db189c437,bd68e37b-f05a-40af-972d-b8d8b9374852,c2,c1,1767,?,i11,
1769500652.0257466,FORWARDED,e407399c-9159-49c2-a4cf-f61db189c437,bd68e37b-f05a-40af-972d-b8d8b9374852,c2,c1,1767,?,i11,
1769500652.1685915,RECEIVED,1d768c14-f682-4600-9a0a-c63942974c59,b07963b1-c51b-4e94-a027-a252e287f8b3,c1,None,2226,p1,?,
1769500652.1905782,RECEIVED,17cdedbb-8e1a-4807-b044-2f321caa1c67,86994e0e-cf5a-4efa-9e58-b24743be2a9c,c1,DROP,1444,p1,?,
1769500652.1945224,RECEIVED,40e034c2-6b81-4f90-a600-d5089ecb641e,b11f6575-48b4-41cd-95c7-75c9f23f4a03,c3,c4,2473,p3,?,
1769500652.2294567,SENT,1d768c14-f682-4600-9a0a-c63942974c59,b07963b1-c51b-4e94-a027-a252e287f8b3,c1,None,1596,?,i10,
1769500652.2294972,FORWARDED,1d768c14-f682-4600-9a0a-c63942974c59,b07963b1-c51b-4e94-a027-a252e287f8b3,c1,None,1596,?,i10,
1769500652.3722866,RECEIVED,ac3e73cc-1873-44d0-b780-f444d85f6e3d,a4fc83ba-1d59-4275-b232-3673513d0711,c4,None,2235,p1,?,
1769500652.3921545,SENT,4aae2eed-654e-4262-a111-fdc30d63c692,ab4d2b0c-8a71-4443-806e-6b6cf3913c92,c2,DROP,1011,?,i1,
1769500652.392195,FORWARDED,4aae2eed-654e-4262-a111-fdc30d63c692,ab4d2b0c-8a71-4443-806e-6b6cf3913c92,c2,DROP,1011,?,i1,
1769500652.4072895,RECEIVED,43f03f24-49f6-4237-9597-ca3051dcaba8,35dcb3a2-2c6f-4603-bbb1-9015457a2ce5,c4,None,2222,p1,?,
1769500652.455968,SENT,43f03f24-49f6-4237-9597-ca3051dcaba8,35dcb3a2-2c6f-4603-bbb1-9015457a2ce5,c4,None,1592,?,i11,
1769500652.4560094,FORWARDED,43f03f24-49f6-4237-9597-ca3051dcaba8,35dcb3a2-2c6f-4603-bbb1-9015457a2ce5,c4,None,1592,?,i11,
1769500652.522495,SENT,45d1ea87-425c-4a87-8b21-47d597798ae5,c35b7dbc-1d92-4a81-9eda-994c00db078c,c5,None,1600,?,i3,
1769500652.5225394,FORWARDED,45d1ea87-425c-4a87-8b21-47d597798ae5,c35b7dbc-1d92-4a81-9eda-994c00db078c,c5,None,1600,?,i3,
1769500652.5272372,RECEIVED,20ba33a6-5910-473c-8aa4-932bfb48384d,82469e5e-c9be-41a4-92e7-4a9e609d8524,c1,c5,2464,p1,?,
1769500652.62368,SENT,20ba33a6-5910-473c-8aa4-932bfb48384d,82469e5e-c9be-41a4-92e7-4a9e609d8524,c1,c5,1774,?,i6,
1769500652.6237175,FORWARDED,20ba33a6-5910-473c-8aa4-932bfb48384d,82469e5e-c9be-41a4-92e7-4a9e609d8524,c1,c5,1774,?,i6,
1769500652.6366541,SENT,40e034c2-6b81-4f90-a600-d5089ecb641e,b11f6575-48b4-41cd-95c7-75c9f23f4a03,c3,c4,1782,?,i11,
1769500652.6366909,FORWARDED,40e034c2-6b81-4f90-a600-d5089ecb641e,b11f6575-48b4-41cd-95c7-75c9f23f4a03,c3,c4,1782,?,i11,
1769500652.7154486,SENT,ac3e73cc-1873-44d0-b780-f444d85f6e3d,a4fc83ba-1d59-4275-b232-3673513d0711,c4,None,1603,?,i2,
1769500652.7154899,FORWARDED,ac3e73cc-1873-44d0-b780-f444d85f6e3d,a4fc83ba-1d59-4275-b232-3673513d0711,c4,None,1603,?,i2,
1769500652.758397,RECEIVED,fded85d5-9cb9-4846-970c-6f2c186e21ff,bf73c834-0eb2-4ed9-9639-995a08f67dd4,c3,DROP,1457,p3,?,
1769500652.7985406,RECEIVED,f67e5727-067b-4b93-ae77-f4ae1eacfa0e,c23a740d-f331-4f45-8688-cc8dd440b739,c1,c5,2444,p1,?,
1769500652.8033566,RECEIVED,e0dc7a04-9736-48d9-a16c-319de8e6cc83,1816d380-e5b3-4862-b8c9-3d54ddd48751,c5,None,2222,p2,?,
1769500652.8145537,SENT,09309987-21a2-482b-8fbe-b063522d161e,1ba86c79-57a4-4b90-8140-16dea8e89ec6,c1,DROP,1012,?,i10,
1769500652.8145914,FORWARDED,09309987-21a2-482b-8fbe-b063522d161e,1ba86c79-57a4-4b90-8140-16dea8e89ec6,c1,DROP,1012,?,i10,
1769500652.888877,SENT,fded85d5-9cb9-4846-970c-6f2c186e21ff,bf73c834-0eb2-4ed9-9639-995a08f67dd4,c3,DROP,1020,?,i11,
1769500652.8889186,FORWARDED,fded85d5-9cb9-4846-970c-6f2c186e21ff,bf73c834-0eb2-4ed9-9639-995a08f67dd4,c3,DROP,1020,?,i11,
1769500652.9268587,RECEIVED,c49a1b10-a124-49f1-a288-ffc328120eb8,bc532cb0-6aa2-4cec-a793-4a40321db7db,c3,DROP,1439,p3,?,
1769500653.14926,SENT,e0dc7a04-9736-48d9-a16c-319de8e6cc83,1816d380-e5b3-4862-b8c9-3d54ddd48751,c5,None,1595,?,i1,
1769500653.149296,FORWARDED,e0dc7a04-9736-48d9-a16c-319de8e6cc83,1816d380-e5b3-4862-b8c9-3d54ddd48751,c5,None,1595,?,i1,
1769500653.1713035,RECEIVED,3e270a26-b60b-4c74-abfb-3c3a8a5931bc,fe93c887-a811-4217-9243-34a750134efb,c5,DROP,1451,p2,?,
1769500653.1869419,RECEIVED,c4cdaa86-e9aa-44e4-a6bc-10a288cd2ee0,ae1e9719-7c48-4e1f-a35e-4a51726a66fc,c4,DROP,1453,p1,?,
1769500653.2216766,SENT,c4cdaa86-e9aa-44e4-a6bc-10a288cd2ee0,ae1e9719-7c48-4e1f-a35e-4a51726a66fc,c4,DROP,1015,?,i6,
1769500653.221716,FORWARDED,c4cdaa86-e9aa-44e4-a6bc-10a288cd2ee0,ae1e9719-7c48-4e1f-a35e-4a51726a66fc,c4,DROP,1015,?,i6,
1769500653.223648,SENT,17cdedbb-8e1a-4807-b044-2f321caa1c67,86994e0e-cf5a-4efa-9e58-b24743be2a9c,c1,DROP,1011,?,i11,
1769500653.223695,FORWARDED,17cdedbb-8e1a-4807-b044-2f321caa1c67,86994e0e-cf5a-4efa-9e58-b24743be2a9c,c1,DROP,1011,?,i11,
1769500653.2518413,SENT,f67e5727-067b-4b93-ae77-f4ae1eacfa0e,c23a740d-f331-4f45-8688-cc8dd440b739,c1,c5,1760,?,i5,
1769500653.2518826,FORWARDED,f67e5727-067b-4b93-ae77-f4ae1eacfa0e,c23a740d-f331-4f45-8688-cc8dd440b739,c1,c5,1760,?,i5,
1769500653.5572362,RECEIVED,d2d52e6c-4d54-40a6-a5bb-1e52a4d72e89,47ef52c7-8a4c-434d-8dcb-929abf2ea8ec,c3,c4,2447,p3,?,
1769500653.6158292,SENT,c49a1b10-a124-49f1-a288-ffc328120eb8,bc532cb0-6aa2-4cec-a793-4a40321db7db,c3,DROP,1008,?,i1,
1769500653.6158695,FORWARDED,c49a1b10-a124-49f1-a288-ffc328120eb8,bc532cb0-6aa2-4cec-a793-4a40321db7db,c3,DROP,1008,?,i1,
1769500653.6236901,RECEIVED,a489bbbc-7524-4cc9-a433-d00f38d01ba7,8cc8ce7d-088b-4c00-bd2e-1e2a918f2271,c3,c4,2472,p3,?,
1769500653.7801974,RECEIVED,2984d9e6-805f-49e9-bc44-a91dce788134,c3e933d8-6abe-4f9a-9d4d-cbdc1dc7cccc,c1,DROP,1441,p1,?,
1769500653.8615105,RECEIVED,6effff55-1262-47ef-8b55-17aba20bb823,8dd916d1-33ff-4d65-9751-fabe675607f7,c2,None,2236,p2,?,
1769500653.8668208,RECEIVED,fb38db91-f5f0-435a-8b58-beca79a46072,9bbd1f59-218f-4e92-9589-5605d3bc914d,c3,DROP,1439,p3,?,
1769500653.9986622,SENT,6effff55-1262-47ef-8b55-17aba20bb823,8dd916d1-33ff-4d65-9751-fabe675607f7,c2,None,1603,?,i4,
1769500653.9987028,FORWARDED,6effff55-1262-47ef-8b55-17aba20bb823,8dd916d1-33ff-4d65-9751-fabe675607f7,c2,None,1603,?,i4,
1769500654.0314639,SENT,2984d9e6-805f-49e9-bc44-a91dce788134,c3e933d8-6abe-4f9a-9d4d-cbdc1dc7cccc,c1,DROP,1007,?,i12,
1769500654.0315006,FORWARDED,2984d9e6-805f-49e9-bc44-a91dce788134,c3e933d8-6abe-4f9a-9d4d-cbdc1dc7cccc,c1,DROP,1007,?,i12,
1769500654.164158,RECEIVED,94cf3d5f-1ae4-4b99-9da6-f4b773c0e9d8,8445c6d2-1513-4e61-a53d-21485b7fdb38,c2,DROP,446,x4,?,
1769500654.2113569,RECEIVED,7f34fafc-22d6-4261-a4fe-eb1bb14da110,88daaec3-dbce-4b3d-b6b2-06c5a8d0419f,c1,None,2219,p1,?,
1769500654.2341588,SENT,3e270a26-b60b-4c74-abfb-3c3a8a5931bc,fe93c887-a811-4217-9243-34a750134efb,c5,DROP,1016,?,i1,
1769500654.2345614,FORWARDED,3e270a26-b60b-4c74-abfb-3c3a8a5931bc,fe93c887-a811-4217-9243-34a750134efb,c5,DROP,1016,?,i1,
1769500654.3209097,RECEIVED,62a0ce7f-0d7e-4873-97fc-c65c86e39dcc,7f0e3abd-0978-444c-85c6-08e043e46078,c2,None,2237,p2,?,
1769500654.3379703,SENT,62a0ce7f-0d7e-4873-97fc-c65c86e39dcc,7f0e3abd-0978-444c-85c6-08e043e46078,c2,None,1604,?,i5,
1769500654.338019,FORWARDED,62a0ce7f-0d7e-4873-97fc-c65c86e39dcc,7f0e3abd-0978-444c-85c6-08e043e46078,c2,None,1604,?,i5,
1769500654.4934387,SENT,d2d52e6c-4d54-40a6-a5bb-1e52a4d72e89,47ef52c7-8a4c-434d-8dcb-929abf2ea8ec,c3,c4,1763,?,i6,
1769500654.493602,FORWARDED,d2d52e6c-4d54-40a6-a5bb-1e52a4d72e89,47ef52c7-8a4c-434d-8dcb-929abf2ea8ec,c3,c4,1763,?,i6,
1769500654.6877975,RECEIVED,9f06269b-62bc-4a46-bca3-2f0ada877b3a,657986af-50e4-4b22-9114-22c0c29e6ed1,c2,DROP,438,x4,?,
1769500654.7095287,SENT,a489bbbc-7524-4cc9-a433-d00f38d01ba7,8cc8ce7d-088b-4c00-bd2e-1e2a918f2271,c3,c4,1780,?,i10,
1769500654.7095647,FORWARDED,a489bbbc-7524-4cc9-a433-d00f38d01ba7,8cc8ce7d-088b-4c00-bd2e-1e2a918f2271,c3,c4,1780,?,i10,
1769500654.892216,RECEIVED,d492eb25-696f-4159-b8a6-a31cdbdb16c4,eeba1fb2-791a-4728-b7b7-f03ad78f6781,c2,DROP,1443,p2,?,
1769500654.9445164,SENT,7f34fafc-22d6-4261-a4fe-eb1bb14da110,88daaec3-dbce-4b3d-b6b2-06c5a8d0419f,c1,None,1592,?,i3,
1769500654.9445498,FORWARDED,7f34fafc-22d6-4261-a4fe-eb1bb14da110,88daaec3-dbce-4b3d-b6b2-06c5a8d0419f,c1,None,1592,?,i3,
1769500655.027315,RECEIVED,692b4545-7612-41b1-810e-0d12776f3e7b,20f8f6b6-8762-49a1-aef8-21bd8904d777,c1,c5,2473,p1,?,
1769500655.0482028,SENT,692b4545-7612-41b1-810e-0d12776f3e7b,20f8f6b6-8762-49a1-aef8-21bd8904d777,c1,c5,1780,?,i10,
1769500655.0482364,FORWARDED,692b4545-7612-41b1-810e-0d12776f3e7b,20f8f6b6-8762-49a1-aef8-21bd8904d777,c1,c5,1780,?,i10,
1769500655.0978365,RECEIVED,ced3cd3a-5f1f-4617-be93-e89b3028e938,2f999c77-bf4e-4705-8dd9-a6a7705bcac6,c2,DROP,1449,p2,?,
1769500655.1509566,RECEIVED,93e1c00c-71d9-4fd0-80e0-41fd7263433a,6e09a32f-5683-43ad-ad18-6cbde76b9ab4,c3,DROP,1440,p3,?,
1769500655.2060142,SENT,ced3cd3a-5f1f-4617-be93-e89b3028e938,2f999c77-bf4e-4705-8dd9-a6a7705bcac6,c2,DROP,1012,?,i10,
1769500655.206087,FORWARDED,ced3cd3a-5f1f-4617-be93-e89b3028e938,2f999c77-bf4e-4705-8dd9-a6a7705bcac6,c2,DROP,1012,?,i10,
1769500655.3941557,SENT,93e1c00c-71d9-4fd0-80e0-41fd7263433a,6e09a32f-5683-43ad-ad18-6cbde76b9ab4,c3,DROP,1008,?,i11,
1769500655.3941946,FORWARDED,93e1c00c-71d9-4fd0-80e0-41fd7263433a,6e09a32f-5683-43ad-ad18-6cbde76b9ab4,c3,DROP,1008,?,i11,
1769500655.4019442,RECEIVED,497662c8-5dbf-4a68-a753-7630153f7994,64264b3c-b1e2-4428-b97f-f3497671b25b,c5,None,2229,p2,?,
1769500655.49584,SENT,497662c8-5dbf-4a68-a753-7630153f7994,64264b3c-b1e2-4428-b97f-f3497671b25b,c5,None,1599,?,i12,
1769500655.4958823,FORWARDED,497662c8-5dbf-4a68-a753-7630153f7994,64264b3c-b1e2-4428-b97f-f3497671b25b,c5,None,1599,?,i12,
1769500655.5338278,RECEIVED,f0849c73-c4cb-48b3-9ada-06be62f915fb,7f808390-a182-4fc3-af0f-4b54ad67b6bc,c2,c1,2477,p2,?,
1769500655.597524,SENT,f0849c73-c4cb-48b3-9ada-06be62f915fb,7f808390-a182-4fc3-af0f-4b54ad67b6bc,c2,c1,1783,?,i11,
1769500655.597564,FORWARDED,f0849c73-c4cb-48b3-9ada-06be62f915fb,7f808390-a182-4fc3-af0f-4b54ad67b6bc,c2,c1,1783,?,i11,
1769500655.667248,RECEIVED,09196539-c395-4f91-a399-8589eeecb9b1,e5382c7e-f597-4305-aa44-e1a38453bfef,c4,c3,2449,p1,?,
1769500655.694423,RECEIVED,466b2c24-8d39-46b9-aa2b-e9e2d49cb19f,983f07fd-cc89-4abb-b801-06a013ff9407,c1,DROP,1439,p1,?,
1769500655.7090433,SENT,09196539-c395-4f91-a399-8589eeecb9b1,e5382c7e-f597-4305-aa44-e1a38453bfef,c4,c3,1764,?,i5,
1769500655.7090955,FORWARDED,09196539-c395-4f91-a399-8589eeecb9b1,e5382c7e-f597-4305-aa44-e1a38453bfef,c4,c3,1764,?,i5,
1769500655.7202606,RECEIVED,b01c0541-87e3-4f07-aaf0-5f0119b0bbfb,c4339696-4e00-4f80-ba1e-efba86f904eb,c4,DROP,1448,p1,?,
1769500655.7597952,RECEIVED,de69f007-ded0-4114-b8a8-398de3d909ad,fd2897bb-2cc2-4451-b41e-d838c9c61ef2,c2,c1,2476,p2,?,
1769500655.7904131,SENT,466b2c24-8d39-46b9-aa2b-e9e2d49cb19f,983f07fd-cc89-4abb-b801-06a013ff9407,c1,DROP,1007,?,i7,
1769500655.7904534,FORWARDED,466b2c24-8d39-46b9-aa2b-e9e2d49cb19f,983f07fd-cc89-4abb-b801-06a013ff9407,c1,DROP,1007,?,i7,
1769500655.84173,SENT,de69f007-ded0-4114-b8a8-398de3d909ad,fd2897bb-2cc2-4451-b41e-d838c9c61ef2,c2,c1,1784,?,i2,
1769500655.8417695,FORWARDED,de69f007-ded0-4114-b8a8-398de3d909ad,fd2897bb-2cc2-4451-b41e-d838c9c61ef2,c2,c1,1784,?,i2,
1769500655.8694682,SENT,d492eb25-696f-4159-b8a6-a31cdbdb16c4,eeba1fb2-791a-4728-b7b7-f03ad78f6781,c2,DROP,1011,?,i8,
1769500655.8695097,FORWARDED,d492eb25-696f-4159-b8a6-a31cdbdb16c4,eeba1fb2-791a-4728-b7b7-f03ad78f6781,c2,DROP,1011,?,i8,
1769500655.9222429,RECEIVED,341bde61-4991-4b14-ac94-8fe075ceb4f1,350ecc85-cd8a-4c55-96fa-a709a8e3d12d,c4,DROP,1440,p1,?,
1769500655.9284031,SENT,b01c0541-87e3-4f07-aaf0-5f0119b0bbfb,c4339696-4e00-4f80-ba1e-efba86f904eb,c4,DROP,1012,?,i2,
1769500655.9291162,FORWARDED,b01c0541-87e3-4f07-aaf0-5f0119b0bbfb,c4339696-4e00-4f80-ba1e-efba86f904eb,c4,DROP,1012,?,i2,
1769500655.9523122,RECEIVED,7663f8ae-ad06-4da5-88be-5de218658dbc,6539fac9-8dc2-484a-889c-e5a81bd3ac4a,c3,None,2227,p3,?,
1769500655.967114,SENT,341bde61-4991-4b14-ac94-8fe075ceb4f1,350ecc85-cd8a-4c55-96fa-a709a8e3d12d,c4,DROP,1007,?,i3,
1769500655.9671526,FORWARDED,341bde61-4991-4b14-ac94-8fe075ceb4f1,350ecc85-cd8a-4c55-96fa-a709a8e3d12d,c4,DROP,1007,?,i3,
1769500655.968484,RECEIVED,1320dd84-91dd-4498-a73c-9c4b6581bda7,01c67321-3c7d-41e1-8ba4-978ca0d88c87,c1,None,2244,p1,?,
1769500656.0695207,SENT,1320dd84-91dd-4498-a73c-9c4b6581bda7,01c67321-3c7d-41e1-8ba4-978ca0d88c87,c1,None,1609,?,i4,
1769500656.0695734,FORWARDED,1320dd84-91dd-4498-a73c-9c4b6581bda7,01c67321-3c7d-41e1-8ba4-978ca0d88c87,c1,None,1609,?,i4,
1769500656.0762658,RECEIVED,3043806d-5a52-4dbe-8605-723633e18886,2ceb327a-6737-4333-aaf9-ea3dfa719fcf,c2,DROP,1453,p2,?,
1769500656.1386282,RECEIVED,77b6540f-3fca-4a4f-8ecc-6ce22528bddd,94a2c4ff-364d-4521-b31c-deca609d0ad0,c2,DROP,440,x12,?,
1769500656.1734722,SENT,3043806d-5a52-4dbe-8605-723633e18886,2ceb327a-6737-4333-aaf9-ea3dfa719fcf,c2,DROP,1016,?,i3,
1769500656.1735115,FORWARDED,3043806d-5a52-4dbe-8605-723633e18886,2ceb327a-6737-4333-aaf9-ea3dfa719fcf,c2,DROP,1016,?,i3,
1769500656.2288556,SENT,fb38db91-f5f0-435a-8b58-beca79a46072,9bbd1f59-218f-4e92-9589-5605d3bc914d,c3,DROP,1008,?,i12,
1769500656.228901,FORWARDED,fb38db91-f5f0-435a-8b58-beca79a46072,9bbd1f59-218f-4e92-9589-5605d3bc914d,c3,DROP,1008,?,i12,
1769500656.426893,RECEIVED,2ca6a291-f5bf-440b-aa8e-087141398571,f778f1aa-d977-4dc9-bc38-d9dbe09fb463,c5,DROP,1450,p2,?,
1769500656.4279058,RECEIVED,51d507db-e730-48a6-8cd4-926b8e098676,ca2a4d97-210b-4f76-b443-cdaca126aa91,c3,None,2227,p3,?,
1769500656.5157115,RECEIVED,c4f83cc9-8026-48c6-b7b9-fd1b5ea5c213,31a88b12-d858-493c-9695-8ed471f3f8a5,c2,DROP,1447,p2,?,
1769500656.521908,RECEIVED,1c4ad6f6-6d08-4704-9aa2-051f38820c60,61c8bf7f-b201-4e13-bfaa-f9d1010b8096,c2,c1,2458,p2,?,
1769500656.55494,SENT,1c4ad6f6-6d08-4704-9aa2-051f38820c60,61c8bf7f-b201-4e13-bfaa-f9d1010b8096,c2,c1,1768,?,i12,
1769500656.5549805,FORWARDED,1c4ad6f6-6d08-4704-9aa2-051f38820c60,61c8bf7f-b201-4e13-bfaa-f9d1010b8096,c2,c1,1768,?,i12,
1769500656.5718038,RECEIVED,4c4c7a95-a96a-4c36-8a77-e7b1af13a613,c506d8c8-e78e-4123-a799-691c26c5e4cd,c2,DROP,1444,p2,?,
1769500656.6564384,SENT,4c4c7a95-a96a-4c36-8a77-e7b1af13a613,c506d8c8-e78e-4123-a799-691c26c5e4cd,c2,DROP,1011,?,i4,
1769500656.6564772,FORWARDED,4c4c7a95-a96a-4c36-8a77-e7b1af13a613,c506d8c8-e78e-4123-a799-691c26c5e4cd,c2,DROP,1011,?,i4,
1769500656.782134,SENT,2ca6a291-f5bf-440b-aa8e-087141398571,f778f1aa-d977-4dc9-bc38-d9dbe09fb463,c5,DROP,1016,?,i6,
1769500656.7821758,FORWARDED,2ca6a291-f5bf-440b-aa8e-087141398571,f778f1aa-d977-4dc9-bc38-d9dbe09fb463,c5,DROP,1016,?,i6,
1769500656.797664,SENT,51d507db-e730-48a6-8cd4-926b8e098676,ca2a4d97-210b-4f76-b443-cdaca126aa91,c3,None,1597,?,i8,
1769500656.7976973,FORWARDED,51d507db-e730-48a6-8cd4-926b8e098676,ca2a4d97-210b-4f76-b443-cdaca126aa91,c3,None,1597,?,i8,
1769500656.8294892,RECEIVED,ce7f2a6f-c47f-41b4-8e72-35495fed93bd,409e17cf-18cc-4158-b687-2981f03b4db6,c5,DROP,1439,p2,?,
1769500657.048453,RECEIVED,0bcc9e77-2457-4662-a363-1bd09008329d,e189f9e0-d8bf-441f-86e2-92ae945dcc52,c2,c1,2458,p2,?,
1769500657.065453,SENT,c4f83cc9-8026-48c6-b7b9-fd1b5ea5c213,31a88b12-d858-493c-9695-8ed471f3f8a5,c2,DROP,1013,?,i2,
1769500657.0654912,FORWARDED,c4f83cc9-8026-48c6-b7b9-fd1b5ea5c213,31a88b12-d858-493c-9695-8ed471f3f8a5,c2,DROP,1013,?,i2,
1769500657.1190295,SENT,7663f8ae-ad06-4da5-88be-5de218658dbc,6539fac9-8dc2-484a-889c-e5a81bd3ac4a,c3,None,1598,?,i9,
1769500657.1191754,FORWARDED,7663f8ae-ad06-4da5-88be-5de218658dbc,6539fac9-8dc2-484a-889c-e5a81bd3ac4a,c3,None,1598,?,i9,
1769500657.2637913,RECEIVED,598e20ee-580f-4aae-b0ce-a52c07f5c7a6,0ff683e8-f5af-4d6b-8764-8b6ddd75198d,c1,None,2241,p1,?,
1769500657.3138227,SENT,ce7f2a6f-c47f-41b4-8e72-35495fed93bd,409e17cf-18cc-4158-b687-2981f03b4db6,c5,DROP,1007,?,i4,
1769500657.3138611,FORWARDED,ce7f2a6f-c47f-41b4-8e72-35495fed93bd,409e17cf-18cc-4158-b687-2981f03b4db6,c5,DROP,1007,?,i4,
1769500657.314425,RECEIVED,976231ee-18d8-4a16-8adb-5a9982e565b2,6dc30292-72e2-43c8-8082-be9c18af5437,c3,DROP,1451,p3,?,
1769500657.3647218,RECEIVED,9575f6c3-fdd9-4f92-8a64-b42aea6df8aa,38c0936b-ea26-4dbc-8299-36e04e7f2ce2,c5,DROP,1456,p2,?,
1769500657.3732781,SENT,598e20ee-580f-4aae-b0ce-a52c07f5c7a6,0ff683e8-f5af-4d6b-8764-8b6ddd75198d,c1,None,1608,?,i12,
1769500657.37332,FORWARDED,598e20ee-580f-4aae-b0ce-a52c07f5c7a6,0ff683e8-f5af-4d6b-8764-8b6ddd75198d,c1,None,1608,?,i12,
1769500657.509366,RECEIVED,55e08aa8-e847-4ef6-8af0-a478800b4767,d9d2df59-b178-417e-9b1d-da8f0c81ae62,c5,c2,2459,p2,?,
1769500657.5849137,RECEIVED,a178eec0-414f-47ef-9799-a092de716883,94585934-3390-4638-a10c-f63ad0ba4e39,c2,c1,2463,p2,?,
1769500657.597728,RECEIVED,9c8531cb-8ad1-488e-a30f-7d53445e5538,230c3c68-0fdd-4c22-ae14-8fbfebccffcd,c2,None,2237,p2,?,
1769500657.6058059,SENT,9575f6c3-fdd9-4f92-8a64-b42aea6df8aa,38c0936b-ea26-4dbc-8299-36e04e7f2ce2,c5,DROP,1020,?,i9,
1769500657.6058466,FORWARDED,9575f6c3-fdd9-4f92-8a64-b42aea6df8aa,38c0936b-ea26-4dbc-8299-36e04e7f2ce2,c5,DROP,1020,?,i9,
1769500657.6126518,RECEIVED,d5dfde20-2667-42ef-bc54-36b634e4d1e1,9783840a-c12e-4f93-9872-41ccd5b57241,c5,c2,2467,p2,?,
1769500657.624893,SENT,9c8531cb-8ad1-488e-a30f-7d53445e5538,230c3c68-0fdd-4c22-ae14-8fbfebccffcd,c2,None,1603,?,i6,
1769500657.6249998,FORWARDED,9c8531cb-8ad1-488e-a30f-7d53445e5538,230c3c68-0fdd-4c22-ae14-8fbfebccffcd,c2,None,1603,?,i6,
1769500657.6989264,SENT,a178eec0-414f-47ef-9799-a092de716883,94585934-3390-4638-a10c-f63ad0ba4e39,c2,c1,1775,?,i4,
1769500657.6989648,FORWARDED,a178eec0-414f-47ef-9799-a092de716883,94585934-3390-4638-a10c-f63ad0ba4e39,c2,c1,1775,?,i4,
1769500657.7170603,SENT,0bcc9e77-2457-4662-a363-1bd09008329d,e189f9e0-d8bf-441f-86e2-92ae945dcc52,c2,c1,1772,?,i1,
1769500657.7171016,FORWARDED,0bcc9e77-2457-4662-a363-1bd09008329d,e189f9e0-d8bf-441f-86e2-92ae945dcc52,c2,c1,1772,?,i1,
1769500657.8772147,SENT,d5dfde20-2667-42ef-bc54-36b634e4d1e1,9783840a-c12e-4f93-9872-41ccd5b57241,c5,c2,1777,?,i1,
1769500657.877255,FORWARDED,d5dfde20-2667-42ef-bc54-36b634e4d1e1,9783840a-c12e-4f93-9872-41ccd5b57241,c5,c2,1777,?,i1,
1769500657.891152,RECEIVED,26db02d6-a971-40c8-a3f9-f86e2e65ab42,d794054b-9b35-4053-9b3d-3970c69daebd,c3,None,2235,p3,?,
1769500657.9285378,RECEIVED,dca3754a-f673-42ac-8ac3-442caad49a24,be60e95f-78ac-4ce9-ad46-f4cbcd2347d0,c2,DROP,1456,p2,?,
1769500657.9403057,RECEIVED,b67309e4-d856-4379-86f0-0b0a0e61faa4,7615803f-fdcb-4769-b2c4-c21d6f43dbeb,c4,DROP,1445,p1,?,
1769500657.991019,SENT,dca3754a-f673-42ac-8ac3-442caad49a24,be60e95f-78ac-4ce9-ad46-f4cbcd2347d0,c2,DROP,1020,?,i11,
1769500657.991068,FORWARDED,dca3754a-f673-42ac-8ac3-442caad49a24,be60e95f-78ac-4ce9-ad46-f4cbcd2347d0,c2,DROP,1020,?,i11,
1769500658.214099,SENT,55e08aa8-e847-4ef6-8af0-a478800b4767,d9d2df59-b178-417e-9b1d-da8f0c81ae62,c5,c2,1771,?,i1,
1769500658.2141395,FORWARDED,55e08aa8-e847-4ef6-8af0-a478800b4767,d9d2df59-b178-417e-9b1d-da8f0c81ae62,c5,c2,1771,?,i1,
1769500658.494871,SENT,976231ee-18d8-4a16-8adb-5a9982e565b2,6dc30292-72e2-43c8-8082-be9c18af5437,c3,DROP,1016,?,i12,
1769500658.4949129,FORWARDED,976231ee-18d8-4a16-8adb-5a9982e565b2,6dc30292-72e2-43c8-8082-be9c18af5437,c3,DROP,1016,?,i12,
1769500658.5072954,SENT,26db02d6-a971-40c8-a3f9-f86e2e65ab42,d794054b-9b35-4053-9b3d-3970c69daebd,c3,None,1603,?,i2,
1769500658.507338,FORWARDED,26db02d6-a971-40c8-a3f9-f86e2e65ab42,d794054b-9b35-4053-9b3d-3970c69daebd,c3,None,1603,?,i2,
1769500658.5139012,RECEIVED,46d6b20d-60f8-40c8-9a60-6ac01fa5ab4e,b0ad1678-f271-4f04-b11d-64cea8d17085,c1,DROP,1432,p1,?,
1769500658.5764554,RECEIVED,18ba45f8-760c-4ac7-bcff-10432c8cc7b8,5d986821-e594-433c-be11-9ad25d439cca,c2,c1,2476,p2,?,
1769500658.580985,RECEIVED,52df0179-8de1-45e5-9423-e44e34878537,5a438441-e791-461c-b23e-f61886976770,c5,DROP,442,x5,?,
1769500658.6097567,SENT,46d6b20d-60f8-40c8-9a60-6ac01fa5ab4e,b0ad1678-f271-4f04-b11d-64cea8d17085,c1,DROP,1002,?,i8,
1769500658.6097875,FORWARDED,46d6b20d-60f8-40c8-9a60-6ac01fa5ab4e,b0ad1678-f271-4f04-b11d-64cea8d17085,c1,DROP,1002,?,i8,
1769500658.6146488,RECEIVED,efef8e92-210c-4f19-9329-2f529c47544a,3b30f55c-e549-402d-acb0-f57aec92354c,c3,DROP,1439,p3,?,
1769500658.7421796,RECEIVED,ddf20406-1a5d-4af0-8987-20525e5fa8cf,8eb88786-9031-4f06-880f-032986ef3fb3,c4,DROP,1455,p1,?,
1769500658.7460046,RECEIVED,00674ac4-04b8-4897-8ffc-b77983a9c107,6d9bc0f1-62fa-487d-9893-660769b888fb,c2,DROP,1447,p2,?,
1769500658.7656667,RECEIVED,61426e12-0304-4410-94d3-fe7bd1cbcd1d,0ee8ae84-40af-4d7e-9a2b-a9b51da586f1,c1,DROP,1440,p1,?,
1769500658.8750567,SENT,18ba45f8-760c-4ac7-bcff-10432c8cc7b8,5d986821-e594-433c-be11-9ad25d439cca,c2,c1,1783,?,i2,
1769500658.8750992,FORWARDED,18ba45f8-760c-4ac7-bcff-10432c8cc7b8,5d986821-e594-433c-be11-9ad25d439cca,c2,c1,1783,?,i2,
1769500658.895265,RECEIVED,6d02e392-32e1-4257-8889-6f0195506f01,25f77ed3-a622-40f9-a072-00e5030f1fbb,c4,DROP,1436,p1,?,
1769500658.928667,RECEIVED,fb913843-0cc8-4017-af5b-a458cf9a5b13,a33b6430-b344-4e25-8607-a83af21c9371,c3,c4,2474,p3,?,
1769500658.9773936,SENT,fb913843-0cc8-4017-af5b-a458cf9a5b13,a33b6430-b344-4e25-8607-a83af21c9371,c3,c4,1782,?,i10,
1769500658.9774332,FORWARDED,fb913843-0cc8-4017-af5b-a458cf9a5b13,a33b6430-b344-4e25-8607-a83af21c9371,c3,c4,1782,?,i10,
1769500658.994613,SENT,6d02e392-32e1-4257-8889-6f0195506f01,25f77ed3-a622-40f9-a072-00e5030f1fbb,c4,DROP,1003,?,i1,
1769500658.9946587,FORWARDED,6d02e392-32e1-4257-8889-6f0195506f01,25f77ed3-a622-40f9-a072-00e5030f1fbb,c4,DROP,1003,?,i1,
1769500659.2305048,SENT,61426e12-0304-4410-94d3-fe7bd1cbcd1d,0ee8ae84-40af-4d7e-9a2b-a9b51da586f1,c1,DROP,1008,?,i12,
1769500659.2305455,FORWARDED,61426e12-0304-4410-94d3-fe7bd1cbcd1d,0ee8ae84-40af-4d7e-9a2b-a9b51da586f1,c1,DROP,1008,?,i12,
1769500659.260843,SENT,b67309e4-d856-4379-86f0-0b0a0e61faa4,7615803f-fdcb-4769-b2c4-c21d6f43dbeb,c4,DROP,1012,?,i6,
1769500659.2608836,FORWARDED,b67309e4-d856-4379-86f0-0b0a0e61faa4,7615803f-fdcb-4769-b2c4-c21d6f43dbeb,c4,DROP,1012,?,i6,
1769500659.2763288,SENT,efef8e92-210c-4f19-9329-2f529c47544a,3b30f55c-e549-402d-acb0-f57aec92354c,c3,DROP,1008,?,i6,
1769500659.2763743,FORWARDED,efef8e92-210c-4f19-9329-2f529c47544a,3b30f55c-e549-402d-acb0-f57aec92354c,c3,DROP,1008,?,i6,
1769500659.367959,RECEIVED,648b4265-c987-4058-b628-3267934416b4,fd339031-5b04-403a-b654-2272ae7d898d,c2,c1,2459,p2,?,
1769500659.430623,RECEIVED,841e4ca5-f24c-4e20-a4d5-b60596dcac56,ee597bd4-78f7-4f33-919f-8bf832864ad6,c1,DROP,440,x4,?,
1769500659.437421,RECEIVED,28b5cef0-85a4-49e2-9a51-a72a39570387,3c7cd1c1-60db-4173-b977-d9cd038a9daf,c2,DROP,1447,p2,?,
1769500659.4701717,RECEIVED,c4a9c628-ee89-48a7-8dee-ed6438a12b77,152c1a79-0446-43f3-a7c3-93741393a9ef,c4,None,2225,p1,?,
1769500659.5777705,SENT,648b4265-c987-4058-b628-3267934416b4,fd339031-5b04-403a-b654-2272ae7d898d,c2,c1,1771,?,i4,
1769500659.5778122,FORWARDED,648b4265-c987-4058-b628-3267934416b4,fd339031-5b04-403a-b654-2272ae7d898d,c2,c1,1771,?,i4,
1769500659.582303,SENT,00674ac4-04b8-4897-8ffc-b77983a9c107,6d9bc0f1-62fa-487d-9893-660769b888fb,c2,DROP,1013,?,i7,
1769500659.582343,FORWARDED,00674ac4-04b8-4897-8ffc-b77983a9c107,6d9bc0f1-62fa-487d-9893-660769b888fb,c2,DROP,1013,?,i7,
1769500659.6119347,SENT,c4a9c628-ee89-48a7-8dee-ed6438a12b77,152c1a79-0446-43f3-a7c3-93741393a9ef,c4,None,1595,?,i12,
1769500659.6119726,FORWARDED,c4a9c628-ee89-48a7-8dee-ed6438a12b77,152c1a79-0446-43f3-a7c3-93741393a9ef,c4,None,1595,?,i12,
1769500659.6365106,RECEIVED,21041c64-63f7-4ac1-9031-4cd774088bf4,a96e7010-268a-491b-bb0a-68c07a4411f8,c4,DROP,1451,p1,?,
1769500659.7246366,RECEIVED,832745f8-10f5-4f18-93b8-75cfa79ea57e,55600b4f-4ce3-412c-909a-99162f61e91e,c1,DROP,1440,p1,?,
1769500659.7853112,RECEIVED,fcd0cdd4-8676-45fb-9656-815e693188d1,9cd8bca5-22f5-4ef0-ada8-b24d98f976d6,c4,DROP,442,x4,?,
1769500659.8176527,RECEIVED,2ffb8f8c-35e3-4b68-bc39-eede292990ad,21d9cfa0-7326-4be0-8794-2bc61ac04d0e,c2,DROP,446,x10,?,
1769500659.844589,SENT,28b5cef0-85a4-49e2-9a51-a72a39570387,3c7cd1c1-60db-4173-b977-d9cd038a9daf,c2,DROP,1012,?,i2,
1769500659.8446255,FORWARDED,28b5cef0-85a4-49e2-9a51-a72a39570387,3c7cd1c1-60db-4173-b977-d9cd038a9daf,c2,DROP,1012,?,i2,
1769500659.9615626,SENT,832745f8-10f5-4f18-93b8-75cfa79ea57e,55600b4f-4ce3-412c-909a-99162f61e91e,c1,DROP,1008,?,i4,
1769500659.9616022,FORWARDED,832745f8-10f5-4f18-93b8-75cfa79ea57e,55600b4f-4ce3-412c-909a-99162f61e91e,c1,DROP,1008,?,i4,
1769500660.0935788,RECEIVED,1b15fe92-c227-4adc-a805-986e3ba06061,48c7e5f8-8c4c-40f2-8f93-9bd556903aec,c1,DROP,1439,p1,?,
1769500660.1154838,RECEIVED,aedfbcc0-a81b-4283-b621-b380039dad64,5ee57252-c636-48f2-8e06-36f2c5177d8e,c4,c3,2459,p1,?,
1769500660.1474783,RECEIVED,a93c08b8-985c-431e-8e54-6957b138a9ed,8610d366-3f30-4ea8-9bc1-35194939b59c,c1,None,2239,p1,?,
1769500660.3237586,SENT,ddf20406-1a5d-4af0-8987-20525e5fa8cf,8eb88786-9031-4f06-880f-032986ef3fb3,c4,DROP,1018,?,i6,
1769500660.3237982,FORWARDED,ddf20406-1a5d-4af0-8987-20525e5fa8cf,8eb88786-9031-4f06-880f-032986ef3fb3,c4,DROP,1018,?,i6,
1769500660.3998127,RECEIVED,98ff02ef-8e90-463a-a088-4c02779cb37d,9b5e8517-82d1-4337-91e2-f9806811d6a5,c3,DROP,1440,p3,?,
1769500660.430227,SENT,98ff02ef-8e90-463a-a088-4c02779cb37d,9b5e8517-82d1-4337-91e2-f9806811d6a5,c3,DROP,1008,?,i9,
1769500660.430266,FORWARDED,98ff02ef-8e90-463a-a088-4c02779cb37d,9b5e8517-82d1-4337-91e2-f9806811d6a5,c3,DROP,1008,?,i9,
1769500660.469376,RECEIVED,02c15d5f-85b5-49a3-809d-cb9d4f82f2bd,1bc495ff-6539-4b9c-95a1-e55e8b9d928f,c4,c3,2463,p1,?,
1769500660.6459894,SENT,1b15fe92-c227-4adc-a805-986e3ba06061,48c7e5f8-8c4c-40f2-8f93-9bd556903aec,c1,DROP,1007,?,i5,
1769500660.6460283,FORWARDED,1b15fe92-c227-4adc-a805-986e3ba06061,48c7e5f8-8c4c-40f2-8f93-9bd556903aec,c1,DROP,1007,?,i5,
1769500660.7472239,SENT,aedfbcc0-a81b-4283-b621-b380039dad64,5ee57252-c636-48f2-8e06-36f2c5177d8e,c4,c3,1772,?,i3,
1769500660.747264,FORWARDED,aedfbcc0-a81b-4283-b621-b380039dad64,5ee57252-c636-48f2-8e06-36f2c5177d8e,c4,c3,1772,?,i3,
1769500660.8271623,RECEIVED,5026bcbc-6d02-4caa-898e-673a9b1b28df,7e0c4026-5af6-4b3f-a3ba-4fd1bdc2b0b6,c5,DROP,1435,p2,?,
1769500660.9309375,SENT,a93c08b8-985c-431e-8e54-6957b138a9ed,8610d366-3f30-4ea8-9bc1-35194939b59c,c1,None,1608,?,i9,
1769500660.9309807,FORWARDED,a93c08b8-985c-431e-8e54-6957b138a9ed,8610d366-3f30-4ea8-9bc1-35194939b59c,c1,None,1608,?,i9,
1769500660.961565,RECEIVED,b6548f58-a30f-4e1a-ade0-71fd92956e25,d9bc4b57-b44e-474b-ab1c-5fbeb3886a70,c5,DROP,1456,p2,?,
1769500660.9754586,RECEIVED,78713702-a119-4721-8250-e854133b242e,bed583a3-1b47-4802-a1e2-98e033483d3c,c4,DROP,441,x9,?,
1769500661.0264626,RECEIVED,c22546a1-7860-4b43-949c-f14d355187f0,e8cbb04f-a8d1-4d4c-a39c-e4926a508c49,c3,None,2235,p3,?,
1769500661.1596005,RECEIVED,38dbc42b-59cc-44dd-9eb0-022960834eba,1a05bbd5-a85a-4c8e-bfbc-5df84f8417a0,c1,DROP,441,x9,?,
1769500661.169141,SENT,5026bcbc-6d02-4caa-898e-673a9b1b28df,7e0c4026-5af6-4b3f-a3ba-4fd1bdc2b0b6,c5,DROP,1003,?,i5,
1769500661.1691802,FORWARDED,5026bcbc-6d02-4caa-898e-673a9b1b28df,7e0c4026-5af6-4b3f-a3ba-4fd1bdc2b0b6,c5,DROP,1003,?,i5,
1769500661.1814637,RECEIVED,980e0b7c-f2f0-4dc9-9984-ef99c7541390,14f47ddc-df55-49c2-b7de-c12a877fcee1,c3,DROP,1436,p3,?,
1769500661.3069813,SENT,02c15d5f-85b5-49a3-809d-cb9d4f82f2bd,1bc495ff-6539-4b9c-95a1-e55e8b9d928f,c4,c3,1775,?,i1,
1769500661.30702,FORWARDED,02c15d5f-85b5-49a3-809d-cb9d4f82f2bd,1bc495ff-6539-4b9c-95a1-e55e8b9d928f,c4,c3,1775,?,i1,
1769500661.3145568,SENT,980e0b7c-f2f0-4dc9-9984-ef99c7541390,14f47ddc-df55-49c2-b7de-c12a877fcee1,c3,DROP,1004,?,i8,
1769500661.3145971,FORWARDED,980e0b7c-f2f0-4dc9-9984-ef99c7541390,14f47ddc-df55-49c2-b7de-c12a877fcee1,c3,DROP,1004,?,i8,
1769500661.4702463,RECEIVED,6b8f21c6-b967-4b08-b631-31cdf8626748,d260f35d-fee9-49a5-b4c9-1429c083988f,c2,DROP,441,x1,?,
1769500661.4719076,RECEIVED,cd1fbdb3-8766-4d08-8a64-ea15da36976f,872fb15c-79d6-4198-a557-c0b754d26297,c3,DROP,1448,p3,?,
1769500661.5263574,SENT,b6548f58-a30f-4e1a-ade0-71fd92956e25,d9bc4b57-b44e-474b-ab1c-5fbeb3886a70,c5,DROP,1020,?,i10,
1769500661.5263894,FORWARDED,b6548f58-a30f-4e1a-ade0-71fd92956e25,d9bc4b57-b44e-474b-ab1c-5fbeb3886a70,c5,DROP,1020,?,i10,
1769500661.535432,SENT,c22546a1-7860-4b43-949c-f14d355187f0,e8cbb04f-a8d1-4d4c-a39c-e4926a508c49,c3,None,1604,?,i2,
1769500661.5354738,FORWARDED,c22546a1-7860-4b43-949c-f14d355187f0,e8cbb04f-a8d1-4d4c-a39c-e4926a508c49,c3,None,1604,?,i2,
1769500661.5619516,SENT,21041c64-63f7-4ac1-9031-4cd774088bf4,a96e7010-268a-491b-bb0a-68c07a4411f8,c4,DROP,1017,?,i4,
1769500661.5619912,FORWARDED,21041c64-63f7-4ac1-9031-4cd774088bf4,a96e7010-268a-491b-bb0a-68c07a4411f8,c4,DROP,1017,?,i4,
1769500661.600191,RECEIVED,da94544a-df88-4cef-8cc6-aacc573ca092,d2896c01-f2b9-42fe-ad6b-bf980910db7a,c5,DROP,1439,p2,?,
1769500661.6586564,SENT,cd1fbdb3-8766-4d08-8a64-ea15da36976f,872fb15c-79d6-4198-a557-c0b754d26297,c3,DROP,1012,?,i2,
1769500661.6586957,FORWARDED,cd1fbdb3-8766-4d08-8a64-ea15da36976f,872fb15c-79d6-4198-a557-c0b754d26297,c3,DROP,1012,?,i2,
1769500661.8134413,RECEIVED,c36a1329-4640-4477-b262-e769c93ed96c,c955d8e7-3fd4-4fd4-b9c2-5f3fac82d61e,c1,DROP,442,x6,?,
1769500662.199806,RECEIVED,7e8991c0-cf91-4dc4-859f-2d8b08ba5b73,0ee4afe0-2527-4531-bacb-1b0d29d6f58c,c3,DROP,1440,p3,?,
1769500662.2273898,RECEIVED,33bb8cc6-eb3c-4e2b-a52a-79d89d68b13e,6d07f08f-db32-42e1-9001-d0ca4a203400,c1,DROP,1452,p1,?,
1769500662.393145,SENT,33bb8cc6-eb3c-4e2b-a52a-79d89d68b13e,6d07f08f-db32-42e1-9001-d0ca4a203400,c1,DROP,1016,?,i3,
1769500662.3931925,FORWARDED,33bb8cc6-eb3c-4e2b-a52a-79d89d68b13e,6d07f08f-db32-42e1-9001-d0ca4a203400,c1,DROP,1016,?,i3,
1769500662.5600953,SENT,7e8991c0-cf91-4dc4-859f-2d8b08ba5b73,0ee4afe0-2527-4531-bacb-1b0d29d6f58c,c3,DROP,1006,?,i3,
1769500662.560136,FORWARDED,7e8991c0-cf91-4dc4-859f-2d8b08ba5b73,0ee4afe0-2527-4531-bacb-1b0d29d6f58c,c3,DROP,1006,?,i3,
1769500662.6110244,RECEIVED,030355a7-1b3a-4b2d-a71c-f6f6cd469ccd,6729f39b-16dc-4529-b448-bae3044defcf,c1,DROP,1447,p1,?,
1769500662.616677,RECEIVED,349d819f-ad1c-41a3-a2fb-5a442d893ddb,caccb359-a0bf-4a70-a2a1-d3b456d00d9a,c4,DROP,441,x1,?,
1769500662.6621315,RECEIVED,94a40dd0-efc3-4a0f-8ba1-4e098cad4c0e,8d7b92ec-39ff-47be-8272-da229b20de40,c4,None,2224,p1,?,
1769500662.7173567,RECEIVED,95ede70f-b9a2-4251-afdb-9c2610ddfe5e,0659d258-ea61-4a8f-be04-3703ac5d0340,c5,c2,2452,p2,?,
1769500662.739092,SENT,030355a7-1b3a-4b2d-a71c-f6f6cd469ccd,6729f39b-16dc-4529-b448-bae3044defcf,c1,DROP,1012,?,i6,
1769500662.739132,FORWARDED,030355a7-1b3a-4b2d-a71c-f6f6cd469ccd,6729f39b-16dc-4529-b448-bae3044defcf,c1,DROP,1012,?,i6,
1769500662.7794707,SENT,94a40dd0-efc3-4a0f-8ba1-4e098cad4c0e,8d7b92ec-39ff-47be-8272-da229b20de40,c4,None,1595,?,i6,
1769500662.7795122,FORWARDED,94a40dd0-efc3-4a0f-8ba1-4e098cad4c0e,8d7b92ec-39ff-47be-8272-da229b20de40,c4,None,1595,?,i6,
1769500662.8993478,RECEIVED,32fcaf36-2ea0-4eb8-9376-42af2deb82ef,1f5d243b-95d8-4b9f-9c95-38d3a44b4f7c,c4,DROP,1438,p1,?,
1769500662.9237165,SENT,95ede70f-b9a2-4251-afdb-9c2610ddfe5e,0659d258-ea61-4a8f-be04-3703ac5d0340,c5,c2,1766,?,i4,
1769500662.9237576,FORWARDED,95ede70f-b9a2-4251-afdb-9c2610ddfe5e,0659d258-ea61-4a8f-be04-3703ac5d0340,c5,c2,1766,?,i4,
1769500663.0373065,RECEIVED,51dd97e6-1b29-48dc-b206-e1ff1e41e26f,f37fc58d-e95b-4d56-ba79-c5c5e5b8448f,c2,None,2224,p2,?,
1769500663.2130842,RECEIVED,420c46e5-7474-46ad-b250-a1fe8346f681,c3812ad3-b2d4-4a23-8bc5-15322f8291c9,c2,DROP,1440,p2,?,
1769500663.2695243,SENT,420c46e5-7474-46ad-b250-a1fe8346f681,c3812ad3-b2d4-4a23-8bc5-15322f8291c9,c2,DROP,1008,?,i3,
1769500663.2695732,FORWARDED,420c46e5-7474-46ad-b250-a1fe8346f681,c3812ad3-b2d4-4a23-8bc5-15322f8291c9,c2,DROP,1008,?,i3,
1769500663.3050807,SENT,51dd97e6-1b29-48dc-b206-e1ff1e41e26f,f37fc58d-e95b-4d56-ba79-c5c5e5b8448f,c2,None,1595,?,i9,
1769500663.3051229,FORWARDED,51dd97e6-1b29-48dc-b206-e1ff1e41e26f,f37fc58d-e95b-4d56-ba79-c5c5e5b8448f,c2,None,1595,?,i9,
1769500663.4353118,RECEIVED,db23309e-2e8b-4b26-8f5f-c972e7a3a645,cf658e75-b651-4c79-8322-b516214b2d8d,c3,DROP,441,x3,?,
1769500663.4680316,RECEIVED,e8c95500-2e95-4e96-853a-06d7a70f1985,47949b31-a2c1-430a-b937-eb5fefd5a8fb,c2,c1,2461,p2,?,
1769500663.6003628,RECEIVED,bdaac997-827c-4017-b8a7-62cccb0deb28,227796aa-5d58-4557-9ad4-28fbb78c9697,c3,c4,2462,p3,?,
1769500663.6788719,SENT,e8c95500-2e95-4e96-853a-06d7a70f1985,47949b31-a2c1-430a-b937-eb5fefd5a8fb,c2,c1,1771,?,i12,
1769500663.6789107,FORWARDED,e8c95500-2e95-4e96-853a-06d7a70f1985,47949b31-a2c1-430a-b937-eb5fefd5a8fb,c2,c1,1771,?,i12,
1769500663.755471,RECEIVED,dd2a4a50-3007-4bfd-a955-40690987b607,f03b87d5-3b72-4fa6-9c25-2d82856e7785,c2,DROP,1447,p2,?,
1769500663.77962,RECEIVED,e342b16b-dd7a-43e2-8024-484846b640fe,fb0da35f-fb7c-4db4-902b-9b22111882b5,c5,DROP,1439,p2,?,
1769500663.8375561,SENT,da94544a-df88-4cef-8cc6-aacc573ca092,d2896c01-f2b9-42fe-ad6b-bf980910db7a,c5,DROP,1008,?,i8,
1769500663.8375974,FORWARDED,da94544a-df88-4cef-8cc6-aacc573ca092,d2896c01-f2b9-42fe-ad6b-bf980910db7a,c5,DROP,1008,?,i8,
1769500663.8384433,RECEIVED,d1709abe-f943-46b7-acd4-a14f5a03cf00,ab730902-738e-419d-ad47-f5ab8263e922,c2,c1,2462,p2,?,
1769500663.8470109,RECEIVED,e2e1839a-4fab-4f7c-891d-9267379904ae,6d9feff5-c1ea-4008-a6fe-15b7d099506f,c4,DROP,446,x11,?,
1769500663.903911,RECEIVED,495c5041-922e-4098-8235-71d1d89863ad,60286e97-d0f5-49d3-94af-b5bfe32be469,c1,None,2223,p1,?,
1769500663.9512436,RECEIVED,61423c8d-ac1a-450b-971c-5ee424af6ff4,64009e54-a52a-471e-a1e8-5efefffc920a,c4,DROP,1453,p1,?,
1769500663.976243,SENT,32fcaf36-2ea0-4eb8-9376-42af2deb82ef,1f5d243b-95d8-4b9f-9c95-38d3a44b4f7c,c4,DROP,1008,?,i4,
1769500663.9762857,FORWARDED,32fcaf36-2ea0-4eb8-9376-42af2deb82ef,1f5d243b-95d8-4b9f-9c95-38d3a44b4f7c,c4,DROP,1008,?,i4,
1769500663.989654,SENT,61423c8d-ac1a-450b-971c-5ee424af6ff4,64009e54-a52a-471e-a1e8-5efefffc920a,c4,DROP,1017,?,i11,
1769500663.9897022,FORWARDED,61423c8d-ac1a-450b-971c-5ee424af6ff4,64009e54-a52a-471e-a1e8-5efefffc920a,c4,DROP,1017,?,i11,
1769500664.0458324,RECEIVED,7d022dea-363b-4834-b1da-fae1cbaba2e7,f3801160-1c31-4348-8c03-21df812124e5,c3,DROP,1447,p3,?,
1769500664.092169,SENT,dd2a4a50-3007-4bfd-a955-40690987b607,f03b87d5-3b72-4fa6-9c25-2d82856e7785,c2,DROP,1013,?,i3,
1769500664.0922027,FORWARDED,dd2a4a50-3007-4bfd-a955-40690987b607,f03b87d5-3b72-4fa6-9c25-2d82856e7785,c2,DROP,1013,?,i3,
1769500664.4104884,RECEIVED,ff39bb96-bad9-4a67-bfdc-a379d01ce730,6515cbce-61d4-40fc-b504-75029997c170,c3,DROP,1441,p3,?,
1769500664.473478,SENT,ff39bb96-bad9-4a67-bfdc-a379d01ce730,6515cbce-61d4-40fc-b504-75029997c170,c3,DROP,1007,?,i7,
1769500664.4735181,FORWARDED,ff39bb96-bad9-4a67-bfdc-a379d01ce730,6515cbce-61d4-40fc-b504-75029997c170,c3,DROP,1007,?,i7,
1769500664.5778377,SENT,495c5041-922e-4098-8235-71d1d89863ad,60286e97-d0f5-49d3-94af-b5bfe32be469,c1,None,1594,?,i6,
1769500664.57788,FORWARDED,495c5041-922e-4098-8235-71d1d89863ad,60286e97-d0f5-49d3-94af-b5bfe32be469,c1,None,1594,?,i6,
1769500664.6928117,RECEIVED,fdf52508-82ee-43af-a932-baea31431a2e,3211ee31-aec5-4ed9-a8d3-c7b2b11b06e9,c4,c3,2464,p1,?,
1769500664.7070673,SENT,e342b16b-dd7a-43e2-8024-484846b640fe,fb0da35f-fb7c-4db4-902b-9b22111882b5,c5,DROP,1008,?,i7,
1769500664.707106,FORWARDED,e342b16b-dd7a-43e2-8024-484846b640fe,fb0da35f-fb7c-4db4-902b-9b22111882b5,c5,DROP,1008,?,i7,
1769500664.8819733,RECEIVED,0798db02-856f-4be9-920f-0475b1d6dfaf,845dcbe0-44b4-4d48-9305-8a111f998485,c3,None,2239,p3,?,
1769500664.8970652,SENT,d1709abe-f943-46b7-acd4-a14f5a03cf00,ab730902-738e-419d-ad47-f5ab8263e922,c2,c1,1776,?,i2,
1769500664.8971064,FORWARDED,d1709abe-f943-46b7-acd4-a14f5a03cf00,ab730902-738e-419d-ad47-f5ab8263e922,c2,c1,1776,?,i2,
1769500664.9331303,RECEIVED,ab8446ec-21a0-4975-b843-57d80f034260,4e9b9c10-bf3a-41b1-a035-761e368beb68,c3,DROP,1440,p3,?,
1769500664.9546044,SENT,fdf52508-82ee-43af-a932-baea31431a2e,3211ee31-aec5-4ed9-a8d3-c7b2b11b06e9,c4,c3,1775,?,i5,
1769500664.9546413,FORWARDED,fdf52508-82ee-43af-a932-baea31431a2e,3211ee31-aec5-4ed9-a8d3-c7b2b11b06e9,c4,c3,1775,?,i5,
1769500665.0210094,SENT,ab8446ec-21a0-4975-b843-57d80f034260,4e9b9c10-bf3a-41b1-a035-761e368beb68,c3,DROP,1006,?,i1,
1769500665.0213857,FORWARDED,ab8446ec-21a0-4975-b843-57d80f034260,4e9b9c10-bf3a-41b1-a035-761e368beb68,c3,DROP,1006,?,i1,
1769500665.07276,RECEIVED,cfbaa5b8-9029-4054-bed3-99847f944a57,7e7d45ce-e5c9-48e4-9a96-204ed5669386,c2,DROP,442,x12,?,
1769500665.0814853,RECEIVED,c2995713-bd90-42ff-ba12-38b1b6afa81f,0b47b78a-207e-4aae-8e6e-3a1ac06a266e,c3,DROP,1444,p3,?,
1769500665.219225,SENT,0798db02-856f-4be9-920f-0475b1d6dfaf,845dcbe0-44b4-4d48-9305-8a111f998485,c3,None,1608,?,i9,
1769500665.219263,FORWARDED,0798db02-856f-4be9-920f-0475b1d6dfaf,845dcbe0-44b4-4d48-9305-8a111f998485,c3,None,1608,?,i9,
1769500665.2321322,SENT,7d022dea-363b-4834-b1da-fae1cbaba2e7,f3801160-1c31-4348-8c03-21df812124e5,c3,DROP,1012,?,i5,
1769500665.2321696,FORWARDED,7d022dea-363b-4834-b1da-fae1cbaba2e7,f3801160-1c31-4348-8c03-21df812124e5,c3,DROP,1012,?,i5,
1769500665.2649894,RECEIVED,4fbd6f0a-772a-40ab-b499-36d7e8b4a760,91c48301-5fc4-4a66-a994-a3bb16ea448a,c5,DROP,440,x12,?,
1769500665.266594,SENT,c2995713-bd90-42ff-ba12-38b1b6afa81f,0b47b78a-207e-4aae-8e6e-3a1ac06a266e,c3,DROP,1011,?,i3,
1769500665.266632,FORWARDED,c2995713-bd90-42ff-ba12-38b1b6afa81f,0b47b78a-207e-4aae-8e6e-3a1ac06a266e,c3,DROP,1011,?,i3,
1769500665.3490386,RECEIVED,d438d12a-c7b8-4313-8f3b-ecc4f2a2c75a,e1462de7-79b2-4f52-889b-c5f582221d4e,c4,c3,2460,p1,?,
1769500665.3822362,SENT,bdaac997-827c-4017-b8a7-62cccb0deb28,227796aa-5d58-4557-9ad4-28fbb78c9697,c3,c4,1775,?,i1,
1769500665.3822758,FORWARDED,bdaac997-827c-4017-b8a7-62cccb0deb28,227796aa-5d58-4557-9ad4-28fbb78c9697,c3,c4,1775,?,i1,
1769500665.4463506,SENT,d438d12a-c7b8-4313-8f3b-ecc4f2a2c75a,e1462de7-79b2-4f52-889b-c5f582221d4e,c4,c3,1772,?,i9,
1769500665.4463918,FORWARDED,d438d12a-c7b8-4313-8f3b-ecc4f2a2c75a,e1462de7-79b2-4f52-889b-c5f582221d4e,c4,c3,1772,?,i9,
1769500665.666764,RECEIVED,94db651e-6e49-484f-bf3f-038d6a449111,cac57edb-ba46-4004-8361-379e098aaa44,c1,DROP,1440,p1,?,
1769500665.7527864,RECEIVED,e26c19b7-d6fc-4168-8f56-6633aea0a3d6,7e3663a6-d190-4a99-8924-573a0115b5cb,c5,DROP,441,x7,?,
1769500665.844898,SENT,94db651e-6e49-484f-bf3f-038d6a449111,cac57edb-ba46-4004-8361-379e098aaa44,c1,DROP,1008,?,i7,
1769500665.844938,FORWARDED,94db651e-6e49-484f-bf3f-038d6a449111,cac57edb-ba46-4004-8361-379e098aaa44,c1,DROP,1008,?,i7,
1769500665.8624358,RECEIVED,acf1b89b-1c2b-4630-9b8e-16fe7fcaf8d8,aca52c6d-264d-4500-9460-28bbfc12b406,c3,DROP,1443,p3,?,
1769500666.040931,RECEIVED,24d29a03-597f-42e6-b4bc-056cfef316aa,84869e59-52b1-4c03-921f-10cd7e547ed7,c2,c1,2447,p2,?,
1769500666.0430381,RECEIVED,1b115eee-55c0-4248-b24b-4b4dedda4e30,ceab066c-92b7-49ce-81d2-38a9b1e9c35e,c2,DROP,1451,p2,?,
1769500666.1925428,RECEIVED,956ab0da-7d4a-4da1-a69e-474e6a5ab71e,c0440433-9545-4889-8272-bc9c10e7a151,c4,None,2260,p1,?,
1769500666.4042392,SENT,acf1b89b-1c2b-4630-9b8e-16fe7fcaf8d8,aca52c6d-264d-4500-9460-28bbfc12b406,c3,DROP,1009,?,i1,
1769500666.4042792,FORWARDED,acf1b89b-1c2b-4630-9b8e-16fe7fcaf8d8,aca52c6d-264d-4500-9460-28bbfc12b406,c3,DROP,1009,?,i1,
1769500666.409024,RECEIVED,0145ea60-8147-43dd-9816-a47f89bebc9b,8d478b22-fc2a-422f-9ed1-c722826f46b3,c3,None,2227,p3,?,
1769500666.5049982,SENT,24d29a03-597f-42e6-b4bc-056cfef316aa,84869e59-52b1-4c03-921f-10cd7e547ed7,c2,c1,1764,?,i8,
1769500666.5050359,FORWARDED,24d29a03-597f-42e6-b4bc-056cfef316aa,84869e59-52b1-4c03-921f-10cd7e547ed7,c2,c1,1764,?,i8,
1769500666.5473464,RECEIVED,e925f214-4cad-4acc-a966-9177317816e4,b3472473-c15a-4aef-83f2-a7cae419b26b,c2,DROP,1435,p2,?,
1769500666.624708,RECEIVED,86b10b5b-dbd7-4870-b088-62cb318de91f,60a75282-4053-4c40-a940-243d7cb767fa,c4,DROP,1448,p1,?,
1769500666.7507522,SENT,956ab0da-7d4a-4da1-a69e-474e6a5ab71e,c0440433-9545-4889-8272-bc9c10e7a151,c4,None,1623,?,i12,
1769500666.7507927,FORWARDED,956ab0da-7d4a-4da1-a69e-474e6a5ab71e,c0440433-9545-4889-8272-bc9c10e7a151,c4,None,1623,?,i12,
1769500666.8482509,SENT,86b10b5b-dbd7-4870-b088-62cb318de91f,60a75282-4053-4c40-a940-243d7cb767fa,c4,DROP,1014,?,i5,
1769500666.8482914,FORWARDED,86b10b5b-dbd7-4870-b088-62cb318de91f,60a75282-4053-4c40-a940-243d7cb767fa,c4,DROP,1014,?,i5,
1769500666.9328284,SENT,0145ea60-8147-43dd-9816-a47f89bebc9b,8d478b22-fc2a-422f-9ed1-c722826f46b3,c3,None,1597,?,i7,
1769500666.9328692,FORWARDED,0145ea60-8147-43dd-9816-a47f89bebc9b,8d478b22-fc2a-422f-9ed1-c722826f46b3,c3,None,1597,?,i7,
1769500666.9607034,RECEIVED,7b582045-009b-4cf6-92e9-056a657db868,5be2392b-7c0b-49f1-a57c-75ffcdfd2f76,c5,DROP,1452,p2,?,
1769500666.972924,SENT,e925f214-4cad-4acc-a966-9177317816e4,b3472473-c15a-4aef-83f2-a7cae419b26b,c2,DROP,1003,?,i6,
1769500666.9729648,FORWARDED,e925f214-4cad-4acc-a966-9177317816e4,b3472473-c15a-4aef-83f2-a7cae419b26b,c2,DROP,1003,?,i6,
1769500666.9817708,RECEIVED,a63c14ce-b8d2-4670-be8c-4b6f7fe3c145,db14391b-f398-4922-b1bf-5d224797c3bf,c2,DROP,1439,p2,?,
1769500666.9859023,SENT,7b582045-009b-4cf6-92e9-056a657db868,5be2392b-7c0b-49f1-a57c-75ffcdfd2f76,c5,DROP,1015,?,i4,
1769500666.9859426,FORWARDED,7b582045-009b-4cf6-92e9-056a657db868,5be2392b-7c0b-49f1-a57c-75ffcdfd2f76,c5,DROP,1015,?,i4,
1769500667.2350302,RECEIVED,5cb26b11-bce5-418f-abef-39b3d8896461,80ba2857-70c4-4c78-b2ca-97e5625de126,c4,DROP,1440,p1,?,
1769500667.2987912,SENT,a63c14ce-b8d2-4670-be8c-4b6f7fe3c145,db14391b-f398-4922-b1bf-5d224797c3bf,c2,DROP,1007,?,i9,
1769500667.2988305,FORWARDED,a63c14ce-b8d2-4670-be8c-4b6f7fe3c145,db14391b-f398-4922-b1bf-5d224797c3bf,c2,DROP,1007,?,i9,
1769500667.4491093,RECEIVED,d9a89aea-cef8-4899-b454-7f9face0bcd3,42fa7a45-ba8a-45b8-9620-dfa636009cbe,c3,c4,2460,p3,?,
1769500667.4536638,SENT,5cb26b11-bce5-418f-abef-39b3d8896461,80ba2857-70c4-4c78-b2ca-97e5625de126,c4,DROP,1007,?,i4,
1769500667.4537022,FORWARDED,5cb26b11-bce5-418f-abef-39b3d8896461,80ba2857-70c4-4c78-b2ca-97e5625de126,c4,DROP,1007,?,i4,
1769500667.6610794,RECEIVED,581a347f-bf92-4c0b-94b1-d7ef54098ec0,41913380-56ba-45f1-9a37-0c065f53c686,c2,DROP,1444,p2,?,
1769500667.796013,SENT,1b115eee-55c0-4248-b24b-4b4dedda4e30,ceab066c-92b7-49ce-81d2-38a9b1e9c35e,c2,DROP,1015,?,i2,
1769500667.796069,FORWARDED,1b115eee-55c0-4248-b24b-4b4dedda4e30,ceab066c-92b7-49ce-81d2-38a9b1e9c35e,c2,DROP,1015,?,i2,
1769500667.8954895,RECEIVED,48af06f9-18a6-4d97-9300-749932eb4769,1661ad2a-26d8-44d1-849b-5da8b44f9e16,c1,DROP,1451,p1,?,
1769500667.9051752,RECEIVED,2558b06b-c46e-4f11-9aa5-e3c8d1b4c7c1,b421d22f-5831-4bb8-9ce2-5f10bb1d6626,c5,DROP,1450,p2,?,
1769500667.914666,SENT,581a347f-bf92-4c0b-94b1-d7ef54098ec0,41913380-56ba-45f1-9a37-0c065f53c686,c2,DROP,1011,?,i6,
1769500667.914705,FORWARDED,581a347f-bf92-4c0b-94b1-d7ef54098ec0,41913380-56ba-45f1-9a37-0c065f53c686,c2,DROP,1011,?,i6,
1769500667.9640417,RECEIVED,c26d7060-2af8-4bb2-8890-c68f24fddae0,fa022d57-b17e-41c6-99c8-70257422df63,c4,c3,2471,p1,?,
1769500667.9909017,RECEIVED,65079151-e395-4249-81e5-5898d6a0dc90,69251218-f56d-4e8a-9c4f-d5ceb5e5c67c,c2,c1,2476,p2,?,
1769500668.0185626,SENT,65079151-e395-4249-81e5-5898d6a0dc90,69251218-f56d-4e8a-9c4f-d5ceb5e5c67c,c2,c1,1784,?,i5,
1769500668.0186038,FORWARDED,65079151-e395-4249-81e5-5898d6a0dc90,69251218-f56d-4e8a-9c4f-d5ceb5e5c67c,c2,c1,1784,?,i5,
1769500668.0251887,RECEIVED,12bf5ddb-0843-4c58-8648-571ad6a1272f,ab5bd8d0-d6f2-46f5-99ed-f43fea3c5744,c1,DROP,1447,p1,?,
1769500668.1235173,RECEIVED,e423a0bc-5333-4690-be3a-07ae58408209,114044bd-a3a2-41d0-a271-6e1f6156dd09,c4,DROP,441,x8,?,
1769500668.1963634,RECEIVED,47b22d01-46ca-403e-abd3-9f0879f14527,4351785e-9811-49b1-9dbd-7b07463c85b0,c4,DROP,442,x5,?,
1769500668.241694,RECEIVED,8d822116-2494-450c-ac01-9d5ce86f0858,d47a5259-a41d-4ebb-8069-a7b4a0b3eec5,c2,DROP,441,x7,?,
1769500668.4053488,RECEIVED,cdc9603a-3c9c-4acd-b08b-b29cf8e2a57c,43ae7586-33b2-433f-9cfd-718e523861a6,c1,DROP,1439,p1,?,
1769500668.51032,SENT,48af06f9-18a6-4d97-9300-749932eb4769,1661ad2a-26d8-44d1-849b-5da8b44f9e16,c1,DROP,1016,?,i8,
1769500668.5103612,FORWARDED,48af06f9-18a6-4d97-9300-749932eb4769,1661ad2a-26d8-44d1-849b-5da8b44f9e16,c1,DROP,1016,?,i8,
1769500668.5888455,SENT,2558b06b-c46e-4f11-9aa5-e3c8d1b4c7c1,b421d22f-5831-4bb8-9ce2-5f10bb1d6626,c5,DROP,1016,?,i6,
1769500668.5888813,FORWARDED,2558b06b-c46e-4f11-9aa5-e3c8d1b4c7c1,b421d22f-5831-4bb8-9ce2-5f10bb1d6626,c5,DROP,1016,?,i6,
1769500668.6239927,SENT,cdc9603a-3c9c-4acd-b08b-b29cf8e2a57c,43ae7586-33b2-433f-9cfd-718e523861a6,c1,DROP,1007,?,i3,
1769500668.6240377,FORWARDED,cdc9603a-3c9c-4acd-b08b-b29cf8e2a57c,43ae7586-33b2-433f-9cfd-718e523861a6,c1,DROP,1007,?,i3,
1769500668.6957154,SENT,d9a89aea-cef8-4899-b454-7f9face0bcd3,42fa7a45-ba8a-45b8-9620-dfa636009cbe,c3,c4,1772,?,i12,
1769500668.6957555,FORWARDED,d9a89aea-cef8-4899-b454-7f9face0bcd3,42fa7a45-ba8a-45b8-9620-dfa636009cbe,c3,c4,1772,?,i12,
1769500668.7255492,SENT,12bf5ddb-0843-4c58-8648-571ad6a1272f,ab5bd8d0-d6f2-46f5-99ed-f43fea3c5744,c1,DROP,1012,?,i2,
1769500668.7255874,FORWARDED,12bf5ddb-0843-4c58-8648-571ad6a1272f,ab5bd8d0-d6f2-46f5-99ed-f43fea3c5744,c1,DROP,1012,?,i2,
1769500668.746967,RECEIVED,e7fd5138-3db4-441b-a967-7cc3da87d63e,7aa5fa79-2b41-4428-9294-dd924e47e6c3,c4,DROP,1452,p1,?,
1769500668.8123882,RECEIVED,7c05007d-3f41-42dc-8305-37ab123ca453,1c7fbf5c-29fb-49c7-ad5c-62879d7ffe83,c4,DROP,441,x6,?,
1769500668.838467,SENT,e7fd5138-3db4-441b-a967-7cc3da87d63e,7aa5fa79-2b41-4428-9294-dd924e47e6c3,c4,DROP,1016,?,i3,
1769500668.838507,FORWARDED,e7fd5138-3db4-441b-a967-7cc3da87d63e,7aa5fa79-2b41-4428-9294-dd924e47e6c3,c4,DROP,1016,?,i3,
1769500668.8842072,RECEIVED,2215ce18-a45d-4eb8-81ec-d49a36429a5a,b3dc9fe8-e392-402d-bbf9-672dd7e86452,c4,c3,2465,p1,?,
1769500668.9709806,SENT,2215ce18-a45d-4eb8-81ec-d49a36429a5a,b3dc9fe8-e392-402d-bbf9-672dd7e86452,c4,c3,1776,?,i12,
1769500668.9710217,FORWARDED,2215ce18-a45d-4eb8-81ec-d49a36429a5a,b3dc9fe8-e392-402d-bbf9-672dd7e86452,c4,c3,1776,?,i12,
1769500668.9782526,SENT,c26d7060-2af8-4bb2-8890-c68f24fddae0,fa022d57-b17e-41c6-99c8-70257422df63,c4,c3,1782,?,i9,
1769500668.9782925,FORWARDED,c26d7060-2af8-4bb2-8890-c68f24fddae0,fa022d57-b17e-41c6-99c8-70257422df63,c4,c3,1782,?,i9,
1769500669.0352018,RECEIVED,fdd8f655-8ce6-4339-b49e-198651f970c0,87a09da0-80f0-4128-a47e-1fd60ccfb530,c5,DROP,443,x9,?,
1769500669.191802,RECEIVED,b0401575-a3b2-44ed-9fb8-6175b388e142,07fddb2b-2606-48b8-87a8-31b4b4b7e750,c1,None,2211,p1,?,
1769500669.2081459,RECEIVED,6030d41d-3caf-4395-aa1f-d6d75ce3ef8b,8618f894-0acd-4a83-b246-0406e4cdb3ea,c2,DROP,1444,p2,?,
1769500669.3172426,RECEIVED,72d9367b-b31c-4020-9cc3-bc2de44e6cdb,681e947f-0053-44b3-b206-9d8bf6ab7e6e,c5,c2,2467,p2,?,
1769500669.363172,RECEIVED,fc5536ca-fcd3-40e9-a9d6-7614617260c7,7818f8c9-41df-4807-bb54-8021cd60bfd8,c2,DROP,442,x12,?,
1769500669.387724,RECEIVED,b815c73d-c705-4b67-8ebe-a6c3ae1ace59,33d91443-be6c-4f9d-a47b-44a08e1ab413,c2,DROP,1444,p2,?,
1769500669.4950113,SENT,b815c73d-c705-4b67-8ebe-a6c3ae1ace59,33d91443-be6c-4f9d-a47b-44a08e1ab413,c2,DROP,1010,?,i4,
1769500669.4950683,FORWARDED,b815c73d-c705-4b67-8ebe-a6c3ae1ace59,33d91443-be6c-4f9d-a47b-44a08e1ab413,c2,DROP,1010,?,i4,
1769500669.6926582,RECEIVED,4af1621b-4a3b-486d-9a82-3e02fbf6aadb,b7dc4e7c-abb9-4eba-85d9-25be0200b2ac,c5,DROP,1460,p2,?,
1769500669.706593,RECEIVED,7ed05eeb-b08b-4d1e-a288-f6b9c5aef5b1,5dbc6af9-e60f-4828-a794-784bcbd414b9,c2,None,2220,p2,?,
1769500669.7250957,RECEIVED,86ab25d6-4c32-4560-82a2-1b38ed6fcf1d,df2d241b-258a-4415-aba6-6468245813d9,c3,None,2239,p3,?,
1769500669.7393088,SENT,b0401575-a3b2-44ed-9fb8-6175b388e142,07fddb2b-2606-48b8-87a8-31b4b4b7e750,c1,None,1587,?,i9,
1769500669.7393506,FORWARDED,b0401575-a3b2-44ed-9fb8-6175b388e142,07fddb2b-2606-48b8-87a8-31b4b4b7e750,c1,None,1587,?,i9,
1769500669.7945046,SENT,72d9367b-b31c-4020-9cc3-bc2de44e6cdb,681e947f-0053-44b3-b206-9d8bf6ab7e6e,c5,c2,1777,?,i7,
1769500669.7945466,FORWARDED,72d9367b-b31c-4020-9cc3-bc2de44e6cdb,681e947f-0053-44b3-b206-9d8bf6ab7e6e,c5,c2,1777,?,i7,
1769500669.8350096,RECEIVED,f9edaa8d-d68d-4d35-aed9-6f299d539be6,d9de3269-5a48-433a-9f1c-fb0b422e3bbd,c1,c5,2451,p1,?,
1769500669.859573,SENT,4af1621b-4a3b-486d-9a82-3e02fbf6aadb,b7dc4e7c-abb9-4eba-85d9-25be0200b2ac,c5,DROP,1021,?,i9,
1769500669.8596117,FORWARDED,4af1621b-4a3b-486d-9a82-3e02fbf6aadb,b7dc4e7c-abb9-4eba-85d9-25be0200b2ac,c5,DROP,1021,?,i9,
1769500669.885804,RECEIVED,97b95729-3022-4ab5-893e-a851ddb435f4,01f53b53-4af2-4f20-b8cb-8196dd83fd0f,c4,DROP,441,x10,?,
1769500669.9719129,RECEIVED,7ae4bd02-0d0a-4a38-9454-5f1113f7d93d,d1e67aa8-b02f-4cf3-8448-98178f4f7401,c5,DROP,1431,p2,?,
1769500670.0917115,SENT,7ed05eeb-b08b-4d1e-a288-f6b9c5aef5b1,5dbc6af9-e60f-4828-a794-784bcbd414b9,c2,None,1592,?,i10,
1769500670.0917535,FORWARDED,7ed05eeb-b08b-4d1e-a288-f6b9c5aef5b1,5dbc6af9-e60f-4828-a794-784bcbd414b9,c2,None,1592,?,i10,
1769500670.1007495,SENT,6030d41d-3caf-4395-aa1f-d6d75ce3ef8b,8618f894-0acd-4a83-b246-0406e4cdb3ea,c2,DROP,1009,?,i12,
1769500670.10079,FORWARDED,6030d41d-3caf-4395-aa1f-d6d75ce3ef8b,8618f894-0acd-4a83-b246-0406e4cdb3ea,c2,DROP,1009,?,i12,
1769500670.1444206,RECEIVED,2a02bf88-5b21-4005-9524-c9316e5e65ab,cef0a969-8eb8-43ac-ba54-8bed430b39cd,c2,DROP,1456,p2,?,
1769500670.1730316,SENT,f9edaa8d-d68d-4d35-aed9-6f299d539be6,d9de3269-5a48-433a-9f1c-fb0b422e3bbd,c1,c5,1765,?,i8,
1769500670.1731133,FORWARDED,f9edaa8d-d68d-4d35-aed9-6f299d539be6,d9de3269-5a48-433a-9f1c-fb0b422e3bbd,c1,c5,1765,?,i8,
1769500670.2528448,RECEIVED,43390d16-9196-487a-bd78-d7e8840421a3,33a3a33a-c395-48fe-bd17-cf465aad9ed4,c3,DROP,1465,p3,?,
1769500670.3757806,SENT,2a02bf88-5b21-4005-9524-c9316e5e65ab,cef0a969-8eb8-43ac-ba54-8bed430b39cd,c2,DROP,1020,?,i10,
1769500670.3758223,FORWARDED,2a02bf88-5b21-4005-9524-c9316e5e65ab,cef0a969-8eb8-43ac-ba54-8bed430b39cd,c2,DROP,1020,?,i10,
1769500670.4757886,RECEIVED,91045f01-4af7-44a3-b4d0-0a1789d0ab5c,713acf06-8803-4973-97ef-274e7f144ff3,c2,DROP,1451,p2,?,
1769500670.5173295,RECEIVED,e7764a1a-4e96-4659-8327-3f9d001ea6d9,20ee17ed-655f-4a13-9e60-6a0b5b8d5c7f,c5,DROP,1448,p2,?,
1769500670.5774913,SENT,7ae4bd02-0d0a-4a38-9454-5f1113f7d93d,d1e67aa8-b02f-4cf3-8448-98178f4f7401,c5,DROP,1002,?,i1,
1769500670.5775306,FORWARDED,7ae4bd02-0d0a-4a38-9454-5f1113f7d93d,d1e67aa8-b02f-4cf3-8448-98178f4f7401,c5,DROP,1002,?,i1,
1769500670.5845249,SENT,e7764a1a-4e96-4659-8327-3f9d001ea6d9,20ee17ed-655f-4a13-9e60-6a0b5b8d5c7f,c5,DROP,1012,?,i2,
1769500670.584573,FORWARDED,e7764a1a-4e96-4659-8327-3f9d001ea6d9,20ee17ed-655f-4a13-9e60-6a0b5b8d5c7f,c5,DROP,1012,?,i2,
1769500670.6029167,RECEIVED,046e660b-c50f-4833-b53e-ea357a9a61da,576f1617-cf21-447d-9693-4a47f6ad36b8,c1,None,2223,p1,?,
1769500670.7375908,RECEIVED,d23b76e7-f8e1-4122-b424-dbe21022e216,ff43b322-a983-49df-9afb-e0e2daf12f8e,c1,c5,2459,p1,?,
1769500670.7490075,SENT,43390d16-9196-487a-bd78-d7e8840421a3,33a3a33a-c395-48fe-bd17-cf465aad9ed4,c3,DROP,1024,?,i10,
1769500670.7490542,FORWARDED,43390d16-9196-487a-bd78-d7e8840421a3,33a3a33a-c395-48fe-bd17-cf465aad9ed4,c3,DROP,1024,?,i10,
1769500670.834607,SENT,86ab25d6-4c32-4560-82a2-1b38ed6fcf1d,df2d241b-258a-4415-aba6-6468245813d9,c3,None,1608,?,i8,
1769500670.834656,FORWARDED,86ab25d6-4c32-4560-82a2-1b38ed6fcf1d,df2d241b-258a-4415-aba6-6468245813d9,c3,None,1608,?,i8,
1769500670.8386688,RECEIVED,e7337257-e629-49d5-a983-7babbf700e7e,5a807aed-30f3-46d0-a94b-780c81e3dbd1,c1,DROP,1442,p1,?,
1769500670.866504,RECEIVED,f4403956-c980-4ef7-b4e6-0534289757f5,2f556aa5-a763-4919-97cc-d7d4d4c45ee2,c3,DROP,1449,p3,?,
1769500670.8902705,SENT,e7337257-e629-49d5-a983-7babbf700e7e,5a807aed-30f3-46d0-a94b-780c81e3dbd1,c1,DROP,1007,?,i11,
1769500670.8903103,FORWARDED,e7337257-e629-49d5-a983-7babbf700e7e,5a807aed-30f3-46d0-a94b-780c81e3dbd1,c1,DROP,1007,?,i11,
1769500670.8932045,SENT,91045f01-4af7-44a3-b4d0-0a1789d0ab5c,713acf06-8803-4973-97ef-274e7f144ff3,c2,DROP,1016,?,i4,
1769500670.8932421,FORWARDED,91045f01-4af7-44a3-b4d0-0a1789d0ab5c,713acf06-8803-4973-97ef-274e7f144ff3,c2,DROP,1016,?,i4,
1769500670.9093144,RECEIVED,2c31933f-6088-4aad-830f-c0fe517a303c,b7bb359c-8f91-4e8b-b73e-497d240bee53,c2,DROP,1453,p2,?,
1769500670.9148722,SENT,f4403956-c980-4ef7-b4e6-0534289757f5,2f556aa5-a763-4919-97cc-d7d4d4c45ee2,c3,DROP,1012,?,i7,
1769500670.9149098,FORWARDED,f4403956-c980-4ef7-b4e6-0534289757f5,2f556aa5-a763-4919-97cc-d7d4d4c45ee2,c3,DROP,1012,?,i7,
1769500670.9332037,SENT,2c31933f-6088-4aad-830f-c0fe517a303c,b7bb359c-8f91-4e8b-b73e-497d240bee53,c2,DROP,1015,?,i10,
1769500670.9332442,FORWARDED,2c31933f-6088-4aad-830f-c0fe517a303c,b7bb359c-8f91-4e8b-b73e-497d240bee53,c2,DROP,1015,?,i10,
1769500670.9495053,RECEIVED,3a449c6e-39af-40c0-b5d0-5a8552c202a0,0661a683-1045-40cd-b6bc-5818e6666d5a,c2,c1,2464,p2,?,
1769500670.9772928,SENT,d23b76e7-f8e1-4122-b424-dbe21022e216,ff43b322-a983-49df-9afb-e0e2daf12f8e,c1,c5,1773,?,i8,
1769500670.977333,FORWARDED,d23b76e7-f8e1-4122-b424-dbe21022e216,ff43b322-a983-49df-9afb-e0e2daf12f8e,c1,c5,1773,?,i8,
1769500670.978446,RECEIVED,ad811609-9548-468b-83c3-86cad9c96806,f01367ca-d010-408a-b494-689173f9fa65,c4,DROP,1452,p1,?,
1769500671.149513,SENT,ad811609-9548-468b-83c3-86cad9c96806,f01367ca-d010-408a-b494-689173f9fa65,c4,DROP,1015,?,i2,
1769500671.1495929,FORWARDED,ad811609-9548-468b-83c3-86cad9c96806,f01367ca-d010-408a-b494-689173f9fa65,c4,DROP,1015,?,i2,
1769500671.2685459,SENT,3a449c6e-39af-40c0-b5d0-5a8552c202a0,0661a683-1045-40cd-b6bc-5818e6666d5a,c2,c1,1776,?,i7,
1769500671.2685866,FORWARDED,3a449c6e-39af-40c0-b5d0-5a8552c202a0,0661a683-1045-40cd-b6bc-5818e6666d5a,c2,c1,1776,?,i7,
1769500671.30816,RECEIVED,2189bb92-ca9f-4c76-a155-18c24c8d426a,c692e004-c2f2-4394-9c84-b5e249e92e49,c3,c4,2477,p3,?,
1769500671.330437,RECEIVED,0470a280-3e3a-4cd9-a519-eea85b493881,2419a10d-82e2-4010-9430-d2f016049bc4,c3,DROP,441,x12,?,
1769500671.4719117,RECEIVED,c0900199-9407-4b33-946d-388f82b746a0,376d5003-a5bb-4337-b398-bb4bf81adfc5,c5,c2,2465,p2,?,
1769500671.5074046,RECEIVED,d35ae38d-c5cf-40f8-a23f-458cf79debea,ec863c42-704b-44d9-9c0a-5eacda9986bf,c4,DROP,441,x3,?,
1769500671.5084467,RECEIVED,7f8557d2-2414-493d-b4eb-1804bca74824,389837ed-7051-4811-97c6-eea606d5977f,c4,c3,2459,p1,?,
1769500671.5127838,SENT,2189bb92-ca9f-4c76-a155-18c24c8d426a,c692e004-c2f2-4394-9c84-b5e249e92e49,c3,c4,1783,?,i12,
1769500671.5128248,FORWARDED,2189bb92-ca9f-4c76-a155-18c24c8d426a,c692e004-c2f2-4394-9c84-b5e249e92e49,c3,c4,1783,?,i12,
1769500671.5390065,SENT,c0900199-9407-4b33-946d-388f82b746a0,376d5003-a5bb-4337-b398-bb4bf81adfc5,c5,c2,1776,?,i6,
1769500671.5390692,FORWARDED,c0900199-9407-4b33-946d-388f82b746a0,376d5003-a5bb-4337-b398-bb4bf81adfc5,c5,c2,1776,?,i6,
1769500671.5935438,RECEIVED,43e73226-3e3f-4a51-8490-c2e7a4baa0d2,81973e75-7b56-4f89-9f9e-59ba878f0340,c1,DROP,442,x12,?,
1769500671.6064944,SENT,046e660b-c50f-4833-b53e-ea357a9a61da,576f1617-cf21-447d-9693-4a47f6ad36b8,c1,None,1594,?,i2,
1769500671.6065361,FORWARDED,046e660b-c50f-4833-b53e-ea357a9a61da,576f1617-cf21-447d-9693-4a47f6ad36b8,c1,None,1594,?,i2,
1769500671.6202302,SENT,7f8557d2-2414-493d-b4eb-1804bca74824,389837ed-7051-4811-97c6-eea606d5977f,c4,c3,1771,?,i3,
1769500671.6202707,FORWARDED,7f8557d2-2414-493d-b4eb-1804bca74824,389837ed-7051-4811-97c6-eea606d5977f,c4,c3,1771,?,i3,
1769500671.7067933,RECEIVED,67eca769-78d2-4459-933e-ccc4f2d4e5fd,184b00ea-b5d0-4022-ac41-2a47f60f1546,c5,DROP,1447,p2,?,
1769500671.7128398,RECEIVED,2324dce3-6693-49b1-94a7-8ac7becf4b6c,5ec3f6d3-89ca-4f2c-bc43-64fe6f4c9968,c3,DROP,441,x3,?,
1769500671.7356634,RECEIVED,18af2e48-7a01-4e56-8747-ce758da5526e,1ee29265-51ed-471c-aafa-83e886e989c0,c5,None,2223,p2,?,
1769500671.8352506,RECEIVED,bd63d729-fcd1-4ab6-a521-ff4032d00bde,a8e1de72-b5b5-4753-8e1e-2d86f1758616,c2,DROP,1439,p2,?,
1769500671.9304376,RECEIVED,ff49e267-7803-4cfa-b1d8-c94c3df04aa4,dfb726ac-5871-481b-a3f1-d71f57444034,c4,DROP,1456,p1,?,
1769500672.0004902,RECEIVED,33d7e7f9-4307-4c12-925d-fc3a227af1a2,22a2ac16-8ee5-4bf3-8339-82c34047ac01,c3,DROP,1447,p3,?,
1769500672.0927918,RECEIVED,3445c617-823a-4c55-b2a4-199ce507a871,fc38b54b-127e-4aa4-84dc-c922734df9a4,c1,c5,2472,p1,?,
1769500672.1483417,RECEIVED,f7c7b24f-42f1-4ea6-a1c7-6c952abdfe94,8f91c5f5-0517-43b3-ada7-c9bc5ee4b575,c3,DROP,1452,p3,?,
1769500672.238962,RECEIVED,4a3d55ff-392f-4118-8758-e938cb0d05f2,e49a8774-4824-49c1-860b-76e50fe2d0f3,c2,DROP,1450,p2,?,
1769500672.2729309,SENT,18af2e48-7a01-4e56-8747-ce758da5526e,1ee29265-51ed-471c-aafa-83e886e989c0,c5,None,1595,?,i1,
1769500672.272972,FORWARDED,18af2e48-7a01-4e56-8747-ce758da5526e,1ee29265-51ed-471c-aafa-83e886e989c0,c5,None,1595,?,i1,
1769500672.286975,SENT,bd63d729-fcd1-4ab6-a521-ff4032d00bde,a8e1de72-b5b5-4753-8e1e-2d86f1758616,c2,DROP,1008,?,i1,
1769500672.2870135,FORWARDED,bd63d729-fcd1-4ab6-a521-ff4032d00bde,a8e1de72-b5b5-4753-8e1e-2d86f1758616,c2,DROP,1008,?,i1,
1769500672.3233805,RECEIVED,887b6722-9492-4856-8c6c-6f3b61b6f2f7,bcd0a78d-8761-4aed-86d7-f2b15eebe4ce,c5,DROP,1437,p2,?,
1769500672.3279684,SENT,ff49e267-7803-4cfa-b1d8-c94c3df04aa4,dfb726ac-5871-481b-a3f1-d71f57444034,c4,DROP,1020,?,i8,
1769500672.328007,FORWARDED,ff49e267-7803-4cfa-b1d8-c94c3df04aa4,dfb726ac-5871-481b-a3f1-d71f57444034,c4,DROP,1020,?,i8,
1769500672.356273,RECEIVED,84b66d4a-8702-4206-838c-0b77b6c47b91,bba9926d-e27d-4632-89d0-d27f36a0e346,c5,None,2223,p2,?,
1769500672.3569124,SENT,f7c7b24f-42f1-4ea6-a1c7-6c952abdfe94,8f91c5f5-0517-43b3-ada7-c9bc5ee4b575,c3,DROP,1017,?,i2,
1769500672.3569462,FORWARDED,f7c7b24f-42f1-4ea6-a1c7-6c952abdfe94,8f91c5f5-0517-43b3-ada7-c9bc5ee4b575,c3,DROP,1017,?,i2,
1769500672.3880935,SENT,887b6722-9492-4856-8c6c-6f3b61b6f2f7,bcd0a78d-8761-4aed-86d7-f2b15eebe4ce,c5,DROP,1005,?,i9,
1769500672.3881345,FORWARDED,887b6722-9492-4856-8c6c-6f3b61b6f2f7,bcd0a78d-8761-4aed-86d7-f2b15eebe4ce,c5,DROP,1005,?,i9,
1769500672.446451,RECEIVED,e1860cf8-d423-498a-a5cf-c8cfd27e1bbc,44d015b0-6b54-40e6-8558-1ebaabc57938,c5,None,2235,p2,?,
1769500672.4489272,SENT,33d7e7f9-4307-4c12-925d-fc3a227af1a2,22a2ac16-8ee5-4bf3-8339-82c34047ac01,c3,DROP,1013,?,i8,
1769500672.449011,FORWARDED,33d7e7f9-4307-4c12-925d-fc3a227af1a2,22a2ac16-8ee5-4bf3-8339-82c34047ac01,c3,DROP,1013,?,i8,
1769500672.520224,SENT,67eca769-78d2-4459-933e-ccc4f2d4e5fd,184b00ea-b5d0-4022-ac41-2a47f60f1546,c5,DROP,1012,?,i9,
1769500672.5202627,FORWARDED,67eca769-78d2-4459-933e-ccc4f2d4e5fd,184b00ea-b5d0-4022-ac41-2a47f60f1546,c5,DROP,1012,?,i9,
1769500672.6769066,SENT,84b66d4a-8702-4206-838c-0b77b6c47b91,bba9926d-e27d-4632-89d0-d27f36a0e346,c5,None,1595,?,i8,
1769500672.6769476,FORWARDED,84b66d4a-8702-4206-838c-0b77b6c47b91,bba9926d-e27d-4632-89d0-d27f36a0e346,c5,None,1595,?,i8,
1769500672.7371314,RECEIVED,041d5603-fbf6-4527-b2ae-a2b7f0e11dc0,b0b827b8-8ce2-48ad-bb34-1fd764030444,c2,DROP,1441,p2,?,
1769500672.7822332,SENT,041d5603-fbf6-4527-b2ae-a2b7f0e11dc0,b0b827b8-8ce2-48ad-bb34-1fd764030444,c2,DROP,1008,?,i11,
1769500672.7822702,FORWARDED,041d5603-fbf6-4527-b2ae-a2b7f0e11dc0,b0b827b8-8ce2-48ad-bb34-1fd764030444,c2,DROP,1008,?,i11,
1769500672.901629,RECEIVED,ea6bea55-c3a2-4c25-8100-5b00f2e86cf0,12357cf7-8d89-4470-831a-1f35d9b7d8ee,c4,c3,2457,p1,?,
1769500672.9860725,SENT,ea6bea55-c3a2-4c25-8100-5b00f2e86cf0,12357cf7-8d89-4470-831a-1f35d9b7d8ee,c4,c3,1768,?,i5,
1769500672.9861095,FORWARDED,ea6bea55-c3a2-4c25-8100-5b00f2e86cf0,12357cf7-8d89-4470-831a-1f35d9b7d8ee,c4,c3,1768,?,i5,
1769500673.053915,RECEIVED,98c71a21-7db0-4dbb-9508-75d74a3ceb44,26c1512a-489e-489d-b793-4f4fc06237a3,c4,DROP,1441,p1,?,
1769500673.12354,SENT,e1860cf8-d423-498a-a5cf-c8cfd27e1bbc,44d015b0-6b54-40e6-8558-1ebaabc57938,c5,None,1603,?,i7,
1769500673.1235816,FORWARDED,e1860cf8-d423-498a-a5cf-c8cfd27e1bbc,44d015b0-6b54-40e6-8558-1ebaabc57938,c5,None,1603,?,i7,
1769500673.2135549,SENT,3445c617-823a-4c55-b2a4-199ce507a871,fc38b54b-127e-4aa4-84dc-c922734df9a4,c1,c5,1781,?,i11,
1769500673.213595,FORWARDED,3445c617-823a-4c55-b2a4-199ce507a871,fc38b54b-127e-4aa4-84dc-c922734df9a4,c1,c5,1781,?,i11,
1769500673.242649,SENT,98c71a21-7db0-4dbb-9508-75d74a3ceb44,26c1512a-489e-489d-b793-4f4fc06237a3,c4,DROP,1008,?,i10,
1769500673.2426918,FORWARDED,98c71a21-7db0-4dbb-9508-75d74a3ceb44,26c1512a-489e-489d-b793-4f4fc06237a3,c4,DROP,1008,?,i10,
1769500673.2637882,RECEIVED,cf012ac7-6b62-4df7-bd1c-1bc00030d145,a401aa17-ee35-4017-a33e-059bb5bd5ee8,c4,DROP,1439,p1,?,
1769500673.5423095,RECEIVED,1c8e4e69-b383-47ee-876f-abcedf1a8841,9b5f01b1-4ee5-4e06-828b-643565f9685f,c2,None,2233,p2,?,
1769500673.643023,RECEIVED,684b7f51-4afd-4fe1-9a08-bbd7256cab81,6a45e6f3-29af-49af-ac25-7a1ff66ed13e,c1,DROP,1441,p1,?,
1769500673.703525,RECEIVED,3fa56ff9-1792-4326-813a-f8cac567ba70,d293a7e0-5bdd-48ab-a2b6-b4053003d0a9,c1,DROP,1461,p1,?,
1769500673.7498984,SENT,cf012ac7-6b62-4df7-bd1c-1bc00030d145,a401aa17-ee35-4017-a33e-059bb5bd5ee8,c4,DROP,1007,?,i9,
1769500673.749939,FORWARDED,cf012ac7-6b62-4df7-bd1c-1bc00030d145,a401aa17-ee35-4017-a33e-059bb5bd5ee8,c4,DROP,1007,?,i9,
1769500673.769599,SENT,1c8e4e69-b383-47ee-876f-abcedf1a8841,9b5f01b1-4ee5-4e06-828b-643565f9685f,c2,None,1602,?,i12,
1769500673.7696393,FORWARDED,1c8e4e69-b383-47ee-876f-abcedf1a8841,9b5f01b1-4ee5-4e06-828b-643565f9685f,c2,None,1602,?,i12,
1769500673.7808316,RECEIVED,0fb4a47e-6069-4c9c-be9c-bfb74e8b1f9f,668b60a7-f720-43f6-9543-006586faa22a,c3,None,2236,p3,?,
1769500673.8940754,RECEIVED,be86fc28-779d-4d68-9fc2-3fcac81ca42d,8c81128e-a2c4-4146-851d-b0dfe5df6462,c5,DROP,1459,p2,?,
1769500674.0255718,RECEIVED,69ae601e-ee19-445f-9947-70cef77c51ed,c7e39507-3084-4eee-83a8-27032d7ec034,c3,DROP,1460,p3,?,
1769500674.066792,SENT,684b7f51-4afd-4fe1-9a08-bbd7256cab81,6a45e6f3-29af-49af-ac25-7a1ff66ed13e,c1,DROP,1007,?,i10,
1769500674.0668318,FORWARDED,684b7f51-4afd-4fe1-9a08-bbd7256cab81,6a45e6f3-29af-49af-ac25-7a1ff66ed13e,c1,DROP,1007,?,i10,
1769500674.09825,SENT,0fb4a47e-6069-4c9c-be9c-bfb74e8b1f9f,668b60a7-f720-43f6-9543-006586faa22a,c3,None,1604,?,i5,
1769500674.0982902,FORWARDED,0fb4a47e-6069-4c9c-be9c-bfb74e8b1f9f,668b60a7-f720-43f6-9543-006586faa22a,c3,None,1604,?,i5,
1769500674.1104667,SENT,3fa56ff9-1792-4326-813a-f8cac567ba70,d293a7e0-5bdd-48ab-a2b6-b4053003d0a9,c1,DROP,1021,?,i11,
1769500674.1105068,FORWARDED,3fa56ff9-1792-4326-813a-f8cac567ba70,d293a7e0-5bdd-48ab-a2b6-b4053003d0a9,c1,DROP,1021,?,i11,
1769500674.1451685,RECEIVED,c71cbe2a-80b0-4a5e-8384-f01297608ad4,8b59e8d8-33d3-416e-a47a-aa39a203bd2b,c5,DROP,1444,p2,?,
1769500674.2257195,SENT,be86fc28-779d-4d68-9fc2-3fcac81ca42d,8c81128e-a2c4-4146-851d-b0dfe5df6462,c5,DROP,1021,?,i6,
1769500674.2257686,FORWARDED,be86fc28-779d-4d68-9fc2-3fcac81ca42d,8c81128e-a2c4-4146-851d-b0dfe5df6462,c5,DROP,1021,?,i6,
1769500674.2841575,RECEIVED,19460b23-01fc-4d0a-a41b-382d2a40b578,a4b53ec1-153d-4860-9f22-d05e3a23fadd,c5,DROP,445,x12,?,
1769500674.3592846,RECEIVED,a92273e8-4290-4b3f-ac34-e2260926bd1a,7fa9520c-426b-4915-9b01-77b1105ca172,c2,DROP,1443,p2,?,
1769500674.4792562,RECEIVED,aa61f3eb-0640-470e-b5ca-8025a7b5dd8d,a15f1e4c-e0d6-4d9e-b545-e532be3d29ca,c4,DROP,1439,p1,?,
1769500674.5868216,SENT,a92273e8-4290-4b3f-ac34-e2260926bd1a,7fa9520c-426b-4915-9b01-77b1105ca172,c2,DROP,1009,?,i3,
1769500674.5868618,FORWARDED,a92273e8-4290-4b3f-ac34-e2260926bd1a,7fa9520c-426b-4915-9b01-77b1105ca172,c2,DROP,1009,?,i3,
1769500674.600584,SENT,c71cbe2a-80b0-4a5e-8384-f01297608ad4,8b59e8d8-33d3-416e-a47a-aa39a203bd2b,c5,DROP,1010,?,i11,
1769500674.600885,FORWARDED,c71cbe2a-80b0-4a5e-8384-f01297608ad4,8b59e8d8-33d3-416e-a47a-aa39a203bd2b,c5,DROP,1010,?,i11,
1769500674.604527,SENT,aa61f3eb-0640-470e-b5ca-8025a7b5dd8d,a15f1e4c-e0d6-4d9e-b545-e532be3d29ca,c4,DROP,1008,?,i2,
1769500674.6045675,FORWARDED,aa61f3eb-0640-470e-b5ca-8025a7b5dd8d,a15f1e4c-e0d6-4d9e-b545-e532be3d29ca,c4,DROP,1008,?,i2,
1769500674.6369078,SENT,4a3d55ff-392f-4118-8758-e938cb0d05f2,e49a8774-4824-49c1-860b-76e50fe2d0f3,c2,DROP,1016,?,i6,
1769500674.636944,FORWARDED,4a3d55ff-392f-4118-8758-e938cb0d05f2,e49a8774-4824-49c1-860b-76e50fe2d0f3,c2,DROP,1016,?,i6,
1769500674.651973,RECEIVED,ed15f5a0-eb46-45f3-9d9d-bd1b480a7b5e,b38fbb62-a3f2-49a4-9218-00cec2e3fdc1,c4,DROP,441,x5,?,
1769500674.7473633,RECEIVED,e526a9d1-8a42-4216-b037-eae9b67f916c,5ed03bd9-483e-4fc2-a5f0-41a9f6625eae,c3,DROP,1447,p3,?,
1769500674.8523192,SENT,e526a9d1-8a42-4216-b037-eae9b67f916c,5ed03bd9-483e-4fc2-a5f0-41a9f6625eae,c3,DROP,1013,?,i3,
1769500674.8523602,FORWARDED,e526a9d1-8a42-4216-b037-eae9b67f916c,5ed03bd9-483e-4fc2-a5f0-41a9f6625eae,c3,DROP,1013,?,i3,
1769500674.9218163,RECEIVED,b1c3caeb-0b44-48b6-b899-cbb8e9fe36c7,1d4d712d-a756-47db-b91b-6feb3b2cfd42,c1,DROP,1441,p1,?,
1769500674.9778001,SENT,b1c3caeb-0b44-48b6-b899-cbb8e9fe36c7,1d4d712d-a756-47db-b91b-6feb3b2cfd42,c1,DROP,1007,?,i9,
1769500674.9779146,FORWARDED,b1c3caeb-0b44-48b6-b899-cbb8e9fe36c7,1d4d712d-a756-47db-b91b-6feb3b2cfd42,c1,DROP,1007,?,i9,
1769500675.0246732,RECEIVED,eac0da87-49f7-40d9-a8a6-51feaee13a5d,0b956335-9d02-444f-865e-14596317bd7e,c4,None,2236,p1,?,
1769500675.1004224,SENT,69ae601e-ee19-445f-9947-70cef77c51ed,c7e39507-3084-4eee-83a8-27032d7ec034,c3,DROP,1021,?,i12,
1769500675.1004627,FORWARDED,69ae601e-ee19-445f-9947-70cef77c51ed,c7e39507-3084-4eee-83a8-27032d7ec034,c3,DROP,1021,?,i12,
1769500675.1731076,RECEIVED,ffca85e6-3ae2-4b31-a3c2-6d02b07946ad,62dc1a41-c0d9-4ad3-9e71-0d96166e8803,c4,DROP,1441,p1,?,
1769500675.3390412,RECEIVED,71ce2875-93f0-4619-a960-35f5d946df24,aa5012ad-4141-4da4-bd00-941132736777,c4,DROP,1452,p1,?,
1769500675.400781,SENT,ffca85e6-3ae2-4b31-a3c2-6d02b07946ad,62dc1a41-c0d9-4ad3-9e71-0d96166e8803,c4,DROP,1008,?,i11,
1769500675.400824,FORWARDED,ffca85e6-3ae2-4b31-a3c2-6d02b07946ad,62dc1a41-c0d9-4ad3-9e71-0d96166e8803,c4,DROP,1008,?,i11,
1769500675.4946733,RECEIVED,cc416ccf-1da9-480a-89ed-3a26b1add063,88cce299-e592-4475-8f66-db857805c189,c2,None,2233,p2,?,
1769500675.5115728,SENT,71ce2875-93f0-4619-a960-35f5d946df24,aa5012ad-4141-4da4-bd00-941132736777,c4,DROP,1016,?,i9,
1769500675.5116105,FORWARDED,71ce2875-93f0-4619-a960-35f5d946df24,aa5012ad-4141-4da4-bd00-941132736777,c4,DROP,1016,?,i9,
1769500675.5614517,RECEIVED,3927e910-4b50-4ea0-b9a7-f5831b34e747,8b89a1ef-68da-410a-b3ae-ee789aff31fe,c5,DROP,441,x5,?,
1769500675.5703652,RECEIVED,a5438971-b8d9-4a74-a608-28c659e6d05b,2460f4eb-be80-4254-b6f2-b5e47218b2a8,c3,DROP,445,x7,?,
1769500675.670697,SENT,eac0da87-49f7-40d9-a8a6-51feaee13a5d,0b956335-9d02-444f-865e-14596317bd7e,c4,None,1605,?,i12,
1769500675.6707387,FORWARDED,eac0da87-49f7-40d9-a8a6-51feaee13a5d,0b956335-9d02-444f-865e-14596317bd7e,c4,None,1605,?,i12,
1769500675.7093694,RECEIVED,a03635b7-38cd-42e0-9233-e420f915b8e4,5863b5dc-561c-4132-83cd-ce4796aee53f,c4,c3,2455,p1,?,
1769500675.8584135,SENT,cc416ccf-1da9-480a-89ed-3a26b1add063,88cce299-e592-4475-8f66-db857805c189,c2,None,1602,?,i10,
1769500675.8584528,FORWARDED,cc416ccf-1da9-480a-89ed-3a26b1add063,88cce299-e592-4475-8f66-db857805c189,c2,None,1602,?,i10,
1769500675.902954,SENT,a03635b7-38cd-42e0-9233-e420f915b8e4,5863b5dc-561c-4132-83cd-ce4796aee53f,c4,c3,1768,?,i2,
1769500675.903407,FORWARDED,a03635b7-38cd-42e0-9233-e420f915b8e4,5863b5dc-561c-4132-83cd-ce4796aee53f,c4,c3,1768,?,i2,
1769500675.9922142,RECEIVED,138adf14-837c-4c3f-8561-dd7d0d0dda7d,10f355eb-d788-4e0c-841a-4ad58469d86c,c1,None,2226,p1,?,
1769500676.3172662,SENT,138adf14-837c-4c3f-8561-dd7d0d0dda7d,10f355eb-d788-4e0c-841a-4ad58469d86c,c1,None,1599,?,i4,
1769500676.317301,FORWARDED,138adf14-837c-4c3f-8561-dd7d0d0dda7d,10f355eb-d788-4e0c-841a-4ad58469d86c,c1,None,1599,?,i4,
1769500676.3732843,RECEIVED,604d6e3d-d062-4e35-897a-72ea4168595f,d7ce0169-1ef2-4cfd-9da5-9a07350949fa,c1,DROP,440,x2,?,
1769500676.6857858,RECEIVED,06e23cab-29b4-4cb5-a80a-cca913a2ae5b,035af7c0-b9a4-4129-a916-798bb132740a,c1,DROP,1440,p1,?,
1769500676.7412176,RECEIVED,eb5de13e-00d3-49f3-bb36-968e7874ad87,2f2730ab-a896-4c41-9b86-8c9d9beef862,c3,None,2241,p3,?,
1769500676.7806761,SENT,eb5de13e-00d3-49f3-bb36-968e7874ad87,2f2730ab-a896-4c41-9b86-8c9d9beef862,c3,None,1607,?,i2,
1769500676.7807178,FORWARDED,eb5de13e-00d3-49f3-bb36-968e7874ad87,2f2730ab-a896-4c41-9b86-8c9d9beef862,c3,None,1607,?,i2,
1769500676.8136306,RECEIVED,4f6ec40b-c999-48b3-8ddc-e7dfbba76173,16ac881f-bd63-4577-8a50-f6dc07ecee37,c2,c1,2464,p2,?,
1769500677.1668074,SENT,4f6ec40b-c999-48b3-8ddc-e7dfbba76173,16ac881f-bd63-4577-8a50-f6dc07ecee37,c2,c1,1775,?,i6,
1769500677.166848,FORWARDED,4f6ec40b-c999-48b3-8ddc-e7dfbba76173,16ac881f-bd63-4577-8a50-f6dc07ecee37,c2,c1,1775,?,i6,
1769500677.520941,SENT,06e23cab-29b4-4cb5-a80a-cca913a2ae5b,035af7c0-b9a4-4129-a916-798bb132740a,c1,DROP,1007,?,i10,
1769500677.520981,FORWARDED,06e23cab-29b4-4cb5-a80a-cca913a2ae5b,035af7c0-b9a4-4129-a916-798bb132740a,c1,DROP,1007,?,i10,
1769500677.5303047,RECEIVED,b4d832b6-262f-41f6-b1d5-e522a0f9ddb7,102926c5-f021-4275-abb5-ec67bde1aaff,c1,DROP,1442,p1,?,
1769500677.539697,SENT,b4d832b6-262f-41f6-b1d5-e522a0f9ddb7,102926c5-f021-4275-abb5-ec67bde1aaff,c1,DROP,1007,?,i11,
1769500677.539739,FORWARDED,b4d832b6-262f-41f6-b1d5-e522a0f9ddb7,102926c5-f021-4275-abb5-ec67bde1aaff,c1,DROP,1007,?,i11,
1769500677.5845802,RECEIVED,f37d8d8e-3e20-43d9-9fdf-8d4b1140217e,6c8e44ff-599b-4b4a-b773-02701af9b21f,c1,DROP,442,x5,?,
1769500678.323831,RECEIVED,959ac605-f28d-42ad-b7ad-8a740af8639c,1a80bce6-a7ef-4ae3-84c8-464d335b59af,c1,DROP,1437,p1,?,
1769500678.3849692,SENT,959ac605-f28d-42ad-b7ad-8a740af8639c,1a80bce6-a7ef-4ae3-84c8-464d335b59af,c1,DROP,1003,?,i9,
1769500678.3850088,FORWARDED,959ac605-f28d-42ad-b7ad-8a740af8639c,1a80bce6-a7ef-4ae3-84c8-464d335b59af,c1,DROP,1003,?,i9,
1769500678.3926084,RECEIVED,abe08c30-3acb-45a2-991b-77956f5beb67,c5860829-087a-41b4-a5ba-d20863c74007,c4,DROP,1440,p1,?,
1769500678.4117,RECEIVED,6c734a3a-79a4-4e87-9932-de147b2a6ebd,173568de-43a3-460b-a5bc-01f01aac3baf,c2,DROP,1440,p2,?,
1769500678.5640101,SENT,abe08c30-3acb-45a2-991b-77956f5beb67,c5860829-087a-41b4-a5ba-d20863c74007,c4,DROP,1008,?,i1,
1769500678.5640664,FORWARDED,abe08c30-3acb-45a2-991b-77956f5beb67,c5860829-087a-41b4-a5ba-d20863c74007,c4,DROP,1008,?,i1,
1769500678.5964806,RECEIVED,ade443a8-6053-43f2-8ac5-36bc3473cdc1,017e9b75-5e83-4e7b-859b-e16a69bf4d07,c1,DROP,1442,p1,?,
1769500678.6906734,RECEIVED,f07c26a8-2f9f-4cec-ab83-9753d5eab933,6489842a-d49d-4760-a4fe-d5fbb780cd44,c1,DROP,1460,p1,?,
1769500678.737358,RECEIVED,c383a129-3fa3-4eb6-a8de-48a12fdd2b0a,487d2caa-0883-4ce4-a61e-7cceae39708c,c3,None,2227,p3,?,
1769500678.8937774,RECEIVED,f5c8bbd4-b681-4d94-8e8c-33f61c3feaed,39a8c3a7-eab7-4566-83bf-d48b7962442a,c5,DROP,447,x11,?,
1769500678.988982,SENT,6c734a3a-79a4-4e87-9932-de147b2a6ebd,173568de-43a3-460b-a5bc-01f01aac3baf,c2,DROP,1007,?,i11,
1769500678.9890244,FORWARDED,6c734a3a-79a4-4e87-9932-de147b2a6ebd,173568de-43a3-460b-a5bc-01f01aac3baf,c2,DROP,1007,?,i11,
1769500679.0069313,RECEIVED,83daeff7-5d1d-4172-aa09-1c92e7d744f6,7faa8107-9ef3-4320-a4cb-d432b30e4e64,c2,DROP,442,x9,?,
1769500679.1442554,RECEIVED,8d6582a5-e59d-4286-ad55-c54c3ed3a864,2222167d-d8fe-4a56-9dcf-508edeedffb8,c1,DROP,446,x11,?,
1769500679.2939696,RECEIVED,8f84faca-771b-4440-8a53-c4c55a4f5625,89186552-ffbe-409e-aa31-70a86950af5d,c5,None,2240,p2,?,
1769500679.3314445,SENT,ade443a8-6053-43f2-8ac5-36bc3473cdc1,017e9b75-5e83-4e7b-859b-e16a69bf4d07,c1,DROP,1011,?,i2,
1769500679.3314853,FORWARDED,ade443a8-6053-43f2-8ac5-36bc3473cdc1,017e9b75-5e83-4e7b-859b-e16a69bf4d07,c1,DROP,1011,?,i2,
1769500679.3349476,RECEIVED,e2c15ab4-e47a-4e43-b9a2-5e2da86c36eb,66cfaa29-b939-4598-a435-8a1a22f6d04b,c5,DROP,442,x11,?,
1769500679.347492,RECEIVED,9b80c0da-2249-4bab-8fb5-c49e96c40f05,52e4f62f-3be1-4331-8a75-3614b3d1e098,c5,c2,2455,p2,?,
1769500679.371484,RECEIVED,3c5788a9-765d-40ef-899a-b08cb1824e23,2fb8d0c4-7389-4be2-b310-2ea89d615c48,c5,DROP,1452,p2,?,
1769500679.419006,RECEIVED,46343648-433f-45cc-a3c3-a6d6705a9ec2,96d8790f-b5e1-4ee9-bcbf-acb77cab8931,c1,DROP,441,x4,?,
1769500679.4462016,SENT,3c5788a9-765d-40ef-899a-b08cb1824e23,2fb8d0c4-7389-4be2-b310-2ea89d615c48,c5,DROP,1015,?,i7,
1769500679.446243,FORWARDED,3c5788a9-765d-40ef-899a-b08cb1824e23,2fb8d0c4-7389-4be2-b310-2ea89d615c48,c5,DROP,1015,?,i7,
1769500679.4900818,RECEIVED,3b263849-79ca-4259-8a14-c45d521f47d1,2cce69e2-fcc0-421d-8133-0b41a33255d9,c5,DROP,1459,p2,?,
1769500679.508359,SENT,f07c26a8-2f9f-4cec-ab83-9753d5eab933,6489842a-d49d-4760-a4fe-d5fbb780cd44,c1,DROP,1023,?,i12,
1769500679.5083985,FORWARDED,f07c26a8-2f9f-4cec-ab83-9753d5eab933,6489842a-d49d-4760-a4fe-d5fbb780cd44,c1,DROP,1023,?,i12,
1769500679.5686142,SENT,8f84faca-771b-4440-8a53-c4c55a4f5625,89186552-ffbe-409e-aa31-70a86950af5d,c5,None,1607,?,i7,
1769500679.568653,FORWARDED,8f84faca-771b-4440-8a53-c4c55a4f5625,89186552-ffbe-409e-aa31-70a86950af5d,c5,None,1607,?,i7,
1769500679.5870101,RECEIVED,67a1e375-145e-4367-a9d1-e8dac0259623,8531792b-298d-4b0b-985b-688686842fa6,c4,c3,2459,p1,?,
1769500679.6474423,SENT,9b80c0da-2249-4bab-8fb5-c49e96c40f05,52e4f62f-3be1-4331-8a75-3614b3d1e098,c5,c2,1768,?,i4,
1769500679.647484,FORWARDED,9b80c0da-2249-4bab-8fb5-c49e96c40f05,52e4f62f-3be1-4331-8a75-3614b3d1e098,c5,c2,1768,?,i4,
1769500679.7274852,RECEIVED,ab473926-d09b-4eaf-911b-7821be75e87d,86e8f944-3ff0-4e37-ad56-5ef74aaeccc7,c5,DROP,1447,p2,?,
1769500679.8739254,SENT,3b263849-79ca-4259-8a14-c45d521f47d1,2cce69e2-fcc0-421d-8133-0b41a33255d9,c5,DROP,1021,?,i4,
1769500679.8739653,FORWARDED,3b263849-79ca-4259-8a14-c45d521f47d1,2cce69e2-fcc0-421d-8133-0b41a33255d9,c5,DROP,1021,?,i4,
1769500679.9012337,RECEIVED,113995be-0445-4071-a6f1-9bbce58a6e54,e2d9f3ed-fa60-4de4-bbd6-fb19e9253160,c5,DROP,1441,p2,?,
1769500679.9128945,RECEIVED,ef3a277a-a80a-4223-bd16-842677e6cf85,9c649e6f-c956-44b4-8fbb-99b06cf94bec,c3,DROP,445,x6,?,
1769500679.976508,SENT,113995be-0445-4071-a6f1-9bbce58a6e54,e2d9f3ed-fa60-4de4-bbd6-fb19e9253160,c5,DROP,1007,?,i9,
1769500679.976547,FORWARDED,113995be-0445-4071-a6f1-9bbce58a6e54,e2d9f3ed-fa60-4de4-bbd6-fb19e9253160,c5,DROP,1007,?,i9,
1769500679.989143,SENT,ab473926-d09b-4eaf-911b-7821be75e87d,86e8f944-3ff0-4e37-ad56-5ef74aaeccc7,c5,DROP,1012,?,i2,
1769500679.9891825,FORWARDED,ab473926-d09b-4eaf-911b-7821be75e87d,86e8f944-3ff0-4e37-ad56-5ef74aaeccc7,c5,DROP,1012,?,i2,
1769500680.0630813,RECEIVED,fca7777f-e99c-439a-96e2-6a6a8fe284f9,e1b87475-b9fb-455e-bd86-41a1d7dc2c99,c4,DROP,441,x11,?,
1769500680.1197457,RECEIVED,2693e47e-e827-4e26-a110-e55d6f21db97,ce16e0a4-102a-42e9-be4c-0fdae6f7f5e6,c5,DROP,1439,p2,?,
1769500680.1686363,SENT,67a1e375-145e-4367-a9d1-e8dac0259623,8531792b-298d-4b0b-985b-688686842fa6,c4,c3,1772,?,i8,
1769500680.1686707,FORWARDED,67a1e375-145e-4367-a9d1-e8dac0259623,8531792b-298d-4b0b-985b-688686842fa6,c4,c3,1772,?,i8,
1769500680.3106487,SENT,c383a129-3fa3-4eb6-a8de-48a12fdd2b0a,487d2caa-0883-4ce4-a61e-7cceae39708c,c3,None,1597,?,i6,
1769500680.3106906,FORWARDED,c383a129-3fa3-4eb6-a8de-48a12fdd2b0a,487d2caa-0883-4ce4-a61e-7cceae39708c,c3,None,1597,?,i6,
1769500680.3739843,RECEIVED,98d00a5f-76c0-4d61-aba7-762a038a04e6,94338a49-ae82-4a56-ae5a-047bbcdd021d,c1,DROP,441,x10,?,
1769500680.8135905,RECEIVED,db0e2a47-6b53-44a0-884e-bef03437fc48,683efb63-d692-4646-927a-a5592f765a8f,c1,c5,2478,p1,?,
1769500680.8594046,RECEIVED,aaa9b68a-e837-4795-ad39-21940ae4e814,31e43639-57d3-458f-9079-96004c7e5825,c4,DROP,1439,p1,?,
1769500680.9020073,RECEIVED,eaabcb44-db6d-4281-b6e8-ebc9889acd94,4d87ee22-1b83-4d31-a3fc-96ded6f95504,c5,DROP,441,x1,?,
1769500680.9371016,RECEIVED,020752ec-8928-4efd-8592-180c15232cc9,7686eb54-6461-4c28-8a4d-1382e4577ca9,c3,None,2224,p3,?,
1769500680.990939,RECEIVED,d1bb0633-7fa1-451c-a1d6-6820acc5ce25,f40946ae-ec2f-499a-80da-fafb9a14460d,c3,None,2228,p3,?,
1769500681.0781233,SENT,d1bb0633-7fa1-451c-a1d6-6820acc5ce25,f40946ae-ec2f-499a-80da-fafb9a14460d,c3,None,1599,?,i2,
1769500681.0781653,FORWARDED,d1bb0633-7fa1-451c-a1d6-6820acc5ce25,f40946ae-ec2f-499a-80da-fafb9a14460d,c3,None,1599,?,i2,
1769500681.136985,SENT,020752ec-8928-4efd-8592-180c15232cc9,7686eb54-6461-4c28-8a4d-1382e4577ca9,c3,None,1595,?,i4,
1769500681.137027,FORWARDED,020752ec-8928-4efd-8592-180c15232cc9,7686eb54-6461-4c28-8a4d-1382e4577ca9,c3,None,1595,?,i4,
1769500681.152215,SENT,2693e47e-e827-4e26-a110-e55d6f21db97,ce16e0a4-102a-42e9-be4c-0fdae6f7f5e6,c5,DROP,1008,?,i8,
1769500681.1522555,FORWARDED,2693e47e-e827-4e26-a110-e55d6f21db97,ce16e0a4-102a-42e9-be4c-0fdae6f7f5e6,c5,DROP,1008,?,i8,
1769500681.2204752,RECEIVED,71dabf5f-7030-40b1-a264-0ceaa7b05142,15153781-19f3-4126-b221-097eb4ca5c96,c2,DROP,1440,p2,?,
1769500681.2341383,SENT,aaa9b68a-e837-4795-ad39-21940ae4e814,31e43639-57d3-458f-9079-96004c7e5825,c4,DROP,1008,?,i8,
1769500681.2341785,FORWARDED,aaa9b68a-e837-4795-ad39-21940ae4e814,31e43639-57d3-458f-9079-96004c7e5825,c4,DROP,1008,?,i8,
1769500681.2397377,RECEIVED,eadbbc61-be15-4259-a0e4-74d84da4db5c,a3bf2fcd-4dda-4a9a-86f1-a198aad9d770,c4,DROP,440,x4,?,
1769500681.5016441,RECEIVED,7c8c8f39-8f75-49c9-b810-a529e4a5b8ac,bef7c8f4-e76a-4308-9e13-0bd5e7e9c67f,c2,DROP,441,x4,?,
1769500681.72289,RECEIVED,fe78080e-1261-4fa4-b2f2-2e5186c723fc,47003d58-39e4-4a90-81ba-0d185d2c7bc9,c5,c2,2464,p2,?,
1769500681.8382816,SENT,fe78080e-1261-4fa4-b2f2-2e5186c723fc,47003d58-39e4-4a90-81ba-0d185d2c7bc9,c5,c2,1776,?,i2,
1769500681.8383982,FORWARDED,fe78080e-1261-4fa4-b2f2-2e5186c723fc,47003d58-39e4-4a90-81ba-0d185d2c7bc9,c5,c2,1776,?,i2,
1769500681.8903277,RECEIVED,6a2fde6e-5d03-4589-b2d8-8ce2920c6d20,febf8aae-5116-4a35-92e4-7456c0409843,c5,DROP,1440,p2,?,
1769500681.897633,RECEIVED,3a82ceef-b804-41d7-a5e6-ed7ff9657831,df7e7d61-ea03-4c8a-bcf2-7aaf295a4ad8,c1,DROP,1452,p1,?,
1769500681.9398804,RECEIVED,8860727c-7a30-4201-9045-a7d99f5215be,1b6ca880-9f7d-4f1c-807f-dba87ecd3470,c4,None,2235,p1,?,
1769500682.0005858,SENT,3a82ceef-b804-41d7-a5e6-ed7ff9657831,df7e7d61-ea03-4c8a-bcf2-7aaf295a4ad8,c1,DROP,1016,?,i11,
1769500682.0006418,FORWARDED,3a82ceef-b804-41d7-a5e6-ed7ff9657831,df7e7d61-ea03-4c8a-bcf2-7aaf295a4ad8,c1,DROP,1016,?,i11,
1769500682.1021,RECEIVED,acd5ff6a-5259-4c2c-92b3-9f6ff26cbc0d,c64cd58d-9287-43b2-86b9-ad5c80e9506b,c3,DROP,1455,p3,?,
1769500682.1419706,SENT,6a2fde6e-5d03-4589-b2d8-8ce2920c6d20,febf8aae-5116-4a35-92e4-7456c0409843,c5,DROP,1007,?,i4,
1769500682.142008,FORWARDED,6a2fde6e-5d03-4589-b2d8-8ce2920c6d20,febf8aae-5116-4a35-92e4-7456c0409843,c5,DROP,1007,?,i4,
1769500682.1668153,RECEIVED,1a9e34a9-b8da-4aec-a309-44bd7b89bdb0,8ca63328-befc-463d-8475-5fe27ec27378,c4,c3,2463,p1,?,
1769500682.194059,SENT,acd5ff6a-5259-4c2c-92b3-9f6ff26cbc0d,c64cd58d-9287-43b2-86b9-ad5c80e9506b,c3,DROP,1020,?,i2,
1769500682.1941054,FORWARDED,acd5ff6a-5259-4c2c-92b3-9f6ff26cbc0d,c64cd58d-9287-43b2-86b9-ad5c80e9506b,c3,DROP,1020,?,i2,
1769500682.3096082,RECEIVED,95597ad2-058b-448e-831a-d3aa42c0616f,861bca98-43e1-4788-ab9b-5612e0004a00,c3,DROP,1453,p3,?,
1769500682.4013782,SENT,95597ad2-058b-448e-831a-d3aa42c0616f,861bca98-43e1-4788-ab9b-5612e0004a00,c3,DROP,1015,?,i5,
1769500682.4014208,FORWARDED,95597ad2-058b-448e-831a-d3aa42c0616f,861bca98-43e1-4788-ab9b-5612e0004a00,c3,DROP,1015,?,i5,
1769500682.4358656,RECEIVED,e081a1e4-833c-46e7-b337-179e1c0e1937,9a57168d-29c6-4885-ad8e-4e08a55a49e5,c4,None,2235,p1,?,
1769500682.4410908,RECEIVED,02964fad-3441-4006-809a-81cb3edf0ebe,de0b5869-d1f4-4d4c-bd59-d8562bb52ec9,c1,DROP,442,x5,?,
1769500682.4443145,SENT,1a9e34a9-b8da-4aec-a309-44bd7b89bdb0,8ca63328-befc-463d-8475-5fe27ec27378,c4,c3,1775,?,i2,
1769500682.4443543,FORWARDED,1a9e34a9-b8da-4aec-a309-44bd7b89bdb0,8ca63328-befc-463d-8475-5fe27ec27378,c4,c3,1775,?,i2,
1769500682.501912,RECEIVED,a878d0f3-01d5-4142-bd18-72fab3d504fe,f2e0153b-9ee6-4cb8-8c82-5e5af2a1631b,c4,DROP,1441,p1,?,
1769500682.5160632,SENT,71dabf5f-7030-40b1-a264-0ceaa7b05142,15153781-19f3-4126-b221-097eb4ca5c96,c2,DROP,1007,?,i11,
1769500682.516105,FORWARDED,71dabf5f-7030-40b1-a264-0ceaa7b05142,15153781-19f3-4126-b221-097eb4ca5c96,c2,DROP,1007,?,i11,
1769500682.5199788,RECEIVED,6046d6f4-9492-4cde-8319-026bf0fdc176,dddfc4f8-3306-4eba-9e12-37dae2e97f9d,c3,DROP,441,x4,?,
1769500682.6257858,RECEIVED,591a568c-dccc-431c-9c73-6dee622a6f30,bd88daf4-0f57-49ff-9800-7df430f6dce8,c4,DROP,446,x11,?,
1769500682.6398437,SENT,a878d0f3-01d5-4142-bd18-72fab3d504fe,f2e0153b-9ee6-4cb8-8c82-5e5af2a1631b,c4,DROP,1006,?,i10,
1769500682.639881,FORWARDED,a878d0f3-01d5-4142-bd18-72fab3d504fe,f2e0153b-9ee6-4cb8-8c82-5e5af2a1631b,c4,DROP,1006,?,i10,
1769500682.6467934,RECEIVED,6aa677d7-750a-4137-842f-af3ec27174eb,d79e9d6a-7598-4cf8-b250-bd0c691af3a9,c4,None,2227,p1,?,
1769500682.7117405,SENT,e081a1e4-833c-46e7-b337-179e1c0e1937,9a57168d-29c6-4885-ad8e-4e08a55a49e5,c4,None,1603,?,i2,
1769500682.7117817,FORWARDED,e081a1e4-833c-46e7-b337-179e1c0e1937,9a57168d-29c6-4885-ad8e-4e08a55a49e5,c4,None,1603,?,i2,
1769500682.7392492,RECEIVED,c35b4902-3cf8-4465-abbc-e0bb4db4dfa6,2748820d-6f1a-482f-82c7-9eb805c24a53,c1,DROP,1451,p1,?,
1769500682.8330388,SENT,8860727c-7a30-4201-9045-a7d99f5215be,1b6ca880-9f7d-4f1c-807f-dba87ecd3470,c4,None,1605,?,i3,
1769500682.8330882,FORWARDED,8860727c-7a30-4201-9045-a7d99f5215be,1b6ca880-9f7d-4f1c-807f-dba87ecd3470,c4,None,1605,?,i3,
1769500683.0448053,SENT,6aa677d7-750a-4137-842f-af3ec27174eb,d79e9d6a-7598-4cf8-b250-bd0c691af3a9,c4,None,1599,?,i8,
1769500683.0448446,FORWARDED,6aa677d7-750a-4137-842f-af3ec27174eb,d79e9d6a-7598-4cf8-b250-bd0c691af3a9,c4,None,1599,?,i8,
1769500683.0807312,RECEIVED,3a4bd371-eaab-4f54-b471-e9a82e94228f,b31bb08e-ae31-4861-9347-7d7d768599ea,c3,DROP,1449,p3,?,
1769500683.1239717,RECEIVED,bf45c59b-af78-4e17-a060-4b534a64021e,88c7b23f-fc63-4760-aac5-73bb0fe17b6b,c5,None,2228,p2,?,
1769500683.136883,SENT,db0e2a47-6b53-44a0-884e-bef03437fc48,683efb63-d692-4646-927a-a5592f765a8f,c1,c5,1788,?,i9,
1769500683.1369221,FORWARDED,db0e2a47-6b53-44a0-884e-bef03437fc48,683efb63-d692-4646-927a-a5592f765a8f,c1,c5,1788,?,i9,
1769500683.1525261,RECEIVED,cabb185f-97c0-4954-85ed-55a87899006d,20b8bf8a-93cc-49f9-8cee-28fd0b1dac70,c1,DROP,1442,p1,?,
1769500683.2416081,SENT,cabb185f-97c0-4954-85ed-55a87899006d,20b8bf8a-93cc-49f9-8cee-28fd0b1dac70,c1,DROP,1008,?,i2,
1769500683.2416532,FORWARDED,cabb185f-97c0-4954-85ed-55a87899006d,20b8bf8a-93cc-49f9-8cee-28fd0b1dac70,c1,DROP,1008,?,i2,
1769500683.2511997,RECEIVED,039f022d-cadf-4ef8-bdcf-76121c47d21f,b8260b75-e516-4c46-b66b-8e42895a240e,c2,DROP,1443,p2,?,
1769500683.3759224,RECEIVED,675e6b05-a7a3-4651-8f05-12ea7f805f1e,af978e15-083e-4b70-a7db-2584e7f4aeaa,c5,DROP,1457,p2,?,
1769500683.391312,RECEIVED,87d87820-5c81-4753-8790-ecadadf4fc23,e165879d-74d4-4550-a9d3-afffcc134d6c,c2,c1,2464,p2,?,
1769500683.440833,RECEIVED,6e3152b5-ce10-49c0-a29e-a963578285b7,ac3ddb1c-68ef-4443-af74-433f4b818952,c1,DROP,1447,p1,?,
1769500683.4428132,RECEIVED,2309aac6-1095-4d80-91c3-f8c293939c62,a8c5f538-5308-45d5-99ab-1fd2dcc4d158,c3,DROP,1447,p3,?,
1769500683.4619174,SENT,3a4bd371-eaab-4f54-b471-e9a82e94228f,b31bb08e-ae31-4861-9347-7d7d768599ea,c3,DROP,1015,?,i7,
1769500683.4619558,FORWARDED,3a4bd371-eaab-4f54-b471-e9a82e94228f,b31bb08e-ae31-4861-9347-7d7d768599ea,c3,DROP,1015,?,i7,
1769500683.5679913,SENT,87d87820-5c81-4753-8790-ecadadf4fc23,e165879d-74d4-4550-a9d3-afffcc134d6c,c2,c1,1776,?,i3,
1769500683.5680315,FORWARDED,87d87820-5c81-4753-8790-ecadadf4fc23,e165879d-74d4-4550-a9d3-afffcc134d6c,c2,c1,1776,?,i3,
1769500683.5841117,SENT,675e6b05-a7a3-4651-8f05-12ea7f805f1e,af978e15-083e-4b70-a7db-2584e7f4aeaa,c5,DROP,1020,?,i10,
1769500683.5841525,FORWARDED,675e6b05-a7a3-4651-8f05-12ea7f805f1e,af978e15-083e-4b70-a7db-2584e7f4aeaa,c5,DROP,1020,?,i10,
1769500683.6015928,SENT,c35b4902-3cf8-4465-abbc-e0bb4db4dfa6,2748820d-6f1a-482f-82c7-9eb805c24a53,c1,DROP,1016,?,i8,
1769500683.601643,FORWARDED,c35b4902-3cf8-4465-abbc-e0bb4db4dfa6,2748820d-6f1a-482f-82c7-9eb805c24a53,c1,DROP,1016,?,i8,
1769500683.6040647,RECEIVED,cde5fe80-b148-4c5e-9978-048b4210cb93,f34775c8-4a16-4182-b228-f92b0fa168d7,c4,None,2227,p1,?,
1769500683.6233225,RECEIVED,d7d7f9d8-f6fd-4251-ae70-d11d8f72e715,88249150-b62a-4b02-b8b2-fe1deae7afcd,c4,DROP,441,x8,?,
1769500683.6693769,RECEIVED,38d8e6d0-fbf0-4a33-bb4c-6515a9f9c99e,24459279-ff9d-41e6-a485-e437efb4da61,c2,DROP,1447,p2,?,
1769500683.7190669,SENT,6e3152b5-ce10-49c0-a29e-a963578285b7,ac3ddb1c-68ef-4443-af74-433f4b818952,c1,DROP,1012,?,i3,
1769500683.7191033,FORWARDED,6e3152b5-ce10-49c0-a29e-a963578285b7,ac3ddb1c-68ef-4443-af74-433f4b818952,c1,DROP,1012,?,i3,
1769500683.7688222,RECEIVED,ce6de8b8-6fda-4496-9ddc-ebcd5f5f6a69,79e28cc3-3c3f-4bef-91b2-a48a921204bc,c1,c5,2456,p1,?,
1769500683.7737927,RECEIVED,d5449835-89ef-4fd6-9a03-2ccff90f27e6,ef80962d-8178-4468-af3b-c9751941b585,c3,None,2224,p3,?,
1769500683.8094606,SENT,2309aac6-1095-4d80-91c3-f8c293939c62,a8c5f538-5308-45d5-99ab-1fd2dcc4d158,c3,DROP,1014,?,i1,
1769500683.8094995,FORWARDED,2309aac6-1095-4d80-91c3-f8c293939c62,a8c5f538-5308-45d5-99ab-1fd2dcc4d158,c3,DROP,1014,?,i1,
1769500683.87638,SENT,38d8e6d0-fbf0-4a33-bb4c-6515a9f9c99e,24459279-ff9d-41e6-a485-e437efb4da61,c2,DROP,1013,?,i6,
1769500683.8764176,FORWARDED,38d8e6d0-fbf0-4a33-bb4c-6515a9f9c99e,24459279-ff9d-41e6-a485-e437efb4da61,c2,DROP,1013,?,i6,
1769500683.9304683,SENT,ce6de8b8-6fda-4496-9ddc-ebcd5f5f6a69,79e28cc3-3c3f-4bef-91b2-a48a921204bc,c1,c5,1768,?,i7,
1769500683.9305096,FORWARDED,ce6de8b8-6fda-4496-9ddc-ebcd5f5f6a69,79e28cc3-3c3f-4bef-91b2-a48a921204bc,c1,c5,1768,?,i7,
1769500683.9336953,RECEIVED,278aa08f-0387-4fc3-bbfe-e9f33fe8e656,1c99fa5b-6129-4887-9c89-f60385f29647,c2,DROP,1453,p2,?,
1769500683.9726686,SENT,d5449835-89ef-4fd6-9a03-2ccff90f27e6,ef80962d-8178-4468-af3b-c9751941b585,c3,None,1595,?,i6,
1769500683.9727125,FORWARDED,d5449835-89ef-4fd6-9a03-2ccff90f27e6,ef80962d-8178-4468-af3b-c9751941b585,c3,None,1595,?,i6,
1769500683.9762871,SENT,bf45c59b-af78-4e17-a060-4b534a64021e,88c7b23f-fc63-4760-aac5-73bb0fe17b6b,c5,None,1599,?,i12,
1769500683.9763215,FORWARDED,bf45c59b-af78-4e17-a060-4b534a64021e,88c7b23f-fc63-4760-aac5-73bb0fe17b6b,c5,None,1599,?,i12,
1769500683.9920084,SENT,039f022d-cadf-4ef8-bdcf-76121c47d21f,b8260b75-e516-4c46-b66b-8e42895a240e,c2,DROP,1011,?,i4,
1769500683.9920635,FORWARDED,039f022d-cadf-4ef8-bdcf-76121c47d21f,b8260b75-e516-4c46-b66b-8e42895a240e,c2,DROP,1011,?,i4,
1769500683.9974096,SENT,cde5fe80-b148-4c5e-9978-048b4210cb93,f34775c8-4a16-4182-b228-f92b0fa168d7,c4,None,1599,?,i7,
1769500683.9974515,FORWARDED,cde5fe80-b148-4c5e-9978-048b4210cb93,f34775c8-4a16-4182-b228-f92b0fa168d7,c4,None,1599,?,i7,
1769500684.0270395,SENT,278aa08f-0387-4fc3-bbfe-e9f33fe8e656,1c99fa5b-6129-4887-9c89-f60385f29647,c2,DROP,1015,?,i12,
1769500684.027135,FORWARDED,278aa08f-0387-4fc3-bbfe-e9f33fe8e656,1c99fa5b-6129-4887-9c89-f60385f29647,c2,DROP,1015,?,i12,
1769500684.167379,RECEIVED,bcb26052-594a-45a5-bf72-f98cd918e6f2,73e00224-70d8-4f21-a01f-6fabe95c24d0,c5,DROP,1441,p2,?,
1769500684.2356613,SENT,bcb26052-594a-45a5-bf72-f98cd918e6f2,73e00224-70d8-4f21-a01f-6fabe95c24d0,c5,DROP,1007,?,i12,
1769500684.2357035,FORWARDED,bcb26052-594a-45a5-bf72-f98cd918e6f2,73e00224-70d8-4f21-a01f-6fabe95c24d0,c5,DROP,1007,?,i12,
1769500684.6092308,RECEIVED,d26efb72-c677-4e71-9626-c8583d1a5e77,86282ee0-8979-41bf-8905-2b454cfdf837,c2,DROP,441,x12,?,
1769500684.7217014,RECEIVED,9dcbe29a-63fb-4bdf-8592-060b62b11d7c,64f6cd38-ee05-4431-bba3-c9d400f34566,c5,DROP,1451,p2,?,
1769500684.802593,RECEIVED,95ee54c6-ac47-4295-bba4-64273610bdd4,6df0ea5f-fda2-4266-ba8d-741471e3ee49,c5,None,2226,p2,?,
1769500684.816173,RECEIVED,a14281e0-99df-4022-aed2-7f0aca0581a7,e7e00f41-aa4f-475e-b5fc-15229e33347d,c4,DROP,441,x1,?,
1769500684.8346174,SENT,95ee54c6-ac47-4295-bba4-64273610bdd4,6df0ea5f-fda2-4266-ba8d-741471e3ee49,c5,None,1596,?,i10,
1769500684.8346603,FORWARDED,95ee54c6-ac47-4295-bba4-64273610bdd4,6df0ea5f-fda2-4266-ba8d-741471e3ee49,c5,None,1596,?,i10,
1769500684.9491684,SENT,9dcbe29a-63fb-4bdf-8592-060b62b11d7c,64f6cd38-ee05-4431-bba3-c9d400f34566,c5,DROP,1016,?,i7,
1769500684.949207,FORWARDED,9dcbe29a-63fb-4bdf-8592-060b62b11d7c,64f6cd38-ee05-4431-bba3-c9d400f34566,c5,DROP,1016,?,i7,
1769500684.990685,RECEIVED,fe8118b4-05f6-49b1-833a-35f80169e5e3,027ef013-d9c8-4f64-b6b6-2817f1718686,c2,DROP,1453,p2,?,
1769500685.0513375,SENT,fe8118b4-05f6-49b1-833a-35f80169e5e3,027ef013-d9c8-4f64-b6b6-2817f1718686,c2,DROP,1016,?,i9,
1769500685.0513783,FORWARDED,fe8118b4-05f6-49b1-833a-35f80169e5e3,027ef013-d9c8-4f64-b6b6-2817f1718686,c2,DROP,1016,?,i9,
1769500685.1073399,RECEIVED,ba0cced0-2464-48ec-a28e-b2c40bc6f7d0,5f2dec82-a615-44c0-b002-439b56bc893c,c3,DROP,1448,p3,?,
1769500685.1555562,SENT,ba0cced0-2464-48ec-a28e-b2c40bc6f7d0,5f2dec82-a615-44c0-b002-439b56bc893c,c3,DROP,1012,?,i1,
1769500685.1555977,FORWARDED,ba0cced0-2464-48ec-a28e-b2c40bc6f7d0,5f2dec82-a615-44c0-b002-439b56bc893c,c3,DROP,1012,?,i1,
1769500685.220301,RECEIVED,57b3158d-9648-4af7-97c2-d8c58997e231,8bd44aa6-144f-4659-9cff-67b7a51f95f2,c2,None,2231,p2,?,
1769500685.378482,RECEIVED,e9869418-fb57-4187-9bbb-4dcb3097849a,8dcbd4e3-c48e-4bf9-becd-52d928aba5c3,c5,None,2224,p2,?,
1769500685.5268319,RECEIVED,9edd7669-f639-42ff-a8a4-cbd2c97d7490,67546d5a-23c1-41fe-970b-e6989406cfbd,c4,c3,2464,p1,?,
1769500685.5357854,RECEIVED,37d5f2de-a165-41b1-ac01-5338f4fd6e13,20f8ea35-a1ca-45af-af6b-7e84c52da518,c1,DROP,1449,p1,?,
1769500685.566116,RECEIVED,8bb84797-b601-4cb4-9ae0-2d8897a9b200,4de37dbb-2d5c-42b7-9cf7-699a67ce468a,c5,DROP,437,x6,?,
1769500685.6377518,SENT,37d5f2de-a165-41b1-ac01-5338f4fd6e13,20f8ea35-a1ca-45af-af6b-7e84c52da518,c1,DROP,1012,?,i12,
1769500685.6377878,FORWARDED,37d5f2de-a165-41b1-ac01-5338f4fd6e13,20f8ea35-a1ca-45af-af6b-7e84c52da518,c1,DROP,1012,?,i12,
1769500685.6802638,SENT,9edd7669-f639-42ff-a8a4-cbd2c97d7490,67546d5a-23c1-41fe-970b-e6989406cfbd,c4,c3,1776,?,i1,
1769500685.6803036,FORWARDED,9edd7669-f639-42ff-a8a4-cbd2c97d7490,67546d5a-23c1-41fe-970b-e6989406cfbd,c4,c3,1776,?,i1,
1769500685.7562602,RECEIVED,99068cf7-fe3b-4eef-bfdb-dd56230272a8,34830d42-b40f-4aac-afea-d15c7508214d,c4,DROP,442,x9,?,
1769500685.7602878,SENT,e9869418-fb57-4187-9bbb-4dcb3097849a,8dcbd4e3-c48e-4bf9-becd-52d928aba5c3,c5,None,1595,?,i10,
1769500685.7603273,FORWARDED,e9869418-fb57-4187-9bbb-4dcb3097849a,8dcbd4e3-c48e-4bf9-becd-52d928aba5c3,c5,None,1595,?,i10,
1769500686.03677,RECEIVED,52baf1a0-9ce4-47a9-9564-ec83168494cf,1fdb8e56-b4f2-400c-afe3-c456b2727fb4,c3,DROP,1443,p3,?,
1769500686.1410081,RECEIVED,f9d3801f-269e-490b-8ba4-d41dbcbf48db,7669d995-4716-4a30-a962-8fefbd6152b1,c3,None,2236,p3,?,
1769500686.1828732,RECEIVED,2bb27aa7-0b3b-4196-8807-a2c4824819ee,a0d3cde8-f124-493e-aa27-3d76cc488aed,c2,DROP,1440,p2,?,
1769500686.2163985,SENT,f9d3801f-269e-490b-8ba4-d41dbcbf48db,7669d995-4716-4a30-a962-8fefbd6152b1,c3,None,1604,?,i1,
1769500686.216437,FORWARDED,f9d3801f-269e-490b-8ba4-d41dbcbf48db,7669d995-4716-4a30-a962-8fefbd6152b1,c3,None,1604,?,i1,
1769500686.313195,RECEIVED,1fe7f013-eba7-4722-81c1-cf3396825031,81778276-0c2a-4e24-a6bb-c1eb3dc55159,c3,c4,2463,p3,?,
1769500686.388998,SENT,57b3158d-9648-4af7-97c2-d8c58997e231,8bd44aa6-144f-4659-9cff-67b7a51f95f2,c2,None,1601,?,i8,
1769500686.3890393,FORWARDED,57b3158d-9648-4af7-97c2-d8c58997e231,8bd44aa6-144f-4659-9cff-67b7a51f95f2,c2,None,1601,?,i8,
1769500686.397852,RECEIVED,f8b9bbf5-baad-4c32-b034-fc10ec8d24ea,9d1f9c22-c1f0-488e-838d-b377b51a0721,c2,DROP,441,x7,?,
1769500686.4158802,SENT,2bb27aa7-0b3b-4196-8807-a2c4824819ee,a0d3cde8-f124-493e-aa27-3d76cc488aed,c2,DROP,1008,?,i4,
1769500686.4159179,FORWARDED,2bb27aa7-0b3b-4196-8807-a2c4824819ee,a0d3cde8-f124-493e-aa27-3d76cc488aed,c2,DROP,1008,?,i4,
1769500686.630455,RECEIVED,3cd35b45-5f72-4fde-b74d-9602d6c431a5,13836949-13be-4c61-9f49-64c1b462f675,c4,DROP,1448,p1,?,
1769500686.6345098,RECEIVED,6ac3fb56-dab5-4e61-ab74-89bc8f579927,f7d97965-407b-4e5c-8335-a00e5bbfced6,c5,c2,2464,p2,?,
1769500686.6568084,RECEIVED,b47b8f77-3342-4ed1-9155-5c4678457cef,01b42316-f9a3-42b2-87ff-2b3818128d74,c2,c1,2463,p2,?,
1769500686.7715452,SENT,3cd35b45-5f72-4fde-b74d-9602d6c431a5,13836949-13be-4c61-9f49-64c1b462f675,c4,DROP,1014,?,i6,
1769500686.771586,FORWARDED,3cd35b45-5f72-4fde-b74d-9602d6c431a5,13836949-13be-4c61-9f49-64c1b462f675,c4,DROP,1014,?,i6,
1769500686.7899885,SENT,6ac3fb56-dab5-4e61-ab74-89bc8f579927,f7d97965-407b-4e5c-8335-a00e5bbfced6,c5,c2,1776,?,i3,
1769500686.7900314,FORWARDED,6ac3fb56-dab5-4e61-ab74-89bc8f579927,f7d97965-407b-4e5c-8335-a00e5bbfced6,c5,c2,1776,?,i3,
1769500686.8755836,SENT,b47b8f77-3342-4ed1-9155-5c4678457cef,01b42316-f9a3-42b2-87ff-2b3818128d74,c2,c1,1776,?,i5,
1769500686.8756251,FORWARDED,b47b8f77-3342-4ed1-9155-5c4678457cef,01b42316-f9a3-42b2-87ff-2b3818128d74,c2,c1,1776,?,i5,
1769500686.8892465,SENT,1fe7f013-eba7-4722-81c1-cf3396825031,81778276-0c2a-4e24-a6bb-c1eb3dc55159,c3,c4,1776,?,i8,
1769500686.8892846,FORWARDED,1fe7f013-eba7-4722-81c1-cf3396825031,81778276-0c2a-4e24-a6bb-c1eb3dc55159,c3,c4,1776,?,i8,
1769500686.9517949,RECEIVED,3e37fcb1-9389-4cf1-9d43-ee84f9790331,1f631889-4429-4919-a3d9-560ffd218477,c2,DROP,1460,p2,?,
1769500687.1547513,RECEIVED,bd0235d2-851a-4069-a3aa-431d7a30a680,efbdda4d-20b8-454f-abaa-e562bd7057fa,c3,DROP,1444,p3,?,
1769500687.1758654,RECEIVED,0a67a0a3-f225-4627-9f15-c6e0a7ba39f5,3a86d77c-d26e-40c9-bc9e-ed7057548bc9,c4,None,2224,p1,?,
1769500687.2284021,RECEIVED,afb934b0-b8e5-47cb-968c-7f2db01f983c,2b9ce74b-1b84-4fda-82a2-fe8d194e6124,c5,None,2223,p2,?,
1769500687.2435582,SENT,bd0235d2-851a-4069-a3aa-431d7a30a680,efbdda4d-20b8-454f-abaa-e562bd7057fa,c3,DROP,1009,?,i8,
1769500687.2435982,FORWARDED,bd0235d2-851a-4069-a3aa-431d7a30a680,efbdda4d-20b8-454f-abaa-e562bd7057fa,c3,DROP,1009,?,i8,
1769500687.286141,SENT,52baf1a0-9ce4-47a9-9564-ec83168494cf,1fdb8e56-b4f2-400c-afe3-c456b2727fb4,c3,DROP,1009,?,i4,
1769500687.2861798,FORWARDED,52baf1a0-9ce4-47a9-9564-ec83168494cf,1fdb8e56-b4f2-400c-afe3-c456b2727fb4,c3,DROP,1009,?,i4,
1769500687.2919912,RECEIVED,5a5fd5e6-7c7e-4305-9d41-70b0a4b3e947,9e703b58-eb68-447d-a90b-1c18c23b6500,c4,DROP,441,x5,?,
1769500687.3216403,RECEIVED,a86d163c-07fd-4991-91df-ce1c2bf1c119,3a6c2186-ce17-41f3-9619-661271229424,c4,DROP,1439,p1,?,
1769500687.350688,RECEIVED,f0254d5d-311d-4cf3-bed2-cd1c6abc71ee,e47e12c1-5b1d-4811-874e-71e6c080384c,c5,DROP,1457,p2,?,
1769500687.3771555,RECEIVED,a9a92b3d-ecde-4bc8-ad49-7b85378afb1c,9c30aabc-cc4b-4f22-a176-5413dd872890,c1,c5,2476,p1,?,
1769500687.4413016,RECEIVED,a37e7c06-681e-4c5f-940d-8e587ae0eafd,dab0f8c0-3bba-46ed-932e-b01a5374a630,c5,None,2240,p2,?,
1769500687.5325642,SENT,a86d163c-07fd-4991-91df-ce1c2bf1c119,3a6c2186-ce17-41f3-9619-661271229424,c4,DROP,1008,?,i4,
1769500687.532604,FORWARDED,a86d163c-07fd-4991-91df-ce1c2bf1c119,3a6c2186-ce17-41f3-9619-661271229424,c4,DROP,1008,?,i4,
1769500687.566911,SENT,a9a92b3d-ecde-4bc8-ad49-7b85378afb1c,9c30aabc-cc4b-4f22-a176-5413dd872890,c1,c5,1785,?,i5,
1769500687.5669527,FORWARDED,a9a92b3d-ecde-4bc8-ad49-7b85378afb1c,9c30aabc-cc4b-4f22-a176-5413dd872890,c1,c5,1785,?,i5,
1769500687.5741012,RECEIVED,6c563a81-7721-4ea8-8614-993fec1f5fea,05dabcec-e538-4c1d-8f58-15651cd28943,c2,DROP,441,x1,?,
1769500687.57837,SENT,afb934b0-b8e5-47cb-968c-7f2db01f983c,2b9ce74b-1b84-4fda-82a2-fe8d194e6124,c5,None,1595,?,i9,
1769500687.57841,FORWARDED,afb934b0-b8e5-47cb-968c-7f2db01f983c,2b9ce74b-1b84-4fda-82a2-fe8d194e6124,c5,None,1595,?,i9,
1769500687.5794742,SENT,f0254d5d-311d-4cf3-bed2-cd1c6abc71ee,e47e12c1-5b1d-4811-874e-71e6c080384c,c5,DROP,1019,?,i10,
1769500687.57951,FORWARDED,f0254d5d-311d-4cf3-bed2-cd1c6abc71ee,e47e12c1-5b1d-4811-874e-71e6c080384c,c5,DROP,1019,?,i10,
1769500687.733572,RECEIVED,84bac990-4fe6-4675-9eb1-9a5593327811,f2cb459c-6a50-4b51-94d1-92bc6186296e,c4,None,2233,p1,?,
1769500687.7483587,RECEIVED,7d4ed12e-a1b4-4bda-ad80-4126626c7b1f,871a839e-1b19-46b1-9f27-34fe87b16b98,c5,DROP,1451,p2,?,
1769500687.760158,RECEIVED,2f7ca59f-b909-4c85-8937-7f9a2eee5491,1b47371d-c83c-4b3a-8292-cc6e3dd1de0d,c4,c3,2451,p1,?,
1769500687.7686315,SENT,3e37fcb1-9389-4cf1-9d43-ee84f9790331,1f631889-4429-4919-a3d9-560ffd218477,c2,DROP,1021,?,i11,
1769500687.7686708,FORWARDED,3e37fcb1-9389-4cf1-9d43-ee84f9790331,1f631889-4429-4919-a3d9-560ffd218477,c2,DROP,1021,?,i11,
1769500687.8091612,SENT,84bac990-4fe6-4675-9eb1-9a5593327811,f2cb459c-6a50-4b51-94d1-92bc6186296e,c4,None,1602,?,i12,
1769500687.809203,FORWARDED,84bac990-4fe6-4675-9eb1-9a5593327811,f2cb459c-6a50-4b51-94d1-92bc6186296e,c4,None,1602,?,i12,
1769500687.8095632,RECEIVED,63d5acd2-059d-4b50-ad98-b2e375cdee6e,5970dff7-f063-4a3e-99a2-af2d57d7f38f,c4,DROP,1453,p1,?,
1769500687.8421779,SENT,a37e7c06-681e-4c5f-940d-8e587ae0eafd,dab0f8c0-3bba-46ed-932e-b01a5374a630,c5,None,1608,?,i12,
1769500687.842223,FORWARDED,a37e7c06-681e-4c5f-940d-8e587ae0eafd,dab0f8c0-3bba-46ed-932e-b01a5374a630,c5,None,1608,?,i12,
1769500687.890329,RECEIVED,6e2ee936-39dc-4f51-8fa4-d28ea859a5fd,a1a2ba20-bcf8-4c90-b904-11fcd80a5fa6,c5,DROP,441,x2,?,
1769500687.9228525,RECEIVED,419b11d3-45b8-4daf-847e-84bede5e550e,0fbbb1f4-88a2-4513-ab19-5dcb1c9c6784,c3,DROP,1441,p3,?,
1769500687.9327724,RECEIVED,0e967368-005e-470e-b939-5fa7287d6603,394639f7-fc2b-4ba8-946b-c3b5436ee579,c5,DROP,1452,p2,?,
1769500687.9869633,RECEIVED,f6b66bef-2716-4094-a8e0-7031342b3dde,d1264cc3-d7a3-41a6-86f0-460262726dbf,c1,DROP,1439,p1,?,
1769500688.0158384,SENT,0e967368-005e-470e-b939-5fa7287d6603,394639f7-fc2b-4ba8-946b-c3b5436ee579,c5,DROP,1016,?,i6,
1769500688.0158796,FORWARDED,0e967368-005e-470e-b939-5fa7287d6603,394639f7-fc2b-4ba8-946b-c3b5436ee579,c5,DROP,1016,?,i6,
1769500688.0629253,SENT,63d5acd2-059d-4b50-ad98-b2e375cdee6e,5970dff7-f063-4a3e-99a2-af2d57d7f38f,c4,DROP,1015,?,i11,
1769500688.0629673,FORWARDED,63d5acd2-059d-4b50-ad98-b2e375cdee6e,5970dff7-f063-4a3e-99a2-af2d57d7f38f,c4,DROP,1015,?,i11,
1769500688.0781307,SENT,0a67a0a3-f225-4627-9f15-c6e0a7ba39f5,3a86d77c-d26e-40c9-bc9e-ed7057548bc9,c4,None,1595,?,i12,
1769500688.0781753,FORWARDED,0a67a0a3-f225-4627-9f15-c6e0a7ba39f5,3a86d77c-d26e-40c9-bc9e-ed7057548bc9,c4,None,1595,?,i12,
1769500688.0832005,SENT,2f7ca59f-b909-4c85-8937-7f9a2eee5491,1b47371d-c83c-4b3a-8292-cc6e3dd1de0d,c4,c3,1766,?,i7,
1769500688.083242,FORWARDED,2f7ca59f-b909-4c85-8937-7f9a2eee5491,1b47371d-c83c-4b3a-8292-cc6e3dd1de0d,c4,c3,1766,?,i7,
1769500688.1046026,SENT,419b11d3-45b8-4daf-847e-84bede5e550e,0fbbb1f4-88a2-4513-ab19-5dcb1c9c6784,c3,DROP,1008,?,i11,
1769500688.1046438,FORWARDED,419b11d3-45b8-4daf-847e-84bede5e550e,0fbbb1f4-88a2-4513-ab19-5dcb1c9c6784,c3,DROP,1008,?,i11,
1769500688.1643898,RECEIVED,cd513318-ecab-4f85-b525-50a38184cd8c,e6cb8f22-14a6-4f88-8951-e12a9960a17c,c3,None,2234,p3,?,
1769500688.3997676,SENT,7d4ed12e-a1b4-4bda-ad80-4126626c7b1f,871a839e-1b19-46b1-9f27-34fe87b16b98,c5,DROP,1015,?,i4,
1769500688.3998008,FORWARDED,7d4ed12e-a1b4-4bda-ad80-4126626c7b1f,871a839e-1b19-46b1-9f27-34fe87b16b98,c5,DROP,1015,?,i4,
1769500688.5460167,RECEIVED,9a91f3d1-c2d2-4faa-a498-780148935a79,9c8f3906-6255-4b7a-b9d9-1823e4387e61,c4,DROP,441,x3,?,
1769500688.5568964,RECEIVED,fc7bd68c-194c-47de-a356-eea1ed1b0f21,64548299-80ff-42a6-80c3-67eec31e7f27,c1,DROP,1440,p1,?,
1769500688.683912,RECEIVED,dc46479a-9d69-447c-9717-87596fff2f5d,af96628a-1bfe-432a-9efd-b4f71d5f18cf,c3,DROP,1454,p3,?,
1769500688.7016606,SENT,dc46479a-9d69-447c-9717-87596fff2f5d,af96628a-1bfe-432a-9efd-b4f71d5f18cf,c3,DROP,1016,?,i9,
1769500688.701701,FORWARDED,dc46479a-9d69-447c-9717-87596fff2f5d,af96628a-1bfe-432a-9efd-b4f71d5f18cf,c3,DROP,1016,?,i9,
1769500688.8143759,SENT,fc7bd68c-194c-47de-a356-eea1ed1b0f21,64548299-80ff-42a6-80c3-67eec31e7f27,c1,DROP,1008,?,i3,
1769500688.8144777,FORWARDED,fc7bd68c-194c-47de-a356-eea1ed1b0f21,64548299-80ff-42a6-80c3-67eec31e7f27,c1,DROP,1008,?,i3,
1769500688.826127,SENT,f6b66bef-2716-4094-a8e0-7031342b3dde,d1264cc3-d7a3-41a6-86f0-460262726dbf,c1,DROP,1008,?,i1,
1769500688.8261707,FORWARDED,f6b66bef-2716-4094-a8e0-7031342b3dde,d1264cc3-d7a3-41a6-86f0-460262726dbf,c1,DROP,1008,?,i1,
1769500689.0317833,RECEIVED,4fa45016-a433-488c-9357-0f54b366fd41,de2948d2-b757-45c7-b692-683591fa5b8e,c2,None,2237,p2,?,
1769500689.2148962,RECEIVED,c7ccde71-5b66-4cff-8b61-ae51e2afda7b,33cca12e-f84e-43a9-8fb7-62ce753f376e,c2,None,2236,p2,?,
1769500689.247162,RECEIVED,383362e8-778a-4adb-8d4e-d0046afca7d2,151ebe09-204c-4838-b4a3-5b45de14ab86,c5,c2,2448,p2,?,
1769500689.2542415,SENT,4fa45016-a433-488c-9357-0f54b366fd41,de2948d2-b757-45c7-b692-683591fa5b8e,c2,None,1603,?,i11,
1769500689.2542808,FORWARDED,4fa45016-a433-488c-9357-0f54b366fd41,de2948d2-b757-45c7-b692-683591fa5b8e,c2,None,1603,?,i11,
1769500689.2866275,SENT,c7ccde71-5b66-4cff-8b61-ae51e2afda7b,33cca12e-f84e-43a9-8fb7-62ce753f376e,c2,None,1603,?,i6,
1769500689.2873662,FORWARDED,c7ccde71-5b66-4cff-8b61-ae51e2afda7b,33cca12e-f84e-43a9-8fb7-62ce753f376e,c2,None,1603,?,i6,
1769500689.2999918,RECEIVED,f0c36596-19af-45dc-8001-0e523fb7a8e6,f01bbe27-536e-4a8c-9ade-1345c0467d20,c2,DROP,442,x3,?,
1769500689.3555007,SENT,cd513318-ecab-4f85-b525-50a38184cd8c,e6cb8f22-14a6-4f88-8951-e12a9960a17c,c3,None,1603,?,i5,
1769500689.3555405,FORWARDED,cd513318-ecab-4f85-b525-50a38184cd8c,e6cb8f22-14a6-4f88-8951-e12a9960a17c,c3,None,1603,?,i5,
1769500689.4148688,RECEIVED,f9ada619-f920-4446-811c-e9cb1d2ba64f,fcc591ea-be24-4c17-b8ec-c783c7923c21,c4,None,2236,p1,?,
1769500689.5433273,SENT,383362e8-778a-4adb-8d4e-d0046afca7d2,151ebe09-204c-4838-b4a3-5b45de14ab86,c5,c2,1763,?,i12,
1769500689.54337,FORWARDED,383362e8-778a-4adb-8d4e-d0046afca7d2,151ebe09-204c-4838-b4a3-5b45de14ab86,c5,c2,1763,?,i12,
1769500689.5611115,RECEIVED,481ba220-adaa-4458-a8e1-deb9ee5aa02a,a619b4a6-7972-438d-b9bd-cef966f23372,c2,DROP,1449,p2,?,
1769500689.574351,RECEIVED,f248a36e-de91-4370-a52c-f3eaa16bd409,cb9ef656-1458-4d7c-b062-c18ec3c20272,c4,c3,2465,p1,?,
1769500689.614589,RECEIVED,d5ca8fae-0ff5-4c7e-90aa-eb33f28efcac,55fc8705-5bb2-44f4-9c1c-197d69f733ed,c1,None,2244,p1,?,
1769500689.618239,SENT,f9ada619-f920-4446-811c-e9cb1d2ba64f,fcc591ea-be24-4c17-b8ec-c783c7923c21,c4,None,1603,?,i1,
1769500689.61828,FORWARDED,f9ada619-f920-4446-811c-e9cb1d2ba64f,fcc591ea-be24-4c17-b8ec-c783c7923c21,c4,None,1603,?,i1,
1769500689.6266143,SENT,f248a36e-de91-4370-a52c-f3eaa16bd409,cb9ef656-1458-4d7c-b062-c18ec3c20272,c4,c3,1776,?,i3,
1769500689.6266577,FORWARDED,f248a36e-de91-4370-a52c-f3eaa16bd409,cb9ef656-1458-4d7c-b062-c18ec3c20272,c4,c3,1776,?,i3,
1769500689.731355,SENT,d5ca8fae-0ff5-4c7e-90aa-eb33f28efcac,55fc8705-5bb2-44f4-9c1c-197d69f733ed,c1,None,1609,?,i5,
1769500689.7313957,FORWARDED,d5ca8fae-0ff5-4c7e-90aa-eb33f28efcac,55fc8705-5bb2-44f4-9c1c-197d69f733ed,c1,None,1609,?,i5,
1769500689.8018157,RECEIVED,a5a2f30b-f077-4986-9f73-479b2e7d690d,aac19259-f9c1-4354-a731-a7cf18d85096,c3,DROP,1456,p3,?,
1769500689.8420358,SENT,a5a2f30b-f077-4986-9f73-479b2e7d690d,aac19259-f9c1-4354-a731-a7cf18d85096,c3,DROP,1019,?,i6,
1769500689.842088,FORWARDED,a5a2f30b-f077-4986-9f73-479b2e7d690d,aac19259-f9c1-4354-a731-a7cf18d85096,c3,DROP,1019,?,i6,
1769500689.8631136,SENT,481ba220-adaa-4458-a8e1-deb9ee5aa02a,a619b4a6-7972-438d-b9bd-cef966f23372,c2,DROP,1012,?,i10,
1769500689.8631527,FORWARDED,481ba220-adaa-4458-a8e1-deb9ee5aa02a,a619b4a6-7972-438d-b9bd-cef966f23372,c2,DROP,1012,?,i10,
1769500689.8943105,RECEIVED,965a0848-5f41-4f4c-a47c-89b805daadf2,a3373679-212d-4048-963f-f955286e0c7c,c4,c3,2482,p1,?,
1769500689.9108872,SENT,965a0848-5f41-4f4c-a47c-89b805daadf2,a3373679-212d-4048-963f-f955286e0c7c,c4,c3,1786,?,i3,
1769500689.9109256,FORWARDED,965a0848-5f41-4f4c-a47c-89b805daadf2,a3373679-212d-4048-963f-f955286e0c7c,c4,c3,1786,?,i3,
1769500689.934061,RECEIVED,f4b98cd2-95de-49c7-92f9-d4ae3a34d628,73fa484f-9170-450d-b0d7-0bfee7543f44,c5,c2,2461,p2,?,
1769500689.997632,SENT,f4b98cd2-95de-49c7-92f9-d4ae3a34d628,73fa484f-9170-450d-b0d7-0bfee7543f44,c5,c2,1771,?,i11,
1769500689.9976728,FORWARDED,f4b98cd2-95de-49c7-92f9-d4ae3a34d628,73fa484f-9170-450d-b0d7-0bfee7543f44,c5,c2,1771,?,i11,
1769500690.020897,RECEIVED,289c2a94-8316-4f1c-8063-526fe8f82fe2,b683da25-f7d1-40d2-ae76-a60480003c81,c2,DROP,1453,p2,?,
1769500690.031558,SENT,289c2a94-8316-4f1c-8063-526fe8f82fe2,b683da25-f7d1-40d2-ae76-a60480003c81,c2,DROP,1016,?,i9,
1769500690.0315983,FORWARDED,289c2a94-8316-4f1c-8063-526fe8f82fe2,b683da25-f7d1-40d2-ae76-a60480003c81,c2,DROP,1016,?,i9,
1769500690.187475,RECEIVED,b1c3d884-5cbf-4d11-80e6-f72dd3e0c0ed,a30fe711-eb9d-439e-a81a-496b683e501d,c1,DROP,1439,p1,?,
1769500690.2462623,RECEIVED,022d15ca-1fd7-4d77-b6a5-1ddb375fd5f6,b2a87f43-1f21-41ff-a370-4c0f231ac254,c2,None,2224,p2,?,
1769500690.3353205,RECEIVED,7896c0a9-ee55-44f7-bc0b-39f34c3bfea1,7de50818-6974-45dc-8e00-b0730d0b5f2a,c5,DROP,442,x8,?,
1769500690.4162803,RECEIVED,10dcb814-8b2e-41b9-98eb-c892d0d3279a,c172c3b4-5147-42a2-aaef-b513aecb8560,c2,DROP,440,x8,?,
1769500690.4456124,SENT,022d15ca-1fd7-4d77-b6a5-1ddb375fd5f6,b2a87f43-1f21-41ff-a370-4c0f231ac254,c2,None,1595,?,i1,
1769500690.4456518,FORWARDED,022d15ca-1fd7-4d77-b6a5-1ddb375fd5f6,b2a87f43-1f21-41ff-a370-4c0f231ac254,c2,None,1595,?,i1,
1769500690.448085,RECEIVED,703a309f-76f2-433f-8c15-58fe101dbe85,8b554794-faf1-40f1-8ebb-0115a855aa12,c1,DROP,1444,p1,?,
1769500690.4648585,SENT,b1c3d884-5cbf-4d11-80e6-f72dd3e0c0ed,a30fe711-eb9d-439e-a81a-496b683e501d,c1,DROP,1007,?,i1,
1769500690.464893,FORWARDED,b1c3d884-5cbf-4d11-80e6-f72dd3e0c0ed,a30fe711-eb9d-439e-a81a-496b683e501d,c1,DROP,1007,?,i1,
1769500690.5452824,SENT,703a309f-76f2-433f-8c15-58fe101dbe85,8b554794-faf1-40f1-8ebb-0115a855aa12,c1,DROP,1011,?,i11,
1769500690.5453238,FORWARDED,703a309f-76f2-433f-8c15-58fe101dbe85,8b554794-faf1-40f1-8ebb-0115a855aa12,c1,DROP,1011,?,i11,
1769500690.8089106,RECEIVED,6575b3b2-e5d3-465e-b3bb-2d49a502517d,9ccc25d9-7e45-4ce5-b72a-c6b98052c5a3,c4,None,2223,p1,?,
1769500691.0977912,RECEIVED,ef7bd40d-019d-4d05-ab10-f4602ddd22c0,39346822-dc4f-4bd7-b178-5d5dc320e15f,c5,c2,2448,p2,?,
1769500691.127368,RECEIVED,4dd625e6-aaca-4027-9e30-f1efa9df48b0,08d25a71-6543-4ec3-846d-bea74f505990,c5,DROP,442,x11,?,
1769500691.1326222,RECEIVED,29eab536-5729-4b9a-8da6-ce44b90b5cef,514bafe7-a3e1-4ad4-8ca4-899e0bdf3888,c2,DROP,441,x7,?,
1769500691.2149978,RECEIVED,596688ad-7565-4e0f-a5e4-22b2d53cf476,ed94f64e-5219-4e47-a1c1-8cf83b748340,c2,DROP,1439,p2,?,
1769500691.2683039,RECEIVED,ddbae435-9b6e-4859-8423-ffc01814a22b,44e6c680-2599-4f04-b49a-d912f44c448c,c1,DROP,1451,p1,?,
1769500691.2904303,SENT,ef7bd40d-019d-4d05-ab10-f4602ddd22c0,39346822-dc4f-4bd7-b178-5d5dc320e15f,c5,c2,1764,?,i7,
1769500691.2904732,FORWARDED,ef7bd40d-019d-4d05-ab10-f4602ddd22c0,39346822-dc4f-4bd7-b178-5d5dc320e15f,c5,c2,1764,?,i7,
1769500691.4038413,RECEIVED,f8408e5c-7591-46cb-b35c-b0986b32d8e5,1ff4a9f1-3748-453f-9579-b26f126d16c1,c3,DROP,1451,p3,?,
1769500691.4168003,RECEIVED,1562f062-4085-4a44-8614-2ea7ee48d835,c80a2f60-03a6-4d1a-8ec6-01fd44e3e66c,c5,None,2236,p2,?,
1769500691.7008379,RECEIVED,826fa465-2cb6-4eb4-a8dd-34f2c240b83b,f38e72f1-1475-48fc-a673-2a6a1b42b9a2,c4,DROP,1445,p1,?,
1769500691.7723093,RECEIVED,cd552792-a933-49a7-b835-a27f184503db,602b4901-488a-40ef-9653-49e56b31391b,c1,DROP,441,x4,?,
1769500691.7977219,SENT,826fa465-2cb6-4eb4-a8dd-34f2c240b83b,f38e72f1-1475-48fc-a673-2a6a1b42b9a2,c4,DROP,1009,?,i1,
1769500691.7980988,FORWARDED,826fa465-2cb6-4eb4-a8dd-34f2c240b83b,f38e72f1-1475-48fc-a673-2a6a1b42b9a2,c4,DROP,1009,?,i1,
1769500691.8148742,SENT,1562f062-4085-4a44-8614-2ea7ee48d835,c80a2f60-03a6-4d1a-8ec6-01fd44e3e66c,c5,None,1604,?,i11,
1769500691.814939,FORWARDED,1562f062-4085-4a44-8614-2ea7ee48d835,c80a2f60-03a6-4d1a-8ec6-01fd44e3e66c,c5,None,1604,?,i11,
1769500691.8150735,RECEIVED,a74da459-d056-4991-83b1-3b5e67e22005,b4006928-6891-493f-a3a0-15b1716f1d73,c2,DROP,1456,p2,?,
1769500691.9804974,RECEIVED,deee7cdb-2d83-44a6-81be-07d9a6052249,b8b06468-1106-4e7b-914b-20969f32e40c,c2,DROP,443,x4,?,
1769500692.1312754,SENT,6575b3b2-e5d3-465e-b3bb-2d49a502517d,9ccc25d9-7e45-4ce5-b72a-c6b98052c5a3,c4,None,1596,?,i4,
1769500692.1313198,FORWARDED,6575b3b2-e5d3-465e-b3bb-2d49a502517d,9ccc25d9-7e45-4ce5-b72a-c6b98052c5a3,c4,None,1596,?,i4,
1769500692.1432323,SENT,596688ad-7565-4e0f-a5e4-22b2d53cf476,ed94f64e-5219-4e47-a1c1-8cf83b748340,c2,DROP,1007,?,i2,
1769500692.143274,FORWARDED,596688ad-7565-4e0f-a5e4-22b2d53cf476,ed94f64e-5219-4e47-a1c1-8cf83b748340,c2,DROP,1007,?,i2,
1769500692.2278762,SENT,f8408e5c-7591-46cb-b35c-b0986b32d8e5,1ff4a9f1-3748-453f-9579-b26f126d16c1,c3,DROP,1016,?,i5,
1769500692.227918,FORWARDED,f8408e5c-7591-46cb-b35c-b0986b32d8e5,1ff4a9f1-3748-453f-9579-b26f126d16c1,c3,DROP,1016,?,i5,
1769500692.3175044,RECEIVED,d8c3adb7-a2e9-49c4-b8f3-9c2cf5aaca49,46964ae7-0b01-4922-9933-ad4ef42bace7,c3,DROP,443,x1,?,
1769500692.368027,RECEIVED,076df399-dc62-4d77-9210-d28b251f491d,57b0c50f-0364-4679-a4e0-f51152d6fc10,c1,c5,2478,p1,?,
1769500692.4346664,RECEIVED,bac04641-6f8c-4579-95b2-058de097a38e,3966dc7b-150d-4483-9409-efce594ba7f6,c3,DROP,1452,p3,?,
1769500692.4459293,SENT,076df399-dc62-4d77-9210-d28b251f491d,57b0c50f-0364-4679-a4e0-f51152d6fc10,c1,c5,1784,?,i3,
1769500692.4459677,FORWARDED,076df399-dc62-4d77-9210-d28b251f491d,57b0c50f-0364-4679-a4e0-f51152d6fc10,c1,c5,1784,?,i3,
1769500692.6510725,SENT,bac04641-6f8c-4579-95b2-058de097a38e,3966dc7b-150d-4483-9409-efce594ba7f6,c3,DROP,1015,?,i1,
1769500692.6511142,FORWARDED,bac04641-6f8c-4579-95b2-058de097a38e,3966dc7b-150d-4483-9409-efce594ba7f6,c3,DROP,1015,?,i1,
1769500692.806641,SENT,a74da459-d056-4991-83b1-3b5e67e22005,b4006928-6891-493f-a3a0-15b1716f1d73,c2,DROP,1020,?,i10,
1769500692.8066826,FORWARDED,a74da459-d056-4991-83b1-3b5e67e22005,b4006928-6891-493f-a3a0-15b1716f1d73,c2,DROP,1020,?,i10,
1769500692.821508,RECEIVED,92a22a3e-6533-45c5-95b2-594529adff8c,73309df2-57f3-43fb-836f-a238483e847d,c3,DROP,441,x7,?,
1769500692.848393,RECEIVED,7924e59d-fee8-415f-83ef-1827557b3e5e,749695f2-7fba-4873-9d48-ac39876630c6,c2,DROP,1439,p2,?,
1769500692.8625765,RECEIVED,9ba69fd8-ade1-4a53-92c2-c6cb2a494d3e,b003142b-ab36-40df-9e51-701ac10401bd,c4,DROP,1452,p1,?,
1769500692.865715,SENT,ddbae435-9b6e-4859-8423-ffc01814a22b,44e6c680-2599-4f04-b49a-d912f44c448c,c1,DROP,1017,?,i1,
1769500692.865758,FORWARDED,ddbae435-9b6e-4859-8423-ffc01814a22b,44e6c680-2599-4f04-b49a-d912f44c448c,c1,DROP,1017,?,i1,
1769500692.939297,RECEIVED,32b334be-1cf9-4c5c-858c-b4e25a0f2046,ed42ec15-a70c-4e36-a7b5-d0f3c7cbfee9,c3,DROP,1448,p3,?,
1769500692.9486465,RECEIVED,26147ca5-0c89-402a-a41e-1d473e44ecad,018ad0ff-0299-4de9-9b14-66d6a09b8e86,c2,DROP,1460,p2,?,
1769500693.0014138,RECEIVED,4570c584-68d2-42a9-9b4e-768669995243,2c5aa807-f3d0-4b47-b4fd-a7350e4c38fc,c5,DROP,1440,p2,?,
1769500693.04769,RECEIVED,769e80aa-4f74-4505-9a4b-785cfefb304f,7adda354-f19a-4267-91e1-dc17a611062b,c2,DROP,1444,p2,?,
1769500693.0983245,SENT,4570c584-68d2-42a9-9b4e-768669995243,2c5aa807-f3d0-4b47-b4fd-a7350e4c38fc,c5,DROP,1008,?,i4,
1769500693.098363,FORWARDED,4570c584-68d2-42a9-9b4e-768669995243,2c5aa807-f3d0-4b47-b4fd-a7350e4c38fc,c5,DROP,1008,?,i4,
1769500693.1686385,SENT,26147ca5-0c89-402a-a41e-1d473e44ecad,018ad0ff-0299-4de9-9b14-66d6a09b8e86,c2,DROP,1022,?,i9,
1769500693.168678,FORWARDED,26147ca5-0c89-402a-a41e-1d473e44ecad,018ad0ff-0299-4de9-9b14-66d6a09b8e86,c2,DROP,1022,?,i9,
1769500693.195226,SENT,32b334be-1cf9-4c5c-858c-b4e25a0f2046,ed42ec15-a70c-4e36-a7b5-d0f3c7cbfee9,c3,DROP,1012,?,i9,
1769500693.1952686,FORWARDED,32b334be-1cf9-4c5c-858c-b4e25a0f2046,ed42ec15-a70c-4e36-a7b5-d0f3c7cbfee9,c3,DROP,1012,?,i9,
1769500693.204744,RECEIVED,d7298769-55e6-4d70-9f06-892be30115c1,ef83bb94-6dc0-4660-9354-8d5e4496b205,c2,DROP,1444,p2,?,
1769500693.2051284,RECEIVED,2a7dc74a-7a5d-41d5-b41c-cc6e13457e69,54260576-bd38-4f8a-9dce-0135e8e83baf,c3,DROP,1452,p3,?,
1769500693.2301695,SENT,7924e59d-fee8-415f-83ef-1827557b3e5e,749695f2-7fba-4873-9d48-ac39876630c6,c2,DROP,1007,?,i6,
1769500693.2302096,FORWARDED,7924e59d-fee8-415f-83ef-1827557b3e5e,749695f2-7fba-4873-9d48-ac39876630c6,c2,DROP,1007,?,i6,
1769500693.2533617,SENT,769e80aa-4f74-4505-9a4b-785cfefb304f,7adda354-f19a-4267-91e1-dc17a611062b,c2,DROP,1011,?,i9,
1769500693.253401,FORWARDED,769e80aa-4f74-4505-9a4b-785cfefb304f,7adda354-f19a-4267-91e1-dc17a611062b,c2,DROP,1011,?,i9,
1769500693.2803285,SENT,2a7dc74a-7a5d-41d5-b41c-cc6e13457e69,54260576-bd38-4f8a-9dce-0135e8e83baf,c3,DROP,1015,?,i8,
1769500693.2803705,FORWARDED,2a7dc74a-7a5d-41d5-b41c-cc6e13457e69,54260576-bd38-4f8a-9dce-0135e8e83baf,c3,DROP,1015,?,i8,
1769500693.3080952,RECEIVED,af50bf9e-97eb-40dc-84da-fc8088ec35d6,ca26326a-a82f-42a8-8a4f-e8f1953c12f9,c3,DROP,1439,p3,?,
1769500693.3884003,SENT,d7298769-55e6-4d70-9f06-892be30115c1,ef83bb94-6dc0-4660-9354-8d5e4496b205,c2,DROP,1011,?,i4,
1769500693.388441,FORWARDED,d7298769-55e6-4d70-9f06-892be30115c1,ef83bb94-6dc0-4660-9354-8d5e4496b205,c2,DROP,1011,?,i4,
1769500693.469288,RECEIVED,868cfcfc-7f5a-46de-b345-287a4b6b5a77,b4c9f2b1-b27d-4bc7-b284-d33c6160c635,c4,DROP,439,x5,?,
1769500693.4701033,RECEIVED,cce44664-f112-4e9d-8ede-cb17abde4e9f,f2e55f18-decc-4542-9892-c1811ae59d82,c1,DROP,1439,p1,?,
1769500693.708461,SENT,9ba69fd8-ade1-4a53-92c2-c6cb2a494d3e,b003142b-ab36-40df-9e51-701ac10401bd,c4,DROP,1016,?,i10,
1769500693.7085001,FORWARDED,9ba69fd8-ade1-4a53-92c2-c6cb2a494d3e,b003142b-ab36-40df-9e51-701ac10401bd,c4,DROP,1016,?,i10,
1769500693.80338,SENT,cce44664-f112-4e9d-8ede-cb17abde4e9f,f2e55f18-decc-4542-9892-c1811ae59d82,c1,DROP,1007,?,i1,
1769500693.8034341,FORWARDED,cce44664-f112-4e9d-8ede-cb17abde4e9f,f2e55f18-decc-4542-9892-c1811ae59d82,c1,DROP,1007,?,i1,
1769500693.8895981,RECEIVED,e03417b1-fbb2-45f4-9bb3-8ab5dd42e4a4,99c449d4-6696-4fd7-8963-25413782409d,c2,DROP,1451,p2,?,
1769500693.924536,RECEIVED,2dc27375-b27b-4cf9-bc0c-0967f93df9e6,4c2b5619-dc58-4687-9332-ffa89c1d4213,c5,DROP,1449,p2,?,
1769500693.9588027,RECEIVED,901e6643-bc2c-498c-b7ea-a5c658499372,154dfd8d-83e5-4a7a-8037-40a26ec0409d,c1,DROP,1445,p1,?,
1769500694.009319,SENT,901e6643-bc2c-498c-b7ea-a5c658499372,154dfd8d-83e5-4a7a-8037-40a26ec0409d,c1,DROP,1011,?,i12,
1769500694.0093608,FORWARDED,901e6643-bc2c-498c-b7ea-a5c658499372,154dfd8d-83e5-4a7a-8037-40a26ec0409d,c1,DROP,1011,?,i12,
1769500694.0281441,SENT,af50bf9e-97eb-40dc-84da-fc8088ec35d6,ca26326a-a82f-42a8-8a4f-e8f1953c12f9,c3,DROP,1006,?,i4,
1769500694.0281856,FORWARDED,af50bf9e-97eb-40dc-84da-fc8088ec35d6,ca26326a-a82f-42a8-8a4f-e8f1953c12f9,c3,DROP,1006,?,i4,
1769500694.046157,RECEIVED,71f8c838-d663-4523-abae-a12fb5e0b4a1,97b59e7d-3a76-44db-8ab3-9542bfe0f54d,c1,DROP,1461,p1,?,
1769500694.0856483,RECEIVED,1e5ba018-5524-4886-a747-284b08a8789d,6bf7eecd-b045-4eb9-9533-517355d787ef,c2,DROP,1460,p2,?,
1769500694.129316,SENT,71f8c838-d663-4523-abae-a12fb5e0b4a1,97b59e7d-3a76-44db-8ab3-9542bfe0f54d,c1,DROP,1021,?,i10,
1769500694.1293542,FORWARDED,71f8c838-d663-4523-abae-a12fb5e0b4a1,97b59e7d-3a76-44db-8ab3-9542bfe0f54d,c1,DROP,1021,?,i10,
1769500694.1704013,RECEIVED,f96c675c-4b11-4e64-a1c0-732e708b6e74,91eb488e-78db-4140-b257-52213ea0be0e,c5,DROP,441,x2,?,
1769500694.1826441,RECEIVED,3b7a3e15-9daf-444c-99a6-274ae520d5bd,0b8fdb08-dabe-42cb-bf08-735fe9e60084,c1,DROP,1445,p1,?,
1769500694.23236,SENT,3b7a3e15-9daf-444c-99a6-274ae520d5bd,0b8fdb08-dabe-42cb-bf08-735fe9e60084,c1,DROP,1011,?,i1,
1769500694.2323997,FORWARDED,3b7a3e15-9daf-444c-99a6-274ae520d5bd,0b8fdb08-dabe-42cb-bf08-735fe9e60084,c1,DROP,1011,?,i1,
1769500694.2483318,SENT,2dc27375-b27b-4cf9-bc0c-0967f93df9e6,4c2b5619-dc58-4687-9332-ffa89c1d4213,c5,DROP,1014,?,i12,
1769500694.248373,FORWARDED,2dc27375-b27b-4cf9-bc0c-0967f93df9e6,4c2b5619-dc58-4687-9332-ffa89c1d4213,c5,DROP,1014,?,i12,
1769500694.266474,RECEIVED,9c7163b6-863d-4411-b847-d11c5b6044b4,ca58f11d-0255-4084-a61e-654db53d2f82,c5,DROP,1439,p2,?,
1769500694.335442,RECEIVED,a6315517-ea05-4ba5-adb3-f7a21233ff25,ec3afbe2-0da0-41fa-a7a0-428bcdd4ea9c,c4,DROP,1440,p1,?,
1769500694.482785,SENT,9c7163b6-863d-4411-b847-d11c5b6044b4,ca58f11d-0255-4084-a61e-654db53d2f82,c5,DROP,1007,?,i1,
1769500694.4828248,FORWARDED,9c7163b6-863d-4411-b847-d11c5b6044b4,ca58f11d-0255-4084-a61e-654db53d2f82,c5,DROP,1007,?,i1,
1769500694.5144258,SENT,a6315517-ea05-4ba5-adb3-f7a21233ff25,ec3afbe2-0da0-41fa-a7a0-428bcdd4ea9c,c4,DROP,1007,?,i9,
1769500694.5144672,FORWARDED,a6315517-ea05-4ba5-adb3-f7a21233ff25,ec3afbe2-0da0-41fa-a7a0-428bcdd4ea9c,c4,DROP,1007,?,i9,
1769500694.7801223,RECEIVED,62874be3-ad2b-418a-8014-d2cf146f79f6,642aa1b7-dac5-4bff-93ce-38ee923b2d99,c2,DROP,1440,p2,?,
1769500694.80367,RECEIVED,8aa709a1-18c1-45b5-80df-51df4b97abf8,515a2b6e-8b77-4bac-8b51-515c89dc7ac3,c5,None,2223,p2,?,
1769500694.8287947,SENT,62874be3-ad2b-418a-8014-d2cf146f79f6,642aa1b7-dac5-4bff-93ce-38ee923b2d99,c2,DROP,1007,?,i9,
1769500694.8288302,FORWARDED,62874be3-ad2b-418a-8014-d2cf146f79f6,642aa1b7-dac5-4bff-93ce-38ee923b2d99,c2,DROP,1007,?,i9,
1769500694.9287264,RECEIVED,5abcbe7d-5ce9-4f89-906a-b82e700f1bf1,de083bd5-e9e3-4244-97a2-368a0accfedf,c1,DROP,1451,p1,?,
1769500695.0966666,RECEIVED,8ab7a885-9a2f-4bf1-9fc7-2cbfb970d097,c97d3aee-ef9d-4231-8256-4e30bfde2b8a,c5,DROP,1440,p2,?,
1769500695.1488283,SENT,8ab7a885-9a2f-4bf1-9fc7-2cbfb970d097,c97d3aee-ef9d-4231-8256-4e30bfde2b8a,c5,DROP,1007,?,i6,
1769500695.148869,FORWARDED,8ab7a885-9a2f-4bf1-9fc7-2cbfb970d097,c97d3aee-ef9d-4231-8256-4e30bfde2b8a,c5,DROP,1007,?,i6,
1769500695.1922443,SENT,e03417b1-fbb2-45f4-9bb3-8ab5dd42e4a4,99c449d4-6696-4fd7-8963-25413782409d,c2,DROP,1016,?,i1,
1769500695.1922815,FORWARDED,e03417b1-fbb2-45f4-9bb3-8ab5dd42e4a4,99c449d4-6696-4fd7-8963-25413782409d,c2,DROP,1016,?,i1,
1769500695.228428,RECEIVED,a826d347-f675-493c-8b03-af693ee74f0b,7307d089-a585-42bc-9440-327c8c7de227,c2,DROP,1448,p2,?,
1769500695.2747374,SENT,1e5ba018-5524-4886-a747-284b08a8789d,6bf7eecd-b045-4eb9-9533-517355d787ef,c2,DROP,1021,?,i12,
1769500695.2747796,FORWARDED,1e5ba018-5524-4886-a747-284b08a8789d,6bf7eecd-b045-4eb9-9533-517355d787ef,c2,DROP,1021,?,i12,
1769500695.2813768,RECEIVED,3b9f9749-e5a7-45b5-aeae-d350da0a2170,00401c0e-aef2-4078-83b4-fa049511fa39,c3,DROP,1433,p3,?,
1769500695.35953,SENT,a826d347-f675-493c-8b03-af693ee74f0b,7307d089-a585-42bc-9440-327c8c7de227,c2,DROP,1012,?,i9,
1769500695.3595657,FORWARDED,a826d347-f675-493c-8b03-af693ee74f0b,7307d089-a585-42bc-9440-327c8c7de227,c2,DROP,1012,?,i9,
1769500695.4367514,RECEIVED,ac494aa6-71e8-4c6b-b945-b5b1eb5aebbd,945c62c4-dc09-4e9d-aa9b-15d1be968fbe,c4,DROP,1447,p1,?,
1769500695.4531024,RECEIVED,4bfeb6f4-5166-47f0-b3a1-089ad484fc03,9cc759bc-8e2f-4326-8da3-8ad26633e055,c1,DROP,1444,p1,?,
1769500695.455018,SENT,5abcbe7d-5ce9-4f89-906a-b82e700f1bf1,de083bd5-e9e3-4244-97a2-368a0accfedf,c1,DROP,1016,?,i1,
1769500695.4550629,FORWARDED,5abcbe7d-5ce9-4f89-906a-b82e700f1bf1,de083bd5-e9e3-4244-97a2-368a0accfedf,c1,DROP,1016,?,i1,
1769500695.4955196,SENT,8aa709a1-18c1-45b5-80df-51df4b97abf8,515a2b6e-8b77-4bac-8b51-515c89dc7ac3,c5,None,1596,?,i12,
1769500695.4955618,FORWARDED,8aa709a1-18c1-45b5-80df-51df4b97abf8,515a2b6e-8b77-4bac-8b51-515c89dc7ac3,c5,None,1596,?,i12,
1769500695.704543,SENT,4bfeb6f4-5166-47f0-b3a1-089ad484fc03,9cc759bc-8e2f-4326-8da3-8ad26633e055,c1,DROP,1009,?,i5,
1769500695.7045836,FORWARDED,4bfeb6f4-5166-47f0-b3a1-089ad484fc03,9cc759bc-8e2f-4326-8da3-8ad26633e055,c1,DROP,1009,?,i5,
1769500695.7310975,RECEIVED,8f57ccac-d969-47d2-8adb-9fc35fba457e,bbe01ca4-3d03-493e-9ba2-256962c84b90,c3,DROP,440,x12,?,
1769500695.860029,RECEIVED,1b76781a-0841-431f-bfd3-7bbe72f86546,19c2f066-b4da-4bfe-85b7-997d41241884,c2,DROP,1440,p2,?,
1769500695.8676846,RECEIVED,21a8b723-7245-4795-9af5-59394b27b21e,cf6a6730-df47-42c0-a817-2f79f3e126bc,c5,DROP,1451,p2,?,
1769500695.8990293,SENT,3b9f9749-e5a7-45b5-aeae-d350da0a2170,00401c0e-aef2-4078-83b4-fa049511fa39,c3,DROP,1005,?,i2,
1769500695.8990748,FORWARDED,3b9f9749-e5a7-45b5-aeae-d350da0a2170,00401c0e-aef2-4078-83b4-fa049511fa39,c3,DROP,1005,?,i2,
1769500696.0986884,RECEIVED,288d5e97-91ec-47cc-a0a2-668cc8c60bd3,8189981c-f23d-4742-9ec8-b2ac62abaec5,c5,DROP,442,x1,?,
1769500696.1639922,RECEIVED,6b2954c9-7c34-4418-86f1-2ec15f87dabc,70f85fd7-c7da-4e22-91f0-ea6c8a58cc7a,c1,DROP,1451,p1,?,
1769500696.3718047,RECEIVED,eb23fce8-0aee-49a7-bd9b-3ce11c5bf6eb,989be4a3-671e-464c-9cff-14565712b826,c2,DROP,1444,p2,?,
1769500696.412947,SENT,eb23fce8-0aee-49a7-bd9b-3ce11c5bf6eb,989be4a3-671e-464c-9cff-14565712b826,c2,DROP,1010,?,i7,
1769500696.4129837,FORWARDED,eb23fce8-0aee-49a7-bd9b-3ce11c5bf6eb,989be4a3-671e-464c-9cff-14565712b826,c2,DROP,1010,?,i7,
1769500696.4143555,SENT,ac494aa6-71e8-4c6b-b945-b5b1eb5aebbd,945c62c4-dc09-4e9d-aa9b-15d1be968fbe,c4,DROP,1014,?,i7,
1769500696.4143915,FORWARDED,ac494aa6-71e8-4c6b-b945-b5b1eb5aebbd,945c62c4-dc09-4e9d-aa9b-15d1be968fbe,c4,DROP,1014,?,i7,
1769500696.6112227,RECEIVED,1d23ed7d-e5ca-45ef-8f90-e6acd44f276c,eb9644e4-bffc-4cbe-bfc5-239a22b7d8f9,c3,c4,2448,p3,?,
1769500696.636654,RECEIVED,9ac269e2-0c0d-4163-8e89-9b7e87dfda9a,5e34055a-f454-4b09-b24d-8903267a6a3a,c2,DROP,1460,p2,?,
1769500696.6614215,RECEIVED,e3ce0c74-595e-4285-a386-1156bc156e3e,0719e580-68dc-473a-ac47-99e73b263d16,c2,DROP,1452,p2,?,
1769500696.6620557,RECEIVED,52162cb7-116b-44f3-8caf-770069477e34,1fa0ee28-de52-429e-97aa-f4f3a5ec81d5,c1,DROP,1444,p1,?,
1769500696.6652713,RECEIVED,3bef072a-ab22-4af0-8465-b0efe1f2102a,f3d47501-1e5f-4d1d-aca1-32bec4d7342c,c4,None,2222,p1,?,
1769500696.7356377,RECEIVED,89f93cd6-bbb2-41aa-a12f-c6f4f059582a,5dbbb8ee-b8eb-465b-ba40-4e0d7c49b574,c4,c3,2444,p1,?,
1769500696.7394419,SENT,6b2954c9-7c34-4418-86f1-2ec15f87dabc,70f85fd7-c7da-4e22-91f0-ea6c8a58cc7a,c1,DROP,1016,?,i2,
1769500696.7394824,FORWARDED,6b2954c9-7c34-4418-86f1-2ec15f87dabc,70f85fd7-c7da-4e22-91f0-ea6c8a58cc7a,c1,DROP,1016,?,i2,
1769500696.7437632,RECEIVED,36e14104-b6b3-4781-9102-fe0278b0f9dc,6ec92f62-17ef-4f82-a201-cfd824a946a8,c1,DROP,1448,p1,?,
1769500696.8039403,SENT,36e14104-b6b3-4781-9102-fe0278b0f9dc,6ec92f62-17ef-4f82-a201-cfd824a946a8,c1,DROP,1012,?,i6,
1769500696.8039792,FORWARDED,36e14104-b6b3-4781-9102-fe0278b0f9dc,6ec92f62-17ef-4f82-a201-cfd824a946a8,c1,DROP,1012,?,i6,
1769500696.8056707,SENT,1d23ed7d-e5ca-45ef-8f90-e6acd44f276c,eb9644e4-bffc-4cbe-bfc5-239a22b7d8f9,c3,c4,1764,?,i8,
1769500696.8057103,FORWARDED,1d23ed7d-e5ca-45ef-8f90-e6acd44f276c,eb9644e4-bffc-4cbe-bfc5-239a22b7d8f9,c3,c4,1764,?,i8,
1769500696.827103,RECEIVED,84940970-4879-454a-9071-c70382b81628,8475a875-fb03-4e99-8b0e-60b0f42ffd56,c3,DROP,1447,p3,?,
1769500696.8737102,RECEIVED,d2a03b72-0c33-46ad-8de4-5a79f44c0b5f,672a7311-52f9-4e36-a4b3-e4ef30f31ccc,c4,DROP,1443,p1,?,
1769500696.9074607,SENT,89f93cd6-bbb2-41aa-a12f-c6f4f059582a,5dbbb8ee-b8eb-465b-ba40-4e0d7c49b574,c4,c3,1760,?,i5,
1769500696.907501,FORWARDED,89f93cd6-bbb2-41aa-a12f-c6f4f059582a,5dbbb8ee-b8eb-465b-ba40-4e0d7c49b574,c4,c3,1760,?,i5,
1769500696.9821646,SENT,21a8b723-7245-4795-9af5-59394b27b21e,cf6a6730-df47-42c0-a817-2f79f3e126bc,c5,DROP,1015,?,i1,
1769500696.9822052,FORWARDED,21a8b723-7245-4795-9af5-59394b27b21e,cf6a6730-df47-42c0-a817-2f79f3e126bc,c5,DROP,1015,?,i1,
1769500697.0424862,SENT,3bef072a-ab22-4af0-8465-b0efe1f2102a,f3d47501-1e5f-4d1d-aca1-32bec4d7342c,c4,None,1595,?,i3,
1769500697.0425296,FORWARDED,3bef072a-ab22-4af0-8465-b0efe1f2102a,f3d47501-1e5f-4d1d-aca1-32bec4d7342c,c4,None,1595,?,i3,
1769500697.0676208,SENT,e3ce0c74-595e-4285-a386-1156bc156e3e,0719e580-68dc-473a-ac47-99e73b263d16,c2,DROP,1017,?,i7,
1769500697.0676625,FORWARDED,e3ce0c74-595e-4285-a386-1156bc156e3e,0719e580-68dc-473a-ac47-99e73b263d16,c2,DROP,1017,?,i7,
1769500697.0961773,SENT,52162cb7-116b-44f3-8caf-770069477e34,1fa0ee28-de52-429e-97aa-f4f3a5ec81d5,c1,DROP,1011,?,i5,
1769500697.096217,FORWARDED,52162cb7-116b-44f3-8caf-770069477e34,1fa0ee28-de52-429e-97aa-f4f3a5ec81d5,c1,DROP,1011,?,i5,
1769500697.1272888,RECEIVED,8fd7bb17-4b11-4225-b19b-2a088471d716,8e6218eb-da20-4e5e-9eb7-d506d70c44f5,c3,DROP,442,x9,?,
1769500697.1591725,RECEIVED,e2676bbd-fa94-461e-be7e-b0933c76e457,f7b0144c-9b0c-4d4a-bfee-87f232b9cae8,c4,DROP,438,x3,?,
1769500697.222089,RECEIVED,91134598-274c-48c1-8c46-21e6c1f6a336,aa75dc5a-daaa-474f-9184-bb533c26ee9e,c1,None,2227,p1,?,
1769500697.2839696,RECEIVED,458c7fba-7133-4e73-80a3-8d96f17189c3,0c68bb5c-dc1f-4a4d-a6e5-38b3a75b8c93,c5,DROP,1440,p2,?,
1769500697.318254,RECEIVED,032a1e33-2a08-42ce-8827-834f17a29e81,dfbd2be6-531d-4a09-b0ea-0cc2a4b8cb2c,c2,DROP,1451,p2,?,
1769500697.3639233,RECEIVED,906e31b8-bcd5-499d-933c-7758aa5e94de,4dad9a3e-703e-4069-84b8-a47cfa84bdba,c4,None,2224,p1,?,
1769500697.398913,SENT,458c7fba-7133-4e73-80a3-8d96f17189c3,0c68bb5c-dc1f-4a4d-a6e5-38b3a75b8c93,c5,DROP,1007,?,i3,
1769500697.3989537,FORWARDED,458c7fba-7133-4e73-80a3-8d96f17189c3,0c68bb5c-dc1f-4a4d-a6e5-38b3a75b8c93,c5,DROP,1007,?,i3,
1769500697.4552286,SENT,91134598-274c-48c1-8c46-21e6c1f6a336,aa75dc5a-daaa-474f-9184-bb533c26ee9e,c1,None,1599,?,i3,
1769500697.4552708,FORWARDED,91134598-274c-48c1-8c46-21e6c1f6a336,aa75dc5a-daaa-474f-9184-bb533c26ee9e,c1,None,1599,?,i3,
1769500697.5375354,SENT,1b76781a-0841-431f-bfd3-7bbe72f86546,19c2f066-b4da-4bfe-85b7-997d41241884,c2,DROP,1006,?,i11,
1769500697.5375772,FORWARDED,1b76781a-0841-431f-bfd3-7bbe72f86546,19c2f066-b4da-4bfe-85b7-997d41241884,c2,DROP,1006,?,i11,
1769500697.627747,RECEIVED,209c2eec-0a73-4313-9987-a0c2b11e639d,2882f7db-bd75-4274-80e5-f5f56195d278,c3,DROP,1439,p3,?,
1769500697.678248,SENT,906e31b8-bcd5-499d-933c-7758aa5e94de,4dad9a3e-703e-4069-84b8-a47cfa84bdba,c4,None,1596,?,i1,
1769500697.6782928,FORWARDED,906e31b8-bcd5-499d-933c-7758aa5e94de,4dad9a3e-703e-4069-84b8-a47cfa84bdba,c4,None,1596,?,i1,
1769500697.7244887,RECEIVED,bf1b6687-1526-4f05-9a75-d461ddc2bccb,059e19d6-c101-47f7-9563-221dba04b6a7,c5,DROP,1446,p2,?,
1769500697.8000193,SENT,84940970-4879-454a-9071-c70382b81628,8475a875-fb03-4e99-8b0e-60b0f42ffd56,c3,DROP,1012,?,i4,
1769500697.8003676,FORWARDED,84940970-4879-454a-9071-c70382b81628,8475a875-fb03-4e99-8b0e-60b0f42ffd56,c3,DROP,1012,?,i4,
1769500697.8052852,SENT,d2a03b72-0c33-46ad-8de4-5a79f44c0b5f,672a7311-52f9-4e36-a4b3-e4ef30f31ccc,c4,DROP,1011,?,i7,
1769500697.8053257,FORWARDED,d2a03b72-0c33-46ad-8de4-5a79f44c0b5f,672a7311-52f9-4e36-a4b3-e4ef30f31ccc,c4,DROP,1011,?,i7,
1769500697.885219,SENT,209c2eec-0a73-4313-9987-a0c2b11e639d,2882f7db-bd75-4274-80e5-f5f56195d278,c3,DROP,1007,?,i8,
1769500697.88526,FORWARDED,209c2eec-0a73-4313-9987-a0c2b11e639d,2882f7db-bd75-4274-80e5-f5f56195d278,c3,DROP,1007,?,i8,
1769500697.9318137,SENT,9ac269e2-0c0d-4163-8e89-9b7e87dfda9a,5e34055a-f454-4b09-b24d-8903267a6a3a,c2,DROP,1022,?,i11,
1769500697.9318557,FORWARDED,9ac269e2-0c0d-4163-8e89-9b7e87dfda9a,5e34055a-f454-4b09-b24d-8903267a6a3a,c2,DROP,1022,?,i11,
1769500698.040487,RECEIVED,4e1f792f-a8d0-4f05-b6e0-b9326fe2fb34,f0070e54-39f4-4e16-9d82-fee39936cd24,c2,DROP,1447,p2,?,
1769500698.1692297,SENT,032a1e33-2a08-42ce-8827-834f17a29e81,dfbd2be6-531d-4a09-b0ea-0cc2a4b8cb2c,c2,DROP,1015,?,i6,
1769500698.1692698,FORWARDED,032a1e33-2a08-42ce-8827-834f17a29e81,dfbd2be6-531d-4a09-b0ea-0cc2a4b8cb2c,c2,DROP,1015,?,i6,
1769500698.1974342,RECEIVED,00fe3892-37a1-46ff-85d2-f6f3dac6cfb6,9c23b22b-9197-4c44-b110-d2e8c1f021f4,c2,None,2240,p2,?,
1769500698.228987,RECEIVED,2919afab-4366-491c-82b8-c9253f9d3855,8f9b377d-bd5e-45ab-915d-c6d7e7bcb5ae,c2,None,2235,p2,?,
1769500698.3151402,SENT,00fe3892-37a1-46ff-85d2-f6f3dac6cfb6,9c23b22b-9197-4c44-b110-d2e8c1f021f4,c2,None,1608,?,i2,
1769500698.315182,FORWARDED,00fe3892-37a1-46ff-85d2-f6f3dac6cfb6,9c23b22b-9197-4c44-b110-d2e8c1f021f4,c2,None,1608,?,i2,
1769500698.404514,RECEIVED,87be47b6-89f8-4293-be90-24492bf3f793,94439053-cb77-427d-8248-a0f039ab68db,c3,None,2235,p3,?,
1769500698.4187598,RECEIVED,998a1cee-255f-4dd8-b536-4c9797f85faa,4d47f654-fddb-4ec6-aa5d-520cb4d3fa24,c2,DROP,1444,p2,?,
1769500698.5177224,SENT,998a1cee-255f-4dd8-b536-4c9797f85faa,4d47f654-fddb-4ec6-aa5d-520cb4d3fa24,c2,DROP,1011,?,i3,
1769500698.5177615,FORWARDED,998a1cee-255f-4dd8-b536-4c9797f85faa,4d47f654-fddb-4ec6-aa5d-520cb4d3fa24,c2,DROP,1011,?,i3,
1769500698.5248487,SENT,4e1f792f-a8d0-4f05-b6e0-b9326fe2fb34,f0070e54-39f4-4e16-9d82-fee39936cd24,c2,DROP,1012,?,i3,
1769500698.5248902,FORWARDED,4e1f792f-a8d0-4f05-b6e0-b9326fe2fb34,f0070e54-39f4-4e16-9d82-fee39936cd24,c2,DROP,1012,?,i3,
1769500698.6352487,SENT,bf1b6687-1526-4f05-9a75-d461ddc2bccb,059e19d6-c101-47f7-9563-221dba04b6a7,c5,DROP,1013,?,i7,
1769500698.6352894,FORWARDED,bf1b6687-1526-4f05-9a75-d461ddc2bccb,059e19d6-c101-47f7-9563-221dba04b6a7,c5,DROP,1013,?,i7,
1769500698.6747544,SENT,87be47b6-89f8-4293-be90-24492bf3f793,94439053-cb77-427d-8248-a0f039ab68db,c3,None,1605,?,i4,
1769500698.6747966,FORWARDED,87be47b6-89f8-4293-be90-24492bf3f793,94439053-cb77-427d-8248-a0f039ab68db,c3,None,1605,?,i4,
1769500698.6922486,RECEIVED,024d0a27-103e-41a7-be3c-17d6dc14e88b,9b6bb14e-b205-45ee-8e13-39f6b493467a,c4,DROP,1447,p1,?,
1769500698.698131,RECEIVED,be96b586-c974-49cd-b004-90ca7a793a17,741d18b8-c6ac-4d7f-a15e-32e18b5085e8,c5,c2,2466,p2,?,
1769500698.7102742,RECEIVED,4084674f-d909-4875-a918-8c201be0b1c8,fcb8d7dd-c7d0-428e-bf13-919dbf94298d,c4,DROP,1448,p1,?,
1769500698.7625072,RECEIVED,d892626f-70af-41b4-b626-d71ddebdbdea,4d6ac992-ed03-4324-87a0-a920e6482d87,c1,DROP,1447,p1,?,
1769500698.7772338,SENT,be96b586-c974-49cd-b004-90ca7a793a17,741d18b8-c6ac-4d7f-a15e-32e18b5085e8,c5,c2,1775,?,i10,
1769500698.7772868,FORWARDED,be96b586-c974-49cd-b004-90ca7a793a17,741d18b8-c6ac-4d7f-a15e-32e18b5085e8,c5,c2,1775,?,i10,
1769500698.8092525,RECEIVED,dc076e20-ce2f-4f21-8b92-56f9bd8d30c3,ce856889-d170-4df8-8c0c-26a87e4c3d25,c3,c4,2468,p3,?,
1769500698.8198414,RECEIVED,4c0bac2f-af5c-4de8-bc0b-6b3a0397ab1a,9f64cbef-47d8-45da-8f78-31f9cb861cb4,c1,DROP,1442,p1,?,
1769500698.9911819,SENT,2919afab-4366-491c-82b8-c9253f9d3855,8f9b377d-bd5e-45ab-915d-c6d7e7bcb5ae,c2,None,1604,?,i1,
1769500698.991225,FORWARDED,2919afab-4366-491c-82b8-c9253f9d3855,8f9b377d-bd5e-45ab-915d-c6d7e7bcb5ae,c2,None,1604,?,i1,
1769500699.006248,SENT,d892626f-70af-41b4-b626-d71ddebdbdea,4d6ac992-ed03-4324-87a0-a920e6482d87,c1,DROP,1013,?,i5,
1769500699.0062861,FORWARDED,d892626f-70af-41b4-b626-d71ddebdbdea,4d6ac992-ed03-4324-87a0-a920e6482d87,c1,DROP,1013,?,i5,
1769500699.054232,SENT,4084674f-d909-4875-a918-8c201be0b1c8,fcb8d7dd-c7d0-428e-bf13-919dbf94298d,c4,DROP,1013,?,i1,
1769500699.0542738,FORWARDED,4084674f-d909-4875-a918-8c201be0b1c8,fcb8d7dd-c7d0-428e-bf13-919dbf94298d,c4,DROP,1013,?,i1,
1769500699.0673616,SENT,dc076e20-ce2f-4f21-8b92-56f9bd8d30c3,ce856889-d170-4df8-8c0c-26a87e4c3d25,c3,c4,1777,?,i2,
1769500699.0674033,FORWARDED,dc076e20-ce2f-4f21-8b92-56f9bd8d30c3,ce856889-d170-4df8-8c0c-26a87e4c3d25,c3,c4,1777,?,i2,
1769500699.094424,RECEIVED,2c2b3be0-6773-4595-9abc-74543706135d,0b030353-29cb-48de-82d1-797e2bf15bc7,c2,DROP,1439,p2,?,
1769500699.153137,SENT,4c0bac2f-af5c-4de8-bc0b-6b3a0397ab1a,9f64cbef-47d8-45da-8f78-31f9cb861cb4,c1,DROP,1011,?,i9,
1769500699.1531792,FORWARDED,4c0bac2f-af5c-4de8-bc0b-6b3a0397ab1a,9f64cbef-47d8-45da-8f78-31f9cb861cb4,c1,DROP,1011,?,i9,
1769500699.1685386,RECEIVED,54e23479-6c59-4df2-b00a-1a6f70e1df69,a5319a80-33b6-47d0-8f1b-b5099829075f,c5,None,2225,p2,?,
1769500699.1886907,RECEIVED,a3925c47-a399-4e02-90ab-7abda5672317,75c96492-2737-4112-86a2-eb3da74b1c43,c3,None,2223,p3,?,
1769500699.1924539,SENT,2c2b3be0-6773-4595-9abc-74543706135d,0b030353-29cb-48de-82d1-797e2bf15bc7,c2,DROP,1007,?,i8,
1769500699.1924942,FORWARDED,2c2b3be0-6773-4595-9abc-74543706135d,0b030353-29cb-48de-82d1-797e2bf15bc7,c2,DROP,1007,?,i8,
1769500699.2445943,SENT,54e23479-6c59-4df2-b00a-1a6f70e1df69,a5319a80-33b6-47d0-8f1b-b5099829075f,c5,None,1595,?,i12,
1769500699.2446375,FORWARDED,54e23479-6c59-4df2-b00a-1a6f70e1df69,a5319a80-33b6-47d0-8f1b-b5099829075f,c5,None,1595,?,i12,
1769500699.2618551,SENT,024d0a27-103e-41a7-be3c-17d6dc14e88b,9b6bb14e-b205-45ee-8e13-39f6b493467a,c4,DROP,1012,?,i4,
1769500699.2619033,FORWARDED,024d0a27-103e-41a7-be3c-17d6dc14e88b,9b6bb14e-b205-45ee-8e13-39f6b493467a,c4,DROP,1012,?,i4,
1769500699.2937212,RECEIVED,d919e741-16d5-4926-9953-2e5798e698f7,50dc53d8-3a47-4096-b929-ac0c8e009a8f,c2,DROP,1451,p2,?,
1769500699.4249182,RECEIVED,4fad722b-ec39-43dc-96f7-3e846f027f7c,905c3a8d-a6f5-45c4-be37-908db22196dc,c3,DROP,1440,p3,?,
1769500699.463611,RECEIVED,cf1a7189-bfec-4088-b5df-f113133a830c,7d04c310-fa6f-4cad-a45e-f4390c521bc6,c1,DROP,1439,p1,?,
1769500699.582082,RECEIVED,0a822bb9-3dbe-493e-bf5a-7c9d799da303,d1ce12a9-0f69-4311-b51b-d45247bdf6c5,c1,c5,2473,p1,?,
1769500699.6656215,RECEIVED,8b861277-d0a0-4bde-9c9f-311748219b58,8dc62f9c-6dec-47e1-8188-299538471078,c2,DROP,1453,p2,?,
1769500699.6816292,SENT,8b861277-d0a0-4bde-9c9f-311748219b58,8dc62f9c-6dec-47e1-8188-299538471078,c2,DROP,1016,?,i1,
1769500699.681672,FORWARDED,8b861277-d0a0-4bde-9c9f-311748219b58,8dc62f9c-6dec-47e1-8188-299538471078,c2,DROP,1016,?,i1,
1769500699.6837955,SENT,4fad722b-ec39-43dc-96f7-3e846f027f7c,905c3a8d-a6f5-45c4-be37-908db22196dc,c3,DROP,1008,?,i3,
1769500699.6838343,FORWARDED,4fad722b-ec39-43dc-96f7-3e846f027f7c,905c3a8d-a6f5-45c4-be37-908db22196dc,c3,DROP,1008,?,i3,
1769500699.707379,SENT,0a822bb9-3dbe-493e-bf5a-7c9d799da303,d1ce12a9-0f69-4311-b51b-d45247bdf6c5,c1,c5,1780,?,i11,
1769500699.7074225,FORWARDED,0a822bb9-3dbe-493e-bf5a-7c9d799da303,d1ce12a9-0f69-4311-b51b-d45247bdf6c5,c1,c5,1780,?,i11,
1769500699.7891443,RECEIVED,4135df1b-b661-4ccf-bbc8-97bf1ac36f55,fdc43e69-1b1f-4af2-a182-d486b7dff032,c4,None,2223,p1,?,
1769500699.8086524,RECEIVED,e4c3d96d-a0b9-4f6f-a85e-5799dda2ec90,13ce3045-138e-446a-bf39-51eecbad7dd9,c2,DROP,1439,p2,?,
1769500699.8128269,SENT,d919e741-16d5-4926-9953-2e5798e698f7,50dc53d8-3a47-4096-b929-ac0c8e009a8f,c2,DROP,1015,?,i2,
1769500699.8128638,FORWARDED,d919e741-16d5-4926-9953-2e5798e698f7,50dc53d8-3a47-4096-b929-ac0c8e009a8f,c2,DROP,1015,?,i2,
1769500699.926826,RECEIVED,c4236fb0-2407-4dfd-91d3-b907c97aa519,fd0dcfb4-32aa-4062-87a2-6f5e820ddc20,c3,DROP,442,x4,?,
1769500699.9442382,SENT,cf1a7189-bfec-4088-b5df-f113133a830c,7d04c310-fa6f-4cad-a45e-f4390c521bc6,c1,DROP,1008,?,i2,
1769500699.9442809,FORWARDED,cf1a7189-bfec-4088-b5df-f113133a830c,7d04c310-fa6f-4cad-a45e-f4390c521bc6,c1,DROP,1008,?,i2,
1769500700.1277685,RECEIVED,e14ab6c4-2332-4968-8df8-8d279c36b7ac,4f8fc412-773d-4171-a872-261c2d3525a9,c4,DROP,1439,p1,?,
1769500700.137973,SENT,4135df1b-b661-4ccf-bbc8-97bf1ac36f55,fdc43e69-1b1f-4af2-a182-d486b7dff032,c4,None,1595,?,i1,
1769500700.1380138,FORWARDED,4135df1b-b661-4ccf-bbc8-97bf1ac36f55,fdc43e69-1b1f-4af2-a182-d486b7dff032,c4,None,1595,?,i1,
1769500700.163045,SENT,a3925c47-a399-4e02-90ab-7abda5672317,75c96492-2737-4112-86a2-eb3da74b1c43,c3,None,1595,?,i3,
1769500700.163101,FORWARDED,a3925c47-a399-4e02-90ab-7abda5672317,75c96492-2737-4112-86a2-eb3da74b1c43,c3,None,1595,?,i3,
1769500700.2809062,SENT,e4c3d96d-a0b9-4f6f-a85e-5799dda2ec90,13ce3045-138e-446a-bf39-51eecbad7dd9,c2,DROP,1007,?,i7,
1769500700.2809465,FORWARDED,e4c3d96d-a0b9-4f6f-a85e-5799dda2ec90,13ce3045-138e-446a-bf39-51eecbad7dd9,c2,DROP,1007,?,i7,
1769500700.8943696,RECEIVED,e103b2a4-2014-442e-804e-44ec0a7f0ca7,cfe735cb-57fb-454e-95d3-9af4fc50e15c,c3,DROP,1459,p3,?,
1769500701.1204598,RECEIVED,742778a2-28e7-42a3-af10-700f0df57b17,b3e40a8e-715d-4ee0-ad93-d49c2059d247,c2,DROP,1447,p2,?,
1769500701.1681376,RECEIVED,6c6a3db1-ec6b-4f5a-a7da-3f39d2b0f122,85036896-7388-4081-b64c-5ab03d2ebc56,c4,DROP,1440,p1,?,
1769500701.2901814,RECEIVED,a8d7538f-f935-4d50-910f-f6412deddee3,a6e0bf81-5501-4e42-9d86-62d0501fc450,c2,DROP,1451,p2,?,
1769500701.427889,RECEIVED,9cc1aa25-b227-455b-8811-b3791ab89ec7,ec4eca21-43ca-4332-aa38-68444b448fca,c3,DROP,1439,p3,?,
1769500701.484952,RECEIVED,1d9daa41-8709-4cb3-aa56-8ee71219d1f8,19d470df-559a-4c5b-910b-d3588e98de8a,c1,c5,2472,p1,?,
1769500701.4970887,SENT,6c6a3db1-ec6b-4f5a-a7da-3f39d2b0f122,85036896-7388-4081-b64c-5ab03d2ebc56,c4,DROP,1008,?,i11,
1769500701.4971247,FORWARDED,6c6a3db1-ec6b-4f5a-a7da-3f39d2b0f122,85036896-7388-4081-b64c-5ab03d2ebc56,c4,DROP,1008,?,i11,
1769500701.617888,SENT,e103b2a4-2014-442e-804e-44ec0a7f0ca7,cfe735cb-57fb-454e-95d3-9af4fc50e15c,c3,DROP,1021,?,i2,
1769500701.6179287,FORWARDED,e103b2a4-2014-442e-804e-44ec0a7f0ca7,cfe735cb-57fb-454e-95d3-9af4fc50e15c,c3,DROP,1021,?,i2,
1769500701.6361418,RECEIVED,010951ba-b490-40ec-bc91-fe5ba7974dd0,7f8173e9-309a-4cd3-840b-db7c4e20f735,c3,DROP,1439,p3,?,
1769500701.6903796,SENT,9cc1aa25-b227-455b-8811-b3791ab89ec7,ec4eca21-43ca-4332-aa38-68444b448fca,c3,DROP,1007,?,i11,
1769500701.690418,FORWARDED,9cc1aa25-b227-455b-8811-b3791ab89ec7,ec4eca21-43ca-4332-aa38-68444b448fca,c3,DROP,1007,?,i11,
1769500701.7225578,RECEIVED,0caeffaf-e735-4d4f-9d64-fdf55eaf122d,4b86a580-c33f-4380-abb7-dcef6e487cea,c4,c3,2472,p1,?,
1769500701.7553382,RECEIVED,ddcdaa0b-55d1-4c1c-a0a5-4839349f093d,9a0eb740-ef0c-4d86-905d-d746fe61e3fa,c4,c3,2451,p1,?,
1769500701.7835374,RECEIVED,8014b6fa-9b64-479e-8551-6b26af2eb8bb,17410464-b716-4287-8783-9f26e9e5213e,c2,DROP,441,x5,?,
1769500701.8248622,SENT,742778a2-28e7-42a3-af10-700f0df57b17,b3e40a8e-715d-4ee0-ad93-d49c2059d247,c2,DROP,1013,?,i5,
1769500701.8249063,FORWARDED,742778a2-28e7-42a3-af10-700f0df57b17,b3e40a8e-715d-4ee0-ad93-d49c2059d247,c2,DROP,1013,?,i5,
1769500702.020772,RECEIVED,b959ee22-42d9-4751-b868-d87c0b6c4518,c18916e8-cff4-44f1-a3b2-843144bbf8f5,c5,DROP,1439,p2,?,
1769500702.181809,SENT,e14ab6c4-2332-4968-8df8-8d279c36b7ac,4f8fc412-773d-4171-a872-261c2d3525a9,c4,DROP,1007,?,i12,
1769500702.1818502,FORWARDED,e14ab6c4-2332-4968-8df8-8d279c36b7ac,4f8fc412-773d-4171-a872-261c2d3525a9,c4,DROP,1007,?,i12,
1769500702.2056391,RECEIVED,b7664562-32fc-470e-8ec2-8ecb02860163,f6134f48-8a7c-425f-a44a-661d7e776c63,c3,None,2241,p3,?,
1769500702.3374274,SENT,010951ba-b490-40ec-bc91-fe5ba7974dd0,7f8173e9-309a-4cd3-840b-db7c4e20f735,c3,DROP,1008,?,i1,
1769500702.337466,FORWARDED,010951ba-b490-40ec-bc91-fe5ba7974dd0,7f8173e9-309a-4cd3-840b-db7c4e20f735,c3,DROP,1008,?,i1,
1769500702.347928,RECEIVED,a3a829c0-11b4-4463-8b06-41a580e264c4,491157c7-c772-4b5f-8131-7dfd64ee2626,c3,DROP,1441,p3,?,
1769500702.3663125,SENT,b7664562-32fc-470e-8ec2-8ecb02860163,f6134f48-8a7c-425f-a44a-661d7e776c63,c3,None,1608,?,i11,
1769500702.366362,FORWARDED,b7664562-32fc-470e-8ec2-8ecb02860163,f6134f48-8a7c-425f-a44a-661d7e776c63,c3,None,1608,?,i11,
1769500702.3766851,RECEIVED,0b50e3d9-f2b9-4ad8-b469-074e95b56a56,9f1716d6-3005-44f6-b540-1025b49c6c5c,c3,DROP,1444,p3,?,
1769500702.3917203,SENT,0caeffaf-e735-4d4f-9d64-fdf55eaf122d,4b86a580-c33f-4380-abb7-dcef6e487cea,c4,c3,1780,?,i10,
1769500702.391763,FORWARDED,0caeffaf-e735-4d4f-9d64-fdf55eaf122d,4b86a580-c33f-4380-abb7-dcef6e487cea,c4,c3,1780,?,i10,
1769500702.5257668,SENT,a8d7538f-f935-4d50-910f-f6412deddee3,a6e0bf81-5501-4e42-9d86-62d0501fc450,c2,DROP,1016,?,i9,
1769500702.525809,FORWARDED,a8d7538f-f935-4d50-910f-f6412deddee3,a6e0bf81-5501-4e42-9d86-62d0501fc450,c2,DROP,1016,?,i9,
1769500702.5641944,SENT,0b50e3d9-f2b9-4ad8-b469-074e95b56a56,9f1716d6-3005-44f6-b540-1025b49c6c5c,c3,DROP,1010,?,i4,
1769500702.5642374,FORWARDED,0b50e3d9-f2b9-4ad8-b469-074e95b56a56,9f1716d6-3005-44f6-b540-1025b49c6c5c,c3,DROP,1010,?,i4,
1769500702.591729,RECEIVED,3211542e-d9dc-4d24-9f6b-3785fa11e4a6,f21dcc3d-8205-4810-8a9b-9671a65035f5,c2,DROP,1447,p2,?,
1769500702.643578,RECEIVED,6cf544a2-4ba1-4932-b81d-5b61806b46d0,aaa21db5-e1ce-45c3-a684-d98b66df6737,c2,DROP,1443,p2,?,
1769500702.654962,SENT,1d9daa41-8709-4cb3-aa56-8ee71219d1f8,19d470df-559a-4c5b-910b-d3588e98de8a,c1,c5,1780,?,i12,
1769500702.655003,FORWARDED,1d9daa41-8709-4cb3-aa56-8ee71219d1f8,19d470df-559a-4c5b-910b-d3588e98de8a,c1,c5,1780,?,i12,
1769500702.6612604,RECEIVED,ffe463ee-0f40-4464-9aa5-6b2468265621,4eb0fda4-a771-485a-94b0-0534bb6e3470,c2,None,2226,p2,?,
1769500702.6746824,SENT,ffe463ee-0f40-4464-9aa5-6b2468265621,4eb0fda4-a771-485a-94b0-0534bb6e3470,c2,None,1596,?,i7,
1769500702.6747255,FORWARDED,ffe463ee-0f40-4464-9aa5-6b2468265621,4eb0fda4-a771-485a-94b0-0534bb6e3470,c2,None,1596,?,i7,
1769500702.6802,SENT,a3a829c0-11b4-4463-8b06-41a580e264c4,491157c7-c772-4b5f-8131-7dfd64ee2626,c3,DROP,1008,?,i11,
1769500702.680243,FORWARDED,a3a829c0-11b4-4463-8b06-41a580e264c4,491157c7-c772-4b5f-8131-7dfd64ee2626,c3,DROP,1008,?,i11,
1769500702.7282357,SENT,ddcdaa0b-55d1-4c1c-a0a5-4839349f093d,9a0eb740-ef0c-4d86-905d-d746fe61e3fa,c4,c3,1766,?,i3,
1769500702.728276,FORWARDED,ddcdaa0b-55d1-4c1c-a0a5-4839349f093d,9a0eb740-ef0c-4d86-905d-d746fe61e3fa,c4,c3,1766,?,i3,
1769500702.731223,RECEIVED,0dd41a6d-c653-4299-9d0c-3de600dbba98,9f244257-4a64-4341-8b08-b7bbd897c084,c2,c1,2460,p2,?,
1769500702.845566,SENT,0dd41a6d-c653-4299-9d0c-3de600dbba98,9f244257-4a64-4341-8b08-b7bbd897c084,c2,c1,1772,?,i8,
1769500702.8456087,FORWARDED,0dd41a6d-c653-4299-9d0c-3de600dbba98,9f244257-4a64-4341-8b08-b7bbd897c084,c2,c1,1772,?,i8,
1769500702.846784,RECEIVED,d7bd5ffa-6a9c-40f0-a0f4-5851aae01a8b,65c7667e-8622-49f3-80e8-55ca21ec36dc,c1,DROP,443,x10,?,
1769500702.9297109,SENT,b959ee22-42d9-4751-b868-d87c0b6c4518,c18916e8-cff4-44f1-a3b2-843144bbf8f5,c5,DROP,1007,?,i1,
1769500702.9297512,FORWARDED,b959ee22-42d9-4751-b868-d87c0b6c4518,c18916e8-cff4-44f1-a3b2-843144bbf8f5,c5,DROP,1007,?,i1,
1769500702.9544613,RECEIVED,073dbc52-1489-4105-b8fc-ec1b8dd860b3,0a16ecc0-704a-4388-bcf1-2a98c54d1f3a,c5,DROP,1440,p2,?,
1769500702.9621403,SENT,3211542e-d9dc-4d24-9f6b-3785fa11e4a6,f21dcc3d-8205-4810-8a9b-9671a65035f5,c2,DROP,1012,?,i9,
1769500702.962187,FORWARDED,3211542e-d9dc-4d24-9f6b-3785fa11e4a6,f21dcc3d-8205-4810-8a9b-9671a65035f5,c2,DROP,1012,?,i9,
1769500702.9796526,SENT,6cf544a2-4ba1-4932-b81d-5b61806b46d0,aaa21db5-e1ce-45c3-a684-d98b66df6737,c2,DROP,1009,?,i5,
1769500702.9796944,FORWARDED,6cf544a2-4ba1-4932-b81d-5b61806b46d0,aaa21db5-e1ce-45c3-a684-d98b66df6737,c2,DROP,1009,?,i5,
1769500703.0657747,RECEIVED,35a0f319-10ef-44ca-aa72-c58599378de9,fc88e727-6312-4a2b-ad85-6c733c412807,c4,DROP,1453,p1,?,
1769500703.0816278,SENT,35a0f319-10ef-44ca-aa72-c58599378de9,fc88e727-6312-4a2b-ad85-6c733c412807,c4,DROP,1017,?,i1,
1769500703.0816681,FORWARDED,35a0f319-10ef-44ca-aa72-c58599378de9,fc88e727-6312-4a2b-ad85-6c733c412807,c4,DROP,1017,?,i1,
1769500703.1863866,SENT,073dbc52-1489-4105-b8fc-ec1b8dd860b3,0a16ecc0-704a-4388-bcf1-2a98c54d1f3a,c5,DROP,1008,?,i6,
1769500703.1864293,FORWARDED,073dbc52-1489-4105-b8fc-ec1b8dd860b3,0a16ecc0-704a-4388-bcf1-2a98c54d1f3a,c5,DROP,1008,?,i6,
1769500703.3681076,RECEIVED,955b1bed-7c87-49d5-bd2e-186383e998db,eb214550-9163-4e30-82a0-a775158a94e5,c2,DROP,1435,p2,?,
1769500703.375646,RECEIVED,c797768f-36ec-4a8d-a935-2a77aac2bc17,25316bf3-8fa3-4331-977e-09f7870d6f91,c1,DROP,1439,p1,?,
1769500703.5757053,RECEIVED,60b78b2f-0b3a-4a82-a449-f3b794307cff,9ffda1db-d14a-4fe1-9acf-511d79c0cdad,c3,DROP,1458,p3,?,
1769500703.6181588,RECEIVED,911f48f0-eb35-445f-8f39-d3aa3fe731b7,1b0c7b65-7985-4fc7-8dec-266b631fe226,c3,c4,2460,p3,?,
1769500703.6721363,SENT,60b78b2f-0b3a-4a82-a449-f3b794307cff,9ffda1db-d14a-4fe1-9acf-511d79c0cdad,c3,DROP,1020,?,i11,
1769500703.6721785,FORWARDED,60b78b2f-0b3a-4a82-a449-f3b794307cff,9ffda1db-d14a-4fe1-9acf-511d79c0cdad,c3,DROP,1020,?,i11,
1769500703.6760147,RECEIVED,0d4a7b1c-e6ff-4b8a-a020-ca2cce032501,5798ff0a-6711-4923-aebc-3f0c9481a22c,c2,c1,2472,p2,?,
1769500703.7257493,SENT,c797768f-36ec-4a8d-a935-2a77aac2bc17,25316bf3-8fa3-4331-977e-09f7870d6f91,c1,DROP,1007,?,i8,
1769500703.72579,FORWARDED,c797768f-36ec-4a8d-a935-2a77aac2bc17,25316bf3-8fa3-4331-977e-09f7870d6f91,c1,DROP,1007,?,i8,
1769500703.8521981,SENT,955b1bed-7c87-49d5-bd2e-186383e998db,eb214550-9163-4e30-82a0-a775158a94e5,c2,DROP,1004,?,i9,
1769500703.8522403,FORWARDED,955b1bed-7c87-49d5-bd2e-186383e998db,eb214550-9163-4e30-82a0-a775158a94e5,c2,DROP,1004,?,i9,
1769500703.944021,SENT,0d4a7b1c-e6ff-4b8a-a020-ca2cce032501,5798ff0a-6711-4923-aebc-3f0c9481a22c,c2,c1,1781,?,i1,
1769500703.9440632,FORWARDED,0d4a7b1c-e6ff-4b8a-a020-ca2cce032501,5798ff0a-6711-4923-aebc-3f0c9481a22c,c2,c1,1781,?,i1,
1769500703.9746723,RECEIVED,3c1e03e6-8b6b-4fb1-936a-fddf56669279,754ad9ec-de4d-4bf8-9d61-4b0a4c901cf5,c3,c4,2472,p3,?,
1769500704.0442064,RECEIVED,94e8ab88-3bc6-43e7-acf6-101a4c5fa6d4,cda75250-53a2-4d64-a4a9-341ba5224b48,c4,None,2241,p1,?,
1769500704.0974991,SENT,94e8ab88-3bc6-43e7-acf6-101a4c5fa6d4,cda75250-53a2-4d64-a4a9-341ba5224b48,c4,None,1607,?,i3,
1769500704.0975432,FORWARDED,94e8ab88-3bc6-43e7-acf6-101a4c5fa6d4,cda75250-53a2-4d64-a4a9-341ba5224b48,c4,None,1607,?,i3,
1769500704.2581658,RECEIVED,0bd07b97-c2be-441c-ac56-65af6d57f35a,4905369e-1d09-411b-b1ba-69beacb3de53,c5,c2,2471,p2,?,
1769500704.329884,RECEIVED,35052934-248d-4c66-861a-77661e2df607,0075fae5-0ae3-4296-87b1-5d6d20544be4,c3,DROP,1445,p3,?,
1769500704.3378508,SENT,911f48f0-eb35-445f-8f39-d3aa3fe731b7,1b0c7b65-7985-4fc7-8dec-266b631fe226,c3,c4,1771,?,i10,
1769500704.3378923,FORWARDED,911f48f0-eb35-445f-8f39-d3aa3fe731b7,1b0c7b65-7985-4fc7-8dec-266b631fe226,c3,c4,1771,?,i10,
1769500704.4083965,SENT,35052934-248d-4c66-861a-77661e2df607,0075fae5-0ae3-4296-87b1-5d6d20544be4,c3,DROP,1011,?,i11,
1769500704.4084344,FORWARDED,35052934-248d-4c66-861a-77661e2df607,0075fae5-0ae3-4296-87b1-5d6d20544be4,c3,DROP,1011,?,i11,
1769500704.833622,RECEIVED,36284548-5e5d-45ab-83bb-a2415106504f,bc18c3e9-dfe0-446a-8166-628bb0646a26,c2,None,2224,p2,?,
1769500704.842159,SENT,3c1e03e6-8b6b-4fb1-936a-fddf56669279,754ad9ec-de4d-4bf8-9d61-4b0a4c901cf5,c3,c4,1780,?,i10,
1769500704.8422003,FORWARDED,3c1e03e6-8b6b-4fb1-936a-fddf56669279,754ad9ec-de4d-4bf8-9d61-4b0a4c901cf5,c3,c4,1780,?,i10,
1769500704.8531835,SENT,0bd07b97-c2be-441c-ac56-65af6d57f35a,4905369e-1d09-411b-b1ba-69beacb3de53,c5,c2,1780,?,i3,
1769500704.8532221,FORWARDED,0bd07b97-c2be-441c-ac56-65af6d57f35a,4905369e-1d09-411b-b1ba-69beacb3de53,c5,c2,1780,?,i3,
1769500704.8878217,SENT,36284548-5e5d-45ab-83bb-a2415106504f,bc18c3e9-dfe0-446a-8166-628bb0646a26,c2,None,1596,?,i2,
1769500704.88786,FORWARDED,36284548-5e5d-45ab-83bb-a2415106504f,bc18c3e9-dfe0-446a-8166-628bb0646a26,c2,None,1596,?,i2,
1769500704.890199,RECEIVED,46439733-b0ea-4a54-8bfe-49e5ac0ac522,4872b12c-deee-4d63-a7aa-d8f36cad6d34,c3,c4,2456,p3,?,
1769500704.9983165,SENT,46439733-b0ea-4a54-8bfe-49e5ac0ac522,4872b12c-deee-4d63-a7aa-d8f36cad6d34,c3,c4,1770,?,i2,
1769500704.9983566,FORWARDED,46439733-b0ea-4a54-8bfe-49e5ac0ac522,4872b12c-deee-4d63-a7aa-d8f36cad6d34,c3,c4,1770,?,i2,
1769500705.1766045,RECEIVED,d4013cbb-cadc-4c87-aaa8-8bad36eba604,5a276a9b-df82-48f9-a319-056ff7cc36d6,c2,None,2224,p2,?,
1769500705.255732,RECEIVED,589164d7-8c3e-49a1-9878-05d9ce34ca79,32e649e5-0def-4a94-98cc-e4321e32c5fb,c2,c1,2464,p2,?,
1769500705.4820585,RECEIVED,8a3015ed-4529-41b0-93cd-741543e07acc,54b331d8-329c-435b-8586-1742e7feb70d,c3,DROP,1449,p3,?,
1769500705.4828956,SENT,589164d7-8c3e-49a1-9878-05d9ce34ca79,32e649e5-0def-4a94-98cc-e4321e32c5fb,c2,c1,1774,?,i9,
1769500705.4829502,FORWARDED,589164d7-8c3e-49a1-9878-05d9ce34ca79,32e649e5-0def-4a94-98cc-e4321e32c5fb,c2,c1,1774,?,i9,
1769500705.483467,RECEIVED,134663ef-b55e-4da2-8e1d-68832f2ac1cd,a91f8ac4-b716-4ac4-a113-5ea4b6be6715,c2,DROP,442,x10,?,
1769500705.488521,RECEIVED,11c06644-7915-4d77-9e99-64264514095c,6e5263e4-39f7-4fba-bb53-3435f20561c4,c2,c1,2471,p2,?,
1769500705.4888558,SENT,8a3015ed-4529-41b0-93cd-741543e07acc,54b331d8-329c-435b-8586-1742e7feb70d,c3,DROP,1012,?,i3,
1769500705.4888957,FORWARDED,8a3015ed-4529-41b0-93cd-741543e07acc,54b331d8-329c-435b-8586-1742e7feb70d,c3,DROP,1012,?,i3,
1769500705.9808238,RECEIVED,c9efbab3-47ef-4cbc-8a64-45808fd5758b,b0384e00-5cf0-4d07-a69a-b9d6ce5ca38f,c3,c4,2465,p3,?,
1769500705.9901774,SENT,d4013cbb-cadc-4c87-aaa8-8bad36eba604,5a276a9b-df82-48f9-a319-056ff7cc36d6,c2,None,1596,?,i10,
1769500705.9902182,FORWARDED,d4013cbb-cadc-4c87-aaa8-8bad36eba604,5a276a9b-df82-48f9-a319-056ff7cc36d6,c2,None,1596,?,i10,
1769500706.0170064,SENT,c9efbab3-47ef-4cbc-8a64-45808fd5758b,b0384e00-5cf0-4d07-a69a-b9d6ce5ca38f,c3,c4,1775,?,i8,
1769500706.0170584,FORWARDED,c9efbab3-47ef-4cbc-8a64-45808fd5758b,b0384e00-5cf0-4d07-a69a-b9d6ce5ca38f,c3,c4,1775,?,i8,
1769500706.1912808,SENT,11c06644-7915-4d77-9e99-64264514095c,6e5263e4-39f7-4fba-bb53-3435f20561c4,c2,c1,1781,?,i5,
1769500706.1913185,FORWARDED,11c06644-7915-4d77-9e99-64264514095c,6e5263e4-39f7-4fba-bb53-3435f20561c4,c2,c1,1781,?,i5,
1769500706.5288894,RECEIVED,ca4d9c46-0927-4b8c-b320-9bd357a8aa66,95d36c57-6d1b-429d-8cc4-9e5353f0d00f,c2,DROP,440,x10,?,
1769500706.8632443,RECEIVED,c0ea85f5-558c-4c82-a622-0b17495e16ff,1fe7e2f7-29bd-42e7-8219-6cdc448fd772,c3,DROP,1449,p3,?,
1769500706.9369326,SENT,c0ea85f5-558c-4c82-a622-0b17495e16ff,1fe7e2f7-29bd-42e7-8219-6cdc448fd772,c3,DROP,1012,?,i10,
1769500706.936973,FORWARDED,c0ea85f5-558c-4c82-a622-0b17495e16ff,1fe7e2f7-29bd-42e7-8219-6cdc448fd772,c3,DROP,1012,?,i10,
1769500706.9499586,RECEIVED,8373f712-3f38-4a5f-827d-bb48c945e7d8,0a930542-bcb4-4504-aeea-d393eb8501e1,c3,DROP,1444,p3,?,
1769500707.020742,RECEIVED,6611572a-b00b-4c45-9579-f65c6bdd1d32,3a3f004e-0601-473f-8822-2a2b4ba92880,c4,DROP,1443,p1,?,
1769500707.084159,RECEIVED,a7bc362a-737f-4078-84ba-37a2c7a8fd4b,9bedc32d-101e-460e-9d5c-beedf894d660,c4,DROP,1447,p1,?,
1769500707.131736,RECEIVED,104c9818-03ac-4754-8b09-719c629f3208,fa3b8772-41ec-4c21-ab56-f42313bd0125,c5,DROP,1461,p2,?,
1769500707.208427,RECEIVED,df7c3de9-be92-46d8-86ad-0416bedd2c65,8be46eca-f27c-4697-8477-228845455a5a,c5,c2,2464,p2,?,
1769500707.2265737,SENT,6611572a-b00b-4c45-9579-f65c6bdd1d32,3a3f004e-0601-473f-8822-2a2b4ba92880,c4,DROP,1011,?,i2,
1769500707.2266138,FORWARDED,6611572a-b00b-4c45-9579-f65c6bdd1d32,3a3f004e-0601-473f-8822-2a2b4ba92880,c4,DROP,1011,?,i2,
1769500707.3249273,SENT,8373f712-3f38-4a5f-827d-bb48c945e7d8,0a930542-bcb4-4504-aeea-d393eb8501e1,c3,DROP,1011,?,i8,
1769500707.3249664,FORWARDED,8373f712-3f38-4a5f-827d-bb48c945e7d8,0a930542-bcb4-4504-aeea-d393eb8501e1,c3,DROP,1011,?,i8,
1769500707.3527994,SENT,104c9818-03ac-4754-8b09-719c629f3208,fa3b8772-41ec-4c21-ab56-f42313bd0125,c5,DROP,1022,?,i12,
1769500707.3528342,FORWARDED,104c9818-03ac-4754-8b09-719c629f3208,fa3b8772-41ec-4c21-ab56-f42313bd0125,c5,DROP,1022,?,i12,
1769500707.5909624,SENT,df7c3de9-be92-46d8-86ad-0416bedd2c65,8be46eca-f27c-4697-8477-228845455a5a,c5,c2,1775,?,i5,
1769500707.5910048,FORWARDED,df7c3de9-be92-46d8-86ad-0416bedd2c65,8be46eca-f27c-4697-8477-228845455a5a,c5,c2,1775,?,i5,
1769500707.7434442,RECEIVED,89940ca3-b4e9-4e89-98b5-07491e5b4aef,701635c8-23ec-49a0-91b1-50da4938f8ab,c5,c2,2448,p2,?,
1769500707.8396733,RECEIVED,0854c087-b777-4519-b527-5fc764e90027,33c570b5-e798-4103-91a8-ec8473ed560e,c2,DROP,1435,p2,?,
1769500707.9236233,SENT,a7bc362a-737f-4078-84ba-37a2c7a8fd4b,9bedc32d-101e-460e-9d5c-beedf894d660,c4,DROP,1013,?,i4,
1769500707.923659,FORWARDED,a7bc362a-737f-4078-84ba-37a2c7a8fd4b,9bedc32d-101e-460e-9d5c-beedf894d660,c4,DROP,1013,?,i4,
1769500707.9289277,RECEIVED,9c918ce5-b286-4e93-a034-2877c997cb45,5adb85d0-3acc-4e48-a460-4b9ea2dfa6b6,c4,None,2227,p1,?,
1769500707.9448864,RECEIVED,8681fb35-c3d8-479a-a708-aff8878c63f9,cc4a4cd7-a41b-46c4-9d4f-141791edf591,c2,DROP,441,x12,?,
1769500707.96727,SENT,89940ca3-b4e9-4e89-98b5-07491e5b4aef,701635c8-23ec-49a0-91b1-50da4938f8ab,c5,c2,1762,?,i1,
1769500707.9673119,FORWARDED,89940ca3-b4e9-4e89-98b5-07491e5b4aef,701635c8-23ec-49a0-91b1-50da4938f8ab,c5,c2,1762,?,i1,
1769500708.3170373,RECEIVED,1cbcb5ab-90bc-4891-b058-fff651ef92c0,c41e170a-4566-42d4-b613-07fcdaa95717,c4,None,2222,p1,?,
1769500708.3676224,RECEIVED,1d83c7b3-b7e2-41c5-8c35-232d9a110a10,d4dee2a6-3016-4d56-bb7d-72179c3fb1f2,c2,DROP,1451,p2,?,
1769500708.369069,SENT,9c918ce5-b286-4e93-a034-2877c997cb45,5adb85d0-3acc-4e48-a460-4b9ea2dfa6b6,c4,None,1597,?,i7,
1769500708.3691227,FORWARDED,9c918ce5-b286-4e93-a034-2877c997cb45,5adb85d0-3acc-4e48-a460-4b9ea2dfa6b6,c4,None,1597,?,i7,
1769500708.4228897,RECEIVED,a6291205-ed28-4107-bc11-eb4cfad7713f,5fa51dfe-e644-416b-a22d-9bb85608330e,c1,c5,2453,p1,?,
1769500708.4307382,SENT,0854c087-b777-4519-b527-5fc764e90027,33c570b5-e798-4103-91a8-ec8473ed560e,c2,DROP,1003,?,i5,
1769500708.430778,FORWARDED,0854c087-b777-4519-b527-5fc764e90027,33c570b5-e798-4103-91a8-ec8473ed560e,c2,DROP,1003,?,i5,
1769500708.4538844,SENT,a6291205-ed28-4107-bc11-eb4cfad7713f,5fa51dfe-e644-416b-a22d-9bb85608330e,c1,c5,1766,?,i7,
1769500708.4539258,FORWARDED,a6291205-ed28-4107-bc11-eb4cfad7713f,5fa51dfe-e644-416b-a22d-9bb85608330e,c1,c5,1766,?,i7,
1769500708.5201619,RECEIVED,5897043d-9be0-4532-b28f-0c6bae8967f4,1dd43137-cee9-48af-9cab-b6b05746b09c,c5,DROP,1452,p2,?,
1769500708.5203846,RECEIVED,81706ca2-f4ef-415c-a586-7442a57f3a5c,c53aac82-45e4-4e62-ae6b-4ffed211979e,c3,DROP,1440,p3,?,
1769500708.6214128,SENT,5897043d-9be0-4532-b28f-0c6bae8967f4,1dd43137-cee9-48af-9cab-b6b05746b09c,c5,DROP,1015,?,i4,
1769500708.6214519,FORWARDED,5897043d-9be0-4532-b28f-0c6bae8967f4,1dd43137-cee9-48af-9cab-b6b05746b09c,c5,DROP,1015,?,i4,
1769500708.740912,RECEIVED,3619f8a5-4018-4dc7-a028-df5600eda02c,9d892fdc-38b7-46f7-86a7-3f1f20c384a9,c4,DROP,1448,p1,?,
1769500708.8548367,SENT,81706ca2-f4ef-415c-a586-7442a57f3a5c,c53aac82-45e4-4e62-ae6b-4ffed211979e,c3,DROP,1007,?,i1,
1769500708.8548808,FORWARDED,81706ca2-f4ef-415c-a586-7442a57f3a5c,c53aac82-45e4-4e62-ae6b-4ffed211979e,c3,DROP,1007,?,i1,
1769500708.9346344,RECEIVED,81a15575-5a64-4d1c-817a-1d88444db742,01fbbe0c-f82a-41d0-bb42-1dacd556250d,c5,DROP,1451,p2,?,
1769500709.0515242,SENT,81a15575-5a64-4d1c-817a-1d88444db742,01fbbe0c-f82a-41d0-bb42-1dacd556250d,c5,DROP,1016,?,i6,
1769500709.0515678,FORWARDED,81a15575-5a64-4d1c-817a-1d88444db742,01fbbe0c-f82a-41d0-bb42-1dacd556250d,c5,DROP,1016,?,i6,
1769500709.181224,SENT,3619f8a5-4018-4dc7-a028-df5600eda02c,9d892fdc-38b7-46f7-86a7-3f1f20c384a9,c4,DROP,1012,?,i9,
1769500709.181268,FORWARDED,3619f8a5-4018-4dc7-a028-df5600eda02c,9d892fdc-38b7-46f7-86a7-3f1f20c384a9,c4,DROP,1012,?,i9,
1769500709.221067,RECEIVED,e8d4a1ba-4f1f-403c-8272-e57d515a7219,b8c43c3d-fd54-417b-a989-dd38335b1853,c2,DROP,1444,p2,?,
1769500709.3001533,RECEIVED,27a8847e-70cb-436d-8e19-c03712d2a51f,396efd3c-3737-4340-8a61-5c45621a95fe,c4,DROP,1439,p1,?,
1769500709.3566046,SENT,1d83c7b3-b7e2-41c5-8c35-232d9a110a10,d4dee2a6-3016-4d56-bb7d-72179c3fb1f2,c2,DROP,1017,?,i6,
1769500709.356654,FORWARDED,1d83c7b3-b7e2-41c5-8c35-232d9a110a10,d4dee2a6-3016-4d56-bb7d-72179c3fb1f2,c2,DROP,1017,?,i6,
1769500709.5039768,SENT,1cbcb5ab-90bc-4891-b058-fff651ef92c0,c41e170a-4566-42d4-b613-07fcdaa95717,c4,None,1596,?,i7,
1769500709.504017,FORWARDED,1cbcb5ab-90bc-4891-b058-fff651ef92c0,c41e170a-4566-42d4-b613-07fcdaa95717,c4,None,1596,?,i7,
1769500709.5225646,RECEIVED,5ae33272-d693-4b27-962e-82f1a5cc305b,878d6864-ec2c-4895-88cd-812252adf64f,c1,DROP,1440,p1,?,
1769500709.577425,SENT,e8d4a1ba-4f1f-403c-8272-e57d515a7219,b8c43c3d-fd54-417b-a989-dd38335b1853,c2,DROP,1011,?,i12,
1769500709.5774653,FORWARDED,e8d4a1ba-4f1f-403c-8272-e57d515a7219,b8c43c3d-fd54-417b-a989-dd38335b1853,c2,DROP,1011,?,i12,
1769500709.6357214,SENT,5ae33272-d693-4b27-962e-82f1a5cc305b,878d6864-ec2c-4895-88cd-812252adf64f,c1,DROP,1007,?,i3,
1769500709.6357563,FORWARDED,5ae33272-d693-4b27-962e-82f1a5cc305b,878d6864-ec2c-4895-88cd-812252adf64f,c1,DROP,1007,?,i3,
1769500709.671512,RECEIVED,51f3d09c-4a49-4d44-a419-0cd992967179,99117ffd-beea-414a-8ed5-685648f7c1e5,c1,DROP,1439,p1,?,
1769500709.8143134,RECEIVED,2674bc9c-69fe-4b55-b3ce-99a7aa0acd95,90cc2f8d-5b9e-48da-a43c-431a957aa83e,c3,DROP,1435,p3,?,
1769500709.8371384,RECEIVED,87458ce6-1503-4b62-85d5-8db361c9307a,f99f3d95-d0f7-434b-8ea9-68c8e686ee83,c5,DROP,1448,p2,?,
1769500709.9571166,RECEIVED,251461af-d623-4496-9dd7-e3df26e48e94,8b9d0cd3-3dbe-4510-ab41-86fece41f6f4,c2,DROP,441,x12,?,
1769500709.9618137,RECEIVED,a0e7a2e8-8b4e-4b6c-a570-357c73dfa157,ab7241af-8324-424b-a146-309307090440,c3,DROP,1439,p3,?,
1769500709.9725504,RECEIVED,d74ea146-067a-43c7-b3f6-82ff587e4b93,b06bfed5-8ded-41f1-9ee0-c7b6d9074a7a,c3,c4,2460,p3,?,
1769500710.0645573,SENT,87458ce6-1503-4b62-85d5-8db361c9307a,f99f3d95-d0f7-434b-8ea9-68c8e686ee83,c5,DROP,1012,?,i1,
1769500710.0645967,FORWARDED,87458ce6-1503-4b62-85d5-8db361c9307a,f99f3d95-d0f7-434b-8ea9-68c8e686ee83,c5,DROP,1012,?,i1,
1769500710.1172068,RECEIVED,4ad089b7-d895-4e3f-89ba-95e816ce2b80,0589a19a-f289-48d4-82c0-ba5cc297a91d,c1,DROP,1438,p1,?,
1769500710.1192582,RECEIVED,958b9900-d363-4d02-af0b-0d4d66b9757f,3ff4c809-0598-4ad9-8837-53f3295a81f3,c5,DROP,1440,p2,?,
1769500710.293394,SENT,d74ea146-067a-43c7-b3f6-82ff587e4b93,b06bfed5-8ded-41f1-9ee0-c7b6d9074a7a,c3,c4,1773,?,i11,
1769500710.2934356,FORWARDED,d74ea146-067a-43c7-b3f6-82ff587e4b93,b06bfed5-8ded-41f1-9ee0-c7b6d9074a7a,c3,c4,1773,?,i11,
1769500710.3022292,SENT,51f3d09c-4a49-4d44-a419-0cd992967179,99117ffd-beea-414a-8ed5-685648f7c1e5,c1,DROP,1008,?,i4,
1769500710.3022711,FORWARDED,51f3d09c-4a49-4d44-a419-0cd992967179,99117ffd-beea-414a-8ed5-685648f7c1e5,c1,DROP,1008,?,i4,
1769500710.3507152,SENT,2674bc9c-69fe-4b55-b3ce-99a7aa0acd95,90cc2f8d-5b9e-48da-a43c-431a957aa83e,c3,DROP,1004,?,i9,
1769500710.3507545,FORWARDED,2674bc9c-69fe-4b55-b3ce-99a7aa0acd95,90cc2f8d-5b9e-48da-a43c-431a957aa83e,c3,DROP,1004,?,i9,
1769500710.3839662,RECEIVED,d47e1f28-ac2a-48a3-b68c-1869535f06c4,bbb14fbd-ebbf-4c55-bd8f-35b2c6001370,c5,DROP,442,x3,?,
1769500710.4123414,RECEIVED,c63574ed-2cde-466d-beac-6a063e10a5cf,4b3ba601-b1fb-459e-bdf0-52f41ee8a0b4,c5,None,2228,p2,?,
1769500710.4596019,SENT,c63574ed-2cde-466d-beac-6a063e10a5cf,4b3ba601-b1fb-459e-bdf0-52f41ee8a0b4,c5,None,1599,?,i5,
1769500710.459644,FORWARDED,c63574ed-2cde-466d-beac-6a063e10a5cf,4b3ba601-b1fb-459e-bdf0-52f41ee8a0b4,c5,None,1599,?,i5,
1769500710.6757617,RECEIVED,c05b0f52-70ef-41fb-9764-67ab852183b0,3bde5b16-9a9e-4ffc-a0c6-363e95c1ed2b,c5,DROP,1438,p2,?,
1769500710.885142,SENT,27a8847e-70cb-436d-8e19-c03712d2a51f,396efd3c-3737-4340-8a61-5c45621a95fe,c4,DROP,1008,?,i1,
1769500710.885217,FORWARDED,27a8847e-70cb-436d-8e19-c03712d2a51f,396efd3c-3737-4340-8a61-5c45621a95fe,c4,DROP,1008,?,i1,
1769500710.9916136,RECEIVED,46d4b009-1ea0-4ac7-9f13-90692f666f59,a8bacc9f-efbf-4301-bc86-2976f7122082,c5,DROP,1444,p2,?,
1769500711.0627728,RECEIVED,4d36f767-299a-4b35-a3ed-851865b434d6,5c8c75a8-5747-4a47-9457-084924edec1e,c1,DROP,1447,p1,?,
1769500711.0695908,SENT,c05b0f52-70ef-41fb-9764-67ab852183b0,3bde5b16-9a9e-4ffc-a0c6-363e95c1ed2b,c5,DROP,1006,?,i6,
1769500711.0696323,FORWARDED,c05b0f52-70ef-41fb-9764-67ab852183b0,3bde5b16-9a9e-4ffc-a0c6-363e95c1ed2b,c5,DROP,1006,?,i6,
1769500711.0790837,SENT,958b9900-d363-4d02-af0b-0d4d66b9757f,3ff4c809-0598-4ad9-8837-53f3295a81f3,c5,DROP,1008,?,i12,
1769500711.079125,FORWARDED,958b9900-d363-4d02-af0b-0d4d66b9757f,3ff4c809-0598-4ad9-8837-53f3295a81f3,c5,DROP,1008,?,i12,
1769500711.0941474,RECEIVED,6e1c918e-58e8-4179-a202-18c60983fabf,cce2bf52-7a50-498e-b76a-813afb236aaf,c4,DROP,1456,p1,?,
1769500711.1064427,RECEIVED,04169a32-d32b-4e77-9b06-4e267ab1ba3d,9de922ba-b847-4d0c-a8b1-618b4825fd26,c4,DROP,440,x2,?,
1769500711.1207926,SENT,a0e7a2e8-8b4e-4b6c-a570-357c73dfa157,ab7241af-8324-424b-a146-309307090440,c3,DROP,1007,?,i7,
1769500711.1208324,FORWARDED,a0e7a2e8-8b4e-4b6c-a570-357c73dfa157,ab7241af-8324-424b-a146-309307090440,c3,DROP,1007,?,i7,
1769500711.3218298,RECEIVED,9e639045-5aab-43ae-aad0-c6d90a703bfa,7c91ec03-6a9e-4184-b135-91e0277fbaf3,c5,DROP,1444,p2,?,
1769500711.3431656,RECEIVED,46eec310-ba0d-45d9-9232-65254782ddc1,58d8273a-0fbb-48e9-9fe2-37859395d61f,c5,None,2233,p2,?,
1769500711.4271388,SENT,46eec310-ba0d-45d9-9232-65254782ddc1,58d8273a-0fbb-48e9-9fe2-37859395d61f,c5,None,1600,?,i4,
1769500711.4271803,FORWARDED,46eec310-ba0d-45d9-9232-65254782ddc1,58d8273a-0fbb-48e9-9fe2-37859395d61f,c5,None,1600,?,i4,
1769500711.5325115,SENT,6e1c918e-58e8-4179-a202-18c60983fabf,cce2bf52-7a50-498e-b76a-813afb236aaf,c4,DROP,1019,?,i11,
1769500711.5325534,FORWARDED,6e1c918e-58e8-4179-a202-18c60983fabf,cce2bf52-7a50-498e-b76a-813afb236aaf,c4,DROP,1019,?,i11,
1769500711.7847831,SENT,9e639045-5aab-43ae-aad0-c6d90a703bfa,7c91ec03-6a9e-4184-b135-91e0277fbaf3,c5,DROP,1011,?,i10,
1769500711.7848244,FORWARDED,9e639045-5aab-43ae-aad0-c6d90a703bfa,7c91ec03-6a9e-4184-b135-91e0277fbaf3,c5,DROP,1011,?,i10,
1769500711.8666358,RECEIVED,69092b4e-637a-4db4-b937-63349d969dbd,b1660aca-4b69-4cee-aad0-71ab4bd48a0e,c1,DROP,1454,p1,?,
1769500711.9059615,SENT,69092b4e-637a-4db4-b937-63349d969dbd,b1660aca-4b69-4cee-aad0-71ab4bd48a0e,c1,DROP,1015,?,i12,
1769500711.9060016,FORWARDED,69092b4e-637a-4db4-b937-63349d969dbd,b1660aca-4b69-4cee-aad0-71ab4bd48a0e,c1,DROP,1015,?,i12,
1769500711.9199104,RECEIVED,5b2ef86e-3f3d-456b-93ae-d8d6a01e2c16,2ed6834a-b5eb-4b0c-b7ba-a47df5ba4b01,c3,DROP,1439,p3,?,
1769500712.201516,RECEIVED,3c5a0e17-6260-44ed-95d7-a7d00944d4fb,b27c187e-71a6-43d2-b0b4-d3040dc373ac,c1,c5,2463,p1,?,
1769500712.3398597,SENT,4d36f767-299a-4b35-a3ed-851865b434d6,5c8c75a8-5747-4a47-9457-084924edec1e,c1,DROP,1012,?,i7,
1769500712.3399036,FORWARDED,4d36f767-299a-4b35-a3ed-851865b434d6,5c8c75a8-5747-4a47-9457-084924edec1e,c1,DROP,1012,?,i7,
1769500712.4195056,RECEIVED,307a6dbe-77c2-4d1f-b655-e6510934ab97,5063e961-df1c-4d48-8c24-b985ee8c9436,c2,DROP,1459,p2,?,
1769500712.4246995,SENT,46d4b009-1ea0-4ac7-9f13-90692f666f59,a8bacc9f-efbf-4301-bc86-2976f7122082,c5,DROP,1010,?,i12,
1769500712.4247408,FORWARDED,46d4b009-1ea0-4ac7-9f13-90692f666f59,a8bacc9f-efbf-4301-bc86-2976f7122082,c5,DROP,1010,?,i12,
1769500712.5419598,RECEIVED,cfefd7fb-be63-4589-bc47-8ef1d218e692,bf6090e2-8a99-47c1-90a0-9658742d0427,c1,None,2236,p1,?,
1769500712.6610754,SENT,cfefd7fb-be63-4589-bc47-8ef1d218e692,bf6090e2-8a99-47c1-90a0-9658742d0427,c1,None,1604,?,i9,
1769500712.6611211,FORWARDED,cfefd7fb-be63-4589-bc47-8ef1d218e692,bf6090e2-8a99-47c1-90a0-9658742d0427,c1,None,1604,?,i9,
1769500712.7039945,SENT,4ad089b7-d895-4e3f-89ba-95e816ce2b80,0589a19a-f289-48d4-82c0-ba5cc297a91d,c1,DROP,1008,?,i5,
1769500712.7040339,FORWARDED,4ad089b7-d895-4e3f-89ba-95e816ce2b80,0589a19a-f289-48d4-82c0-ba5cc297a91d,c1,DROP,1008,?,i5,
1769500712.7457783,SENT,3c5a0e17-6260-44ed-95d7-a7d00944d4fb,b27c187e-71a6-43d2-b0b4-d3040dc373ac,c1,c5,1774,?,i2,
1769500712.7458189,FORWARDED,3c5a0e17-6260-44ed-95d7-a7d00944d4fb,b27c187e-71a6-43d2-b0b4-d3040dc373ac,c1,c5,1774,?,i2,
1769500712.7742717,RECEIVED,61d806bf-ce7c-49c5-aef7-562b5277153a,b76d63ee-b49a-4687-9892-43cd1ffbd353,c5,None,2237,p2,?,
1769500712.8473089,SENT,61d806bf-ce7c-49c5-aef7-562b5277153a,b76d63ee-b49a-4687-9892-43cd1ffbd353,c5,None,1603,?,i1,
1769500712.8473518,FORWARDED,61d806bf-ce7c-49c5-aef7-562b5277153a,b76d63ee-b49a-4687-9892-43cd1ffbd353,c5,None,1603,?,i1,
1769500713.0224895,RECEIVED,b56d7458-3cd8-493b-a2b1-05f206766aa0,c6f7d3fa-7ee7-4e1a-9283-6ea7422be083,c4,c3,2447,p1,?,
1769500713.036872,RECEIVED,f031ef32-52e6-4fc2-be9c-bad48e53bf86,ea813eab-cfb3-4a06-8841-60cbbb56a985,c5,c2,2461,p2,?,
1769500713.0498633,SENT,f031ef32-52e6-4fc2-be9c-bad48e53bf86,ea813eab-cfb3-4a06-8841-60cbbb56a985,c5,c2,1772,?,i10,
1769500713.04991,FORWARDED,f031ef32-52e6-4fc2-be9c-bad48e53bf86,ea813eab-cfb3-4a06-8841-60cbbb56a985,c5,c2,1772,?,i10,
1769500713.180035,RECEIVED,51368ad3-f6d4-4a16-be2e-1c7536f85982,3acbb77d-37dc-456f-829d-293e8a6b4575,c1,None,2239,p1,?,
1769500713.2476838,SENT,5b2ef86e-3f3d-456b-93ae-d8d6a01e2c16,2ed6834a-b5eb-4b0c-b7ba-a47df5ba4b01,c3,DROP,1007,?,i4,
1769500713.2477238,FORWARDED,5b2ef86e-3f3d-456b-93ae-d8d6a01e2c16,2ed6834a-b5eb-4b0c-b7ba-a47df5ba4b01,c3,DROP,1007,?,i4,
1769500713.3578672,SENT,b56d7458-3cd8-493b-a2b1-05f206766aa0,c6f7d3fa-7ee7-4e1a-9283-6ea7422be083,c4,c3,1764,?,i2,
1769500713.3579116,FORWARDED,b56d7458-3cd8-493b-a2b1-05f206766aa0,c6f7d3fa-7ee7-4e1a-9283-6ea7422be083,c4,c3,1764,?,i2,
1769500713.475349,RECEIVED,d82f5145-a479-4695-ace2-38c360fcb534,10bf594d-b9a9-4d21-b09a-fc29b99786df,c3,DROP,1444,p3,?,
1769500713.546212,SENT,307a6dbe-77c2-4d1f-b655-e6510934ab97,5063e961-df1c-4d48-8c24-b985ee8c9436,c2,DROP,1021,?,i10,
1769500713.5462518,FORWARDED,307a6dbe-77c2-4d1f-b655-e6510934ab97,5063e961-df1c-4d48-8c24-b985ee8c9436,c2,DROP,1021,?,i10,
1769500713.548954,RECEIVED,2c172dde-c124-4678-982c-5b289355572b,38b17339-ad86-408e-936e-19d473b567a2,c4,DROP,1447,p1,?,
1769500713.7587337,RECEIVED,f98d7bcb-c81b-46eb-816f-4142db28d79a,68b19a79-3afe-4b65-9fd9-110d7e4fe060,c3,DROP,442,x2,?,
1769500713.9351087,RECEIVED,fc28b6d1-b569-43aa-8fba-9603bc5645e2,e9966f3d-6ad4-446d-a6e6-361410c25b27,c1,DROP,1450,p1,?,
1769500714.0634549,SENT,51368ad3-f6d4-4a16-be2e-1c7536f85982,3acbb77d-37dc-456f-829d-293e8a6b4575,c1,None,1608,?,i9,
1769500714.0634964,FORWARDED,51368ad3-f6d4-4a16-be2e-1c7536f85982,3acbb77d-37dc-456f-829d-293e8a6b4575,c1,None,1608,?,i9,
1769500714.1023386,RECEIVED,3ce735a7-1b6d-45fe-bb95-0ef938375278,27c2bc1d-7318-4420-9afb-cc0930645541,c5,c2,2464,p2,?,
1769500714.1166644,RECEIVED,27f1cca0-0fcd-431e-aee8-d46b00c83e5b,09fec18d-a8e7-48ff-a900-ed4f8b945d9f,c2,c1,2465,p2,?,
1769500714.1286976,SENT,27f1cca0-0fcd-431e-aee8-d46b00c83e5b,09fec18d-a8e7-48ff-a900-ed4f8b945d9f,c2,c1,1775,?,i8,
1769500714.1287374,FORWARDED,27f1cca0-0fcd-431e-aee8-d46b00c83e5b,09fec18d-a8e7-48ff-a900-ed4f8b945d9f,c2,c1,1775,?,i8,
1769500714.1307766,SENT,2c172dde-c124-4678-982c-5b289355572b,38b17339-ad86-408e-936e-19d473b567a2,c4,DROP,1013,?,i4,
1769500714.1308138,FORWARDED,2c172dde-c124-4678-982c-5b289355572b,38b17339-ad86-408e-936e-19d473b567a2,c4,DROP,1013,?,i4,
1769500714.1944544,SENT,3ce735a7-1b6d-45fe-bb95-0ef938375278,27c2bc1d-7318-4420-9afb-cc0930645541,c5,c2,1774,?,i4,
1769500714.1945002,FORWARDED,3ce735a7-1b6d-45fe-bb95-0ef938375278,27c2bc1d-7318-4420-9afb-cc0930645541,c5,c2,1774,?,i4,
1769500714.1956115,RECEIVED,46441970-23fb-45f7-9642-f67c3f711fa9,dbc4276d-a84b-4f1b-858a-4354f1041406,c4,DROP,1439,p1,?,
1769500714.4404325,RECEIVED,6c011b49-77d5-4d89-9593-6524f4710872,9e7bdb5f-54b1-4514-8ea0-809b34878402,c4,DROP,1460,p1,?,
1769500714.52132,RECEIVED,30b47df9-3976-44e5-a40c-08ae7721e40b,693b50d8-d4c4-4e4f-9b27-d134a5545ad9,c3,DROP,1463,p3,?,
1769500714.523662,RECEIVED,9070dc21-5a47-4ce9-9dc4-2b0b6d8757db,8c29f900-15fb-49ca-ade9-ededffe540a3,c1,DROP,1452,p1,?,
1769500714.560431,SENT,6c011b49-77d5-4d89-9593-6524f4710872,9e7bdb5f-54b1-4514-8ea0-809b34878402,c4,DROP,1021,?,i3,
1769500714.5604732,FORWARDED,6c011b49-77d5-4d89-9593-6524f4710872,9e7bdb5f-54b1-4514-8ea0-809b34878402,c4,DROP,1021,?,i3,
1769500714.5816696,RECEIVED,07c7ba0b-b3d8-4d1d-96f8-1aa686b057b2,328e6734-e895-4533-a397-7d583b94f4f7,c1,None,2231,p1,?,
1769500714.7754667,RECEIVED,98035ecb-96bd-499b-afa4-f85044c834f3,19056c3c-2144-4351-b299-d767a8675340,c1,c5,2471,p1,?,
1769500714.8059995,SENT,30b47df9-3976-44e5-a40c-08ae7721e40b,693b50d8-d4c4-4e4f-9b27-d134a5545ad9,c3,DROP,1024,?,i9,
1769500714.8060596,FORWARDED,30b47df9-3976-44e5-a40c-08ae7721e40b,693b50d8-d4c4-4e4f-9b27-d134a5545ad9,c3,DROP,1024,?,i9,
1769500715.1431706,SENT,07c7ba0b-b3d8-4d1d-96f8-1aa686b057b2,328e6734-e895-4533-a397-7d583b94f4f7,c1,None,1601,?,i6,
1769500715.1432102,FORWARDED,07c7ba0b-b3d8-4d1d-96f8-1aa686b057b2,328e6734-e895-4533-a397-7d583b94f4f7,c1,None,1601,?,i6,
1769500715.2605462,SENT,d82f5145-a479-4695-ace2-38c360fcb534,10bf594d-b9a9-4d21-b09a-fc29b99786df,c3,DROP,1010,?,i10,
1769500715.2605836,FORWARDED,d82f5145-a479-4695-ace2-38c360fcb534,10bf594d-b9a9-4d21-b09a-fc29b99786df,c3,DROP,1010,?,i10,
1769500715.3532429,SENT,98035ecb-96bd-499b-afa4-f85044c834f3,19056c3c-2144-4351-b299-d767a8675340,c1,c5,1781,?,i5,
1769500715.3532834,FORWARDED,98035ecb-96bd-499b-afa4-f85044c834f3,19056c3c-2144-4351-b299-d767a8675340,c1,c5,1781,?,i5,
1769500715.3885977,RECEIVED,359be1b2-cd3d-43cf-989d-0ce03a17e66a,c430a0c4-405f-4dee-bdaf-d0e049ba0df0,c5,c2,2455,p2,?,
1769500715.3961265,SENT,46441970-23fb-45f7-9642-f67c3f711fa9,dbc4276d-a84b-4f1b-858a-4354f1041406,c4,DROP,1008,?,i8,
1769500715.396168,FORWARDED,46441970-23fb-45f7-9642-f67c3f711fa9,dbc4276d-a84b-4f1b-858a-4354f1041406,c4,DROP,1008,?,i8,
1769500715.4883657,SENT,9070dc21-5a47-4ce9-9dc4-2b0b6d8757db,8c29f900-15fb-49ca-ade9-ededffe540a3,c1,DROP,1016,?,i12,
1769500715.4884083,FORWARDED,9070dc21-5a47-4ce9-9dc4-2b0b6d8757db,8c29f900-15fb-49ca-ade9-ededffe540a3,c1,DROP,1016,?,i12,
1769500715.5040157,RECEIVED,65636dbc-df80-495e-8390-59805ba1d03a,262a1d97-ab95-4e5e-af4f-c753b9732ab7,c1,DROP,442,x7,?,
1769500715.670745,SENT,359be1b2-cd3d-43cf-989d-0ce03a17e66a,c430a0c4-405f-4dee-bdaf-d0e049ba0df0,c5,c2,1768,?,i5,
1769500715.6707866,FORWARDED,359be1b2-cd3d-43cf-989d-0ce03a17e66a,c430a0c4-405f-4dee-bdaf-d0e049ba0df0,c5,c2,1768,?,i5,
1769500715.7777357,RECEIVED,f55e47c8-95f6-42ad-be1b-f167aebeb790,33e3c3fb-2a66-4d38-955f-12db8ae4dd0b,c1,None,2231,p1,?,
1769500715.8851004,RECEIVED,9097d5ee-ed6a-4f70-bbc9-c457efa33450,e274787f-0e57-458f-b164-a6fcee2af4e0,c3,DROP,1435,p3,?,
1769500715.929598,SENT,f55e47c8-95f6-42ad-be1b-f167aebeb790,33e3c3fb-2a66-4d38-955f-12db8ae4dd0b,c1,None,1600,?,i3,
1769500715.9296427,FORWARDED,f55e47c8-95f6-42ad-be1b-f167aebeb790,33e3c3fb-2a66-4d38-955f-12db8ae4dd0b,c1,None,1600,?,i3,
1769500715.931839,RECEIVED,bb916d4f-69eb-4cd5-badd-8fb48ba74263,b2731909-785f-47d5-a3cf-a2c8539bd374,c3,DROP,1452,p3,?,
1769500716.0024066,RECEIVED,8593c14c-346e-4da1-9e88-c52e348c1ad6,1b880d23-f510-4e38-80d9-e11b9350adeb,c1,None,2223,p1,?,
1769500716.08672,RECEIVED,a52bd5e1-7d82-45ad-89b7-5ea14fdc6caf,a9318107-530b-4c78-9354-12a8225a75d4,c2,c1,2460,p2,?,
1769500716.113995,SENT,bb916d4f-69eb-4cd5-badd-8fb48ba74263,b2731909-785f-47d5-a3cf-a2c8539bd374,c3,DROP,1015,?,i6,
1769500716.1140332,FORWARDED,bb916d4f-69eb-4cd5-badd-8fb48ba74263,b2731909-785f-47d5-a3cf-a2c8539bd374,c3,DROP,1015,?,i6,
1769500716.1180606,RECEIVED,abbc28b5-9205-495e-b527-00e341b077db,c06c0055-0e63-4088-87d5-d80bf89cd144,c4,DROP,1460,p1,?,
1769500716.2543952,RECEIVED,3b526582-9c1b-4c79-acd5-e45177a9090e,ceb85383-ed36-4589-8799-08ace2f8f16f,c4,DROP,1440,p1,?,
1769500716.3277135,SENT,9097d5ee-ed6a-4f70-bbc9-c457efa33450,e274787f-0e57-458f-b164-a6fcee2af4e0,c3,DROP,1003,?,i4,
1769500716.3277526,FORWARDED,9097d5ee-ed6a-4f70-bbc9-c457efa33450,e274787f-0e57-458f-b164-a6fcee2af4e0,c3,DROP,1003,?,i4,
1769500716.3890243,SENT,a52bd5e1-7d82-45ad-89b7-5ea14fdc6caf,a9318107-530b-4c78-9354-12a8225a75d4,c2,c1,1771,?,i6,
1769500716.3891008,FORWARDED,a52bd5e1-7d82-45ad-89b7-5ea14fdc6caf,a9318107-530b-4c78-9354-12a8225a75d4,c2,c1,1771,?,i6,
1769500716.6459608,SENT,3b526582-9c1b-4c79-acd5-e45177a9090e,ceb85383-ed36-4589-8799-08ace2f8f16f,c4,DROP,1007,?,i12,
1769500716.6460042,FORWARDED,3b526582-9c1b-4c79-acd5-e45177a9090e,ceb85383-ed36-4589-8799-08ace2f8f16f,c4,DROP,1007,?,i12,
1769500716.6474159,RECEIVED,87f46452-306a-4a28-a7b5-99e0ac418b6c,309e5168-ca17-4c51-acaa-ce56b0476eb9,c2,DROP,1439,p2,?,
1769500716.6626036,RECEIVED,869e4705-9a15-429f-8464-5067ca4e18d7,373773b6-3742-4be7-8ebf-a429708726a8,c5,c2,2461,p2,?,
1769500716.6754916,SENT,abbc28b5-9205-495e-b527-00e341b077db,c06c0055-0e63-4088-87d5-d80bf89cd144,c4,DROP,1021,?,i11,
1769500716.6755297,FORWARDED,abbc28b5-9205-495e-b527-00e341b077db,c06c0055-0e63-4088-87d5-d80bf89cd144,c4,DROP,1021,?,i11,
1769500716.7193418,SENT,fc28b6d1-b569-43aa-8fba-9603bc5645e2,e9966f3d-6ad4-446d-a6e6-361410c25b27,c1,DROP,1015,?,i2,
1769500716.719384,FORWARDED,fc28b6d1-b569-43aa-8fba-9603bc5645e2,e9966f3d-6ad4-446d-a6e6-361410c25b27,c1,DROP,1015,?,i2,
1769500716.776903,RECEIVED,6b29aa6f-4338-4351-8044-50142e047371,cdcdd793-d811-4cce-8fd2-9f3602b052de,c1,c5,2455,p1,?,
1769500716.8334355,RECEIVED,20c13eea-b495-4a2d-aa09-0e3b2196beb7,cf46e3bf-573e-4c2e-96c6-2ed19fa4b921,c4,DROP,1438,p1,?,
1769500716.9434702,RECEIVED,0ddec22a-eae4-4a79-ae57-02594093a807,4679c61c-fae8-4e1c-a17a-a285f4d9a3d1,c3,DROP,1439,p3,?,
1769500717.0408459,RECEIVED,599c369f-ad2e-453b-b2de-588377e14726,c060fd96-2c96-4714-84c9-557f7240d771,c4,DROP,1444,p1,?,
1769500717.0423613,SENT,869e4705-9a15-429f-8464-5067ca4e18d7,373773b6-3742-4be7-8ebf-a429708726a8,c5,c2,1772,?,i12,
1769500717.0434465,FORWARDED,869e4705-9a15-429f-8464-5067ca4e18d7,373773b6-3742-4be7-8ebf-a429708726a8,c5,c2,1772,?,i12,
1769500717.0662036,SENT,8593c14c-346e-4da1-9e88-c52e348c1ad6,1b880d23-f510-4e38-80d9-e11b9350adeb,c1,None,1595,?,i8,
1769500717.0668151,FORWARDED,8593c14c-346e-4da1-9e88-c52e348c1ad6,1b880d23-f510-4e38-80d9-e11b9350adeb,c1,None,1595,?,i8,
1769500717.0680945,RECEIVED,8f70f364-e9db-47cf-b417-e4b5fe5b1c2a,4b08c476-8de0-4a82-b8b3-5e174cf174bb,c4,c3,2481,p1,?,
1769500717.096865,RECEIVED,dd18287f-127b-4765-a2cd-b058b3c013a7,3d209d25-27e9-45a9-88d9-1e369002d7ce,c3,DROP,1440,p3,?,
1769500717.099464,RECEIVED,616b5b84-fc06-4d41-ae72-1e388861480f,8fc7a4ce-21dc-45e6-8dc8-e5bcfd8c332e,c3,c4,2459,p3,?,
1769500717.1021008,SENT,8f70f364-e9db-47cf-b417-e4b5fe5b1c2a,4b08c476-8de0-4a82-b8b3-5e174cf174bb,c4,c3,1786,?,i7,
1769500717.102146,FORWARDED,8f70f364-e9db-47cf-b417-e4b5fe5b1c2a,4b08c476-8de0-4a82-b8b3-5e174cf174bb,c4,c3,1786,?,i7,
1769500717.1044686,SENT,87f46452-306a-4a28-a7b5-99e0ac418b6c,309e5168-ca17-4c51-acaa-ce56b0476eb9,c2,DROP,1008,?,i5,
1769500717.104509,FORWARDED,87f46452-306a-4a28-a7b5-99e0ac418b6c,309e5168-ca17-4c51-acaa-ce56b0476eb9,c2,DROP,1008,?,i5,
1769500717.1647058,SENT,dd18287f-127b-4765-a2cd-b058b3c013a7,3d209d25-27e9-45a9-88d9-1e369002d7ce,c3,DROP,1008,?,i6,
1769500717.164749,FORWARDED,dd18287f-127b-4765-a2cd-b058b3c013a7,3d209d25-27e9-45a9-88d9-1e369002d7ce,c3,DROP,1008,?,i6,
1769500717.2371445,RECEIVED,e128bac3-0ba1-42ef-abb5-477348bdaabc,a6b5e77c-93a2-47b2-b619-16b809ecd1ce,c3,DROP,446,x12,?,
1769500717.2522018,RECEIVED,383f7f90-5e02-4713-adcd-1f0fe833bd46,4f958d8d-4a57-49e7-92f1-0c758caacc4f,c3,DROP,1435,p3,?,
1769500717.2529767,RECEIVED,d1852bc5-adea-4407-9b75-60a78394e1a7,d07a32b1-fb4f-4ce4-9524-1a0ef4e8284b,c2,DROP,1448,p2,?,
1769500717.3094301,RECEIVED,bbe89378-f44e-4739-982d-d6ee1fca5e42,94c5023e-d5b1-46b4-9d87-ad697c3d3744,c2,DROP,1440,p2,?,
1769500717.321376,RECEIVED,676b7b0a-3a0a-4f2e-a730-ff406397d133,a39a54f3-d460-41c9-965d-9b775f6b7247,c1,None,2225,p1,?,
1769500717.324721,RECEIVED,b26610ab-185c-4b55-aad6-fa6f63cbc0f4,c3d7efc7-4f3a-400c-b4f4-91baa9d472b2,c2,DROP,1452,p2,?,
1769500717.3702314,SENT,d1852bc5-adea-4407-9b75-60a78394e1a7,d07a32b1-fb4f-4ce4-9524-1a0ef4e8284b,c2,DROP,1012,?,i2,
1769500717.370272,FORWARDED,d1852bc5-adea-4407-9b75-60a78394e1a7,d07a32b1-fb4f-4ce4-9524-1a0ef4e8284b,c2,DROP,1012,?,i2,
1769500717.3934085,RECEIVED,b8410392-1230-4124-bf1c-2aaecb7d0001,9c420af3-87a0-4787-b4ed-d87425e4b419,c3,DROP,1439,p3,?,
1769500717.3945706,SENT,676b7b0a-3a0a-4f2e-a730-ff406397d133,a39a54f3-d460-41c9-965d-9b775f6b7247,c1,None,1596,?,i12,
1769500717.3946123,FORWARDED,676b7b0a-3a0a-4f2e-a730-ff406397d133,a39a54f3-d460-41c9-965d-9b775f6b7247,c1,None,1596,?,i12,
1769500717.407111,SENT,6b29aa6f-4338-4351-8044-50142e047371,cdcdd793-d811-4cce-8fd2-9f3602b052de,c1,c5,1768,?,i1,
1769500717.4071531,FORWARDED,6b29aa6f-4338-4351-8044-50142e047371,cdcdd793-d811-4cce-8fd2-9f3602b052de,c1,c5,1768,?,i1,
1769500717.4842196,SENT,0ddec22a-eae4-4a79-ae57-02594093a807,4679c61c-fae8-4e1c-a17a-a285f4d9a3d1,c3,DROP,1008,?,i2,
1769500717.4842675,FORWARDED,0ddec22a-eae4-4a79-ae57-02594093a807,4679c61c-fae8-4e1c-a17a-a285f4d9a3d1,c3,DROP,1008,?,i2,
1769500717.5513077,SENT,616b5b84-fc06-4d41-ae72-1e388861480f,8fc7a4ce-21dc-45e6-8dc8-e5bcfd8c332e,c3,c4,1771,?,i5,
1769500717.5513484,FORWARDED,616b5b84-fc06-4d41-ae72-1e388861480f,8fc7a4ce-21dc-45e6-8dc8-e5bcfd8c332e,c3,c4,1771,?,i5,
1769500717.5784867,SENT,383f7f90-5e02-4713-adcd-1f0fe833bd46,4f958d8d-4a57-49e7-92f1-0c758caacc4f,c3,DROP,1004,?,i2,
1769500717.5785263,FORWARDED,383f7f90-5e02-4713-adcd-1f0fe833bd46,4f958d8d-4a57-49e7-92f1-0c758caacc4f,c3,DROP,1004,?,i2,
1769500717.6766279,SENT,b26610ab-185c-4b55-aad6-fa6f63cbc0f4,c3d7efc7-4f3a-400c-b4f4-91baa9d472b2,c2,DROP,1016,?,i10,
1769500717.676673,FORWARDED,b26610ab-185c-4b55-aad6-fa6f63cbc0f4,c3d7efc7-4f3a-400c-b4f4-91baa9d472b2,c2,DROP,1016,?,i10,
1769500717.7016144,SENT,bbe89378-f44e-4739-982d-d6ee1fca5e42,94c5023e-d5b1-46b4-9d87-ad697c3d3744,c2,DROP,1008,?,i5,
1769500717.7016575,FORWARDED,bbe89378-f44e-4739-982d-d6ee1fca5e42,94c5023e-d5b1-46b4-9d87-ad697c3d3744,c2,DROP,1008,?,i5,
1769500717.7351682,RECEIVED,4f1febac-236e-4736-8a21-526e73917377,66f995dc-b4d1-4b76-b684-e38f8fd40a3a,c3,DROP,1444,p3,?,
1769500717.7614164,SENT,599c369f-ad2e-453b-b2de-588377e14726,c060fd96-2c96-4714-84c9-557f7240d771,c4,DROP,1009,?,i12,
1769500717.7614646,FORWARDED,599c369f-ad2e-453b-b2de-588377e14726,c060fd96-2c96-4714-84c9-557f7240d771,c4,DROP,1009,?,i12,
1769500717.802675,SENT,4f1febac-236e-4736-8a21-526e73917377,66f995dc-b4d1-4b76-b684-e38f8fd40a3a,c3,DROP,1009,?,i6,
1769500717.8027165,FORWARDED,4f1febac-236e-4736-8a21-526e73917377,66f995dc-b4d1-4b76-b684-e38f8fd40a3a,c3,DROP,1009,?,i6,
1769500717.8214579,RECEIVED,3d2102aa-7550-46e0-96fc-a48a558081ba,d64fe995-d4d4-4181-8ea2-a97ed46e56ff,c1,c5,2448,p1,?,
1769500717.8711436,SENT,b8410392-1230-4124-bf1c-2aaecb7d0001,9c420af3-87a0-4787-b4ed-d87425e4b419,c3,DROP,1007,?,i2,
1769500717.8711853,FORWARDED,b8410392-1230-4124-bf1c-2aaecb7d0001,9c420af3-87a0-4787-b4ed-d87425e4b419,c3,DROP,1007,?,i2,
1769500718.010081,SENT,20c13eea-b495-4a2d-aa09-0e3b2196beb7,cf46e3bf-573e-4c2e-96c6-2ed19fa4b921,c4,DROP,1006,?,i5,
1769500718.010122,FORWARDED,20c13eea-b495-4a2d-aa09-0e3b2196beb7,cf46e3bf-573e-4c2e-96c6-2ed19fa4b921,c4,DROP,1006,?,i5,
1769500718.137346,SENT,3d2102aa-7550-46e0-96fc-a48a558081ba,d64fe995-d4d4-4181-8ea2-a97ed46e56ff,c1,c5,1763,?,i6,
1769500718.1373897,FORWARDED,3d2102aa-7550-46e0-96fc-a48a558081ba,d64fe995-d4d4-4181-8ea2-a97ed46e56ff,c1,c5,1763,?,i6,
1769500718.3922932,RECEIVED,eda38ae3-2f40-4268-8422-36960138a669,108ecfa7-d34d-4a73-89be-282aa890cef8,c2,DROP,1435,p2,?,
1769500718.5110364,RECEIVED,bc10e520-1374-401d-95cd-59a1c8434410,21a149f3-8511-4ef0-89bc-2ab89fc35b6e,c3,DROP,441,x2,?,
1769500718.965884,RECEIVED,1c26e2e1-4d8f-4793-a119-7198d05c8536,c891075d-ccf8-4190-b783-b28a9ea841be,c3,DROP,1452,p3,?,
1769500719.09022,SENT,eda38ae3-2f40-4268-8422-36960138a669,108ecfa7-d34d-4a73-89be-282aa890cef8,c2,DROP,1003,?,i7,
1769500719.090261,FORWARDED,eda38ae3-2f40-4268-8422-36960138a669,108ecfa7-d34d-4a73-89be-282aa890cef8,c2,DROP,1003,?,i7,
1769500719.106675,RECEIVED,293814d6-8270-473f-a249-ccfb64aa341c,8d2b3b7d-afc9-4e9d-825d-85b8d2a99a27,c4,DROP,1441,p1,?,
1769500719.1773891,RECEIVED,333c34fa-ef11-413f-bae1-40cbbd4cb8db,fcde3e36-b146-4214-9726-4a782eeba660,c4,c3,2463,p1,?,
1769500719.17939,SENT,293814d6-8270-473f-a249-ccfb64aa341c,8d2b3b7d-afc9-4e9d-825d-85b8d2a99a27,c4,DROP,1007,?,i10,
1769500719.1794298,FORWARDED,293814d6-8270-473f-a249-ccfb64aa341c,8d2b3b7d-afc9-4e9d-825d-85b8d2a99a27,c4,DROP,1007,?,i10,
1769500719.1814778,SENT,1c26e2e1-4d8f-4793-a119-7198d05c8536,c891075d-ccf8-4190-b783-b28a9ea841be,c3,DROP,1016,?,i3,
1769500719.181516,FORWARDED,1c26e2e1-4d8f-4793-a119-7198d05c8536,c891075d-ccf8-4190-b783-b28a9ea841be,c3,DROP,1016,?,i3,
1769500719.4978561,RECEIVED,480b142e-b562-497d-b312-6db021a765af,72ffe1d3-a79e-4907-a84c-76244c86370f,c2,DROP,1448,p2,?,
1769500719.553724,RECEIVED,ee701beb-dbbc-45e3-b721-55f7e69d3e2b,c2b9eeb3-56ee-4943-ae86-1331c3f2f233,c4,DROP,1454,p1,?,
1769500719.5828414,SENT,ee701beb-dbbc-45e3-b721-55f7e69d3e2b,c2b9eeb3-56ee-4943-ae86-1331c3f2f233,c4,DROP,1017,?,i12,
1769500719.5828784,FORWARDED,ee701beb-dbbc-45e3-b721-55f7e69d3e2b,c2b9eeb3-56ee-4943-ae86-1331c3f2f233,c4,DROP,1017,?,i12,
1769500719.8116663,RECEIVED,dcff7975-bf6a-4d23-b98b-aa5b51d93896,b68df9e1-18c8-4f80-9ccd-7bca3b777c4b,c1,DROP,446,x11,?,
1769500719.8207607,RECEIVED,70f61cae-0709-4aaa-af88-7655595c9ef0,6725dd0c-89d4-4af1-ac2b-f696951b830b,c4,DROP,441,x8,?,
1769500719.9147277,RECEIVED,66ed3690-ceac-4669-995a-00d6a799a20d,57e5abda-2ac4-4cb5-8edc-11529461c6e8,c3,c4,2464,p3,?,
1769500720.010926,RECEIVED,2d2ef0aa-120f-459d-916d-e06087b8b36f,c183a848-651e-4a4b-bc8d-bc4a74c8fcaf,c4,DROP,1440,p1,?,
1769500720.0203345,RECEIVED,43d4fdf4-2a8b-4d3a-900b-5cc5a87f5fce,d5f7e24d-90c6-417a-99d6-337d6fed5a1e,c3,DROP,1455,p3,?,
1769500720.0223317,RECEIVED,ea0e472e-32f0-483e-8d55-cb32cb9b5b0d,69b4abc4-02d8-4a6d-bb9e-d8743075cfa1,c1,DROP,1434,p1,?,
1769500720.1215556,RECEIVED,f0a1289f-ae53-45e2-9585-a07055a37e82,a9726515-cb6a-41b1-839d-a1598f29c4cb,c2,c1,2459,p2,?,
1769500720.2937877,RECEIVED,369de78d-10cc-4cf3-8499-964f86258c63,d9969c06-6f89-4062-9bd8-e95a843849d0,c4,None,2222,p1,?,
1769500720.3230162,SENT,66ed3690-ceac-4669-995a-00d6a799a20d,57e5abda-2ac4-4cb5-8edc-11529461c6e8,c3,c4,1775,?,i11,
1769500720.3233528,FORWARDED,66ed3690-ceac-4669-995a-00d6a799a20d,57e5abda-2ac4-4cb5-8edc-11529461c6e8,c3,c4,1775,?,i11,
1769500720.3424923,RECEIVED,ab686932-a1bd-41ba-ad89-699c403eeb09,2e7d7802-bfb5-49c9-b533-a1e4892604f6,c2,DROP,1440,p2,?,
1769500720.4286273,RECEIVED,7469169b-0a3f-42e9-9450-36c911883041,34ff03ea-78ff-43b7-b3df-9ce533fc67bb,c4,c3,2461,p1,?,
1769500720.4660773,RECEIVED,5aad61bd-11b4-4560-a0f2-21cb7e9f9fee,064b6d1a-43ba-4217-bfb4-76ef5472c938,c3,DROP,1460,p3,?,
1769500720.4666288,RECEIVED,ee54c21d-4f2f-4763-8157-f2742c6e1ba7,8cecfd49-6506-465d-b129-51423c19165c,c1,DROP,1444,p1,?,
1769500720.5008993,SENT,7469169b-0a3f-42e9-9450-36c911883041,34ff03ea-78ff-43b7-b3df-9ce533fc67bb,c4,c3,1772,?,i6,
1769500720.5009406,FORWARDED,7469169b-0a3f-42e9-9450-36c911883041,34ff03ea-78ff-43b7-b3df-9ce533fc67bb,c4,c3,1772,?,i6,
1769500720.5135484,SENT,480b142e-b562-497d-b312-6db021a765af,72ffe1d3-a79e-4907-a84c-76244c86370f,c2,DROP,1012,?,i12,
1769500720.5135875,FORWARDED,480b142e-b562-497d-b312-6db021a765af,72ffe1d3-a79e-4907-a84c-76244c86370f,c2,DROP,1012,?,i12,
1769500720.5276773,SENT,333c34fa-ef11-413f-bae1-40cbbd4cb8db,fcde3e36-b146-4214-9726-4a782eeba660,c4,c3,1776,?,i1,
1769500720.5277178,FORWARDED,333c34fa-ef11-413f-bae1-40cbbd4cb8db,fcde3e36-b146-4214-9726-4a782eeba660,c4,c3,1776,?,i1,
1769500720.562878,RECEIVED,38663007-e4c2-491b-90e8-35a691667df6,516e98e3-e0ad-47ed-b6b8-03118d665cb5,c4,DROP,1452,p1,?,
1769500720.5649948,SENT,ab686932-a1bd-41ba-ad89-699c403eeb09,2e7d7802-bfb5-49c9-b533-a1e4892604f6,c2,DROP,1008,?,i5,
1769500720.5657604,FORWARDED,ab686932-a1bd-41ba-ad89-699c403eeb09,2e7d7802-bfb5-49c9-b533-a1e4892604f6,c2,DROP,1008,?,i5,
1769500720.6136847,RECEIVED,6926635f-01cd-4366-b1e2-97319b2f252f,076091dc-0b36-4f34-8b51-b947fb9578b3,c3,DROP,1440,p3,?,
1769500720.6795654,RECEIVED,6e8d210d-a960-4771-8f05-92803ffef62e,7433b280-9d49-4d8f-baa6-80314a5caf6b,c1,DROP,1447,p1,?,
1769500720.7037776,SENT,2d2ef0aa-120f-459d-916d-e06087b8b36f,c183a848-651e-4a4b-bc8d-bc4a74c8fcaf,c4,DROP,1007,?,i10,
1769500720.703819,FORWARDED,2d2ef0aa-120f-459d-916d-e06087b8b36f,c183a848-651e-4a4b-bc8d-bc4a74c8fcaf,c4,DROP,1007,?,i10,
1769500720.7175531,SENT,6926635f-01cd-4366-b1e2-97319b2f252f,076091dc-0b36-4f34-8b51-b947fb9578b3,c3,DROP,1008,?,i9,
1769500720.7175958,FORWARDED,6926635f-01cd-4366-b1e2-97319b2f252f,076091dc-0b36-4f34-8b51-b947fb9578b3,c3,DROP,1008,?,i9,
1769500720.7513614,SENT,38663007-e4c2-491b-90e8-35a691667df6,516e98e3-e0ad-47ed-b6b8-03118d665cb5,c4,DROP,1016,?,i6,
1769500720.7513993,FORWARDED,38663007-e4c2-491b-90e8-35a691667df6,516e98e3-e0ad-47ed-b6b8-03118d665cb5,c4,DROP,1016,?,i6,
1769500720.835826,RECEIVED,959148ae-a85e-4aea-803a-942f13b1fd4d,476e2396-4af4-41b6-8fed-e8769cfe35fd,c3,DROP,1449,p3,?,
1769500720.8515115,RECEIVED,6e61b8e9-c4d6-43a3-8ce6-5a05e7777c53,cc6666c5-f19f-42f0-8640-87b84fadaf35,c3,c4,2468,p3,?,
1769500720.8874068,SENT,ee54c21d-4f2f-4763-8157-f2742c6e1ba7,8cecfd49-6506-465d-b129-51423c19165c,c1,DROP,1011,?,i3,
1769500720.8874495,FORWARDED,ee54c21d-4f2f-4763-8157-f2742c6e1ba7,8cecfd49-6506-465d-b129-51423c19165c,c1,DROP,1011,?,i3,
1769500720.951684,SENT,f0a1289f-ae53-45e2-9585-a07055a37e82,a9726515-cb6a-41b1-839d-a1598f29c4cb,c2,c1,1772,?,i3,
1769500720.9517255,FORWARDED,f0a1289f-ae53-45e2-9585-a07055a37e82,a9726515-cb6a-41b1-839d-a1598f29c4cb,c2,c1,1772,?,i3,
1769500720.9867465,SENT,959148ae-a85e-4aea-803a-942f13b1fd4d,476e2396-4af4-41b6-8fed-e8769cfe35fd,c3,DROP,1013,?,i11,
1769500720.9867818,FORWARDED,959148ae-a85e-4aea-803a-942f13b1fd4d,476e2396-4af4-41b6-8fed-e8769cfe35fd,c3,DROP,1013,?,i11,
1769500721.0030959,RECEIVED,06d50e1b-dff3-40ca-a4e5-9ea0f4829eac,ff4ba4e2-6ec0-45a5-9b04-d3277b3e88e5,c5,DROP,441,x1,?,
1769500721.0986989,SENT,5aad61bd-11b4-4560-a0f2-21cb7e9f9fee,064b6d1a-43ba-4217-bfb4-76ef5472c938,c3,DROP,1021,?,i10,
1769500721.0987432,FORWARDED,5aad61bd-11b4-4560-a0f2-21cb7e9f9fee,064b6d1a-43ba-4217-bfb4-76ef5472c938,c3,DROP,1021,?,i10,
1769500721.225321,RECEIVED,de8f2a04-b157-44f3-b8b5-f690c33c0fc8,990ada9d-703c-416c-9a97-fa49ecd91931,c1,c5,2468,p1,?,
1769500721.2296293,SENT,43d4fdf4-2a8b-4d3a-900b-5cc5a87f5fce,d5f7e24d-90c6-417a-99d6-337d6fed5a1e,c3,DROP,1020,?,i11,
1769500721.2296696,FORWARDED,43d4fdf4-2a8b-4d3a-900b-5cc5a87f5fce,d5f7e24d-90c6-417a-99d6-337d6fed5a1e,c3,DROP,1020,?,i11,
1769500721.2941954,SENT,6e8d210d-a960-4771-8f05-92803ffef62e,7433b280-9d49-4d8f-baa6-80314a5caf6b,c1,DROP,1012,?,i3,
1769500721.2942357,FORWARDED,6e8d210d-a960-4771-8f05-92803ffef62e,7433b280-9d49-4d8f-baa6-80314a5caf6b,c1,DROP,1012,?,i3,
1769500721.3486297,SENT,de8f2a04-b157-44f3-b8b5-f690c33c0fc8,990ada9d-703c-416c-9a97-fa49ecd91931,c1,c5,1778,?,i1,
1769500721.3491383,FORWARDED,de8f2a04-b157-44f3-b8b5-f690c33c0fc8,990ada9d-703c-416c-9a97-fa49ecd91931,c1,c5,1778,?,i1,
1769500721.3777118,RECEIVED,f71015fc-1ae8-4d07-8ea4-e9e9f3c4cbc2,e0a602b1-e1e7-417a-bf4a-57a2e00589ee,c1,DROP,1440,p1,?,
1769500721.3911395,RECEIVED,eb11fb40-75a8-406b-ab2c-3ae4ac8fc53c,c2ecc448-1a4d-40a6-8e3c-5a936fd1c7b0,c1,DROP,1452,p1,?,
1769500721.3965225,SENT,6e61b8e9-c4d6-43a3-8ce6-5a05e7777c53,cc6666c5-f19f-42f0-8640-87b84fadaf35,c3,c4,1778,?,i11,
1769500721.396563,FORWARDED,6e61b8e9-c4d6-43a3-8ce6-5a05e7777c53,cc6666c5-f19f-42f0-8640-87b84fadaf35,c3,c4,1778,?,i11,
1769500721.4124856,RECEIVED,f535abd7-fccf-41c6-9773-efc65d72cb6d,ec578276-821b-4d77-ae7b-709638480992,c5,DROP,438,x6,?,
1769500721.462521,SENT,eb11fb40-75a8-406b-ab2c-3ae4ac8fc53c,c2ecc448-1a4d-40a6-8e3c-5a936fd1c7b0,c1,DROP,1015,?,i1,
1769500721.4625628,FORWARDED,eb11fb40-75a8-406b-ab2c-3ae4ac8fc53c,c2ecc448-1a4d-40a6-8e3c-5a936fd1c7b0,c1,DROP,1015,?,i1,
1769500721.4912586,SENT,369de78d-10cc-4cf3-8499-964f86258c63,d9969c06-6f89-4062-9bd8-e95a843849d0,c4,None,1596,?,i1,
1769500721.491306,FORWARDED,369de78d-10cc-4cf3-8499-964f86258c63,d9969c06-6f89-4062-9bd8-e95a843849d0,c4,None,1596,?,i1,
1769500721.5614853,RECEIVED,b7b83422-00bd-4a07-8255-3b80078f8e4d,bc3bf0c6-2119-4e60-8770-f91d339ee1b6,c5,DROP,442,x1,?,
1769500721.6159565,SENT,ea0e472e-32f0-483e-8d55-cb32cb9b5b0d,69b4abc4-02d8-4a6d-bb9e-d8743075cfa1,c1,DROP,1003,?,i5,
1769500721.6160138,FORWARDED,ea0e472e-32f0-483e-8d55-cb32cb9b5b0d,69b4abc4-02d8-4a6d-bb9e-d8743075cfa1,c1,DROP,1003,?,i5,
1769500721.8320315,RECEIVED,04d37a1c-c889-4445-8878-c7e3b8ba514d,350940e5-d546-410a-8392-b3250ce6244e,c1,DROP,1450,p1,?,
1769500721.8766956,RECEIVED,8963d433-ce52-4e16-aa8f-76b351526bff,a62fb971-5017-4338-91ca-ea66ea301959,c3,DROP,1456,p3,?,
1769500721.8949568,RECEIVED,8aa1b7a6-6ef0-4095-9edc-a0ae36af2459,9681b0ef-2db3-4eaf-ac18-4468d8674263,c2,c1,2480,p2,?,
1769500722.053652,RECEIVED,c766251d-db36-4d11-a427-c65c4c5145f4,2331a583-0ba1-495a-ab2f-4dcecd2ee13b,c3,c4,2451,p3,?,
1769500722.1121635,RECEIVED,7fc26bf5-fb75-4ecc-97ce-47df24f02b9b,98720cc4-048e-4a73-a3dd-25d0a7fc27b5,c4,DROP,445,x12,?,
1769500722.2748158,SENT,8aa1b7a6-6ef0-4095-9edc-a0ae36af2459,9681b0ef-2db3-4eaf-ac18-4468d8674263,c2,c1,1787,?,i11,
1769500722.2748663,FORWARDED,8aa1b7a6-6ef0-4095-9edc-a0ae36af2459,9681b0ef-2db3-4eaf-ac18-4468d8674263,c2,c1,1787,?,i11,
1769500722.4360957,SENT,04d37a1c-c889-4445-8878-c7e3b8ba514d,350940e5-d546-410a-8392-b3250ce6244e,c1,DROP,1016,?,i3,
1769500722.4361372,FORWARDED,04d37a1c-c889-4445-8878-c7e3b8ba514d,350940e5-d546-410a-8392-b3250ce6244e,c1,DROP,1016,?,i3,
1769500722.4724414,RECEIVED,fe2f327f-f790-4ab8-bc50-cc780c8b23b8,8446279b-3e11-4278-a7ce-5bb65112d550,c5,DROP,1439,p2,?,
1769500722.5272875,RECEIVED,4277ad67-d87c-41d5-9bb4-578e36fd6abb,748549d3-bb86-44af-bd20-3f4375eddef1,c4,DROP,1443,p1,?,
1769500722.5391755,RECEIVED,7e7193e3-3acc-42b8-9f29-5aa42fc17b32,31fa69af-d4af-44e6-a2ec-6e7b02a42f1e,c5,DROP,445,x11,?,
1769500722.7490776,RECEIVED,39d0e1b6-0dd2-46cd-a40b-4d39bf2d92d3,b4f7a051-f5e2-484c-92d2-db71f8bac863,c2,DROP,1451,p2,?,
1769500722.8027284,SENT,fe2f327f-f790-4ab8-bc50-cc780c8b23b8,8446279b-3e11-4278-a7ce-5bb65112d550,c5,DROP,1007,?,i5,
1769500722.8027687,FORWARDED,fe2f327f-f790-4ab8-bc50-cc780c8b23b8,8446279b-3e11-4278-a7ce-5bb65112d550,c5,DROP,1007,?,i5,
1769500722.826525,SENT,c766251d-db36-4d11-a427-c65c4c5145f4,2331a583-0ba1-495a-ab2f-4dcecd2ee13b,c3,c4,1765,?,i3,
1769500722.826561,FORWARDED,c766251d-db36-4d11-a427-c65c4c5145f4,2331a583-0ba1-495a-ab2f-4dcecd2ee13b,c3,c4,1765,?,i3,
1769500722.840684,RECEIVED,b2f09be1-2b4a-4247-af31-35760da26fb7,53683b48-e96e-4c3a-a1ca-de9c59775904,c1,DROP,1443,p1,?,
1769500722.930277,SENT,f71015fc-1ae8-4d07-8ea4-e9e9f3c4cbc2,e0a602b1-e1e7-417a-bf4a-57a2e00589ee,c1,DROP,1007,?,i12,
1769500722.9303174,FORWARDED,f71015fc-1ae8-4d07-8ea4-e9e9f3c4cbc2,e0a602b1-e1e7-417a-bf4a-57a2e00589ee,c1,DROP,1007,?,i12,
1769500722.9909074,RECEIVED,63ecde4d-b373-41a0-8f02-484206932970,01fdebbd-a549-4e70-a991-131603a48054,c2,DROP,1439,p2,?,
1769500723.1514099,SENT,4277ad67-d87c-41d5-9bb4-578e36fd6abb,748549d3-bb86-44af-bd20-3f4375eddef1,c4,DROP,1011,?,i5,
1769500723.1514504,FORWARDED,4277ad67-d87c-41d5-9bb4-578e36fd6abb,748549d3-bb86-44af-bd20-3f4375eddef1,c4,DROP,1011,?,i5,
1769500723.1563663,SENT,39d0e1b6-0dd2-46cd-a40b-4d39bf2d92d3,b4f7a051-f5e2-484c-92d2-db71f8bac863,c2,DROP,1016,?,i5,
1769500723.1564052,FORWARDED,39d0e1b6-0dd2-46cd-a40b-4d39bf2d92d3,b4f7a051-f5e2-484c-92d2-db71f8bac863,c2,DROP,1016,?,i5,
1769500723.2844937,RECEIVED,38c1c2f5-e724-436f-85e7-d6e657583af3,227622ad-0066-4f96-a430-480aa7d5bc68,c2,DROP,1444,p2,?,
1769500723.3588796,SENT,38c1c2f5-e724-436f-85e7-d6e657583af3,227622ad-0066-4f96-a430-480aa7d5bc68,c2,DROP,1011,?,i6,
1769500723.3589225,FORWARDED,38c1c2f5-e724-436f-85e7-d6e657583af3,227622ad-0066-4f96-a430-480aa7d5bc68,c2,DROP,1011,?,i6,
1769500723.5607936,SENT,63ecde4d-b373-41a0-8f02-484206932970,01fdebbd-a549-4e70-a991-131603a48054,c2,DROP,1007,?,i9,
1769500723.5608382,FORWARDED,63ecde4d-b373-41a0-8f02-484206932970,01fdebbd-a549-4e70-a991-131603a48054,c2,DROP,1007,?,i9,
1769500723.5798812,RECEIVED,00879271-4859-4a10-8930-ea9ca7ab571b,033ee6eb-79bf-43df-9fca-c36565dd60bf,c3,DROP,1456,p3,?,
1769500723.820125,RECEIVED,330fc80c-2104-432b-a214-672672ac71c8,d20deebd-87b9-4d23-afec-3f3d77d7be8f,c3,DROP,1440,p3,?,
1769500723.9049215,SENT,330fc80c-2104-432b-a214-672672ac71c8,d20deebd-87b9-4d23-afec-3f3d77d7be8f,c3,DROP,1007,?,i7,
1769500723.9049602,FORWARDED,330fc80c-2104-432b-a214-672672ac71c8,d20deebd-87b9-4d23-afec-3f3d77d7be8f,c3,DROP,1007,?,i7,
1769500723.9527864,RECEIVED,d9495ab6-e3ca-4923-b1d7-21b055e4a1bc,a37d69a5-2d25-4904-beb4-0ca9a7fdec52,c4,DROP,1438,p1,?,
1769500723.9680004,RECEIVED,f8569eb5-cb77-494d-830a-41306a94c0d0,637241dd-af7f-428a-ba77-18488d05ad1b,c3,DROP,441,x12,?,
1769500724.0244296,SENT,8963d433-ce52-4e16-aa8f-76b351526bff,a62fb971-5017-4338-91ca-ea66ea301959,c3,DROP,1019,?,i10,
1769500724.0244677,FORWARDED,8963d433-ce52-4e16-aa8f-76b351526bff,a62fb971-5017-4338-91ca-ea66ea301959,c3,DROP,1019,?,i10,
1769500724.057956,SENT,00879271-4859-4a10-8930-ea9ca7ab571b,033ee6eb-79bf-43df-9fca-c36565dd60bf,c3,DROP,1020,?,i11,
1769500724.0579963,FORWARDED,00879271-4859-4a10-8930-ea9ca7ab571b,033ee6eb-79bf-43df-9fca-c36565dd60bf,c3,DROP,1020,?,i11,
1769500724.2765079,RECEIVED,673e7537-7bf0-46ae-9561-b1bcb82cfc6a,aaa07f75-7c53-4624-b599-415307a7e889,c1,c5,2469,p1,?,
1769500724.3042912,SENT,673e7537-7bf0-46ae-9561-b1bcb82cfc6a,aaa07f75-7c53-4624-b599-415307a7e889,c1,c5,1779,?,i11,
1769500724.3043318,FORWARDED,673e7537-7bf0-46ae-9561-b1bcb82cfc6a,aaa07f75-7c53-4624-b599-415307a7e889,c1,c5,1779,?,i11,
1769500724.4671454,RECEIVED,e59a57f1-e81b-4a57-98e9-40da7251d66a,137540f1-dbc5-4d52-bd0d-c6f43132bfc4,c1,DROP,440,x5,?,
1769500724.4807255,SENT,b2f09be1-2b4a-4247-af31-35760da26fb7,53683b48-e96e-4c3a-a1ca-de9c59775904,c1,DROP,1011,?,i1,
1769500724.480765,FORWARDED,b2f09be1-2b4a-4247-af31-35760da26fb7,53683b48-e96e-4c3a-a1ca-de9c59775904,c1,DROP,1011,?,i1,
1769500724.4845033,RECEIVED,3b2f7dfc-549b-4cf0-be6b-eaee1966c936,a76cb60d-cb6d-4bd5-93ed-4b102f855ac0,c5,DROP,1439,p2,?,
1769500724.4915774,RECEIVED,a82a4f0e-ee1d-46cd-ba38-0e48b780471e,0d0c7a1d-1355-4130-8687-55cbb61d6b59,c5,None,2240,p2,?,
1769500724.5045125,RECEIVED,e9bbb587-b48d-4249-a15b-f8877d22dd5d,6cc5252f-8183-4480-bdf8-2575ce897e76,c5,c2,2460,p2,?,
1769500724.5119696,RECEIVED,0942dcf6-9b4b-446f-9411-30f746a65c31,a06fac26-30e2-44b7-899b-2f878d9af41c,c5,DROP,1451,p2,?,
1769500724.5554147,RECEIVED,0831ce55-65e5-41d7-9710-abc9263a976e,2398e3b7-f3c7-4954-be5a-9b92c7a01741,c4,DROP,441,x3,?,
1769500724.584976,RECEIVED,1cfc234e-75f6-4d73-8c57-7ce60e172a20,2d236f83-9a4d-443d-8c6c-420801eea4c8,c5,DROP,1455,p2,?,
1769500724.598839,SENT,e9bbb587-b48d-4249-a15b-f8877d22dd5d,6cc5252f-8183-4480-bdf8-2575ce897e76,c5,c2,1772,?,i1,
1769500724.5988805,FORWARDED,e9bbb587-b48d-4249-a15b-f8877d22dd5d,6cc5252f-8183-4480-bdf8-2575ce897e76,c5,c2,1772,?,i1,
1769500724.9898863,RECEIVED,425325f5-d60c-4c93-923d-1d4f63582891,db22f2a3-61fc-4467-8ba8-7fcbf54570c1,c1,None,2229,p1,?,
1769500725.0879076,SENT,425325f5-d60c-4c93-923d-1d4f63582891,db22f2a3-61fc-4467-8ba8-7fcbf54570c1,c1,None,1599,?,i1,
1769500725.0879514,FORWARDED,425325f5-d60c-4c93-923d-1d4f63582891,db22f2a3-61fc-4467-8ba8-7fcbf54570c1,c1,None,1599,?,i1,
1769500725.0902333,RECEIVED,bc7232fb-9954-4187-9f68-b10ebfab3371,85848783-6303-49ca-97a2-0096ff759219,c3,c4,2459,p3,?,
1769500725.108513,SENT,a82a4f0e-ee1d-46cd-ba38-0e48b780471e,0d0c7a1d-1355-4130-8687-55cbb61d6b59,c5,None,1606,?,i12,
1769500725.108554,FORWARDED,a82a4f0e-ee1d-46cd-ba38-0e48b780471e,0d0c7a1d-1355-4130-8687-55cbb61d6b59,c5,None,1606,?,i12,
1769500725.2842445,SENT,3b2f7dfc-549b-4cf0-be6b-eaee1966c936,a76cb60d-cb6d-4bd5-93ed-4b102f855ac0,c5,DROP,1007,?,i9,
1769500725.2842774,FORWARDED,3b2f7dfc-549b-4cf0-be6b-eaee1966c936,a76cb60d-cb6d-4bd5-93ed-4b102f855ac0,c5,DROP,1007,?,i9,
1769500725.354678,SENT,1cfc234e-75f6-4d73-8c57-7ce60e172a20,2d236f83-9a4d-443d-8c6c-420801eea4c8,c5,DROP,1020,?,i12,
1769500725.35472,FORWARDED,1cfc234e-75f6-4d73-8c57-7ce60e172a20,2d236f83-9a4d-443d-8c6c-420801eea4c8,c5,DROP,1020,?,i12,
1769500725.4697075,RECEIVED,967c676e-b5b8-4917-92bb-700313b98209,bc4f04f7-d12a-40de-a23a-bc68d8f178f1,c5,DROP,1440,p2,?,
1769500725.5073395,RECEIVED,999b729e-7a97-4182-83c2-13ef063e8f82,b26ddf01-206b-466d-af7a-ad449f16cc27,c4,DROP,1452,p1,?,
1769500725.5550578,RECEIVED,fad0a90d-9936-481c-86a6-bcff4ab6c0a2,5e3c5860-517a-4771-a368-b2e4b1b62a19,c1,None,2232,p1,?,
1769500725.5702798,RECEIVED,2ad262e6-0ff9-4acc-a132-2defe8276e3c,af94186c-ecb7-4e70-b0c7-785aa4fe60fd,c2,DROP,1440,p2,?,
1769500725.5851543,RECEIVED,97ff3395-f84a-4432-a91c-55ede95d0a33,aa1cb6a0-78f2-45a0-ba81-842309758570,c4,DROP,1443,p1,?,
1769500725.6156297,SENT,0942dcf6-9b4b-446f-9411-30f746a65c31,a06fac26-30e2-44b7-899b-2f878d9af41c,c5,DROP,1016,?,i11,
1769500725.6156747,FORWARDED,0942dcf6-9b4b-446f-9411-30f746a65c31,a06fac26-30e2-44b7-899b-2f878d9af41c,c5,DROP,1016,?,i11,
1769500725.6301594,SENT,fad0a90d-9936-481c-86a6-bcff4ab6c0a2,5e3c5860-517a-4771-a368-b2e4b1b62a19,c1,None,1600,?,i8,
1769500725.6302004,FORWARDED,fad0a90d-9936-481c-86a6-bcff4ab6c0a2,5e3c5860-517a-4771-a368-b2e4b1b62a19,c1,None,1600,?,i8,
1769500725.7007496,SENT,999b729e-7a97-4182-83c2-13ef063e8f82,b26ddf01-206b-466d-af7a-ad449f16cc27,c4,DROP,1015,?,i2,
1769500725.7007987,FORWARDED,999b729e-7a97-4182-83c2-13ef063e8f82,b26ddf01-206b-466d-af7a-ad449f16cc27,c4,DROP,1015,?,i2,
1769500725.7541053,RECEIVED,54243ae4-427e-42bb-8242-5817393f5aa5,fa05c2a2-d8f4-46b4-89c1-1086a66828a8,c4,None,2232,p1,?,
1769500725.7740226,RECEIVED,0eaaa9b8-e659-4b1a-bf6e-b16c4ae14610,562a3d58-f758-4706-bfcd-a8d5fc647711,c2,None,2236,p2,?,
1769500725.8584912,SENT,967c676e-b5b8-4917-92bb-700313b98209,bc4f04f7-d12a-40de-a23a-bc68d8f178f1,c5,DROP,1007,?,i5,
1769500725.8585327,FORWARDED,967c676e-b5b8-4917-92bb-700313b98209,bc4f04f7-d12a-40de-a23a-bc68d8f178f1,c5,DROP,1007,?,i5,
1769500725.865979,RECEIVED,a155664d-b2c7-4b87-8966-3b7a742c137f,47b3d42a-20b4-4e1f-a991-f8bca854b64e,c3,DROP,1448,p3,?,
1769500725.8721092,SENT,2ad262e6-0ff9-4acc-a132-2defe8276e3c,af94186c-ecb7-4e70-b0c7-785aa4fe60fd,c2,DROP,1008,?,i12,
1769500725.872151,FORWARDED,2ad262e6-0ff9-4acc-a132-2defe8276e3c,af94186c-ecb7-4e70-b0c7-785aa4fe60fd,c2,DROP,1008,?,i12,
1769500725.8748953,SENT,bc7232fb-9954-4187-9f68-b10ebfab3371,85848783-6303-49ca-97a2-0096ff759219,c3,c4,1772,?,i9,
1769500725.874934,FORWARDED,bc7232fb-9954-4187-9f68-b10ebfab3371,85848783-6303-49ca-97a2-0096ff759219,c3,c4,1772,?,i9,
1769500725.9539406,RECEIVED,42b66d12-02f5-46ff-8296-b563b263f779,a0d02e9f-bd2e-4190-bb75-a5fa2c8ef979,c4,None,2232,p1,?,
1769500725.9655485,RECEIVED,1fbd4299-7251-40ff-94e7-5bf8344353ab,fc6bd379-333a-47ec-8349-c003c19a7649,c4,DROP,441,x9,?,
1769500726.0022,RECEIVED,bd26a347-d041-4903-b7af-bcd5dd9f6af6,9b09ad82-4540-4806-a00d-56e6efa1e397,c2,DROP,1451,p2,?,
1769500726.1028118,SENT,97ff3395-f84a-4432-a91c-55ede95d0a33,aa1cb6a0-78f2-45a0-ba81-842309758570,c4,DROP,1009,?,i6,
1769500726.1028628,FORWARDED,97ff3395-f84a-4432-a91c-55ede95d0a33,aa1cb6a0-78f2-45a0-ba81-842309758570,c4,DROP,1009,?,i6,
1769500726.1434186,RECEIVED,664172c7-6c62-4b5c-9c62-6de344fafd15,5cae927a-d78c-4354-8ca7-a8e62f1d8382,c2,DROP,1436,p2,?,
1769500726.2749097,SENT,a155664d-b2c7-4b87-8966-3b7a742c137f,47b3d42a-20b4-4e1f-a991-f8bca854b64e,c3,DROP,1012,?,i10,
1769500726.2749524,FORWARDED,a155664d-b2c7-4b87-8966-3b7a742c137f,47b3d42a-20b4-4e1f-a991-f8bca854b64e,c3,DROP,1012,?,i10,
1769500726.362193,SENT,0eaaa9b8-e659-4b1a-bf6e-b16c4ae14610,562a3d58-f758-4706-bfcd-a8d5fc647711,c2,None,1604,?,i11,
1769500726.3622277,FORWARDED,0eaaa9b8-e659-4b1a-bf6e-b16c4ae14610,562a3d58-f758-4706-bfcd-a8d5fc647711,c2,None,1604,?,i11,
1769500726.368524,SENT,42b66d12-02f5-46ff-8296-b563b263f779,a0d02e9f-bd2e-4190-bb75-a5fa2c8ef979,c4,None,1602,?,i8,
1769500726.368567,FORWARDED,42b66d12-02f5-46ff-8296-b563b263f779,a0d02e9f-bd2e-4190-bb75-a5fa2c8ef979,c4,None,1602,?,i8,
1769500726.384629,SENT,bd26a347-d041-4903-b7af-bcd5dd9f6af6,9b09ad82-4540-4806-a00d-56e6efa1e397,c2,DROP,1016,?,i1,
1769500726.3846653,FORWARDED,bd26a347-d041-4903-b7af-bcd5dd9f6af6,9b09ad82-4540-4806-a00d-56e6efa1e397,c2,DROP,1016,?,i1,
1769500726.4176226,SENT,54243ae4-427e-42bb-8242-5817393f5aa5,fa05c2a2-d8f4-46b4-89c1-1086a66828a8,c4,None,1602,?,i12,
1769500726.417664,FORWARDED,54243ae4-427e-42bb-8242-5817393f5aa5,fa05c2a2-d8f4-46b4-89c1-1086a66828a8,c4,None,1602,?,i12,
1769500726.4550254,RECEIVED,702eb239-fd75-427e-8cae-ef979552e11b,70a1dc4c-037d-42c6-a33a-cdc6c618fc53,c2,DROP,1440,p2,?,
1769500726.4950812,SENT,d9495ab6-e3ca-4923-b1d7-21b055e4a1bc,a37d69a5-2d25-4904-beb4-0ca9a7fdec52,c4,DROP,1008,?,i3,
1769500726.4951336,FORWARDED,d9495ab6-e3ca-4923-b1d7-21b055e4a1bc,a37d69a5-2d25-4904-beb4-0ca9a7fdec52,c4,DROP,1008,?,i3,
1769500726.5275261,RECEIVED,95e5d5cf-e06e-4562-bf5d-ff6a9de361b5,3cf9b4f2-1e7c-4389-ad86-65af805274a9,c1,DROP,1439,p1,?,
1769500726.6664226,RECEIVED,52da49fe-747d-46fb-b9b5-b16ed805408a,c37a5712-619f-442d-bafc-a44d0b05cfe9,c5,DROP,1453,p2,?,
1769500726.6722882,SENT,702eb239-fd75-427e-8cae-ef979552e11b,70a1dc4c-037d-42c6-a33a-cdc6c618fc53,c2,DROP,1007,?,i1,
1769500726.6723256,FORWARDED,702eb239-fd75-427e-8cae-ef979552e11b,70a1dc4c-037d-42c6-a33a-cdc6c618fc53,c2,DROP,1007,?,i1,
1769500726.71454,SENT,52da49fe-747d-46fb-b9b5-b16ed805408a,c37a5712-619f-442d-bafc-a44d0b05cfe9,c5,DROP,1015,?,i10,
1769500726.7145786,FORWARDED,52da49fe-747d-46fb-b9b5-b16ed805408a,c37a5712-619f-442d-bafc-a44d0b05cfe9,c5,DROP,1015,?,i10,
1769500726.8322496,SENT,664172c7-6c62-4b5c-9c62-6de344fafd15,5cae927a-d78c-4354-8ca7-a8e62f1d8382,c2,DROP,1004,?,i11,
1769500726.8322906,FORWARDED,664172c7-6c62-4b5c-9c62-6de344fafd15,5cae927a-d78c-4354-8ca7-a8e62f1d8382,c2,DROP,1004,?,i11,
1769500726.9215267,RECEIVED,acb22826-3e97-42d3-9da1-510d6d27aa27,c11fdc08-7df5-4809-800e-54020c277c05,c3,DROP,441,x1,?,
1769500726.9642873,RECEIVED,3cf49787-6be6-401c-b46f-7a0e07734872,e1b8567e-4e0b-4a0d-a28c-b24828fa81c9,c1,DROP,1452,p1,?,
1769500727.0519612,RECEIVED,379da55a-84df-4013-81a1-828775f7eb4b,6ce412fd-e39e-4e9b-86b9-d44f02882165,c5,DROP,1456,p2,?,
1769500727.1336997,SENT,95e5d5cf-e06e-4562-bf5d-ff6a9de361b5,3cf9b4f2-1e7c-4389-ad86-65af805274a9,c1,DROP,1007,?,i5,
1769500727.133735,FORWARDED,95e5d5cf-e06e-4562-bf5d-ff6a9de361b5,3cf9b4f2-1e7c-4389-ad86-65af805274a9,c1,DROP,1007,?,i5,
1769500727.1392245,SENT,3cf49787-6be6-401c-b46f-7a0e07734872,e1b8567e-4e0b-4a0d-a28c-b24828fa81c9,c1,DROP,1017,?,i12,
1769500727.1392622,FORWARDED,3cf49787-6be6-401c-b46f-7a0e07734872,e1b8567e-4e0b-4a0d-a28c-b24828fa81c9,c1,DROP,1017,?,i12,
1769500727.5037534,RECEIVED,57330f4a-640e-4d20-9f6c-b2dcd8395c3b,15a02fe9-f8c4-4d2a-bed5-771d92211ba0,c1,c5,2467,p1,?,
1769500727.5062392,SENT,379da55a-84df-4013-81a1-828775f7eb4b,6ce412fd-e39e-4e9b-86b9-d44f02882165,c5,DROP,1020,?,i11,
1769500727.5062788,FORWARDED,379da55a-84df-4013-81a1-828775f7eb4b,6ce412fd-e39e-4e9b-86b9-d44f02882165,c5,DROP,1020,?,i11,
1769500727.607391,RECEIVED,01f908fc-3e38-48fc-a134-3a5af4f685f5,b4880f97-da4b-4514-8b00-f15b20596941,c4,DROP,1439,p1,?,
1769500727.7039208,RECEIVED,c2e29449-1970-4719-be60-b946a24d4b7b,e5945bd6-8e44-4cd6-b624-0e8bf477c66c,c1,DROP,1463,p1,?,
1769500727.7129812,RECEIVED,6c19bd34-9762-49d4-b529-9c4e6242a4d3,ce5f78ad-6d59-436b-9db8-5820347d0687,c2,None,2238,p2,?,
1769500727.842106,RECEIVED,f9780324-e7be-4dab-b39a-9676323f813c,f9a35a3e-4295-449f-ae2b-aedd33a999fe,c2,DROP,1451,p2,?,
1769500728.0037107,RECEIVED,00cbfc14-b81e-4ac6-9915-bb40eefacf2f,f9d7393d-a33e-49cc-9984-d7438ec8bd32,c3,DROP,441,x3,?,
1769500728.2823439,SENT,6c19bd34-9762-49d4-b529-9c4e6242a4d3,ce5f78ad-6d59-436b-9db8-5820347d0687,c2,None,1608,?,i5,
1769500728.282396,FORWARDED,6c19bd34-9762-49d4-b529-9c4e6242a4d3,ce5f78ad-6d59-436b-9db8-5820347d0687,c2,None,1608,?,i5,
1769500728.4833345,SENT,f9780324-e7be-4dab-b39a-9676323f813c,f9a35a3e-4295-449f-ae2b-aedd33a999fe,c2,DROP,1015,?,i6,
1769500728.4833715,FORWARDED,f9780324-e7be-4dab-b39a-9676323f813c,f9a35a3e-4295-449f-ae2b-aedd33a999fe,c2,DROP,1015,?,i6,
1769500728.5579734,SENT,c2e29449-1970-4719-be60-b946a24d4b7b,e5945bd6-8e44-4cd6-b624-0e8bf477c66c,c1,DROP,1025,?,i1,
1769500728.5580163,FORWARDED,c2e29449-1970-4719-be60-b946a24d4b7b,e5945bd6-8e44-4cd6-b624-0e8bf477c66c,c1,DROP,1025,?,i1,
1769500728.6509366,RECEIVED,09bccb06-ced7-4235-bdf6-1a0365b8aa0c,83014a58-d2de-421b-9c18-7b8a5b948d0e,c1,DROP,442,x8,?,
1769500728.8489478,RECEIVED,3b896920-aa07-4a51-8b70-c295506c24f3,6ce8f19f-9ec1-4ef3-9ddd-149fd9a0ec35,c3,DROP,1440,p3,?,
1769500728.856358,RECEIVED,00495ede-8caf-47b4-8832-1e4389cc142c,29778260-b15d-421e-bce4-4300da595cde,c5,DROP,1452,p2,?,
1769500728.9440334,RECEIVED,32b77689-7fcd-4232-a3ca-2236dffd797e,b98ecd7a-c528-457a-8b2b-7324e7c19f18,c3,DROP,1443,p3,?,
1769500729.018334,RECEIVED,9e9a9f6b-2b2b-4e92-ac8e-389f08625996,ba94797c-bf26-4a10-823f-92c137d4f5eb,c5,DROP,441,x5,?,
1769500729.0547945,SENT,00495ede-8caf-47b4-8832-1e4389cc142c,29778260-b15d-421e-bce4-4300da595cde,c5,DROP,1016,?,i4,
1769500729.054836,FORWARDED,00495ede-8caf-47b4-8832-1e4389cc142c,29778260-b15d-421e-bce4-4300da595cde,c5,DROP,1016,?,i4,
1769500729.1003084,RECEIVED,52e34958-7658-4a74-afa6-5dc3c51be029,e4b412fd-c002-4938-a9c8-0b66839349a2,c1,c5,2462,p1,?,
1769500729.294415,SENT,01f908fc-3e38-48fc-a134-3a5af4f685f5,b4880f97-da4b-4514-8b00-f15b20596941,c4,DROP,1007,?,i9,
1769500729.2944548,FORWARDED,01f908fc-3e38-48fc-a134-3a5af4f685f5,b4880f97-da4b-4514-8b00-f15b20596941,c4,DROP,1007,?,i9,
1769500729.3896387,SENT,3b896920-aa07-4a51-8b70-c295506c24f3,6ce8f19f-9ec1-4ef3-9ddd-149fd9a0ec35,c3,DROP,1008,?,i12,
1769500729.3897245,FORWARDED,3b896920-aa07-4a51-8b70-c295506c24f3,6ce8f19f-9ec1-4ef3-9ddd-149fd9a0ec35,c3,DROP,1008,?,i12,
1769500729.4655218,RECEIVED,28cf7e74-a3c9-4ce5-ba73-539987891b2c,0ea345fa-680d-452d-ad6a-f0790edc8923,c1,DROP,442,x1,?,
1769500729.495571,RECEIVED,74062d57-4fc7-4d40-a295-1e0d68964351,8efad29d-14af-4a19-b241-9b96532153e3,c3,c4,2465,p3,?,
1769500729.5916078,SENT,74062d57-4fc7-4d40-a295-1e0d68964351,8efad29d-14af-4a19-b241-9b96532153e3,c3,c4,1776,?,i6,
1769500729.5916495,FORWARDED,74062d57-4fc7-4d40-a295-1e0d68964351,8efad29d-14af-4a19-b241-9b96532153e3,c3,c4,1776,?,i6,
1769500729.6576545,SENT,52e34958-7658-4a74-afa6-5dc3c51be029,e4b412fd-c002-4938-a9c8-0b66839349a2,c1,c5,1774,?,i5,
1769500729.6576984,FORWARDED,52e34958-7658-4a74-afa6-5dc3c51be029,e4b412fd-c002-4938-a9c8-0b66839349a2,c1,c5,1774,?,i5,
1769500729.7590811,RECEIVED,bd87b8a1-dcc5-4131-aa61-80bce2c720e5,38640330-390f-4e5b-ba72-3123e13ff02f,c2,DROP,1440,p2,?,
1769500729.8101766,SENT,bd87b8a1-dcc5-4131-aa61-80bce2c720e5,38640330-390f-4e5b-ba72-3123e13ff02f,c2,DROP,1008,?,i4,
1769500729.8102193,FORWARDED,bd87b8a1-dcc5-4131-aa61-80bce2c720e5,38640330-390f-4e5b-ba72-3123e13ff02f,c2,DROP,1008,?,i4,
1769500729.8257816,RECEIVED,57f8caa9-d65e-4347-8456-c959fc78a28b,e926b118-fca4-4157-b5cc-0663dd393557,c2,DROP,441,x10,?,
1769500729.9224482,SENT,32b77689-7fcd-4232-a3ca-2236dffd797e,b98ecd7a-c528-457a-8b2b-7324e7c19f18,c3,DROP,1009,?,i6,
1769500729.9224865,FORWARDED,32b77689-7fcd-4232-a3ca-2236dffd797e,b98ecd7a-c528-457a-8b2b-7324e7c19f18,c3,DROP,1009,?,i6,
1769500730.1924891,RECEIVED,c580f6a5-d7a2-4425-a64f-0829b5b43a99,e56fe8c8-8fed-4386-bd42-13719d511b3a,c2,c1,2458,p2,?,
1769500730.2108078,SENT,57330f4a-640e-4d20-9f6c-b2dcd8395c3b,15a02fe9-f8c4-4d2a-bed5-771d92211ba0,c1,c5,1777,?,i12,
1769500730.2108498,FORWARDED,57330f4a-640e-4d20-9f6c-b2dcd8395c3b,15a02fe9-f8c4-4d2a-bed5-771d92211ba0,c1,c5,1777,?,i12,
1769500730.277461,RECEIVED,fff90b55-fe5d-41ff-87c1-35ad13224695,c0c0e347-e240-4f69-a7d7-8d5097b066a4,c5,DROP,1448,p2,?,
1769500730.3559275,RECEIVED,26c91a52-9013-4c12-be8f-9785978aaf47,ac00ec77-78b1-4182-9d7b-2017877f1deb,c3,DROP,446,x3,?,
1769500730.4211662,RECEIVED,bb65afa2-abf1-4118-81d1-d9a650f3f7d6,43c0eedc-4804-4866-ae0d-63fd0aa5c0a9,c1,None,2236,p1,?,
1769500730.4235027,RECEIVED,7c3db655-e3c9-4983-8add-69b25586415a,610a90a4-5ca4-452a-8bff-bd720dd686db,c3,DROP,442,x5,?,
1769500730.6005464,SENT,fff90b55-fe5d-41ff-87c1-35ad13224695,c0c0e347-e240-4f69-a7d7-8d5097b066a4,c5,DROP,1012,?,i1,
1769500730.6005878,FORWARDED,fff90b55-fe5d-41ff-87c1-35ad13224695,c0c0e347-e240-4f69-a7d7-8d5097b066a4,c5,DROP,1012,?,i1,
1769500730.6437855,RECEIVED,92736356-a163-4ebc-bbce-bc04cef08fa2,cb66908e-13f0-4d24-b408-314907b10c73,c5,c2,2476,p2,?,
1769500730.703503,SENT,92736356-a163-4ebc-bbce-bc04cef08fa2,cb66908e-13f0-4d24-b408-314907b10c73,c5,c2,1783,?,i5,
1769500730.703645,FORWARDED,92736356-a163-4ebc-bbce-bc04cef08fa2,cb66908e-13f0-4d24-b408-314907b10c73,c5,c2,1783,?,i5,
1769500730.7576177,SENT,bb65afa2-abf1-4118-81d1-d9a650f3f7d6,43c0eedc-4804-4866-ae0d-63fd0aa5c0a9,c1,None,1604,?,i7,
1769500730.7576602,FORWARDED,bb65afa2-abf1-4118-81d1-d9a650f3f7d6,43c0eedc-4804-4866-ae0d-63fd0aa5c0a9,c1,None,1604,?,i7,
1769500730.8562622,RECEIVED,dde988c0-ef65-4346-a173-95b1a83d7757,a3f33258-c722-4c65-8f49-d34a9d551cdf,c5,DROP,1443,p2,?,
1769500730.8925252,RECEIVED,d82cd8f2-dcd8-4d6a-9a5a-029a6295628e,a62ecbbc-3a1e-4498-bf7d-b329c11c170d,c1,DROP,1454,p1,?,
1769500730.961186,SENT,d82cd8f2-dcd8-4d6a-9a5a-029a6295628e,a62ecbbc-3a1e-4498-bf7d-b329c11c170d,c1,DROP,1015,?,i12,
1769500730.9612274,FORWARDED,d82cd8f2-dcd8-4d6a-9a5a-029a6295628e,a62ecbbc-3a1e-4498-bf7d-b329c11c170d,c1,DROP,1015,?,i12,
1769500730.9621248,RECEIVED,d9ddd1ad-93ad-4116-8709-5dee18c98ab4,08adaf47-1504-4a1d-bc49-40946afe513d,c4,DROP,442,x3,?,
1769500731.0033827,RECEIVED,b6ab213f-026b-425d-aae4-8e3038cda13e,949973d0-0744-4dad-b400-d587c32690a7,c3,DROP,1444,p3,?,
1769500731.0507946,RECEIVED,7bbb8ffa-4827-42d0-9ff9-43f01cc7aaa6,0bbcd462-d7c2-4075-8227-cecef8397852,c5,DROP,1453,p2,?,
1769500731.0733058,SENT,b6ab213f-026b-425d-aae4-8e3038cda13e,949973d0-0744-4dad-b400-d587c32690a7,c3,DROP,1011,?,i2,
1769500731.0738494,FORWARDED,b6ab213f-026b-425d-aae4-8e3038cda13e,949973d0-0744-4dad-b400-d587c32690a7,c3,DROP,1011,?,i2,
1769500731.074255,RECEIVED,080abdba-0b2f-4fdf-a219-749137089d8b,d7b44e06-de7e-45d8-a534-b937a29324a2,c1,c5,2464,p1,?,
1769500731.1881044,RECEIVED,f5b81afa-baa1-4429-b063-15cfa30aa110,cc62eef6-fcf5-480b-88c3-da39e8fbb62c,c4,DROP,1440,p1,?,
1769500731.254433,SENT,080abdba-0b2f-4fdf-a219-749137089d8b,d7b44e06-de7e-45d8-a534-b937a29324a2,c1,c5,1775,?,i3,
1769500731.254471,FORWARDED,080abdba-0b2f-4fdf-a219-749137089d8b,d7b44e06-de7e-45d8-a534-b937a29324a2,c1,c5,1775,?,i3,
1769500731.31909,SENT,7bbb8ffa-4827-42d0-9ff9-43f01cc7aaa6,0bbcd462-d7c2-4075-8227-cecef8397852,c5,DROP,1016,?,i12,
1769500731.319135,FORWARDED,7bbb8ffa-4827-42d0-9ff9-43f01cc7aaa6,0bbcd462-d7c2-4075-8227-cecef8397852,c5,DROP,1016,?,i12,
1769500731.382308,SENT,c580f6a5-d7a2-4425-a64f-0829b5b43a99,e56fe8c8-8fed-4386-bd42-13719d511b3a,c2,c1,1771,?,i3,
1769500731.3823493,FORWARDED,c580f6a5-d7a2-4425-a64f-0829b5b43a99,e56fe8c8-8fed-4386-bd42-13719d511b3a,c2,c1,1771,?,i3,
1769500731.3898768,RECEIVED,dd1c51cc-408f-4127-8c9c-414a36d82963,a55022f4-510a-4a85-8a84-d591b47bdf01,c5,c2,2465,p2,?,
1769500731.4843626,SENT,dd1c51cc-408f-4127-8c9c-414a36d82963,a55022f4-510a-4a85-8a84-d591b47bdf01,c5,c2,1775,?,i10,
1769500731.4844024,FORWARDED,dd1c51cc-408f-4127-8c9c-414a36d82963,a55022f4-510a-4a85-8a84-d591b47bdf01,c5,c2,1775,?,i10,
1769500731.5596511,SENT,f5b81afa-baa1-4429-b063-15cfa30aa110,cc62eef6-fcf5-480b-88c3-da39e8fbb62c,c4,DROP,1008,?,i10,
1769500731.5596957,FORWARDED,f5b81afa-baa1-4429-b063-15cfa30aa110,cc62eef6-fcf5-480b-88c3-da39e8fbb62c,c4,DROP,1008,?,i10,
1769500731.6723936,SENT,dde988c0-ef65-4346-a173-95b1a83d7757,a3f33258-c722-4c65-8f49-d34a9d551cdf,c5,DROP,1011,?,i5,
1769500731.6724281,FORWARDED,dde988c0-ef65-4346-a173-95b1a83d7757,a3f33258-c722-4c65-8f49-d34a9d551cdf,c5,DROP,1011,?,i5,
1769500731.6859734,RECEIVED,841236b4-06b9-4e2c-aa97-51edc3bfa897,a0636225-5266-4dda-b992-826deb584210,c5,DROP,441,x6,?,
1769500731.7388961,RECEIVED,9389d9c1-5d0c-4bc1-bae3-2b2f2a918b38,86a1096b-5066-4a1c-b081-bc1cedbd6f5d,c3,DROP,1451,p3,?,
1769500732.0839293,RECEIVED,091d50fc-dc8d-4678-84e4-db8feb232a4e,dc778f45-0e0b-45f3-acd9-07be9d0915c1,c3,DROP,1434,p3,?,
1769500732.323282,RECEIVED,cf4eff48-b42a-43ce-8751-459dc2cc4a32,2b95147d-83f8-4e3f-8a33-c4035fd55bb8,c4,DROP,1434,p1,?,
1769500732.3919578,RECEIVED,1745e26b-3c41-49ec-8f91-a47ac2e4b935,f1b1749e-dd88-4ece-8be7-a332a2e1de24,c4,DROP,1450,p1,?,
1769500732.4731395,RECEIVED,9e6417c1-1639-4df9-a7a1-07f24a54402d,77ac92d3-73c3-4743-9ee4-5b7a7d1e9772,c4,DROP,442,x3,?,
1769500732.5001564,RECEIVED,1aae24ed-30d3-4481-86ad-664655c72442,912f2f6d-992f-4ef8-ad33-49934bb0ae58,c3,DROP,442,x9,?,
1769500732.5681705,SENT,9389d9c1-5d0c-4bc1-bae3-2b2f2a918b38,86a1096b-5066-4a1c-b081-bc1cedbd6f5d,c3,DROP,1017,?,i6,
1769500732.5682092,FORWARDED,9389d9c1-5d0c-4bc1-bae3-2b2f2a918b38,86a1096b-5066-4a1c-b081-bc1cedbd6f5d,c3,DROP,1017,?,i6,
1769500732.6892796,RECEIVED,26ce0595-a0e6-45a7-abf1-eb1fb37e94a3,11c83d2d-e550-441d-b4ca-4c8449b3be00,c5,c2,2464,p2,?,
1769500732.7856398,SENT,26ce0595-a0e6-45a7-abf1-eb1fb37e94a3,11c83d2d-e550-441d-b4ca-4c8449b3be00,c5,c2,1776,?,i4,
1769500732.785683,FORWARDED,26ce0595-a0e6-45a7-abf1-eb1fb37e94a3,11c83d2d-e550-441d-b4ca-4c8449b3be00,c5,c2,1776,?,i4,
1769500733.099158,RECEIVED,85e44ca5-454a-4457-9599-afcaafd0ec1a,3d706933-40db-40c4-9c1e-87f375564f32,c2,DROP,1439,p2,?,
1769500733.1277924,SENT,1745e26b-3c41-49ec-8f91-a47ac2e4b935,f1b1749e-dd88-4ece-8be7-a332a2e1de24,c4,DROP,1016,?,i6,
1769500733.1278324,FORWARDED,1745e26b-3c41-49ec-8f91-a47ac2e4b935,f1b1749e-dd88-4ece-8be7-a332a2e1de24,c4,DROP,1016,?,i6,
1769500733.2383218,RECEIVED,f1d90fdb-f9e9-4918-8196-964d31398f1b,25d6bd08-2043-4b06-8d84-4040c980650e,c2,c1,2469,p2,?,
1769500733.3044088,SENT,85e44ca5-454a-4457-9599-afcaafd0ec1a,3d706933-40db-40c4-9c1e-87f375564f32,c2,DROP,1007,?,i4,
1769500733.3044617,FORWARDED,85e44ca5-454a-4457-9599-afcaafd0ec1a,3d706933-40db-40c4-9c1e-87f375564f32,c2,DROP,1007,?,i4,
1769500733.3481197,SENT,f1d90fdb-f9e9-4918-8196-964d31398f1b,25d6bd08-2043-4b06-8d84-4040c980650e,c2,c1,1779,?,i11,
1769500733.3481612,FORWARDED,f1d90fdb-f9e9-4918-8196-964d31398f1b,25d6bd08-2043-4b06-8d84-4040c980650e,c2,c1,1779,?,i11,
1769500733.3940232,RECEIVED,c2f14b50-f2d7-49bb-ab23-91a81b78862a,b7aa309f-450f-44e1-8024-9403e74dfc01,c3,DROP,1444,p3,?,
1769500733.42089,RECEIVED,6d4a25f0-58d3-4129-b964-c785c7e0d989,f8e7e85a-4989-4223-bebd-52a3f9591480,c4,DROP,1442,p1,?,
1769500733.4422193,RECEIVED,9b592c11-afe7-4d63-be0d-0f669fa77027,f35e4dc0-d6bd-4702-b1e6-a5c0e70e97a3,c3,DROP,1452,p3,?,
1769500733.469689,SENT,c2f14b50-f2d7-49bb-ab23-91a81b78862a,b7aa309f-450f-44e1-8024-9403e74dfc01,c3,DROP,1010,?,i3,
1769500733.4697278,FORWARDED,c2f14b50-f2d7-49bb-ab23-91a81b78862a,b7aa309f-450f-44e1-8024-9403e74dfc01,c3,DROP,1010,?,i3,
1769500733.5880764,SENT,cf4eff48-b42a-43ce-8751-459dc2cc4a32,2b95147d-83f8-4e3f-8a33-c4035fd55bb8,c4,DROP,1003,?,i6,
1769500733.5881224,FORWARDED,cf4eff48-b42a-43ce-8751-459dc2cc4a32,2b95147d-83f8-4e3f-8a33-c4035fd55bb8,c4,DROP,1003,?,i6,
1769500733.6357274,RECEIVED,f0d0ca9c-270a-41fa-975c-aa8c7df2255b,45bc118c-a9af-41b0-b312-f5ea997a2b16,c2,None,2234,p2,?,
1769500733.6852841,SENT,9b592c11-afe7-4d63-be0d-0f669fa77027,f35e4dc0-d6bd-4702-b1e6-a5c0e70e97a3,c3,DROP,1016,?,i1,
1769500733.685325,FORWARDED,9b592c11-afe7-4d63-be0d-0f669fa77027,f35e4dc0-d6bd-4702-b1e6-a5c0e70e97a3,c3,DROP,1016,?,i1,
1769500733.909981,SENT,6d4a25f0-58d3-4129-b964-c785c7e0d989,f8e7e85a-4989-4223-bebd-52a3f9591480,c4,DROP,1011,?,i1,
1769500733.9100275,FORWARDED,6d4a25f0-58d3-4129-b964-c785c7e0d989,f8e7e85a-4989-4223-bebd-52a3f9591480,c4,DROP,1011,?,i1,
1769500733.9182925,RECEIVED,959d8fb9-4fff-4658-a8b1-db62c1a5a9ca,0189e022-eb03-4694-a88e-1f532c02310e,c5,c2,2450,p2,?,
1769500734.0461464,SENT,091d50fc-dc8d-4678-84e4-db8feb232a4e,dc778f45-0e0b-45f3-acd9-07be9d0915c1,c3,DROP,1003,?,i8,
1769500734.0461855,FORWARDED,091d50fc-dc8d-4678-84e4-db8feb232a4e,dc778f45-0e0b-45f3-acd9-07be9d0915c1,c3,DROP,1003,?,i8,
1769500734.195828,RECEIVED,2bce6380-5137-4b90-ba5a-a8a67e637edd,572e3042-e180-4e20-adf6-ca004d55f28f,c2,DROP,1444,p2,?,
1769500734.2067103,RECEIVED,27b792e1-0ca9-423d-baaa-dec7b36fa0b0,adb5228f-8977-4283-acf4-4b111e8e8073,c2,DROP,1446,p2,?,
1769500734.2968862,RECEIVED,26211291-bfec-4c6b-8f9b-254494f03202,f38bded4-196a-4bd9-9856-65d062872226,c3,None,2232,p3,?,
1769500734.3936331,SENT,26211291-bfec-4c6b-8f9b-254494f03202,f38bded4-196a-4bd9-9856-65d062872226,c3,None,1600,?,i1,
1769500734.3936782,FORWARDED,26211291-bfec-4c6b-8f9b-254494f03202,f38bded4-196a-4bd9-9856-65d062872226,c3,None,1600,?,i1,
1769500734.485629,SENT,f0d0ca9c-270a-41fa-975c-aa8c7df2255b,45bc118c-a9af-41b0-b312-f5ea997a2b16,c2,None,1604,?,i7,
1769500734.4856696,FORWARDED,f0d0ca9c-270a-41fa-975c-aa8c7df2255b,45bc118c-a9af-41b0-b312-f5ea997a2b16,c2,None,1604,?,i7,
1769500734.602032,SENT,959d8fb9-4fff-4658-a8b1-db62c1a5a9ca,0189e022-eb03-4694-a88e-1f532c02310e,c5,c2,1767,?,i4,
1769500734.602287,FORWARDED,959d8fb9-4fff-4658-a8b1-db62c1a5a9ca,0189e022-eb03-4694-a88e-1f532c02310e,c5,c2,1767,?,i4,
1769500734.6789942,RECEIVED,8683a907-075a-4d0d-96cc-99e6fae4906b,b7ad591f-66bc-46ac-a100-4828a16651de,c3,None,2225,p3,?,
1769500734.7059834,SENT,8683a907-075a-4d0d-96cc-99e6fae4906b,b7ad591f-66bc-46ac-a100-4828a16651de,c3,None,1595,?,i9,
1769500734.7060268,FORWARDED,8683a907-075a-4d0d-96cc-99e6fae4906b,b7ad591f-66bc-46ac-a100-4828a16651de,c3,None,1595,?,i9,
1769500734.7752945,RECEIVED,48b2a81a-7495-4060-ae6b-cef66f63fef2,6af052b9-ba65-4b17-bd68-89675b5d1066,c5,c2,2448,p2,?,
1769500734.786722,RECEIVED,5a510d5a-4a5f-487d-8348-ce8639d39de3,52840b2f-0dd1-4743-afd6-fd5fb5d615b5,c3,c4,2466,p3,?,
1769500734.7884653,SENT,2bce6380-5137-4b90-ba5a-a8a67e637edd,572e3042-e180-4e20-adf6-ca004d55f28f,c2,DROP,1009,?,i12,
1769500734.788508,FORWARDED,2bce6380-5137-4b90-ba5a-a8a67e637edd,572e3042-e180-4e20-adf6-ca004d55f28f,c2,DROP,1009,?,i12,
1769500734.7919273,SENT,5a510d5a-4a5f-487d-8348-ce8639d39de3,52840b2f-0dd1-4743-afd6-fd5fb5d615b5,c3,c4,1775,?,i7,
1769500734.7919676,FORWARDED,5a510d5a-4a5f-487d-8348-ce8639d39de3,52840b2f-0dd1-4743-afd6-fd5fb5d615b5,c3,c4,1775,?,i7,
1769500734.817666,RECEIVED,a1762d5b-fa83-421d-9fdf-6c0b150fc204,35fb1e7e-0b11-4771-b902-b946bfaf7076,c5,DROP,1444,p2,?,
1769500734.8806567,SENT,a1762d5b-fa83-421d-9fdf-6c0b150fc204,35fb1e7e-0b11-4771-b902-b946bfaf7076,c5,DROP,1010,?,i1,
1769500734.8806937,FORWARDED,a1762d5b-fa83-421d-9fdf-6c0b150fc204,35fb1e7e-0b11-4771-b902-b946bfaf7076,c5,DROP,1010,?,i1,
1769500734.88718,SENT,48b2a81a-7495-4060-ae6b-cef66f63fef2,6af052b9-ba65-4b17-bd68-89675b5d1066,c5,c2,1764,?,i7,
1769500734.8872216,FORWARDED,48b2a81a-7495-4060-ae6b-cef66f63fef2,6af052b9-ba65-4b17-bd68-89675b5d1066,c5,c2,1764,?,i7,
1769500734.9054227,RECEIVED,85061164-f699-4f4a-ab2c-121b34ef3c40,3e1d9485-c5ac-43ed-bd04-8a97e738f972,c1,c5,2448,p1,?,
1769500735.0725148,RECEIVED,f9f4a1e3-4d8d-411e-ae70-3860937221e2,e0ccacc0-25fb-4fb7-b7d4-d22289fcfde8,c5,DROP,1444,p2,?,
1769500735.1134803,SENT,85061164-f699-4f4a-ab2c-121b34ef3c40,3e1d9485-c5ac-43ed-bd04-8a97e738f972,c1,c5,1762,?,i9,
1769500735.113518,FORWARDED,85061164-f699-4f4a-ab2c-121b34ef3c40,3e1d9485-c5ac-43ed-bd04-8a97e738f972,c1,c5,1762,?,i9,
1769500735.1283877,SENT,f9f4a1e3-4d8d-411e-ae70-3860937221e2,e0ccacc0-25fb-4fb7-b7d4-d22289fcfde8,c5,DROP,1011,?,i3,
1769500735.128455,FORWARDED,f9f4a1e3-4d8d-411e-ae70-3860937221e2,e0ccacc0-25fb-4fb7-b7d4-d22289fcfde8,c5,DROP,1011,?,i3,
1769500735.1372445,RECEIVED,2c80740f-f9e8-41a8-8ace-272366da43b1,25e7d325-f070-43bb-ae65-8b359842517a,c1,DROP,442,x2,?,
1769500735.2971718,RECEIVED,1c30802d-4082-47b5-b758-a162619695a9,18cdb4cf-37f7-435c-ae41-fe2dce19a2d2,c5,DROP,1439,p2,?,
1769500735.3215752,SENT,27b792e1-0ca9-423d-baaa-dec7b36fa0b0,adb5228f-8977-4283-acf4-4b111e8e8073,c2,DROP,1013,?,i3,
1769500735.3216157,FORWARDED,27b792e1-0ca9-423d-baaa-dec7b36fa0b0,adb5228f-8977-4283-acf4-4b111e8e8073,c2,DROP,1013,?,i3,
1769500735.3732119,RECEIVED,15d79388-4ac5-43e3-bc9f-f107ed1cdb8d,3a5118aa-89d7-439f-bf24-4b8935cefcaa,c3,c4,2455,p3,?,
1769500735.3815773,RECEIVED,1d1969d0-023f-4faf-8dca-5112f277a523,59354063-2521-433e-b8fe-6b687a420f35,c5,DROP,441,x12,?,
1769500735.3964267,RECEIVED,a1305dc9-e173-4884-971d-f61f3022e8c6,82f98a53-32f7-4408-a130-dc1c264d3fad,c3,DROP,1452,p3,?,
1769500735.427387,RECEIVED,67aaa4de-b5f3-4d1d-9b29-f4b8b3baf990,dead3d0e-ffde-4508-ba6c-3e292ddcbd2a,c3,c4,2460,p3,?,
1769500735.4366214,SENT,1c30802d-4082-47b5-b758-a162619695a9,18cdb4cf-37f7-435c-ae41-fe2dce19a2d2,c5,DROP,1007,?,i2,
1769500735.43666,FORWARDED,1c30802d-4082-47b5-b758-a162619695a9,18cdb4cf-37f7-435c-ae41-fe2dce19a2d2,c5,DROP,1007,?,i2,
1769500735.5889716,RECEIVED,1968c23d-acbf-482e-ae2a-85ff6b6e4e63,9e81a555-3855-4466-8e06-d22e81e403df,c3,c4,2448,p3,?,
1769500735.6393025,RECEIVED,b499602c-296d-42e7-aa3f-7845bef45425,becbf8cf-596b-4ed4-903c-e376085450b8,c2,DROP,1440,p2,?,
1769500735.7159219,RECEIVED,5126b0a5-52ba-475f-81a8-b94732926498,fcf01f7a-14b0-4c2a-9e09-d43c88680714,c5,DROP,1447,p2,?,
1769500735.7690997,SENT,1968c23d-acbf-482e-ae2a-85ff6b6e4e63,9e81a555-3855-4466-8e06-d22e81e403df,c3,c4,1764,?,i9,
1769500735.769142,FORWARDED,1968c23d-acbf-482e-ae2a-85ff6b6e4e63,9e81a555-3855-4466-8e06-d22e81e403df,c3,c4,1764,?,i9,
1769500735.8471503,SENT,5126b0a5-52ba-475f-81a8-b94732926498,fcf01f7a-14b0-4c2a-9e09-d43c88680714,c5,DROP,1012,?,i9,
1769500735.8471932,FORWARDED,5126b0a5-52ba-475f-81a8-b94732926498,fcf01f7a-14b0-4c2a-9e09-d43c88680714,c5,DROP,1012,?,i9,
1769500735.8522294,SENT,a1305dc9-e173-4884-971d-f61f3022e8c6,82f98a53-32f7-4408-a130-dc1c264d3fad,c3,DROP,1015,?,i6,
1769500735.8522723,FORWARDED,a1305dc9-e173-4884-971d-f61f3022e8c6,82f98a53-32f7-4408-a130-dc1c264d3fad,c3,DROP,1015,?,i6,
1769500735.968925,RECEIVED,96f87151-71bf-4b6d-83dc-8b1c4749ee67,807677be-e689-4274-8a8a-501aa8517a43,c2,DROP,1431,p2,?,
1769500736.1033947,RECEIVED,370ff4e1-2838-4b18-98a2-4513121b39f3,293eb947-ec58-400b-a393-e83983672509,c2,DROP,1443,p2,?,
1769500736.1416354,SENT,b499602c-296d-42e7-aa3f-7845bef45425,becbf8cf-596b-4ed4-903c-e376085450b8,c2,DROP,1006,?,i10,
1769500736.141689,FORWARDED,b499602c-296d-42e7-aa3f-7845bef45425,becbf8cf-596b-4ed4-903c-e376085450b8,c2,DROP,1006,?,i10,
1769500736.1509004,RECEIVED,4a9142c6-fbbf-4253-8f7e-bacb590a6751,7237625c-6a3a-4ddb-9b83-5ed301466340,c4,DROP,1458,p1,?,
1769500736.267066,SENT,15d79388-4ac5-43e3-bc9f-f107ed1cdb8d,3a5118aa-89d7-439f-bf24-4b8935cefcaa,c3,c4,1769,?,i1,
1769500736.267107,FORWARDED,15d79388-4ac5-43e3-bc9f-f107ed1cdb8d,3a5118aa-89d7-439f-bf24-4b8935cefcaa,c3,c4,1769,?,i1,
1769500736.3393037,RECEIVED,6b6bd3c7-98a3-4433-952f-b85552002fb8,2d0c3d25-fa26-4418-b1d8-77f6a0d15a8d,c4,c3,2451,p1,?,
1769500736.356345,RECEIVED,6b376f27-bc8a-431a-864c-c46484a52f30,efb6dace-3dc4-48a3-bd01-0b83cce552bd,c5,c2,2462,p2,?,
1769500736.4654946,RECEIVED,ef048227-69df-4c79-ae6c-dd7f1aab93fd,e6ee11fe-9338-4ddf-b9f7-1ecabe621e22,c3,DROP,1436,p3,?,
1769500736.473269,SENT,96f87151-71bf-4b6d-83dc-8b1c4749ee67,807677be-e689-4274-8a8a-501aa8517a43,c2,DROP,1000,?,i8,
1769500736.4733105,FORWARDED,96f87151-71bf-4b6d-83dc-8b1c4749ee67,807677be-e689-4274-8a8a-501aa8517a43,c2,DROP,1000,?,i8,
1769500736.482783,RECEIVED,e2cc3eaa-f7dc-4f45-95a8-f4edc30ae676,cd19ab75-e743-4e85-b770-5692db585f00,c1,DROP,1452,p1,?,
1769500736.6733978,SENT,ef048227-69df-4c79-ae6c-dd7f1aab93fd,e6ee11fe-9338-4ddf-b9f7-1ecabe621e22,c3,DROP,1005,?,i5,
1769500736.673441,FORWARDED,ef048227-69df-4c79-ae6c-dd7f1aab93fd,e6ee11fe-9338-4ddf-b9f7-1ecabe621e22,c3,DROP,1005,?,i5,
1769500736.7491114,SENT,6b6bd3c7-98a3-4433-952f-b85552002fb8,2d0c3d25-fa26-4418-b1d8-77f6a0d15a8d,c4,c3,1765,?,i3,
1769500736.7491622,FORWARDED,6b6bd3c7-98a3-4433-952f-b85552002fb8,2d0c3d25-fa26-4418-b1d8-77f6a0d15a8d,c4,c3,1765,?,i3,
1769500736.8473823,RECEIVED,addfbcbc-3af7-4458-93dc-df8bf14fd865,657887e3-079e-4f1a-8a16-416149c909aa,c3,DROP,1440,p3,?,
1769500736.869011,SENT,67aaa4de-b5f3-4d1d-9b29-f4b8b3baf990,dead3d0e-ffde-4508-ba6c-3e292ddcbd2a,c3,c4,1771,?,i11,
1769500736.8690624,FORWARDED,67aaa4de-b5f3-4d1d-9b29-f4b8b3baf990,dead3d0e-ffde-4508-ba6c-3e292ddcbd2a,c3,c4,1771,?,i11,
1769500736.9260626,SENT,4a9142c6-fbbf-4253-8f7e-bacb590a6751,7237625c-6a3a-4ddb-9b83-5ed301466340,c4,DROP,1021,?,i9,
1769500736.9261053,FORWARDED,4a9142c6-fbbf-4253-8f7e-bacb590a6751,7237625c-6a3a-4ddb-9b83-5ed301466340,c4,DROP,1021,?,i9,
1769500737.015409,SENT,addfbcbc-3af7-4458-93dc-df8bf14fd865,657887e3-079e-4f1a-8a16-416149c909aa,c3,DROP,1008,?,i9,
1769500737.0154526,FORWARDED,addfbcbc-3af7-4458-93dc-df8bf14fd865,657887e3-079e-4f1a-8a16-416149c909aa,c3,DROP,1008,?,i9,
1769500737.2993336,RECEIVED,ca45fb1e-12ae-496e-b7ec-62cec3b27d63,3cca6d8a-d2c5-4253-914e-ab7cd54cd78d,c1,DROP,441,x2,?,
1769500737.5013373,RECEIVED,a666c819-afba-4445-8bf2-736a978bb1b8,bd286cd6-250d-4878-8804-67c174b1f3a8,c4,DROP,1440,p1,?,
1769500737.5304108,RECEIVED,10b8cb8d-088f-40ce-9156-747ee80accde,4f3ca881-c5b0-46e4-9257-3e326e51d933,c3,DROP,442,x10,?,
1769500737.6420996,RECEIVED,831f2ad5-c8a7-4037-af5b-0629568944fd,d2d321dc-8a39-45cf-af0c-4f8cbd2a725a,c5,None,2236,p2,?,
1769500737.8285584,SENT,e2cc3eaa-f7dc-4f45-95a8-f4edc30ae676,cd19ab75-e743-4e85-b770-5692db585f00,c1,DROP,1016,?,i12,
1769500737.8285973,FORWARDED,e2cc3eaa-f7dc-4f45-95a8-f4edc30ae676,cd19ab75-e743-4e85-b770-5692db585f00,c1,DROP,1016,?,i12,
1769500737.8739395,SENT,370ff4e1-2838-4b18-98a2-4513121b39f3,293eb947-ec58-400b-a393-e83983672509,c2,DROP,1011,?,i2,
1769500737.8739762,FORWARDED,370ff4e1-2838-4b18-98a2-4513121b39f3,293eb947-ec58-400b-a393-e83983672509,c2,DROP,1011,?,i2,
1769500737.8883593,SENT,a666c819-afba-4445-8bf2-736a978bb1b8,bd286cd6-250d-4878-8804-67c174b1f3a8,c4,DROP,1008,?,i12,
1769500737.8883994,FORWARDED,a666c819-afba-4445-8bf2-736a978bb1b8,bd286cd6-250d-4878-8804-67c174b1f3a8,c4,DROP,1008,?,i12,
1769500737.9826076,RECEIVED,4c58065b-2f94-4646-bbdd-32d6ba53119c,0469dc01-3daa-4992-b6a5-b2af8628fb6a,c1,DROP,442,x11,?,
1769500738.0259366,SENT,6b376f27-bc8a-431a-864c-c46484a52f30,efb6dace-3dc4-48a3-bd01-0b83cce552bd,c5,c2,1776,?,i9,
1769500738.0259728,FORWARDED,6b376f27-bc8a-431a-864c-c46484a52f30,efb6dace-3dc4-48a3-bd01-0b83cce552bd,c5,c2,1776,?,i9,
1769500738.0411577,SENT,831f2ad5-c8a7-4037-af5b-0629568944fd,d2d321dc-8a39-45cf-af0c-4f8cbd2a725a,c5,None,1604,?,i3,
1769500738.041201,FORWARDED,831f2ad5-c8a7-4037-af5b-0629568944fd,d2d321dc-8a39-45cf-af0c-4f8cbd2a725a,c5,None,1604,?,i3,
1769500738.1181123,RECEIVED,8f1383e2-84dd-4ae0-82bd-e0c3cdba8e5b,887a606c-d520-4a5e-8d57-3c959446fccf,c5,c2,2447,p2,?,
1769500738.190651,RECEIVED,66e41a58-f1bc-47ce-98fb-3f88fd7e9ac6,26031df1-8da9-4c6e-8075-fa70b98738d1,c3,DROP,442,x7,?,
1769500738.442626,RECEIVED,e96acf4e-0f8d-46c9-99f6-8c094723c823,e9d79666-67f0-47ca-aba7-bb32053428a3,c1,DROP,1439,p1,?,
1769500738.5632586,RECEIVED,7fda2d24-2e32-46d3-889f-b37f4bc48b8c,2a951979-5bd8-4368-abfe-85278d86f919,c1,DROP,1452,p1,?,
1769500738.6297286,RECEIVED,3198ebfe-f8ed-4b03-b043-51ab5b587d72,5c08059d-ad06-4efd-9443-ea06c0fdf1e8,c4,DROP,1452,p1,?,
1769500738.665612,RECEIVED,64deae35-113a-4408-961e-d13a87cdf125,39ae1328-d6f0-4ba2-9425-82254f7bfbec,c3,None,2231,p3,?,
1769500738.7873864,SENT,3198ebfe-f8ed-4b03-b043-51ab5b587d72,5c08059d-ad06-4efd-9443-ea06c0fdf1e8,c4,DROP,1017,?,i1,
1769500738.7874289,FORWARDED,3198ebfe-f8ed-4b03-b043-51ab5b587d72,5c08059d-ad06-4efd-9443-ea06c0fdf1e8,c4,DROP,1017,?,i1,
1769500739.2874694,RECEIVED,7faed487-3f7d-40a4-9947-359042fcd15d,cf2760ff-7eff-4622-8092-b8623c63cb1c,c3,DROP,441,x9,?,
1769500739.3006382,RECEIVED,1891507b-b194-4536-b58d-ef2ee53a05c7,1637d8e0-572f-49c0-a8db-8179d2765f49,c4,DROP,1443,p1,?,
1769500739.3017428,SENT,e96acf4e-0f8d-46c9-99f6-8c094723c823,e9d79666-67f0-47ca-aba7-bb32053428a3,c1,DROP,1006,?,i9,
1769500739.3017848,FORWARDED,e96acf4e-0f8d-46c9-99f6-8c094723c823,e9d79666-67f0-47ca-aba7-bb32053428a3,c1,DROP,1006,?,i9,
1769500739.3028345,RECEIVED,33b1ca6e-c519-4439-8eb0-b1e384baaaaf,db076999-2226-41e0-8a9b-bc7904b3a664,c3,c4,2447,p3,?,
1769500739.334327,RECEIVED,48a15814-4e9d-4cb7-b0fd-47abe5b30433,1f15d8a6-4dcf-45b1-b721-7818133a39a9,c2,DROP,1451,p2,?,
1769500739.4620874,SENT,64deae35-113a-4408-961e-d13a87cdf125,39ae1328-d6f0-4ba2-9425-82254f7bfbec,c3,None,1601,?,i4,
1769500739.4621308,FORWARDED,64deae35-113a-4408-961e-d13a87cdf125,39ae1328-d6f0-4ba2-9425-82254f7bfbec,c3,None,1601,?,i4,
1769500739.6515021,SENT,33b1ca6e-c519-4439-8eb0-b1e384baaaaf,db076999-2226-41e0-8a9b-bc7904b3a664,c3,c4,1763,?,i2,
1769500739.6515515,FORWARDED,33b1ca6e-c519-4439-8eb0-b1e384baaaaf,db076999-2226-41e0-8a9b-bc7904b3a664,c3,c4,1763,?,i2,
1769500739.7673223,SENT,48a15814-4e9d-4cb7-b0fd-47abe5b30433,1f15d8a6-4dcf-45b1-b721-7818133a39a9,c2,DROP,1015,?,i3,
1769500739.7673783,FORWARDED,48a15814-4e9d-4cb7-b0fd-47abe5b30433,1f15d8a6-4dcf-45b1-b721-7818133a39a9,c2,DROP,1015,?,i3,
1769500740.0082018,RECEIVED,2e52f500-2455-4063-a823-6249332c66a6,ab3cb9ba-b7a9-4a21-8024-18c97b2b0bbd,c3,None,2238,p3,?,
1769500740.0674121,SENT,8f1383e2-84dd-4ae0-82bd-e0c3cdba8e5b,887a606c-d520-4a5e-8d57-3c959446fccf,c5,c2,1763,?,i7,
1769500740.0674558,FORWARDED,8f1383e2-84dd-4ae0-82bd-e0c3cdba8e5b,887a606c-d520-4a5e-8d57-3c959446fccf,c5,c2,1763,?,i7,
1769500740.082602,RECEIVED,c1ce0519-8b8e-4a7d-8486-443c530aba50,20dd7793-ff94-4cbf-adaa-ab5abe83214f,c4,DROP,1451,p1,?,
1769500740.0946684,RECEIVED,0cfab707-f8f4-4e49-a0e9-924775b07867,cbc6e9ee-932e-401a-969a-c94fa9481058,c4,c3,2462,p1,?,
1769500740.2313054,SENT,7fda2d24-2e32-46d3-889f-b37f4bc48b8c,2a951979-5bd8-4368-abfe-85278d86f919,c1,DROP,1016,?,i10,
1769500740.2316194,FORWARDED,7fda2d24-2e32-46d3-889f-b37f4bc48b8c,2a951979-5bd8-4368-abfe-85278d86f919,c1,DROP,1016,?,i10,
1769500740.2755046,RECEIVED,44b19e62-b882-4f90-9860-d71119189d9c,ba4080a1-4289-4154-9563-3d77d9b94672,c5,None,2227,p2,?,
1769500740.2990038,RECEIVED,21fc1c9f-e02a-41c4-99ec-4e6a5b4f5523,b6ddf902-1ed3-4774-abd9-e34ae421aef4,c1,c5,2464,p1,?,
1769500740.3595903,RECEIVED,ab9ec92a-01dd-453f-81b9-abdf7984b48c,2db38857-aad4-4423-b04e-d85d67855a5f,c4,DROP,441,x10,?,
1769500740.401507,RECEIVED,abe5b58f-3c23-4509-84a2-33105a6f7312,c7fbd591-5bc2-4ae6-836a-309be5f91858,c5,DROP,1435,p2,?,
1769500740.409768,SENT,c1ce0519-8b8e-4a7d-8486-443c530aba50,20dd7793-ff94-4cbf-adaa-ab5abe83214f,c4,DROP,1017,?,i7,
1769500740.4098191,FORWARDED,c1ce0519-8b8e-4a7d-8486-443c530aba50,20dd7793-ff94-4cbf-adaa-ab5abe83214f,c4,DROP,1017,?,i7,
1769500740.4829557,SENT,21fc1c9f-e02a-41c4-99ec-4e6a5b4f5523,b6ddf902-1ed3-4774-abd9-e34ae421aef4,c1,c5,1775,?,i1,
1769500740.4829988,FORWARDED,21fc1c9f-e02a-41c4-99ec-4e6a5b4f5523,b6ddf902-1ed3-4774-abd9-e34ae421aef4,c1,c5,1775,?,i1,
1769500740.597106,SENT,1891507b-b194-4536-b58d-ef2ee53a05c7,1637d8e0-572f-49c0-a8db-8179d2765f49,c4,DROP,1010,?,i4,
1769500740.5971487,FORWARDED,1891507b-b194-4536-b58d-ef2ee53a05c7,1637d8e0-572f-49c0-a8db-8179d2765f49,c4,DROP,1010,?,i4,
1769500740.8258119,SENT,44b19e62-b882-4f90-9860-d71119189d9c,ba4080a1-4289-4154-9563-3d77d9b94672,c5,None,1599,?,i4,
1769500740.8258553,FORWARDED,44b19e62-b882-4f90-9860-d71119189d9c,ba4080a1-4289-4154-9563-3d77d9b94672,c5,None,1599,?,i4,
1769500740.926241,SENT,2e52f500-2455-4063-a823-6249332c66a6,ab3cb9ba-b7a9-4a21-8024-18c97b2b0bbd,c3,None,1608,?,i1,
1769500740.9262826,FORWARDED,2e52f500-2455-4063-a823-6249332c66a6,ab3cb9ba-b7a9-4a21-8024-18c97b2b0bbd,c3,None,1608,?,i1,
1769500740.9604301,RECEIVED,9874f3be-1402-486a-a437-0f2288befdeb,7d321ca3-a647-4325-94f8-f3e5ec6b1508,c2,DROP,441,x2,?,
1769500741.0073736,RECEIVED,94a8504c-7758-451d-81cf-38a8e0c5421e,acc12bb1-fe9e-46a2-afbb-4051c8057c2b,c2,DROP,1449,p2,?,
1769500741.0182562,RECEIVED,a70b206d-b8fd-4416-92c4-6f0210b7078c,6707a976-66e3-4542-964b-058ed1324225,c4,None,2236,p1,?,
1769500741.0595024,SENT,a70b206d-b8fd-4416-92c4-6f0210b7078c,6707a976-66e3-4542-964b-058ed1324225,c4,None,1604,?,i8,
1769500741.059547,FORWARDED,a70b206d-b8fd-4416-92c4-6f0210b7078c,6707a976-66e3-4542-964b-058ed1324225,c4,None,1604,?,i8,
1769500741.072183,RECEIVED,f869b06c-97e5-4dd5-bd71-cd109fdbdb27,b9bad760-894f-4ae2-b64d-5a1ac52bd722,c4,DROP,1453,p1,?,
1769500741.0997233,RECEIVED,5b8bb7af-50cf-456a-baf4-1fd0de3b15e1,ce224eaa-5aac-4674-99f1-b530a8309f99,c3,DROP,1439,p3,?,
1769500741.1539557,SENT,94a8504c-7758-451d-81cf-38a8e0c5421e,acc12bb1-fe9e-46a2-afbb-4051c8057c2b,c2,DROP,1012,?,i10,
1769500741.1539943,FORWARDED,94a8504c-7758-451d-81cf-38a8e0c5421e,acc12bb1-fe9e-46a2-afbb-4051c8057c2b,c2,DROP,1012,?,i10,
1769500741.1869345,SENT,5b8bb7af-50cf-456a-baf4-1fd0de3b15e1,ce224eaa-5aac-4674-99f1-b530a8309f99,c3,DROP,1007,?,i8,
1769500741.1869721,FORWARDED,5b8bb7af-50cf-456a-baf4-1fd0de3b15e1,ce224eaa-5aac-4674-99f1-b530a8309f99,c3,DROP,1007,?,i8,
1769500741.2810585,RECEIVED,2bd61d8a-7ca9-423f-a31d-12e0879f6b5c,5bb26b38-f4af-4769-b957-6c8a1ab5dedf,c2,DROP,1439,p2,?,
1769500741.3944647,SENT,f869b06c-97e5-4dd5-bd71-cd109fdbdb27,b9bad760-894f-4ae2-b64d-5a1ac52bd722,c4,DROP,1016,?,i11,
1769500741.3945036,FORWARDED,f869b06c-97e5-4dd5-bd71-cd109fdbdb27,b9bad760-894f-4ae2-b64d-5a1ac52bd722,c4,DROP,1016,?,i11,
1769500741.5110567,SENT,2bd61d8a-7ca9-423f-a31d-12e0879f6b5c,5bb26b38-f4af-4769-b957-6c8a1ab5dedf,c2,DROP,1007,?,i5,
1769500741.5110996,FORWARDED,2bd61d8a-7ca9-423f-a31d-12e0879f6b5c,5bb26b38-f4af-4769-b957-6c8a1ab5dedf,c2,DROP,1007,?,i5,
1769500741.6124387,RECEIVED,1f0b7744-40a9-4d24-886e-edefdc520561,80ac00ea-adc7-4274-8f65-181518ebad17,c1,c5,2459,p1,?,
1769500741.746799,RECEIVED,123ac305-69ca-42a6-85c6-c866eea71862,fca0747e-9fc7-44e8-8de6-bfe50531e476,c5,DROP,1449,p2,?,
1769500741.7809918,SENT,123ac305-69ca-42a6-85c6-c866eea71862,fca0747e-9fc7-44e8-8de6-bfe50531e476,c5,DROP,1012,?,i11,
1769500741.78103,FORWARDED,123ac305-69ca-42a6-85c6-c866eea71862,fca0747e-9fc7-44e8-8de6-bfe50531e476,c5,DROP,1012,?,i11,
1769500741.7848814,SENT,abe5b58f-3c23-4509-84a2-33105a6f7312,c7fbd591-5bc2-4ae6-836a-309be5f91858,c5,DROP,1003,?,i1,
1769500741.7849195,FORWARDED,abe5b58f-3c23-4509-84a2-33105a6f7312,c7fbd591-5bc2-4ae6-836a-309be5f91858,c5,DROP,1003,?,i1,
1769500741.9739113,RECEIVED,92719a65-2617-41ec-bf6e-71cf3f6c7ebc,9538ff2e-528c-4a0a-b345-f67808149637,c4,DROP,1439,p1,?,
1769500742.1197343,RECEIVED,f6f410bc-16b7-4943-a1af-96be40c92ed2,62a97bb6-16d3-4dd9-97d4-3abacb236ce7,c3,c4,2464,p3,?,
1769500742.2707798,RECEIVED,cf38a8e8-3b6a-422c-aeba-1e2714a03e4f,130f6011-9731-47ce-9763-6aec5f137da7,c1,DROP,1440,p1,?,
1769500742.2877917,SENT,1f0b7744-40a9-4d24-886e-edefdc520561,80ac00ea-adc7-4274-8f65-181518ebad17,c1,c5,1771,?,i3,
1769500742.2878413,FORWARDED,1f0b7744-40a9-4d24-886e-edefdc520561,80ac00ea-adc7-4274-8f65-181518ebad17,c1,c5,1771,?,i3,
1769500742.355877,RECEIVED,5fc08039-36f7-4879-ab5f-c31eddaed714,80a5bf27-d415-46f7-a001-522763198f76,c5,DROP,1439,p2,?,
1769500742.4028754,SENT,0cfab707-f8f4-4e49-a0e9-924775b07867,cbc6e9ee-932e-401a-969a-c94fa9481058,c4,c3,1775,?,i8,
1769500742.4029176,FORWARDED,0cfab707-f8f4-4e49-a0e9-924775b07867,cbc6e9ee-932e-401a-969a-c94fa9481058,c4,c3,1775,?,i8,
1769500742.4871287,SENT,cf38a8e8-3b6a-422c-aeba-1e2714a03e4f,130f6011-9731-47ce-9763-6aec5f137da7,c1,DROP,1007,?,i6,
1769500742.4871705,FORWARDED,cf38a8e8-3b6a-422c-aeba-1e2714a03e4f,130f6011-9731-47ce-9763-6aec5f137da7,c1,DROP,1007,?,i6,
1769500742.5572011,RECEIVED,d65c0bc3-b5c3-4fed-9c0b-2a8e5c25944c,b2cb925d-9ef6-4499-a718-d2f06e02880f,c1,DROP,441,x12,?,
1769500742.6237595,SENT,f6f410bc-16b7-4943-a1af-96be40c92ed2,62a97bb6-16d3-4dd9-97d4-3abacb236ce7,c3,c4,1775,?,i11,
1769500742.6237998,FORWARDED,f6f410bc-16b7-4943-a1af-96be40c92ed2,62a97bb6-16d3-4dd9-97d4-3abacb236ce7,c3,c4,1775,?,i11,
1769500742.6299202,SENT,92719a65-2617-41ec-bf6e-71cf3f6c7ebc,9538ff2e-528c-4a0a-b345-f67808149637,c4,DROP,1007,?,i4,
1769500742.6299639,FORWARDED,92719a65-2617-41ec-bf6e-71cf3f6c7ebc,9538ff2e-528c-4a0a-b345-f67808149637,c4,DROP,1007,?,i4,
1769500742.796459,RECEIVED,24aa83e1-4513-4d2a-8a21-c6b2b2dd18e1,d7b08b7b-770f-4899-b35c-49266aa13fee,c5,DROP,1448,p2,?,
1769500742.7994978,RECEIVED,72853216-3adb-4c33-b02a-406008f3f022,67b77ba5-add2-4ee2-be1a-969e5d234cf5,c5,None,2224,p2,?,
1769500742.925012,RECEIVED,2e868315-ef56-437c-b8fb-c4a914c1caab,3f601b00-339a-4750-94a2-97889c309b30,c4,DROP,1443,p1,?,
1769500742.933866,RECEIVED,87c5dd3d-7752-49e0-9f45-b27b4fe02c6d,c7dd6dec-9f15-4fa6-bafe-fc26325bbc50,c4,None,2236,p1,?,
1769500742.967665,SENT,87c5dd3d-7752-49e0-9f45-b27b4fe02c6d,c7dd6dec-9f15-4fa6-bafe-fc26325bbc50,c4,None,1604,?,i7,
1769500742.9677052,FORWARDED,87c5dd3d-7752-49e0-9f45-b27b4fe02c6d,c7dd6dec-9f15-4fa6-bafe-fc26325bbc50,c4,None,1604,?,i7,
1769500743.0098183,SENT,5fc08039-36f7-4879-ab5f-c31eddaed714,80a5bf27-d415-46f7-a001-522763198f76,c5,DROP,1007,?,i2,
1769500743.009855,FORWARDED,5fc08039-36f7-4879-ab5f-c31eddaed714,80a5bf27-d415-46f7-a001-522763198f76,c5,DROP,1007,?,i2,
1769500743.0472722,RECEIVED,f9b2c198-5a6f-43a1-8239-239326b5adfe,318a1763-a619-47ab-8cf9-348aa7d78da2,c2,DROP,1439,p2,?,
1769500743.0647807,SENT,24aa83e1-4513-4d2a-8a21-c6b2b2dd18e1,d7b08b7b-770f-4899-b35c-49266aa13fee,c5,DROP,1013,?,i5,
1769500743.0648248,FORWARDED,24aa83e1-4513-4d2a-8a21-c6b2b2dd18e1,d7b08b7b-770f-4899-b35c-49266aa13fee,c5,DROP,1013,?,i5,
1769500743.113723,RECEIVED,74f2a258-7d0d-4005-8d1f-8b339decc179,0be6b040-e1d5-4eee-9bc1-9db8f0872138,c3,None,2228,p3,?,
1769500743.1678433,SENT,74f2a258-7d0d-4005-8d1f-8b339decc179,0be6b040-e1d5-4eee-9bc1-9db8f0872138,c3,None,1597,?,i6,
1769500743.1678858,FORWARDED,74f2a258-7d0d-4005-8d1f-8b339decc179,0be6b040-e1d5-4eee-9bc1-9db8f0872138,c3,None,1597,?,i6,
1769500743.287542,SENT,72853216-3adb-4c33-b02a-406008f3f022,67b77ba5-add2-4ee2-be1a-969e5d234cf5,c5,None,1596,?,i12,
1769500743.2875848,FORWARDED,72853216-3adb-4c33-b02a-406008f3f022,67b77ba5-add2-4ee2-be1a-969e5d234cf5,c5,None,1596,?,i12,
1769500743.5446336,RECEIVED,dac7f28c-06f6-4874-92bd-a83937f720b2,7dd27ac9-4b2d-4ca5-9692-b4b44d965718,c5,c2,2463,p2,?,
1769500743.6165323,SENT,2e868315-ef56-437c-b8fb-c4a914c1caab,3f601b00-339a-4750-94a2-97889c309b30,c4,DROP,1011,?,i7,
1769500743.6165743,FORWARDED,2e868315-ef56-437c-b8fb-c4a914c1caab,3f601b00-339a-4750-94a2-97889c309b30,c4,DROP,1011,?,i7,
1769500743.6442804,SENT,f9b2c198-5a6f-43a1-8239-239326b5adfe,318a1763-a619-47ab-8cf9-348aa7d78da2,c2,DROP,1008,?,i9,
1769500743.6443212,FORWARDED,f9b2c198-5a6f-43a1-8239-239326b5adfe,318a1763-a619-47ab-8cf9-348aa7d78da2,c2,DROP,1008,?,i9,
1769500743.758038,RECEIVED,797c24db-8c24-4e7b-bae9-d08e0ca7cb6f,bbac2cc5-e7e4-40f6-b3bb-b0b043e6977e,c2,DROP,1444,p2,?,
1769500743.7694852,RECEIVED,0c4849e6-caf5-409b-a0f3-c3bdcd64ca4f,eb6168bd-12a3-4a65-8e97-a7f6ecd867bd,c4,DROP,1451,p1,?,
1769500743.8275323,RECEIVED,40b620d0-3abc-4655-bea4-5f544dec3c86,a9443aa1-c258-497f-bf19-64cfe5eb77d7,c1,None,2223,p1,?,
1769500743.9079485,RECEIVED,111d4282-0614-46cd-afa9-a7b8ba142a41,71161e32-d77b-4d5b-83f0-0c2d718d472c,c4,DROP,1447,p1,?,
1769500743.9361677,RECEIVED,50e83739-16a5-4f93-ba34-ce4c39c24d74,f3057475-eed4-4bf3-8d6d-558cbb35f2d6,c1,DROP,1442,p1,?,
1769500743.9590225,SENT,797c24db-8c24-4e7b-bae9-d08e0ca7cb6f,bbac2cc5-e7e4-40f6-b3bb-b0b043e6977e,c2,DROP,1011,?,i2,
1769500743.9590747,FORWARDED,797c24db-8c24-4e7b-bae9-d08e0ca7cb6f,bbac2cc5-e7e4-40f6-b3bb-b0b043e6977e,c2,DROP,1011,?,i2,
1769500743.9611666,RECEIVED,e50be0dd-0588-4ce2-a870-495a1105b342,f6dd0486-6e38-4e79-83e3-fa76549e9f82,c3,DROP,1443,p3,?,
1769500744.0582376,RECEIVED,f3f74bff-d2d8-46c5-bfae-1f4ed0c9accf,11982a8a-a2f4-4eb0-a2be-75d26bb8b6f4,c1,DROP,1439,p1,?,
1769500744.0642107,SENT,0c4849e6-caf5-409b-a0f3-c3bdcd64ca4f,eb6168bd-12a3-4a65-8e97-a7f6ecd867bd,c4,DROP,1015,?,i9,
1769500744.0642488,FORWARDED,0c4849e6-caf5-409b-a0f3-c3bdcd64ca4f,eb6168bd-12a3-4a65-8e97-a7f6ecd867bd,c4,DROP,1015,?,i9,
1769500744.1636455,RECEIVED,6fd533d5-450f-41cb-97b1-eaba6d20e573,c41f0b05-1976-4fd3-9649-807c8fdc18be,c1,DROP,1439,p1,?,
1769500744.2071784,SENT,40b620d0-3abc-4655-bea4-5f544dec3c86,a9443aa1-c258-497f-bf19-64cfe5eb77d7,c1,None,1595,?,i8,
1769500744.2072194,FORWARDED,40b620d0-3abc-4655-bea4-5f544dec3c86,a9443aa1-c258-497f-bf19-64cfe5eb77d7,c1,None,1595,?,i8,
1769500744.3136091,RECEIVED,45aaccd7-6d5d-473b-9526-240ae2af4128,98407903-0fdf-471c-a7bd-ee1bb0dffeb1,c2,DROP,442,x7,?,
1769500744.3520036,RECEIVED,9ff1d440-0389-4601-93a9-fbb82e55fb8d,1e0aa8e0-977a-496a-9ac4-6b04d62b11b3,c2,DROP,445,x11,?,
1769500744.431458,SENT,dac7f28c-06f6-4874-92bd-a83937f720b2,7dd27ac9-4b2d-4ca5-9692-b4b44d965718,c5,c2,1774,?,i5,
1769500744.4314978,FORWARDED,dac7f28c-06f6-4874-92bd-a83937f720b2,7dd27ac9-4b2d-4ca5-9692-b4b44d965718,c5,c2,1774,?,i5,
1769500744.4448502,RECEIVED,14493c4f-0c89-49fe-968a-ddd6c5d8ce2a,722c05f4-cddb-4f17-8237-0ea31f1790e5,c3,c4,2460,p3,?,
1769500744.5019763,RECEIVED,80fc2de0-4d23-4e43-98fb-4be8225bd437,eee457ea-a40b-4b47-beed-edded372b12d,c1,DROP,1435,p1,?,
1769500744.6263204,SENT,14493c4f-0c89-49fe-968a-ddd6c5d8ce2a,722c05f4-cddb-4f17-8237-0ea31f1790e5,c3,c4,1771,?,i9,
1769500744.626372,FORWARDED,14493c4f-0c89-49fe-968a-ddd6c5d8ce2a,722c05f4-cddb-4f17-8237-0ea31f1790e5,c3,c4,1771,?,i9,
1769500744.6435676,RECEIVED,4a8ca559-941b-4bb5-901b-3319058e2cf2,6446b770-5eb8-4dfc-a05d-21ab435afd13,c2,DROP,442,x2,?,
1769500744.7934995,SENT,f3f74bff-d2d8-46c5-bfae-1f4ed0c9accf,11982a8a-a2f4-4eb0-a2be-75d26bb8b6f4,c1,DROP,1007,?,i7,
1769500744.793533,FORWARDED,f3f74bff-d2d8-46c5-bfae-1f4ed0c9accf,11982a8a-a2f4-4eb0-a2be-75d26bb8b6f4,c1,DROP,1007,?,i7,
1769500744.8464966,SENT,6fd533d5-450f-41cb-97b1-eaba6d20e573,c41f0b05-1976-4fd3-9649-807c8fdc18be,c1,DROP,1007,?,i7,
1769500744.8465395,FORWARDED,6fd533d5-450f-41cb-97b1-eaba6d20e573,c41f0b05-1976-4fd3-9649-807c8fdc18be,c1,DROP,1007,?,i7,
1769500744.8941023,RECEIVED,df57bb29-3d5f-46c3-86dd-21209b6e5ace,74fd754d-bada-4dfb-b922-14bb67a296f5,c4,DROP,440,x5,?,
1769500744.9662611,SENT,e50be0dd-0588-4ce2-a870-495a1105b342,f6dd0486-6e38-4e79-83e3-fa76549e9f82,c3,DROP,1009,?,i5,
1769500744.966302,FORWARDED,e50be0dd-0588-4ce2-a870-495a1105b342,f6dd0486-6e38-4e79-83e3-fa76549e9f82,c3,DROP,1009,?,i5,
1769500745.057036,SENT,50e83739-16a5-4f93-ba34-ce4c39c24d74,f3057475-eed4-4bf3-8d6d-558cbb35f2d6,c1,DROP,1011,?,i12,
1769500745.057085,FORWARDED,50e83739-16a5-4f93-ba34-ce4c39c24d74,f3057475-eed4-4bf3-8d6d-558cbb35f2d6,c1,DROP,1011,?,i12,
1769500745.0782955,SENT,111d4282-0614-46cd-afa9-a7b8ba142a41,71161e32-d77b-4d5b-83f0-0c2d718d472c,c4,DROP,1012,?,i9,
1769500745.0783365,FORWARDED,111d4282-0614-46cd-afa9-a7b8ba142a41,71161e32-d77b-4d5b-83f0-0c2d718d472c,c4,DROP,1012,?,i9,
1769500745.1873682,SENT,80fc2de0-4d23-4e43-98fb-4be8225bd437,eee457ea-a40b-4b47-beed-edded372b12d,c1,DROP,1003,?,i7,
1769500745.1874025,FORWARDED,80fc2de0-4d23-4e43-98fb-4be8225bd437,eee457ea-a40b-4b47-beed-edded372b12d,c1,DROP,1003,?,i7,
1769500745.2448823,RECEIVED,b7631cce-c6bc-45e9-9391-7e999469e92f,85196528-f2ac-40e8-980c-b0a9aec2edf4,c2,c1,2457,p2,?,
1769500745.287954,SENT,b7631cce-c6bc-45e9-9391-7e999469e92f,85196528-f2ac-40e8-980c-b0a9aec2edf4,c2,c1,1768,?,i3,
1769500745.2880054,FORWARDED,b7631cce-c6bc-45e9-9391-7e999469e92f,85196528-f2ac-40e8-980c-b0a9aec2edf4,c2,c1,1768,?,i3,
1769500745.3037598,RECEIVED,02ae8fe1-f220-467f-b1a6-6c74f6c62eb8,d4a0b651-4468-44fc-8d3e-3a143d713106,c4,DROP,1451,p1,?,
1769500745.3069005,RECEIVED,3c5164ee-82cd-4f95-8f46-0fd743f6c537,60dd2c63-0851-4ba3-83b0-fd2da6681d7a,c3,DROP,441,x10,?,
1769500745.3754816,RECEIVED,06908586-d098-4f10-afeb-066e9395ef5f,b73db0c1-ee9c-41b9-9572-e218b61e3d25,c1,None,2240,p1,?,
1769500745.5942216,RECEIVED,79f87ba9-2ce0-4bbe-8df1-1e992a254730,c779c115-6dd1-41ae-93ca-23f78a83d85b,c1,DROP,1452,p1,?,
1769500745.7121212,SENT,06908586-d098-4f10-afeb-066e9395ef5f,b73db0c1-ee9c-41b9-9572-e218b61e3d25,c1,None,1608,?,i11,
1769500745.7121577,FORWARDED,06908586-d098-4f10-afeb-066e9395ef5f,b73db0c1-ee9c-41b9-9572-e218b61e3d25,c1,None,1608,?,i11,
1769500745.726946,SENT,79f87ba9-2ce0-4bbe-8df1-1e992a254730,c779c115-6dd1-41ae-93ca-23f78a83d85b,c1,DROP,1016,?,i5,
1769500745.7269888,FORWARDED,79f87ba9-2ce0-4bbe-8df1-1e992a254730,c779c115-6dd1-41ae-93ca-23f78a83d85b,c1,DROP,1016,?,i5,
1769500745.8721714,RECEIVED,9b9cabcd-bb67-4aec-8895-6c5724b10689,6dd0d625-b97b-4f04-8ae0-a6b9eab93aff,c4,DROP,442,x1,?,
1769500745.9681253,RECEIVED,13369f1f-bb48-46ee-9769-6a46a1b467dc,ac548ada-517b-4b3b-a1e8-ece168e6eb1b,c3,DROP,1440,p3,?,
1769500746.1009226,RECEIVED,8e647586-7e7e-4cb2-a738-c6b1f237ceb3,fbbafa3f-8339-44dc-98c6-b93628149d83,c2,DROP,441,x5,?,
1769500746.251645,SENT,02ae8fe1-f220-467f-b1a6-6c74f6c62eb8,d4a0b651-4468-44fc-8d3e-3a143d713106,c4,DROP,1015,?,i9,
1769500746.2518308,FORWARDED,02ae8fe1-f220-467f-b1a6-6c74f6c62eb8,d4a0b651-4468-44fc-8d3e-3a143d713106,c4,DROP,1015,?,i9,
1769500746.4439743,SENT,13369f1f-bb48-46ee-9769-6a46a1b467dc,ac548ada-517b-4b3b-a1e8-ece168e6eb1b,c3,DROP,1007,?,i4,
1769500746.444029,FORWARDED,13369f1f-bb48-46ee-9769-6a46a1b467dc,ac548ada-517b-4b3b-a1e8-ece168e6eb1b,c3,DROP,1007,?,i4,
1769500746.4605784,RECEIVED,fa190d65-915c-4429-b4d5-cbccf44c963b,197f46b9-d701-44cb-a37d-6f9a56c32f61,c4,c3,2474,p1,?,
1769500746.4768922,RECEIVED,99db9a9a-efe2-462f-9d0f-14eece4eaa45,c4a53f0e-1417-4264-b84b-0d7499d826ed,c1,DROP,1443,p1,?,
1769500746.7935443,RECEIVED,b88a8e65-bdc7-424a-a2f3-0c50401c961a,2cbb168d-2519-443e-841f-ac46b9686fe1,c3,None,2239,p3,?,
1769500746.8445458,RECEIVED,c264b23a-de86-41b2-a744-65e2a9d4699f,eae03ad9-3bff-48bf-bb2a-f9d4d887e06a,c1,None,2222,p1,?,
1769500746.9211493,SENT,c264b23a-de86-41b2-a744-65e2a9d4699f,eae03ad9-3bff-48bf-bb2a-f9d4d887e06a,c1,None,1595,?,i7,
1769500746.9211953,FORWARDED,c264b23a-de86-41b2-a744-65e2a9d4699f,eae03ad9-3bff-48bf-bb2a-f9d4d887e06a,c1,None,1595,?,i7,
1769500747.04034,RECEIVED,4e279038-3598-46e9-8949-9cbcd4539f6e,12e686ca-9c72-4ff7-b346-15e140ae4e4a,c3,c4,2460,p3,?,
1769500747.0925696,RECEIVED,a72507fc-2628-46c1-bfee-74c90903920e,80f2b9e2-0d82-4d6d-88db-69de0a6fb1b5,c4,DROP,1447,p1,?,
1769500747.1239245,SENT,fa190d65-915c-4429-b4d5-cbccf44c963b,197f46b9-d701-44cb-a37d-6f9a56c32f61,c4,c3,1784,?,i6,
1769500747.1239676,FORWARDED,fa190d65-915c-4429-b4d5-cbccf44c963b,197f46b9-d701-44cb-a37d-6f9a56c32f61,c4,c3,1784,?,i6,
1769500747.3563015,RECEIVED,e88daade-1ae2-45f5-b196-86d9b6d11d33,557394be-2eba-4e82-b226-438a1a7a7884,c3,DROP,442,x8,?,
1769500747.3715317,RECEIVED,c46899bf-eab8-438c-96cb-8179ace5cf23,998699f0-9c18-4203-8325-22321de60f3f,c3,DROP,1441,p3,?,
1769500747.377728,RECEIVED,408943a8-d40a-4fdb-ba79-af524d5d789f,a2516a72-7b93-494a-bf69-428e285796fb,c3,DROP,1439,p3,?,
1769500747.388468,RECEIVED,77065b8d-ba07-4c6c-95cc-b848da1abd9f,e66ee4f6-f2f6-42dd-94f7-375bf1e0461a,c3,DROP,442,x11,?,
1769500747.405183,RECEIVED,f130141b-8cc1-4c92-bc78-4d1565c7edab,2c96b060-98ab-426e-a2ab-e45dff40bec4,c2,DROP,1446,p2,?,
1769500747.4735425,SENT,a72507fc-2628-46c1-bfee-74c90903920e,80f2b9e2-0d82-4d6d-88db-69de0a6fb1b5,c4,DROP,1012,?,i4,
1769500747.473593,FORWARDED,a72507fc-2628-46c1-bfee-74c90903920e,80f2b9e2-0d82-4d6d-88db-69de0a6fb1b5,c4,DROP,1012,?,i4,
1769500747.5337484,SENT,4e279038-3598-46e9-8949-9cbcd4539f6e,12e686ca-9c72-4ff7-b346-15e140ae4e4a,c3,c4,1771,?,i5,
1769500747.5337899,FORWARDED,4e279038-3598-46e9-8949-9cbcd4539f6e,12e686ca-9c72-4ff7-b346-15e140ae4e4a,c3,c4,1771,?,i5,
1769500747.571536,RECEIVED,a96f6bd6-d59e-4f16-935c-1585bfba6e4a,4acebb08-ef56-40e1-a0f7-849154d07dc0,c3,c4,2465,p3,?,
1769500747.6212652,SENT,c46899bf-eab8-438c-96cb-8179ace5cf23,998699f0-9c18-4203-8325-22321de60f3f,c3,DROP,1008,?,i11,
1769500747.6213064,FORWARDED,c46899bf-eab8-438c-96cb-8179ace5cf23,998699f0-9c18-4203-8325-22321de60f3f,c3,DROP,1008,?,i11,
1769500747.6239557,RECEIVED,5ad966e1-b5de-401b-b46a-e0187b5e97c0,23ff2749-be37-44cf-9b6a-4bf069413de7,c2,DROP,1453,p2,?,
1769500747.671193,RECEIVED,05bdb3c3-b20d-4827-a207-6b976824f6e9,ae6be384-b81b-4c45-a0ab-caab1eb8dde8,c5,DROP,441,x4,?,
1769500747.70501,SENT,5ad966e1-b5de-401b-b46a-e0187b5e97c0,23ff2749-be37-44cf-9b6a-4bf069413de7,c2,DROP,1017,?,i5,
1769500747.7050602,FORWARDED,5ad966e1-b5de-401b-b46a-e0187b5e97c0,23ff2749-be37-44cf-9b6a-4bf069413de7,c2,DROP,1017,?,i5,
1769500747.7066395,SENT,a96f6bd6-d59e-4f16-935c-1585bfba6e4a,4acebb08-ef56-40e1-a0f7-849154d07dc0,c3,c4,1775,?,i10,
1769500747.7066793,FORWARDED,a96f6bd6-d59e-4f16-935c-1585bfba6e4a,4acebb08-ef56-40e1-a0f7-849154d07dc0,c3,c4,1775,?,i10,
1769500747.7363815,SENT,99db9a9a-efe2-462f-9d0f-14eece4eaa45,c4a53f0e-1417-4264-b84b-0d7499d826ed,c1,DROP,1011,?,i4,
1769500747.73642,FORWARDED,99db9a9a-efe2-462f-9d0f-14eece4eaa45,c4a53f0e-1417-4264-b84b-0d7499d826ed,c1,DROP,1011,?,i4,
1769500747.7413735,RECEIVED,b46ed97a-034f-4fc6-aa82-bd54ca8e0484,97ec8335-2a63-4419-900d-5025993f1b26,c1,DROP,1442,p1,?,
1769500747.8374777,SENT,b88a8e65-bdc7-424a-a2f3-0c50401c961a,2cbb168d-2519-443e-841f-ac46b9686fe1,c3,None,1608,?,i1,
1769500747.83752,FORWARDED,b88a8e65-bdc7-424a-a2f3-0c50401c961a,2cbb168d-2519-443e-841f-ac46b9686fe1,c3,None,1608,?,i1,
1769500747.8597255,SENT,f130141b-8cc1-4c92-bc78-4d1565c7edab,2c96b060-98ab-426e-a2ab-e45dff40bec4,c2,DROP,1012,?,i8,
1769500747.859766,FORWARDED,f130141b-8cc1-4c92-bc78-4d1565c7edab,2c96b060-98ab-426e-a2ab-e45dff40bec4,c2,DROP,1012,?,i8,
1769500747.9259217,RECEIVED,bb5ef49c-688b-4d58-84d4-114b4c07ea4c,9b8b2a18-6c8e-497a-86fb-99c7cde3dc9f,c1,DROP,1445,p1,?,
1769500748.028526,SENT,bb5ef49c-688b-4d58-84d4-114b4c07ea4c,9b8b2a18-6c8e-497a-86fb-99c7cde3dc9f,c1,DROP,1011,?,i10,
1769500748.028573,FORWARDED,bb5ef49c-688b-4d58-84d4-114b4c07ea4c,9b8b2a18-6c8e-497a-86fb-99c7cde3dc9f,c1,DROP,1011,?,i10,
1769500748.0424082,RECEIVED,c86729ad-367a-45da-88b4-5803a0e7dff9,38d81814-a60c-4430-90c9-befb1c8022cd,c5,DROP,1451,p2,?,
1769500748.112555,SENT,408943a8-d40a-4fdb-ba79-af524d5d789f,a2516a72-7b93-494a-bf69-428e285796fb,c3,DROP,1007,?,i8,
1769500748.1125941,FORWARDED,408943a8-d40a-4fdb-ba79-af524d5d789f,a2516a72-7b93-494a-bf69-428e285796fb,c3,DROP,1007,?,i8,
1769500748.116521,RECEIVED,5c8bdb44-6bab-48b6-9b4e-1f9454f98bf1,72a8dc05-98c9-4586-be25-d4b18be3afbb,c1,c5,2472,p1,?,
1769500748.1381924,RECEIVED,ed8f23b2-17d2-480a-97cb-ed987eda2a90,c702d407-832c-4437-8071-1eda013c55f3,c1,DROP,1447,p1,?,
1769500748.225881,RECEIVED,83cda1f0-1150-43c0-a3f5-e999ec93ffcb,2fbd53ed-e3d0-4697-ba10-7a95c2d1d7d7,c3,DROP,442,x7,?,
1769500748.4224217,SENT,ed8f23b2-17d2-480a-97cb-ed987eda2a90,c702d407-832c-4437-8071-1eda013c55f3,c1,DROP,1012,?,i3,
1769500748.4224627,FORWARDED,ed8f23b2-17d2-480a-97cb-ed987eda2a90,c702d407-832c-4437-8071-1eda013c55f3,c1,DROP,1012,?,i3,
1769500748.6029038,RECEIVED,b39f7b3a-6977-452c-a945-2d871e7fa4fc,de9e230a-583c-49d7-95d8-4005ecba0c83,c5,c2,2471,p2,?,
1769500748.718205,RECEIVED,a62403cc-d2c6-47c3-9b9f-61ce63b70ac3,2deae468-d40c-43ba-8387-adcb4a05a14b,c1,c5,2451,p1,?,
1769500748.8790798,RECEIVED,13024f1d-0e3b-415a-9cfa-e7db0bba282d,026a0d92-f808-4059-91df-7ba54809077b,c3,DROP,443,x4,?,
1769500749.2772872,RECEIVED,50e3ef5f-ea5f-4433-8642-2c8fe4054e51,59cc4cc8-f406-44cb-9c3e-24fea6e7852b,c4,DROP,1439,p1,?,
1769500749.3444219,SENT,b46ed97a-034f-4fc6-aa82-bd54ca8e0484,97ec8335-2a63-4419-900d-5025993f1b26,c1,DROP,1011,?,i2,
1769500749.3444738,FORWARDED,b46ed97a-034f-4fc6-aa82-bd54ca8e0484,97ec8335-2a63-4419-900d-5025993f1b26,c1,DROP,1011,?,i2,
1769500749.3469594,RECEIVED,f44e69d6-c6d1-4457-8187-4071faa57e78,9ae3ce53-2e2f-4e72-b400-e70db86d3139,c5,DROP,1451,p2,?,
1769500749.356038,SENT,a62403cc-d2c6-47c3-9b9f-61ce63b70ac3,2deae468-d40c-43ba-8387-adcb4a05a14b,c1,c5,1767,?,i1,
1769500749.3560894,FORWARDED,a62403cc-d2c6-47c3-9b9f-61ce63b70ac3,2deae468-d40c-43ba-8387-adcb4a05a14b,c1,c5,1767,?,i1,
1769500749.402098,RECEIVED,010ef7f4-512d-47a3-8eb1-b2b1bfac5ea4,554ace99-4744-4865-91b0-74017b29a595,c5,DROP,1440,p2,?,
1769500749.5380058,RECEIVED,3d63031f-9b81-48e7-b2b3-4eaf7d2e23a3,3e30f2ed-2130-4de9-8209-ec2d20ff2daf,c3,DROP,1451,p3,?,
1769500749.5903397,SENT,b39f7b3a-6977-452c-a945-2d871e7fa4fc,de9e230a-583c-49d7-95d8-4005ecba0c83,c5,c2,1780,?,i4,
1769500749.590381,FORWARDED,b39f7b3a-6977-452c-a945-2d871e7fa4fc,de9e230a-583c-49d7-95d8-4005ecba0c83,c5,c2,1780,?,i4,
1769500749.7670863,SENT,c86729ad-367a-45da-88b4-5803a0e7dff9,38d81814-a60c-4430-90c9-befb1c8022cd,c5,DROP,1016,?,i5,
1769500749.7671275,FORWARDED,c86729ad-367a-45da-88b4-5803a0e7dff9,38d81814-a60c-4430-90c9-befb1c8022cd,c5,DROP,1016,?,i5,
1769500749.8478627,SENT,5c8bdb44-6bab-48b6-9b4e-1f9454f98bf1,72a8dc05-98c9-4586-be25-d4b18be3afbb,c1,c5,1780,?,i12,
1769500749.8479064,FORWARDED,5c8bdb44-6bab-48b6-9b4e-1f9454f98bf1,72a8dc05-98c9-4586-be25-d4b18be3afbb,c1,c5,1780,?,i12,
1769500749.8500106,RECEIVED,dfcb1535-a577-49fa-a49e-cbb49a14bebe,9e90825f-4475-4c71-a562-58392a564f83,c2,None,2223,p2,?,
1769500749.9199934,RECEIVED,52a932ea-e48e-4f70-8062-6a61f817141a,310597fd-8b63-488b-95e5-004cc9da3210,c2,DROP,1439,p2,?,
1769500749.9518075,SENT,f44e69d6-c6d1-4457-8187-4071faa57e78,9ae3ce53-2e2f-4e72-b400-e70db86d3139,c5,DROP,1015,?,i12,
1769500749.9518487,FORWARDED,f44e69d6-c6d1-4457-8187-4071faa57e78,9ae3ce53-2e2f-4e72-b400-e70db86d3139,c5,DROP,1015,?,i12,
1769500749.9801383,RECEIVED,65a8cef2-d903-4c2d-b4ab-d20d50882071,db2cd727-9f1f-4025-8723-b3460f15ad94,c5,DROP,1444,p2,?,
1769500750.0406651,RECEIVED,f20492fb-04c9-40ac-a53b-77bca446d1b5,af48d150-c59a-4783-a64e-d66cb938cafe,c5,DROP,441,x5,?,
1769500750.0667074,RECEIVED,9c2b06dc-beaa-4a7b-9e69-d1d22241cee9,2d4f945d-0739-46e0-bf4f-891d50f7d40e,c1,DROP,1455,p1,?,
1769500750.0746427,SENT,52a932ea-e48e-4f70-8062-6a61f817141a,310597fd-8b63-488b-95e5-004cc9da3210,c2,DROP,1008,?,i9,
1769500750.074682,FORWARDED,52a932ea-e48e-4f70-8062-6a61f817141a,310597fd-8b63-488b-95e5-004cc9da3210,c2,DROP,1008,?,i9,
1769500750.0968258,RECEIVED,baa31194-ef40-4eb5-9440-6a52ea204d56,7e1a4adb-958e-42af-bb01-c31129db6b71,c5,DROP,441,x3,?,
1769500750.2004333,SENT,3d63031f-9b81-48e7-b2b3-4eaf7d2e23a3,3e30f2ed-2130-4de9-8209-ec2d20ff2daf,c3,DROP,1015,?,i5,
1769500750.2004738,FORWARDED,3d63031f-9b81-48e7-b2b3-4eaf7d2e23a3,3e30f2ed-2130-4de9-8209-ec2d20ff2daf,c3,DROP,1015,?,i5,
1769500750.2146592,RECEIVED,0db40358-17b7-4941-99b0-e15d0f40f96c,98475353-fbe9-404a-84a2-157a8dcaaa17,c1,DROP,1439,p1,?,
1769500750.3532696,SENT,50e3ef5f-ea5f-4433-8642-2c8fe4054e51,59cc4cc8-f406-44cb-9c3e-24fea6e7852b,c4,DROP,1008,?,i9,
1769500750.3533087,FORWARDED,50e3ef5f-ea5f-4433-8642-2c8fe4054e51,59cc4cc8-f406-44cb-9c3e-24fea6e7852b,c4,DROP,1008,?,i9,
1769500750.3573997,RECEIVED,6eabc1f8-c7d1-4b7a-a57d-33ac3626f984,bda2e008-6a9c-48d8-8832-a4af54e7cbc0,c4,None,2227,p1,?,
1769500750.381542,SENT,dfcb1535-a577-49fa-a49e-cbb49a14bebe,9e90825f-4475-4c71-a562-58392a564f83,c2,None,1596,?,i9,
1769500750.381585,FORWARDED,dfcb1535-a577-49fa-a49e-cbb49a14bebe,9e90825f-4475-4c71-a562-58392a564f83,c2,None,1596,?,i9,
1769500750.395368,SENT,9c2b06dc-beaa-4a7b-9e69-d1d22241cee9,2d4f945d-0739-46e0-bf4f-891d50f7d40e,c1,DROP,1020,?,i8,
1769500750.3954108,FORWARDED,9c2b06dc-beaa-4a7b-9e69-d1d22241cee9,2d4f945d-0739-46e0-bf4f-891d50f7d40e,c1,DROP,1020,?,i8,
1769500750.4092288,SENT,010ef7f4-512d-47a3-8eb1-b2b1bfac5ea4,554ace99-4744-4865-91b0-74017b29a595,c5,DROP,1007,?,i11,
1769500750.4092712,FORWARDED,010ef7f4-512d-47a3-8eb1-b2b1bfac5ea4,554ace99-4744-4865-91b0-74017b29a595,c5,DROP,1007,?,i11,
1769500750.466273,RECEIVED,47d2da29-6593-4387-a0a0-9bf4dc2dde4a,8fda4d6a-87df-4c85-96fc-7bb8a556606a,c3,DROP,1440,p3,?,
1769500750.5411947,RECEIVED,9ca88ef5-50fc-4cdb-a6a1-b610f14bc30d,6d0a4e92-2d11-4318-9a79-0f552d6ea222,c1,DROP,1439,p1,?,
1769500750.7007594,SENT,65a8cef2-d903-4c2d-b4ab-d20d50882071,db2cd727-9f1f-4025-8723-b3460f15ad94,c5,DROP,1011,?,i12,
1769500750.7009628,FORWARDED,65a8cef2-d903-4c2d-b4ab-d20d50882071,db2cd727-9f1f-4025-8723-b3460f15ad94,c5,DROP,1011,?,i12,
1769500750.710109,RECEIVED,1f340bf8-0c5a-433d-b33c-59c29232d89e,8276d507-6200-4753-a51f-2579bc971dda,c3,DROP,1443,p3,?,
1769500750.7329557,RECEIVED,e4d6ad5c-dcea-4e95-94d4-e97f6b47b4a2,ee7a28df-5201-4dc4-82eb-bae999ce2a2e,c4,None,2240,p1,?,
1769500750.9451165,SENT,e4d6ad5c-dcea-4e95-94d4-e97f6b47b4a2,ee7a28df-5201-4dc4-82eb-bae999ce2a2e,c4,None,1607,?,i5,
1769500750.9451542,FORWARDED,e4d6ad5c-dcea-4e95-94d4-e97f6b47b4a2,ee7a28df-5201-4dc4-82eb-bae999ce2a2e,c4,None,1607,?,i5,
1769500750.967044,RECEIVED,8f102dee-91c4-4855-b18c-64ad730d08f3,471f099c-4da6-4ad9-a5cf-7cbe863f42d2,c4,DROP,1439,p1,?,
1769500751.077219,RECEIVED,18318a0f-6427-4163-a7e8-3c3164d0c268,68688dd9-db0e-49b7-a41f-d80c76dc1ca4,c4,c3,2468,p1,?,
1769500751.1202137,RECEIVED,7bb78cf5-9c90-4695-9db4-b0635bd9873a,1e261d93-dd1e-49a5-9e7e-99dc5f858d2d,c2,DROP,1436,p2,?,
1769500751.1395977,SENT,6eabc1f8-c7d1-4b7a-a57d-33ac3626f984,bda2e008-6a9c-48d8-8832-a4af54e7cbc0,c4,None,1599,?,i3,
1769500751.139638,FORWARDED,6eabc1f8-c7d1-4b7a-a57d-33ac3626f984,bda2e008-6a9c-48d8-8832-a4af54e7cbc0,c4,None,1599,?,i3,
1769500751.1792316,SENT,7bb78cf5-9c90-4695-9db4-b0635bd9873a,1e261d93-dd1e-49a5-9e7e-99dc5f858d2d,c2,DROP,1004,?,i6,
1769500751.1792734,FORWARDED,7bb78cf5-9c90-4695-9db4-b0635bd9873a,1e261d93-dd1e-49a5-9e7e-99dc5f858d2d,c2,DROP,1004,?,i6,
1769500751.2772868,RECEIVED,e596b6cc-1a0f-4b2d-a72a-a90ac36993f5,a8c0bb7d-3448-4dd7-be81-82b1f9382e05,c2,DROP,1440,p2,?,
1769500751.3248684,SENT,1f340bf8-0c5a-433d-b33c-59c29232d89e,8276d507-6200-4753-a51f-2579bc971dda,c3,DROP,1011,?,i3,
1769500751.3249092,FORWARDED,1f340bf8-0c5a-433d-b33c-59c29232d89e,8276d507-6200-4753-a51f-2579bc971dda,c3,DROP,1011,?,i3,
1769500751.3680599,RECEIVED,dbe4a942-870d-4036-aeae-409a01023a9c,d72597ac-2bd2-4a01-9eeb-9f2acca9f81d,c1,DROP,441,x8,?,
1769500751.3865623,RECEIVED,148f5516-a890-4249-b079-24183664e255,f95a68dd-833d-44c3-8182-3d3b110bb7b1,c4,DROP,1452,p1,?,
1769500751.4264958,RECEIVED,be4b1e72-ea6c-417f-9d48-61fd030a2f6f,0f56f7c2-0919-4726-984c-4da6d0832d4f,c4,DROP,442,x10,?,
1769500751.4312456,RECEIVED,7fb82578-47d5-4cf0-8399-117b03924859,92ded3f6-19cf-4e0d-b709-c0fa7194a865,c2,DROP,1440,p2,?,
1769500751.4774046,RECEIVED,aa86c60e-a7ff-40ae-b2c5-d47bd6985b0a,56d770f8-cfa7-44dd-995f-95437aeb21cf,c1,None,2231,p1,?,
1769500751.577111,SENT,148f5516-a890-4249-b079-24183664e255,f95a68dd-833d-44c3-8182-3d3b110bb7b1,c4,DROP,1016,?,i7,
1769500751.5771534,FORWARDED,148f5516-a890-4249-b079-24183664e255,f95a68dd-833d-44c3-8182-3d3b110bb7b1,c4,DROP,1016,?,i7,
1769500751.5784814,RECEIVED,be0d7be8-f283-4cb7-aeb8-85a861770d19,b3689346-2e31-40b0-9fc9-d29c3cc30b9a,c5,DROP,1451,p2,?,
1769500751.5918097,SENT,47d2da29-6593-4387-a0a0-9bf4dc2dde4a,8fda4d6a-87df-4c85-96fc-7bb8a556606a,c3,DROP,1006,?,i12,
1769500751.5918517,FORWARDED,47d2da29-6593-4387-a0a0-9bf4dc2dde4a,8fda4d6a-87df-4c85-96fc-7bb8a556606a,c3,DROP,1006,?,i12,
1769500751.5985703,RECEIVED,2b2f0e79-b2db-4cef-9433-2dfc9682d193,d61fe910-345b-4350-b7c8-7f9ab15d0064,c4,DROP,1440,p1,?,
1769500751.7640193,SENT,18318a0f-6427-4163-a7e8-3c3164d0c268,68688dd9-db0e-49b7-a41f-d80c76dc1ca4,c4,c3,1779,?,i11,
1769500751.76406,FORWARDED,18318a0f-6427-4163-a7e8-3c3164d0c268,68688dd9-db0e-49b7-a41f-d80c76dc1ca4,c4,c3,1779,?,i11,
1769500751.7924492,SENT,2b2f0e79-b2db-4cef-9433-2dfc9682d193,d61fe910-345b-4350-b7c8-7f9ab15d0064,c4,DROP,1007,?,i6,
1769500751.7924864,FORWARDED,2b2f0e79-b2db-4cef-9433-2dfc9682d193,d61fe910-345b-4350-b7c8-7f9ab15d0064,c4,DROP,1007,?,i6,
1769500751.8060296,SENT,0db40358-17b7-4941-99b0-e15d0f40f96c,98475353-fbe9-404a-84a2-157a8dcaaa17,c1,DROP,1008,?,i4,
1769500751.8060875,FORWARDED,0db40358-17b7-4941-99b0-e15d0f40f96c,98475353-fbe9-404a-84a2-157a8dcaaa17,c1,DROP,1008,?,i4,
1769500751.8136795,SENT,7fb82578-47d5-4cf0-8399-117b03924859,92ded3f6-19cf-4e0d-b709-c0fa7194a865,c2,DROP,1008,?,i9,
1769500751.8137164,FORWARDED,7fb82578-47d5-4cf0-8399-117b03924859,92ded3f6-19cf-4e0d-b709-c0fa7194a865,c2,DROP,1008,?,i9,
1769500751.8720791,RECEIVED,f64f1a78-95b2-4ba0-b728-b4e83ec11b6e,bdef6c6f-a7fa-4b40-9a92-0828fbe92b3f,c1,DROP,1439,p1,?,
1769500751.8760064,SENT,9ca88ef5-50fc-4cdb-a6a1-b610f14bc30d,6d0a4e92-2d11-4318-9a79-0f552d6ea222,c1,DROP,1008,?,i3,
1769500751.876055,FORWARDED,9ca88ef5-50fc-4cdb-a6a1-b610f14bc30d,6d0a4e92-2d11-4318-9a79-0f552d6ea222,c1,DROP,1008,?,i3,
1769500751.9702647,RECEIVED,af2df709-ba26-4ddc-a22d-e94eec2a372e,8473e8d8-dcbd-4ee1-923e-99f912b9781f,c2,DROP,1449,p2,?,
1769500752.006675,SENT,8f102dee-91c4-4855-b18c-64ad730d08f3,471f099c-4da6-4ad9-a5cf-7cbe863f42d2,c4,DROP,1007,?,i5,
1769500752.0067146,FORWARDED,8f102dee-91c4-4855-b18c-64ad730d08f3,471f099c-4da6-4ad9-a5cf-7cbe863f42d2,c4,DROP,1007,?,i5,
1769500752.067922,RECEIVED,31d8b506-5a26-4552-a113-edcac266bff2,bb6d6c47-3f18-4804-8544-f23a08866860,c4,None,2239,p1,?,
1769500752.1028857,SENT,be0d7be8-f283-4cb7-aeb8-85a861770d19,b3689346-2e31-40b0-9fc9-d29c3cc30b9a,c5,DROP,1015,?,i2,
1769500752.1029272,FORWARDED,be0d7be8-f283-4cb7-aeb8-85a861770d19,b3689346-2e31-40b0-9fc9-d29c3cc30b9a,c5,DROP,1015,?,i2,
1769500752.15601,RECEIVED,97fe4756-9648-4ad9-822c-1619d8fc051b,36b706d1-63e2-4fc1-a7c2-c3290e130eca,c5,DROP,1459,p2,?,
1769500752.2021773,RECEIVED,f60c496f-62fc-461b-b7ef-fd8f3b7c5a4d,ac4325bd-4fab-42e6-8d67-01490c372af2,c2,DROP,1439,p2,?,
1769500752.2163866,SENT,af2df709-ba26-4ddc-a22d-e94eec2a372e,8473e8d8-dcbd-4ee1-923e-99f912b9781f,c2,DROP,1012,?,i11,
1769500752.2164254,FORWARDED,af2df709-ba26-4ddc-a22d-e94eec2a372e,8473e8d8-dcbd-4ee1-923e-99f912b9781f,c2,DROP,1012,?,i11,
1769500752.2259166,RECEIVED,c3ddf2f4-cb37-4faa-a44e-efa21f04237e,5cc5a486-4576-4c41-ae5a-9f8bd85e1ef3,c2,DROP,440,x2,?,
1769500752.2303514,RECEIVED,f26575f8-6e08-4fde-b810-f276b3c63568,267efcfa-089a-4e72-9c75-c5608bba47c4,c4,DROP,1439,p1,?,
1769500752.233331,RECEIVED,e450b31f-97bd-4af6-b618-43332e649c3b,0b3be7f0-8e12-4dd7-a075-c4de52156365,c3,DROP,1440,p3,?,
1769500752.3196268,RECEIVED,a0a96144-0694-4dac-89ae-d35e85de9e9a,2c9b7976-5839-4dcb-9215-6c32cc55a13f,c3,DROP,1427,p3,?,
1769500752.3377721,SENT,31d8b506-5a26-4552-a113-edcac266bff2,bb6d6c47-3f18-4804-8544-f23a08866860,c4,None,1608,?,i6,
1769500752.3378139,FORWARDED,31d8b506-5a26-4552-a113-edcac266bff2,bb6d6c47-3f18-4804-8544-f23a08866860,c4,None,1608,?,i6,
1769500752.3636186,SENT,e450b31f-97bd-4af6-b618-43332e649c3b,0b3be7f0-8e12-4dd7-a075-c4de52156365,c3,DROP,1008,?,i8,
1769500752.3636594,FORWARDED,e450b31f-97bd-4af6-b618-43332e649c3b,0b3be7f0-8e12-4dd7-a075-c4de52156365,c3,DROP,1008,?,i8,
1769500752.461191,RECEIVED,21628010-7bc4-4420-852e-068ffdbf199e,54c5b3dc-bde7-4ee1-ba16-e266c9f56692,c3,DROP,1435,p3,?,
1769500752.528518,SENT,e596b6cc-1a0f-4b2d-a72a-a90ac36993f5,a8c0bb7d-3448-4dd7-be81-82b1f9382e05,c2,DROP,1006,?,i11,
1769500752.5285592,FORWARDED,e596b6cc-1a0f-4b2d-a72a-a90ac36993f5,a8c0bb7d-3448-4dd7-be81-82b1f9382e05,c2,DROP,1006,?,i11,
1769500752.5504925,RECEIVED,657038a5-3eab-4e2b-8184-c62ff15bd655,2e315c51-faa6-4e9a-8106-10a40f57f1fe,c5,c2,2460,p2,?,
1769500752.894797,SENT,aa86c60e-a7ff-40ae-b2c5-d47bd6985b0a,56d770f8-cfa7-44dd-995f-95437aeb21cf,c1,None,1600,?,i7,
1769500752.8948367,FORWARDED,aa86c60e-a7ff-40ae-b2c5-d47bd6985b0a,56d770f8-cfa7-44dd-995f-95437aeb21cf,c1,None,1600,?,i7,
1769500752.9375632,RECEIVED,d440daff-48ac-4195-9997-e820c9e447b5,de43eec5-7e32-419d-ad8e-d3c94a7bafea,c1,DROP,442,x9,?,
1769500752.984347,RECEIVED,4844a80b-efd4-4789-9903-0601a6367196,0091ddca-ff66-4197-95b1-b74a627b4695,c1,DROP,1441,p1,?,
1769500753.070272,SENT,4844a80b-efd4-4789-9903-0601a6367196,0091ddca-ff66-4197-95b1-b74a627b4695,c1,DROP,1007,?,i10,
1769500753.0703127,FORWARDED,4844a80b-efd4-4789-9903-0601a6367196,0091ddca-ff66-4197-95b1-b74a627b4695,c1,DROP,1007,?,i10,
1769500753.166727,SENT,f60c496f-62fc-461b-b7ef-fd8f3b7c5a4d,ac4325bd-4fab-42e6-8d67-01490c372af2,c2,DROP,1007,?,i3,
1769500753.1667695,FORWARDED,f60c496f-62fc-461b-b7ef-fd8f3b7c5a4d,ac4325bd-4fab-42e6-8d67-01490c372af2,c2,DROP,1007,?,i3,
1769500753.2701883,RECEIVED,8d9f3eb9-bb22-44f3-9e6c-11a6cd992457,75969ccb-d594-4756-8a79-b30e2760d3a7,c5,DROP,441,x3,?,
1769500753.4144118,SENT,f64f1a78-95b2-4ba0-b728-b4e83ec11b6e,bdef6c6f-a7fa-4b40-9a92-0828fbe92b3f,c1,DROP,1007,?,i3,
1769500753.4144495,FORWARDED,f64f1a78-95b2-4ba0-b728-b4e83ec11b6e,bdef6c6f-a7fa-4b40-9a92-0828fbe92b3f,c1,DROP,1007,?,i3,
1769500753.4861042,SENT,f26575f8-6e08-4fde-b810-f276b3c63568,267efcfa-089a-4e72-9c75-c5608bba47c4,c4,DROP,1008,?,i5,
1769500753.4861486,FORWARDED,f26575f8-6e08-4fde-b810-f276b3c63568,267efcfa-089a-4e72-9c75-c5608bba47c4,c4,DROP,1008,?,i5,
1769500753.571369,RECEIVED,1b9b4d6a-0c28-4e83-b833-6b6018f1a7e4,6ba94bfc-2bb8-4462-9659-77441e57aec3,c3,DROP,441,x6,?,
1769500753.771855,RECEIVED,364e3be3-7b56-484e-b68a-265084b61c4e,e669d7fb-9743-45ee-b7c5-dfbc4495f29b,c4,DROP,1448,p1,?,
1769500753.8945813,SENT,364e3be3-7b56-484e-b68a-265084b61c4e,e669d7fb-9743-45ee-b7c5-dfbc4495f29b,c4,DROP,1014,?,i5,
1769500753.8946235,FORWARDED,364e3be3-7b56-484e-b68a-265084b61c4e,e669d7fb-9743-45ee-b7c5-dfbc4495f29b,c4,DROP,1014,?,i5,
1769500753.898036,RECEIVED,5a6a8111-5ebe-409f-96ef-dcbc073f6a56,e61c5877-2d92-4fea-9ddc-9a0caf6e2828,c5,DROP,1448,p2,?,
1769500753.9103262,RECEIVED,00d5f2a5-190f-424a-9478-e54103da212d,77ff9c20-1d93-424a-ba5a-b0788050ad28,c1,DROP,1443,p1,?,
1769500753.9432857,RECEIVED,f7fb61af-7cdc-4732-9a4b-d74125199e0e,aea4ec3a-0cca-4389-98a1-3b7aadcd0862,c1,DROP,1444,p1,?,
1769500753.9866693,RECEIVED,2380af7a-b04e-4c49-9118-c308b6c3e1f1,6cbdd49a-724d-4c10-ac4b-041b6ad48571,c1,DROP,1447,p1,?,
1769500754.0160897,SENT,97fe4756-9648-4ad9-822c-1619d8fc051b,36b706d1-63e2-4fc1-a7c2-c3290e130eca,c5,DROP,1021,?,i6,
1769500754.0161324,FORWARDED,97fe4756-9648-4ad9-822c-1619d8fc051b,36b706d1-63e2-4fc1-a7c2-c3290e130eca,c5,DROP,1021,?,i6,
1769500754.060951,RECEIVED,c69ed5d5-6768-4325-a8d9-7dab6fbf031c,0a2213cd-40a8-4336-a153-bedc95c99e2f,c2,DROP,1444,p2,?,
1769500754.086538,RECEIVED,5f476d95-1964-475b-ba49-6c0a9771e732,1d7e2c8a-8416-460c-a494-8eedf0ffbe8b,c3,DROP,441,x3,?,
1769500754.1305099,SENT,c69ed5d5-6768-4325-a8d9-7dab6fbf031c,0a2213cd-40a8-4336-a153-bedc95c99e2f,c2,DROP,1011,?,i3,
1769500754.130547,FORWARDED,c69ed5d5-6768-4325-a8d9-7dab6fbf031c,0a2213cd-40a8-4336-a153-bedc95c99e2f,c2,DROP,1011,?,i3,
1769500754.2491684,RECEIVED,346c820e-3f6c-481f-8d77-dc90aad613e0,38429fb4-30db-4751-9228-e3af29e80381,c1,DROP,1443,p1,?,
1769500754.296669,SENT,657038a5-3eab-4e2b-8184-c62ff15bd655,2e315c51-faa6-4e9a-8106-10a40f57f1fe,c5,c2,1772,?,i11,
1769500754.296707,FORWARDED,657038a5-3eab-4e2b-8184-c62ff15bd655,2e315c51-faa6-4e9a-8106-10a40f57f1fe,c5,c2,1772,?,i11,
1769500754.3078332,SENT,a0a96144-0694-4dac-89ae-d35e85de9e9a,2c9b7976-5839-4dcb-9215-6c32cc55a13f,c3,DROP,998,?,i7,
1769500754.307869,FORWARDED,a0a96144-0694-4dac-89ae-d35e85de9e9a,2c9b7976-5839-4dcb-9215-6c32cc55a13f,c3,DROP,998,?,i7,
1769500754.378116,SENT,f7fb61af-7cdc-4732-9a4b-d74125199e0e,aea4ec3a-0cca-4389-98a1-3b7aadcd0862,c1,DROP,1011,?,i3,
1769500754.3781583,FORWARDED,f7fb61af-7cdc-4732-9a4b-d74125199e0e,aea4ec3a-0cca-4389-98a1-3b7aadcd0862,c1,DROP,1011,?,i3,
1769500754.4380286,SENT,21628010-7bc4-4420-852e-068ffdbf199e,54c5b3dc-bde7-4ee1-ba16-e266c9f56692,c3,DROP,1004,?,i9,
1769500754.438079,FORWARDED,21628010-7bc4-4420-852e-068ffdbf199e,54c5b3dc-bde7-4ee1-ba16-e266c9f56692,c3,DROP,1004,?,i9,
1769500754.524911,SENT,5a6a8111-5ebe-409f-96ef-dcbc073f6a56,e61c5877-2d92-4fea-9ddc-9a0caf6e2828,c5,DROP,1012,?,i10,
1769500754.524953,FORWARDED,5a6a8111-5ebe-409f-96ef-dcbc073f6a56,e61c5877-2d92-4fea-9ddc-9a0caf6e2828,c5,DROP,1012,?,i10,
1769500754.5332468,SENT,346c820e-3f6c-481f-8d77-dc90aad613e0,38429fb4-30db-4751-9228-e3af29e80381,c1,DROP,1009,?,i7,
1769500754.5332866,FORWARDED,346c820e-3f6c-481f-8d77-dc90aad613e0,38429fb4-30db-4751-9228-e3af29e80381,c1,DROP,1009,?,i7,
1769500754.5698287,SENT,00d5f2a5-190f-424a-9478-e54103da212d,77ff9c20-1d93-424a-ba5a-b0788050ad28,c1,DROP,1011,?,i3,
1769500754.5698802,FORWARDED,00d5f2a5-190f-424a-9478-e54103da212d,77ff9c20-1d93-424a-ba5a-b0788050ad28,c1,DROP,1011,?,i3,
1769500754.710584,RECEIVED,1b8ae380-b8c0-4e01-9291-3d73b321cb09,5b87002f-444d-4786-8961-e4e8580dca19,c3,DROP,1444,p3,?,
1769500754.7373788,RECEIVED,7b3167e1-8e7b-4b2e-b7ec-2e2610046e2a,8ee24f3a-068c-4c7d-a794-8ad2f77306f6,c4,DROP,1447,p1,?,
1769500754.798903,SENT,2380af7a-b04e-4c49-9118-c308b6c3e1f1,6cbdd49a-724d-4c10-ac4b-041b6ad48571,c1,DROP,1012,?,i9,
1769500754.798945,FORWARDED,2380af7a-b04e-4c49-9118-c308b6c3e1f1,6cbdd49a-724d-4c10-ac4b-041b6ad48571,c1,DROP,1012,?,i9,
1769500754.831341,SENT,1b8ae380-b8c0-4e01-9291-3d73b321cb09,5b87002f-444d-4786-8961-e4e8580dca19,c3,DROP,1011,?,i5,
1769500754.831381,FORWARDED,1b8ae380-b8c0-4e01-9291-3d73b321cb09,5b87002f-444d-4786-8961-e4e8580dca19,c3,DROP,1011,?,i5,
1769500754.8608153,RECEIVED,99bafc1d-fbf9-42bd-844c-1145ee948b82,8e182300-3487-4a0e-843e-84c01a468d15,c4,DROP,1440,p1,?,
1769500754.9324455,SENT,99bafc1d-fbf9-42bd-844c-1145ee948b82,8e182300-3487-4a0e-843e-84c01a468d15,c4,DROP,1008,?,i2,
1769500754.9325385,FORWARDED,99bafc1d-fbf9-42bd-844c-1145ee948b82,8e182300-3487-4a0e-843e-84c01a468d15,c4,DROP,1008,?,i2,
1769500754.943295,RECEIVED,d196fae9-b16e-4a9b-ac27-3cb43b01de8c,2695af70-1964-4a46-a013-9b40cffe0e2e,c4,DROP,1452,p1,?,
1769500755.0044432,RECEIVED,d033079c-b7e2-4cf2-a829-c2b0e2347b83,9ff98e0e-42ae-4db0-a539-9b90aa9e4d25,c4,DROP,441,x2,?,
1769500755.0893617,SENT,d196fae9-b16e-4a9b-ac27-3cb43b01de8c,2695af70-1964-4a46-a013-9b40cffe0e2e,c4,DROP,1016,?,i10,
1769500755.0894027,FORWARDED,d196fae9-b16e-4a9b-ac27-3cb43b01de8c,2695af70-1964-4a46-a013-9b40cffe0e2e,c4,DROP,1016,?,i10,
1769500755.121633,RECEIVED,bdb6ed1c-3944-48c8-bb3f-593ba31f18dc,37956951-2f9f-408b-a30f-c1bd4d8242fb,c5,DROP,1438,p2,?,
1769500755.16606,SENT,7b3167e1-8e7b-4b2e-b7ec-2e2610046e2a,8ee24f3a-068c-4c7d-a794-8ad2f77306f6,c4,DROP,1013,?,i6,
1769500755.1661043,FORWARDED,7b3167e1-8e7b-4b2e-b7ec-2e2610046e2a,8ee24f3a-068c-4c7d-a794-8ad2f77306f6,c4,DROP,1013,?,i6,
1769500755.3043303,RECEIVED,be136a62-6621-49ac-affe-3bb1b29e5dae,3481d830-99fd-4756-bfb1-ceaabe8e47fb,c2,None,2226,p2,?,
1769500755.4763386,RECEIVED,a5d3a664-6ed4-46d9-a129-aa1d5fbf8a12,68979c15-b562-4ff1-947c-34435bf7298f,c3,DROP,441,x11,?,
1769500755.4961095,RECEIVED,10f6499c-fa37-4b11-b4f2-9400846506b4,1605755a-ae77-4ac8-abfb-2e9f6af77b3e,c1,c5,2464,p1,?,
1769500755.7241979,SENT,10f6499c-fa37-4b11-b4f2-9400846506b4,1605755a-ae77-4ac8-abfb-2e9f6af77b3e,c1,c5,1775,?,i1,
1769500755.7242417,FORWARDED,10f6499c-fa37-4b11-b4f2-9400846506b4,1605755a-ae77-4ac8-abfb-2e9f6af77b3e,c1,c5,1775,?,i1,
1769500755.9390094,SENT,bdb6ed1c-3944-48c8-bb3f-593ba31f18dc,37956951-2f9f-408b-a30f-c1bd4d8242fb,c5,DROP,1007,?,i2,
1769500755.9393349,FORWARDED,bdb6ed1c-3944-48c8-bb3f-593ba31f18dc,37956951-2f9f-408b-a30f-c1bd4d8242fb,c5,DROP,1007,?,i2,
1769500756.2222877,RECEIVED,d0aa14e4-6c69-467f-932f-c364b3edd42b,15aa6719-4b0b-479e-993f-0713f2383ea8,c4,c3,2469,p1,?,
1769500756.377616,RECEIVED,9ad3d7d5-e040-4941-9c76-3569696747ea,b5562092-8730-4000-a9e9-fe61b441c36c,c2,DROP,1439,p2,?,
1769500756.3975847,RECEIVED,9989af57-ef60-402e-8741-dae6991f6d59,ed3a4244-bc96-4d6e-b023-80b3598df0af,c4,DROP,1439,p1,?,
1769500756.4250374,SENT,d0aa14e4-6c69-467f-932f-c364b3edd42b,15aa6719-4b0b-479e-993f-0713f2383ea8,c4,c3,1779,?,i11,
1769500756.4250917,FORWARDED,d0aa14e4-6c69-467f-932f-c364b3edd42b,15aa6719-4b0b-479e-993f-0713f2383ea8,c4,c3,1779,?,i11,
1769500756.4680364,RECEIVED,d634350c-8705-466b-b218-06f389a58ce7,f18b458b-2f2f-4075-91b0-f765cf37c27a,c2,DROP,441,x9,?,
1769500756.6641436,SENT,be136a62-6621-49ac-affe-3bb1b29e5dae,3481d830-99fd-4756-bfb1-ceaabe8e47fb,c2,None,1597,?,i2,
1769500756.6641881,FORWARDED,be136a62-6621-49ac-affe-3bb1b29e5dae,3481d830-99fd-4756-bfb1-ceaabe8e47fb,c2,None,1597,?,i2,
1769500756.6927419,RECEIVED,e3df8f31-95e0-4958-a77c-51dc1feba40e,bb800419-5c61-4e9c-81b6-1f165f4a2f48,c1,DROP,442,x4,?,
1769500756.6991525,SENT,9ad3d7d5-e040-4941-9c76-3569696747ea,b5562092-8730-4000-a9e9-fe61b441c36c,c2,DROP,1008,?,i2,
1769500756.6992016,FORWARDED,9ad3d7d5-e040-4941-9c76-3569696747ea,b5562092-8730-4000-a9e9-fe61b441c36c,c2,DROP,1008,?,i2,
1769500756.779809,RECEIVED,38749ba3-1af5-47dd-8cc8-2b54c809e9b6,f1f7b4de-000c-40f3-824c-73c02ddbbbac,c2,DROP,1452,p2,?,
1769500756.8506987,SENT,38749ba3-1af5-47dd-8cc8-2b54c809e9b6,f1f7b4de-000c-40f3-824c-73c02ddbbbac,c2,DROP,1016,?,i2,
1769500756.8507435,FORWARDED,38749ba3-1af5-47dd-8cc8-2b54c809e9b6,f1f7b4de-000c-40f3-824c-73c02ddbbbac,c2,DROP,1016,?,i2,
1769500756.8864443,RECEIVED,6d3be10f-e194-4b09-bc32-02137caa466a,30b2ba0a-2a3f-4849-908a-ced64a849e97,c4,DROP,1440,p1,?,
1769500756.91011,RECEIVED,6bd787d0-9866-4073-bf6e-a0087e2f198c,12c8ca7b-cd9e-4629-8ed3-a4aaf00f4722,c3,None,2236,p3,?,
1769500757.1038923,RECEIVED,3e1d16bc-362e-426f-9bcb-fb31efa9bbf5,a8aa7507-0acd-4b92-b2ab-9f32f9698245,c4,DROP,1440,p1,?,
1769500757.1576247,SENT,9989af57-ef60-402e-8741-dae6991f6d59,ed3a4244-bc96-4d6e-b023-80b3598df0af,c4,DROP,1008,?,i1,
1769500757.157666,FORWARDED,9989af57-ef60-402e-8741-dae6991f6d59,ed3a4244-bc96-4d6e-b023-80b3598df0af,c4,DROP,1008,?,i1,
1769500757.210491,SENT,6bd787d0-9866-4073-bf6e-a0087e2f198c,12c8ca7b-cd9e-4629-8ed3-a4aaf00f4722,c3,None,1603,?,i10,
1769500757.2105346,FORWARDED,6bd787d0-9866-4073-bf6e-a0087e2f198c,12c8ca7b-cd9e-4629-8ed3-a4aaf00f4722,c3,None,1603,?,i10,
1769500757.2193375,RECEIVED,2090eb28-8bdd-4fdf-bb1d-95602c561c38,f04b6eb0-eb40-4cda-b4f5-792ea9251a77,c3,c4,2480,p3,?,
1769500757.226651,SENT,3e1d16bc-362e-426f-9bcb-fb31efa9bbf5,a8aa7507-0acd-4b92-b2ab-9f32f9698245,c4,DROP,1007,?,i4,
1769500757.2266917,FORWARDED,3e1d16bc-362e-426f-9bcb-fb31efa9bbf5,a8aa7507-0acd-4b92-b2ab-9f32f9698245,c4,DROP,1007,?,i4,
1769500757.2415526,SENT,2090eb28-8bdd-4fdf-bb1d-95602c561c38,f04b6eb0-eb40-4cda-b4f5-792ea9251a77,c3,c4,1786,?,i9,
1769500757.241593,FORWARDED,2090eb28-8bdd-4fdf-bb1d-95602c561c38,f04b6eb0-eb40-4cda-b4f5-792ea9251a77,c3,c4,1786,?,i9,
1769500757.2438529,RECEIVED,e80177cf-105a-42cd-8160-49fd0f0ff33c,68401c3a-4a6d-48b6-902c-9d2793687782,c5,DROP,1444,p2,?,
1769500757.2990143,RECEIVED,81f05992-9454-438c-813f-7c92fa22b82f,71f52f16-82a8-4a7a-b2bd-22c7758631dc,c1,c5,2447,p1,?,
1769500757.3671417,SENT,e80177cf-105a-42cd-8160-49fd0f0ff33c,68401c3a-4a6d-48b6-902c-9d2793687782,c5,DROP,1011,?,i3,
1769500757.3671808,FORWARDED,e80177cf-105a-42cd-8160-49fd0f0ff33c,68401c3a-4a6d-48b6-902c-9d2793687782,c5,DROP,1011,?,i3,
1769500757.404754,RECEIVED,7b8094fe-4859-43f3-b5e3-0b0ab69b5d48,44a77a1e-4f90-4550-ba82-8b084680c0e1,c1,c5,2479,p1,?,
1769500757.6115298,SENT,6d3be10f-e194-4b09-bc32-02137caa466a,30b2ba0a-2a3f-4849-908a-ced64a849e97,c4,DROP,1008,?,i10,
1769500757.6115713,FORWARDED,6d3be10f-e194-4b09-bc32-02137caa466a,30b2ba0a-2a3f-4849-908a-ced64a849e97,c4,DROP,1008,?,i10,
1769500757.9012434,SENT,81f05992-9454-438c-813f-7c92fa22b82f,71f52f16-82a8-4a7a-b2bd-22c7758631dc,c1,c5,1763,?,i7,
1769500757.901286,FORWARDED,81f05992-9454-438c-813f-7c92fa22b82f,71f52f16-82a8-4a7a-b2bd-22c7758631dc,c1,c5,1763,?,i7,
1769500757.9624825,RECEIVED,1dc7e216-c7bb-4a60-9da2-3edb46fe60ec,2900fac7-093a-4282-a02c-a603e8120e9c,c3,DROP,1448,p3,?,
1769500758.0546415,RECEIVED,086eb882-7931-4179-9488-b359e0dbdd5b,2a439166-bbb0-47c9-82fb-113d7ab104b6,c2,DROP,442,x10,?,
1769500758.1152534,SENT,7b8094fe-4859-43f3-b5e3-0b0ab69b5d48,44a77a1e-4f90-4550-ba82-8b084680c0e1,c1,c5,1787,?,i10,
1769500758.1152952,FORWARDED,7b8094fe-4859-43f3-b5e3-0b0ab69b5d48,44a77a1e-4f90-4550-ba82-8b084680c0e1,c1,c5,1787,?,i10,
1769500758.2324405,RECEIVED,5e8a9348-01e3-450c-bcaa-b1bd449c7969,8f893306-eb0f-456e-9718-c85d48fd0a6a,c5,None,2222,p2,?,
1769500758.3466432,SENT,1dc7e216-c7bb-4a60-9da2-3edb46fe60ec,2900fac7-093a-4282-a02c-a603e8120e9c,c3,DROP,1012,?,i5,
1769500758.3466814,FORWARDED,1dc7e216-c7bb-4a60-9da2-3edb46fe60ec,2900fac7-093a-4282-a02c-a603e8120e9c,c3,DROP,1012,?,i5,
1769500758.6924844,RECEIVED,23b1e666-45d8-47aa-bec8-b7e98308c2dd,dcd25d79-5aea-4e47-a59f-f001d2bc86cb,c1,DROP,441,x3,?,
1769500758.9242578,RECEIVED,6db2ad37-5c90-4bab-8cee-b46f519e6676,4c9a2b36-6423-44ba-996c-7914c00545f8,c2,DROP,1448,p2,?,
1769500759.1575098,SENT,6db2ad37-5c90-4bab-8cee-b46f519e6676,4c9a2b36-6423-44ba-996c-7914c00545f8,c2,DROP,1012,?,i11,
1769500759.157551,FORWARDED,6db2ad37-5c90-4bab-8cee-b46f519e6676,4c9a2b36-6423-44ba-996c-7914c00545f8,c2,DROP,1012,?,i11,
1769500759.1807184,RECEIVED,1565718c-dda4-46ed-abbe-98cde5a35531,250af1b7-692d-4574-82c7-5ac7e7d58cb5,c2,DROP,1440,p2,?,
1769500759.3690836,SENT,1565718c-dda4-46ed-abbe-98cde5a35531,250af1b7-692d-4574-82c7-5ac7e7d58cb5,c2,DROP,1008,?,i1,
1769500759.369126,FORWARDED,1565718c-dda4-46ed-abbe-98cde5a35531,250af1b7-692d-4574-82c7-5ac7e7d58cb5,c2,DROP,1008,?,i1,
1769500759.3833258,RECEIVED,bf2fd2d6-8ee9-4e0b-9307-8082130c4301,f1b6ab88-101f-428e-b96d-f5efcf1c4553,c3,DROP,1435,p3,?,
1769500759.4256914,RECEIVED,20c893a3-91d3-421a-b799-ff9992a73c44,3fc55c02-9b77-4b5a-a1bf-95fd07d3002b,c1,DROP,1442,p1,?,
1769500759.614142,RECEIVED,f1003bfe-3f42-4d78-a2b0-9938c891886d,00aec3b8-fbcc-4f31-8f10-0f4162418a33,c2,DROP,441,x7,?,
1769500759.6284173,RECEIVED,c522a8b2-5d05-4591-8a46-c0f4645ed6c4,1fc1629b-c33a-476a-b048-0716bddc36ba,c3,DROP,1441,p3,?,
1769500759.6541605,RECEIVED,190a56e8-fac3-4297-b615-d0ad6fe22dd1,3f9cb009-fd51-4baa-8985-7389fc7eeb8e,c5,None,2235,p2,?,
1769500759.742093,RECEIVED,61f8468d-081b-4f96-94e7-dadb62d34ada,55ee9b8c-9c29-4a9d-8404-a269eb5a93fb,c1,DROP,1440,p1,?,
1769500759.7469285,SENT,20c893a3-91d3-421a-b799-ff9992a73c44,3fc55c02-9b77-4b5a-a1bf-95fd07d3002b,c1,DROP,1009,?,i2,
1769500759.746967,FORWARDED,20c893a3-91d3-421a-b799-ff9992a73c44,3fc55c02-9b77-4b5a-a1bf-95fd07d3002b,c1,DROP,1009,?,i2,
1769500759.9175158,SENT,61f8468d-081b-4f96-94e7-dadb62d34ada,55ee9b8c-9c29-4a9d-8404-a269eb5a93fb,c1,DROP,1007,?,i3,
1769500759.9175582,FORWARDED,61f8468d-081b-4f96-94e7-dadb62d34ada,55ee9b8c-9c29-4a9d-8404-a269eb5a93fb,c1,DROP,1007,?,i3,
1769500759.9487069,SENT,5e8a9348-01e3-450c-bcaa-b1bd449c7969,8f893306-eb0f-456e-9718-c85d48fd0a6a,c5,None,1596,?,i2,
1769500759.9487514,FORWARDED,5e8a9348-01e3-450c-bcaa-b1bd449c7969,8f893306-eb0f-456e-9718-c85d48fd0a6a,c5,None,1596,?,i2,
1769500759.960983,SENT,c522a8b2-5d05-4591-8a46-c0f4645ed6c4,1fc1629b-c33a-476a-b048-0716bddc36ba,c3,DROP,1007,?,i12,
1769500759.961018,FORWARDED,c522a8b2-5d05-4591-8a46-c0f4645ed6c4,1fc1629b-c33a-476a-b048-0716bddc36ba,c3,DROP,1007,?,i12,
1769500760.206301,RECEIVED,7673b3e5-27ef-4b6b-bb3a-365792794b3b,e0890591-ab81-4ad5-b562-283a763dfc50,c1,DROP,1439,p1,?,
1769500760.5088005,SENT,190a56e8-fac3-4297-b615-d0ad6fe22dd1,3f9cb009-fd51-4baa-8985-7389fc7eeb8e,c5,None,1604,?,i5,
1769500760.5088406,FORWARDED,190a56e8-fac3-4297-b615-d0ad6fe22dd1,3f9cb009-fd51-4baa-8985-7389fc7eeb8e,c5,None,1604,?,i5,
1769500760.7881749,SENT,bf2fd2d6-8ee9-4e0b-9307-8082130c4301,f1b6ab88-101f-428e-b96d-f5efcf1c4553,c3,DROP,1004,?,i1,
1769500760.7882164,FORWARDED,bf2fd2d6-8ee9-4e0b-9307-8082130c4301,f1b6ab88-101f-428e-b96d-f5efcf1c4553,c3,DROP,1004,?,i1,
1769500760.796229,RECEIVED,47060af3-187c-41bc-9c6d-21cdda17da4c,6a962cf3-2c6e-43f1-a8ad-baae418447df,c1,DROP,1440,p1,?,
1769500760.8814933,RECEIVED,0314e715-68f0-4c9d-b453-876b0d967589,4657002b-3744-46c4-b150-0caf98047d09,c5,DROP,1447,p2,?,
1769500760.9217784,SENT,7673b3e5-27ef-4b6b-bb3a-365792794b3b,e0890591-ab81-4ad5-b562-283a763dfc50,c1,DROP,1007,?,i10,
1769500760.9218278,FORWARDED,7673b3e5-27ef-4b6b-bb3a-365792794b3b,e0890591-ab81-4ad5-b562-283a763dfc50,c1,DROP,1007,?,i10,
1769500760.9420025,RECEIVED,82431592-e569-483e-b0fa-d1e39fb2bbe0,8bd74bac-b56b-48a1-b8eb-a3d74cf50cc3,c1,DROP,1444,p1,?,
1769500761.0730076,RECEIVED,57fbef81-9083-4df0-bbc0-07c12e56b45e,f4cfa2f4-b639-4257-a570-bd5907cfb36d,c3,DROP,1439,p3,?,
1769500761.0997767,SENT,82431592-e569-483e-b0fa-d1e39fb2bbe0,8bd74bac-b56b-48a1-b8eb-a3d74cf50cc3,c1,DROP,1011,?,i1,
1769500761.0998116,FORWARDED,82431592-e569-483e-b0fa-d1e39fb2bbe0,8bd74bac-b56b-48a1-b8eb-a3d74cf50cc3,c1,DROP,1011,?,i1,
1769500761.1052608,RECEIVED,6e4d7437-af16-43ea-b61b-eaf7a60b7f5b,bf8fecfe-cba3-405d-bdf7-3e91f643fc3e,c4,DROP,441,x10,?,
1769500761.1568236,RECEIVED,9e6ea1d4-9de1-4b1b-add8-1d1ba70b6315,ea26235c-94db-47bf-a964-0fa74df6ee80,c4,DROP,441,x4,?,
1769500761.1854155,RECEIVED,f3215719-7048-4f7b-b382-efecef38f515,b6bc9c6e-b2d7-41f4-9a48-c94b6f16f381,c2,c1,2452,p2,?,
1769500761.19809,RECEIVED,a2669652-87e8-4952-b7e4-64834211017a,417703cb-a068-49da-b93f-cb660e8a31ca,c5,DROP,1449,p2,?,
1769500761.2168267,RECEIVED,d61c3805-b94e-46d1-903e-e11febc980b5,457014cd-69d8-471c-9bed-7e3088f9c49f,c1,DROP,444,x12,?,
1769500761.239619,SENT,57fbef81-9083-4df0-bbc0-07c12e56b45e,f4cfa2f4-b639-4257-a570-bd5907cfb36d,c3,DROP,1008,?,i7,
1769500761.2396586,FORWARDED,57fbef81-9083-4df0-bbc0-07c12e56b45e,f4cfa2f4-b639-4257-a570-bd5907cfb36d,c3,DROP,1008,?,i7,
1769500761.275119,SENT,0314e715-68f0-4c9d-b453-876b0d967589,4657002b-3744-46c4-b150-0caf98047d09,c5,DROP,1012,?,i9,
1769500761.2751873,FORWARDED,0314e715-68f0-4c9d-b453-876b0d967589,4657002b-3744-46c4-b150-0caf98047d09,c5,DROP,1012,?,i9,
1769500761.2942078,SENT,47060af3-187c-41bc-9c6d-21cdda17da4c,6a962cf3-2c6e-43f1-a8ad-baae418447df,c1,DROP,1007,?,i2,
1769500761.2942517,FORWARDED,47060af3-187c-41bc-9c6d-21cdda17da4c,6a962cf3-2c6e-43f1-a8ad-baae418447df,c1,DROP,1007,?,i2,
1769500761.308642,SENT,a2669652-87e8-4952-b7e4-64834211017a,417703cb-a068-49da-b93f-cb660e8a31ca,c5,DROP,1014,?,i12,
1769500761.308676,FORWARDED,a2669652-87e8-4952-b7e4-64834211017a,417703cb-a068-49da-b93f-cb660e8a31ca,c5,DROP,1014,?,i12,
1769500761.4900322,RECEIVED,c2cd99cc-0fca-49cc-9de3-8f25a4c9cfb5,e9acb9b6-bf23-4f18-89a3-62aed018bbc3,c5,DROP,1444,p2,?,
1769500761.6838212,SENT,f3215719-7048-4f7b-b382-efecef38f515,b6bc9c6e-b2d7-41f4-9a48-c94b6f16f381,c2,c1,1766,?,i7,
1769500761.6838639,FORWARDED,f3215719-7048-4f7b-b382-efecef38f515,b6bc9c6e-b2d7-41f4-9a48-c94b6f16f381,c2,c1,1766,?,i7,
1769500761.699617,RECEIVED,2fee12f9-1aa5-4095-aa7f-ac6b03cb4b87,27f6e387-7535-4ada-a074-064a7388e385,c4,DROP,441,x1,?,
1769500761.7994232,SENT,c2cd99cc-0fca-49cc-9de3-8f25a4c9cfb5,e9acb9b6-bf23-4f18-89a3-62aed018bbc3,c5,DROP,1010,?,i10,
1769500761.799462,FORWARDED,c2cd99cc-0fca-49cc-9de3-8f25a4c9cfb5,e9acb9b6-bf23-4f18-89a3-62aed018bbc3,c5,DROP,1010,?,i10,
1769500761.881114,RECEIVED,72c7117c-ca66-4e9b-ac29-8dd5f9f136f7,3f839460-88a2-453f-9c57-94177b2c4485,c3,c4,2467,p3,?,
1769500761.9745753,RECEIVED,d9ba3674-979a-4343-9982-5b9cdc66cbd2,488b9618-651f-480a-8593-a368bbaa2367,c4,c3,2481,p1,?,
1769500762.2398605,RECEIVED,b45cbb12-80b8-4259-9377-1b8e2f0fde01,bf8e6ac8-f02b-4450-b31a-0e926b1cf9a4,c3,DROP,1439,p3,?,
1769500762.270223,RECEIVED,00466e85-72f2-415e-889a-37ccd3ac9307,9fb3de13-e115-47a1-8e82-68fbc528eb64,c2,DROP,1440,p2,?,
1769500762.342641,SENT,00466e85-72f2-415e-889a-37ccd3ac9307,9fb3de13-e115-47a1-8e82-68fbc528eb64,c2,DROP,1008,?,i9,
1769500762.3426843,FORWARDED,00466e85-72f2-415e-889a-37ccd3ac9307,9fb3de13-e115-47a1-8e82-68fbc528eb64,c2,DROP,1008,?,i9,
1769500762.4098775,SENT,d9ba3674-979a-4343-9982-5b9cdc66cbd2,488b9618-651f-480a-8593-a368bbaa2367,c4,c3,1788,?,i10,
1769500762.4099195,FORWARDED,d9ba3674-979a-4343-9982-5b9cdc66cbd2,488b9618-651f-480a-8593-a368bbaa2367,c4,c3,1788,?,i10,
1769500762.413547,RECEIVED,c686140d-f199-4ebc-862e-518bec1b7095,decd2ef2-4605-4014-977a-48430b9dc330,c2,DROP,441,x4,?,
1769500762.4676204,RECEIVED,69773a84-660e-49bb-8848-775cdd47aeb2,88d46548-b4fa-47db-b2d5-c036a3d20ca7,c1,None,2236,p1,?,
1769500762.5264268,SENT,69773a84-660e-49bb-8848-775cdd47aeb2,88d46548-b4fa-47db-b2d5-c036a3d20ca7,c1,None,1604,?,i8,
1769500762.5264666,FORWARDED,69773a84-660e-49bb-8848-775cdd47aeb2,88d46548-b4fa-47db-b2d5-c036a3d20ca7,c1,None,1604,?,i8,
1769500762.5344412,RECEIVED,3d16709b-2a99-45e1-ae10-cacafea6749b,99bb9c64-9610-454e-bc87-5e9e3c4dde1b,c2,None,2240,p2,?,
1769500762.666374,SENT,72c7117c-ca66-4e9b-ac29-8dd5f9f136f7,3f839460-88a2-453f-9c57-94177b2c4485,c3,c4,1777,?,i8,
1769500762.666416,FORWARDED,72c7117c-ca66-4e9b-ac29-8dd5f9f136f7,3f839460-88a2-453f-9c57-94177b2c4485,c3,c4,1777,?,i8,
1769500762.7276123,SENT,b45cbb12-80b8-4259-9377-1b8e2f0fde01,bf8e6ac8-f02b-4450-b31a-0e926b1cf9a4,c3,DROP,1007,?,i6,
1769500762.7276525,FORWARDED,b45cbb12-80b8-4259-9377-1b8e2f0fde01,bf8e6ac8-f02b-4450-b31a-0e926b1cf9a4,c3,DROP,1007,?,i6,
1769500762.7427535,RECEIVED,8d8895fa-09ff-47c0-89eb-8bc9a7a564f8,124dc927-c5ee-4b2d-a65e-f56183dcff0f,c4,DROP,1446,p1,?,
1769500762.8196747,RECEIVED,995dee2c-605a-4bd5-95e4-31f61283d344,29579861-ca0c-45a8-aa9f-d00bde5ebf11,c2,DROP,441,x1,?,
1769500763.286568,RECEIVED,8bbe51c2-931a-4e0b-b05d-a02fd951628a,08257d41-befb-44d9-9cf5-cc5331d73beb,c5,DROP,1460,p2,?,
1769500763.3027549,RECEIVED,604b0471-b19a-4bf2-bb9c-7b8114d92faf,b1e430a1-9782-400b-9c40-61e3ddf95d5c,c5,DROP,1452,p2,?,
1769500763.4747484,RECEIVED,23b5d5d9-969d-4ee8-86ae-507ce647dee1,c10aae24-7c59-41ff-9014-10082975afb6,c4,DROP,1436,p1,?,
1769500763.4822156,SENT,3d16709b-2a99-45e1-ae10-cacafea6749b,99bb9c64-9610-454e-bc87-5e9e3c4dde1b,c2,None,1607,?,i10,
1769500763.4822593,FORWARDED,3d16709b-2a99-45e1-ae10-cacafea6749b,99bb9c64-9610-454e-bc87-5e9e3c4dde1b,c2,None,1607,?,i10,
1769500763.6046302,SENT,23b5d5d9-969d-4ee8-86ae-507ce647dee1,c10aae24-7c59-41ff-9014-10082975afb6,c4,DROP,1003,?,i9,
1769500763.604668,FORWARDED,23b5d5d9-969d-4ee8-86ae-507ce647dee1,c10aae24-7c59-41ff-9014-10082975afb6,c4,DROP,1003,?,i9,
1769500763.6499453,SENT,604b0471-b19a-4bf2-bb9c-7b8114d92faf,b1e430a1-9782-400b-9c40-61e3ddf95d5c,c5,DROP,1016,?,i6,
1769500763.6499844,FORWARDED,604b0471-b19a-4bf2-bb9c-7b8114d92faf,b1e430a1-9782-400b-9c40-61e3ddf95d5c,c5,DROP,1016,?,i6,
1769500763.720489,SENT,8bbe51c2-931a-4e0b-b05d-a02fd951628a,08257d41-befb-44d9-9cf5-cc5331d73beb,c5,DROP,1021,?,i10,
1769500763.720545,FORWARDED,8bbe51c2-931a-4e0b-b05d-a02fd951628a,08257d41-befb-44d9-9cf5-cc5331d73beb,c5,DROP,1021,?,i10,
1769500764.0996447,RECEIVED,c71b69b3-3b73-4b36-8179-c97a98bd679a,116a4b40-37d4-41d0-b3e7-b21b774a4ad9,c4,DROP,1451,p1,?,
1769500764.1751747,RECEIVED,c1b87dec-579c-4897-ace7-92521cd24608,6354b216-63bc-4789-9f23-12b070f24629,c2,c1,2460,p2,?,
1769500764.1847544,RECEIVED,ae961c62-8d1d-472f-bf4c-807845f8164a,5e0b3c47-6aa6-45eb-9f9a-a871f92f971c,c5,DROP,1440,p2,?,
1769500764.2318497,SENT,ae961c62-8d1d-472f-bf4c-807845f8164a,5e0b3c47-6aa6-45eb-9f9a-a871f92f971c,c5,DROP,1007,?,i3,
1769500764.2318933,FORWARDED,ae961c62-8d1d-472f-bf4c-807845f8164a,5e0b3c47-6aa6-45eb-9f9a-a871f92f971c,c5,DROP,1007,?,i3,
1769500764.346962,SENT,c1b87dec-579c-4897-ace7-92521cd24608,6354b216-63bc-4789-9f23-12b070f24629,c2,c1,1771,?,i2,
1769500764.347005,FORWARDED,c1b87dec-579c-4897-ace7-92521cd24608,6354b216-63bc-4789-9f23-12b070f24629,c2,c1,1771,?,i2,
1769500764.4275477,RECEIVED,223415ce-8787-44f3-a1d9-185d3a197d25,683dfb54-e092-482d-9587-37563c186cff,c3,DROP,440,x4,?,
1769500764.6184168,RECEIVED,75c87faf-875b-4f0b-b481-3dd19d0af4ce,01a00e3e-c02b-4f75-9e9a-241c9080a1d5,c3,DROP,1439,p3,?,
1769500764.9004314,SENT,8d8895fa-09ff-47c0-89eb-8bc9a7a564f8,124dc927-c5ee-4b2d-a65e-f56183dcff0f,c4,DROP,1012,?,i9,
1769500764.9010286,FORWARDED,8d8895fa-09ff-47c0-89eb-8bc9a7a564f8,124dc927-c5ee-4b2d-a65e-f56183dcff0f,c4,DROP,1012,?,i9,
1769500764.9445488,RECEIVED,a4a8d6b7-92ed-440b-a080-53f3e79d2669,2a29275d-a1ca-435f-91d9-151906288993,c3,DROP,445,x9,?,
1769500765.042697,RECEIVED,6bfee903-e723-46d7-b122-f10c0ad86f7e,fff1fe80-5276-4423-8bd9-ed9293e430d2,c1,DROP,1448,p1,?,
1769500765.1124942,RECEIVED,8b9d46cb-8970-42d9-8c5d-c944055bd3a3,37950eb3-0b71-4015-b643-d14923b54888,c4,DROP,1463,p1,?,
1769500765.2429156,SENT,6bfee903-e723-46d7-b122-f10c0ad86f7e,fff1fe80-5276-4423-8bd9-ed9293e430d2,c1,DROP,1013,?,i8,
1769500765.2429512,FORWARDED,6bfee903-e723-46d7-b122-f10c0ad86f7e,fff1fe80-5276-4423-8bd9-ed9293e430d2,c1,DROP,1013,?,i8,
1769500765.379609,RECEIVED,4fdbf5f3-98fb-4f1a-8e7a-95bf72fd7090,eac0197c-fc8b-42bd-b184-b5617040a604,c3,DROP,441,x4,?,
1769500765.4086788,RECEIVED,c5c194d6-a935-494a-903f-06f1af2fdc24,1e12512b-eb9d-4a2f-9a39-a962e63cd6ae,c5,c2,2464,p2,?,
1769500765.4495654,SENT,8b9d46cb-8970-42d9-8c5d-c944055bd3a3,37950eb3-0b71-4015-b643-d14923b54888,c4,DROP,1025,?,i5,
1769500765.4496043,FORWARDED,8b9d46cb-8970-42d9-8c5d-c944055bd3a3,37950eb3-0b71-4015-b643-d14923b54888,c4,DROP,1025,?,i5,
1769500765.5114107,SENT,c71b69b3-3b73-4b36-8179-c97a98bd679a,116a4b40-37d4-41d0-b3e7-b21b774a4ad9,c4,DROP,1017,?,i3,
1769500765.5114532,FORWARDED,c71b69b3-3b73-4b36-8179-c97a98bd679a,116a4b40-37d4-41d0-b3e7-b21b774a4ad9,c4,DROP,1017,?,i3,
1769500765.6268423,RECEIVED,4b90e560-76ff-4630-9c6f-b8c1a7bdedea,8a9c0087-943f-4eda-8d91-47422ecdf44d,c2,c1,2463,p2,?,
1769500765.7214808,RECEIVED,30eb920c-f580-4b1a-8781-a58c9bb0c90a,a588be96-e1fe-4b49-977c-c5ae1ac9ba24,c5,c2,2470,p2,?,
1769500765.7911093,SENT,30eb920c-f580-4b1a-8781-a58c9bb0c90a,a588be96-e1fe-4b49-977c-c5ae1ac9ba24,c5,c2,1777,?,i11,
1769500765.7911491,FORWARDED,30eb920c-f580-4b1a-8781-a58c9bb0c90a,a588be96-e1fe-4b49-977c-c5ae1ac9ba24,c5,c2,1777,?,i11,
1769500765.7934263,SENT,c5c194d6-a935-494a-903f-06f1af2fdc24,1e12512b-eb9d-4a2f-9a39-a962e63cd6ae,c5,c2,1776,?,i10,
1769500765.7934666,FORWARDED,c5c194d6-a935-494a-903f-06f1af2fdc24,1e12512b-eb9d-4a2f-9a39-a962e63cd6ae,c5,c2,1776,?,i10,
1769500765.8296034,SENT,75c87faf-875b-4f0b-b481-3dd19d0af4ce,01a00e3e-c02b-4f75-9e9a-241c9080a1d5,c3,DROP,1007,?,i4,
1769500765.829642,FORWARDED,75c87faf-875b-4f0b-b481-3dd19d0af4ce,01a00e3e-c02b-4f75-9e9a-241c9080a1d5,c3,DROP,1007,?,i4,
1769500765.9754012,SENT,4b90e560-76ff-4630-9c6f-b8c1a7bdedea,8a9c0087-943f-4eda-8d91-47422ecdf44d,c2,c1,1775,?,i4,
1769500765.9754443,FORWARDED,4b90e560-76ff-4630-9c6f-b8c1a7bdedea,8a9c0087-943f-4eda-8d91-47422ecdf44d,c2,c1,1775,?,i4,
1769500766.0719569,RECEIVED,5bdb85f3-b004-40d6-a6e3-4de3e2431b63,4abda509-cf95-429b-a007-98ab0b570b84,c1,DROP,1440,p1,?,
1769500766.0970223,RECEIVED,60bb0488-6b11-4218-9b76-99623fff84d9,f654b47b-c417-49ff-b1df-951a40f89709,c2,DROP,1440,p2,?,
1769500766.136234,SENT,5bdb85f3-b004-40d6-a6e3-4de3e2431b63,4abda509-cf95-429b-a007-98ab0b570b84,c1,DROP,1006,?,i1,
1769500766.136276,FORWARDED,5bdb85f3-b004-40d6-a6e3-4de3e2431b63,4abda509-cf95-429b-a007-98ab0b570b84,c1,DROP,1006,?,i1,
1769500766.161831,RECEIVED,d0b4b29c-1642-4641-9bbc-e93cddaf438a,1b0ccea9-1a76-496d-9b72-42b77ec6367a,c4,c3,2452,p1,?,
1769500766.195481,RECEIVED,34070fb8-5317-402d-83f5-3803212956a0,433729f8-c989-44bd-b0aa-8a28dece9b14,c2,DROP,441,x6,?,
1769500766.3381302,SENT,60bb0488-6b11-4218-9b76-99623fff84d9,f654b47b-c417-49ff-b1df-951a40f89709,c2,DROP,1007,?,i9,
1769500766.3381732,FORWARDED,60bb0488-6b11-4218-9b76-99623fff84d9,f654b47b-c417-49ff-b1df-951a40f89709,c2,DROP,1007,?,i9,
1769500766.4223695,SENT,d0b4b29c-1642-4641-9bbc-e93cddaf438a,1b0ccea9-1a76-496d-9b72-42b77ec6367a,c4,c3,1767,?,i11,
1769500766.4224083,FORWARDED,d0b4b29c-1642-4641-9bbc-e93cddaf438a,1b0ccea9-1a76-496d-9b72-42b77ec6367a,c4,c3,1767,?,i11,
1769500766.4934049,RECEIVED,0a8e78a2-5bb8-433a-bcdf-4ca3b685c807,66c4c1c1-32a7-44e6-81a9-6050394bbfe9,c1,None,2232,p1,?,
1769500766.7457583,RECEIVED,5de20b94-3dd3-4370-8b0c-9343c4fd3843,298b9253-892d-43a5-8681-f6b1bcb8e084,c3,c4,2447,p3,?,
1769500766.8618088,SENT,0a8e78a2-5bb8-433a-bcdf-4ca3b685c807,66c4c1c1-32a7-44e6-81a9-6050394bbfe9,c1,None,1602,?,i2,
1769500766.8618493,FORWARDED,0a8e78a2-5bb8-433a-bcdf-4ca3b685c807,66c4c1c1-32a7-44e6-81a9-6050394bbfe9,c1,None,1602,?,i2,
1769500767.097803,RECEIVED,5c740f00-8821-4aea-bb0c-bbad63afd21f,46ca80bc-412b-42ba-b2c7-ada8292c2b69,c3,DROP,1441,p3,?,
1769500767.1843958,SENT,5c740f00-8821-4aea-bb0c-bbad63afd21f,46ca80bc-412b-42ba-b2c7-ada8292c2b69,c3,DROP,1007,?,i11,
1769500767.1844378,FORWARDED,5c740f00-8821-4aea-bb0c-bbad63afd21f,46ca80bc-412b-42ba-b2c7-ada8292c2b69,c3,DROP,1007,?,i11,
1769500767.1921024,SENT,5de20b94-3dd3-4370-8b0c-9343c4fd3843,298b9253-892d-43a5-8681-f6b1bcb8e084,c3,c4,1763,?,i7,
1769500767.1921413,FORWARDED,5de20b94-3dd3-4370-8b0c-9343c4fd3843,298b9253-892d-43a5-8681-f6b1bcb8e084,c3,c4,1763,?,i7,
1769500767.2087493,RECEIVED,6fd26c09-0b3a-47c3-8359-407e76c3b1ca,3eb9408c-c80b-42fa-8c82-271f2204dd7b,c1,None,2231,p1,?,
1769500767.2111995,RECEIVED,3c76bfde-592c-4b6b-8848-b35d745592bc,b7fa7c1d-2153-499f-8a84-fef385396083,c1,None,2235,p1,?,
1769500767.381549,RECEIVED,82ca9fa1-a780-444d-bd57-0f4e122c3cc9,d0729220-554c-4ce5-87aa-c7b21f3955f7,c4,DROP,1443,p1,?,
1769500767.4691873,RECEIVED,0e855165-305f-4238-aaec-1bbd781dc22c,c2bc7fd4-a6d3-4494-ba8a-da88f6466510,c4,None,2228,p1,?,
1769500767.5634964,SENT,6fd26c09-0b3a-47c3-8359-407e76c3b1ca,3eb9408c-c80b-42fa-8c82-271f2204dd7b,c1,None,1600,?,i5,
1769500767.5635588,FORWARDED,6fd26c09-0b3a-47c3-8359-407e76c3b1ca,3eb9408c-c80b-42fa-8c82-271f2204dd7b,c1,None,1600,?,i5,
1769500767.5774164,RECEIVED,23300f64-5a60-4816-b203-43cc0cedda21,112b56ee-be87-44ea-9ec5-fd93a6c8fd39,c2,c1,2457,p2,?,
1769500767.6310716,SENT,0e855165-305f-4238-aaec-1bbd781dc22c,c2bc7fd4-a6d3-4494-ba8a-da88f6466510,c4,None,1599,?,i3,
1769500767.631115,FORWARDED,0e855165-305f-4238-aaec-1bbd781dc22c,c2bc7fd4-a6d3-4494-ba8a-da88f6466510,c4,None,1599,?,i3,
1769500767.7200243,SENT,23300f64-5a60-4816-b203-43cc0cedda21,112b56ee-be87-44ea-9ec5-fd93a6c8fd39,c2,c1,1771,?,i3,
1769500767.7200735,FORWARDED,23300f64-5a60-4816-b203-43cc0cedda21,112b56ee-be87-44ea-9ec5-fd93a6c8fd39,c2,c1,1771,?,i3,
1769500767.8264031,RECEIVED,b032de40-a88b-42ce-bb45-ab5681f787b5,52bb361f-f18d-44b7-8ca6-f387426c3ad1,c2,DROP,1439,p2,?,
1769500767.9220288,SENT,b032de40-a88b-42ce-bb45-ab5681f787b5,52bb361f-f18d-44b7-8ca6-f387426c3ad1,c2,DROP,1008,?,i6,
1769500767.9220762,FORWARDED,b032de40-a88b-42ce-bb45-ab5681f787b5,52bb361f-f18d-44b7-8ca6-f387426c3ad1,c2,DROP,1008,?,i6,
1769500767.9324863,RECEIVED,cf5f38cb-2b3e-442c-8b95-c45d4c5dea22,2ec91e8c-a2be-4488-ad22-822a7427ab2e,c1,DROP,442,x2,?,
1769500767.977213,SENT,3c76bfde-592c-4b6b-8848-b35d745592bc,b7fa7c1d-2153-499f-8a84-fef385396083,c1,None,1604,?,i2,
1769500767.9772534,FORWARDED,3c76bfde-592c-4b6b-8848-b35d745592bc,b7fa7c1d-2153-499f-8a84-fef385396083,c1,None,1604,?,i2,
1769500768.0684733,SENT,82ca9fa1-a780-444d-bd57-0f4e122c3cc9,d0729220-554c-4ce5-87aa-c7b21f3955f7,c4,DROP,1010,?,i4,
1769500768.0692222,FORWARDED,82ca9fa1-a780-444d-bd57-0f4e122c3cc9,d0729220-554c-4ce5-87aa-c7b21f3955f7,c4,DROP,1010,?,i4,
1769500768.162957,RECEIVED,d3eeed33-718a-4a8a-9b6c-0d54f0a72de0,af72940a-a0ef-4fa7-bd55-77f814a29fea,c5,DROP,448,x12,?,
1769500768.4707782,RECEIVED,fbcb548d-8ed9-40f9-b3c0-5f037dde9872,4c4dc603-a8ae-4c67-986f-c73900d7789e,c4,DROP,1450,p1,?,
1769500768.478268,SENT,fbcb548d-8ed9-40f9-b3c0-5f037dde9872,4c4dc603-a8ae-4c67-986f-c73900d7789e,c4,DROP,1013,?,i5,
1769500768.4783087,FORWARDED,fbcb548d-8ed9-40f9-b3c0-5f037dde9872,4c4dc603-a8ae-4c67-986f-c73900d7789e,c4,DROP,1013,?,i5,
1769500768.6485088,RECEIVED,38872c95-3fa8-472d-be89-19daa7e13c90,d93e33d9-4298-44bc-8dcd-77d8e9838185,c4,DROP,1441,p1,?,
1769500768.6898215,RECEIVED,252859b5-7a0a-48de-b293-65214b730c88,4ec17e0c-9650-4899-82b9-5ac6da786a99,c3,DROP,1447,p3,?,
1769500768.7996736,RECEIVED,e16f99dd-5fed-4372-8639-4a0c7938c562,50c04ead-95f5-47ed-9b08-8bf69fc6adcc,c1,c5,2455,p1,?,
1769500768.8907115,RECEIVED,499c56a3-ffe6-4b83-ab2e-5875c3cd3a43,59e31439-aa13-468e-aaad-50b9535ae1ac,c3,c4,2451,p3,?,
1769500769.0972142,RECEIVED,5f138c2a-7f75-4dfb-9acd-b5abd37537da,a1f261f6-1a0f-4d20-9b14-1c3a4e476b18,c2,DROP,1451,p2,?,
1769500769.2223318,SENT,499c56a3-ffe6-4b83-ab2e-5875c3cd3a43,59e31439-aa13-468e-aaad-50b9535ae1ac,c3,c4,1767,?,i3,
1769500769.2223735,FORWARDED,499c56a3-ffe6-4b83-ab2e-5875c3cd3a43,59e31439-aa13-468e-aaad-50b9535ae1ac,c3,c4,1767,?,i3,
1769500769.2710986,SENT,252859b5-7a0a-48de-b293-65214b730c88,4ec17e0c-9650-4899-82b9-5ac6da786a99,c3,DROP,1014,?,i8,
1769500769.2711403,FORWARDED,252859b5-7a0a-48de-b293-65214b730c88,4ec17e0c-9650-4899-82b9-5ac6da786a99,c3,DROP,1014,?,i8,
1769500769.3772185,SENT,38872c95-3fa8-472d-be89-19daa7e13c90,d93e33d9-4298-44bc-8dcd-77d8e9838185,c4,DROP,1011,?,i7,
1769500769.3772607,FORWARDED,38872c95-3fa8-472d-be89-19daa7e13c90,d93e33d9-4298-44bc-8dcd-77d8e9838185,c4,DROP,1011,?,i7,
1769500769.4909985,RECEIVED,8b2103f5-dff4-48b0-ac60-02a4216a0bfa,53e2b939-219e-43da-ac86-3da3389936bc,c2,DROP,1444,p2,?,
1769500769.505392,RECEIVED,3d045824-7aa5-4c36-94aa-bfdc95f72859,1306bb2e-9a25-47d6-a4f4-685e1d5b9e23,c4,None,2223,p1,?,
1769500769.5571756,SENT,e16f99dd-5fed-4372-8639-4a0c7938c562,50c04ead-95f5-47ed-9b08-8bf69fc6adcc,c1,c5,1769,?,i5,
1769500769.5572135,FORWARDED,e16f99dd-5fed-4372-8639-4a0c7938c562,50c04ead-95f5-47ed-9b08-8bf69fc6adcc,c1,c5,1769,?,i5,
1769500769.5629082,SENT,8b2103f5-dff4-48b0-ac60-02a4216a0bfa,53e2b939-219e-43da-ac86-3da3389936bc,c2,DROP,1009,?,i2,
1769500769.5629451,FORWARDED,8b2103f5-dff4-48b0-ac60-02a4216a0bfa,53e2b939-219e-43da-ac86-3da3389936bc,c2,DROP,1009,?,i2,
1769500769.7108583,RECEIVED,1a77cf7e-9bd2-4b13-add4-fbbe216e68b3,7a3d39a4-11dc-40a3-afa3-55ef455d8cea,c5,DROP,1453,p2,?,
1769500769.720567,SENT,5f138c2a-7f75-4dfb-9acd-b5abd37537da,a1f261f6-1a0f-4d20-9b14-1c3a4e476b18,c2,DROP,1015,?,i8,
1769500769.720701,FORWARDED,5f138c2a-7f75-4dfb-9acd-b5abd37537da,a1f261f6-1a0f-4d20-9b14-1c3a4e476b18,c2,DROP,1015,?,i8,
1769500769.7913396,SENT,1a77cf7e-9bd2-4b13-add4-fbbe216e68b3,7a3d39a4-11dc-40a3-afa3-55ef455d8cea,c5,DROP,1017,?,i11,
1769500769.7913764,FORWARDED,1a77cf7e-9bd2-4b13-add4-fbbe216e68b3,7a3d39a4-11dc-40a3-afa3-55ef455d8cea,c5,DROP,1017,?,i11,
1769500770.0114114,RECEIVED,cdfb4d70-b9cb-4f51-ba1b-7a1e1a63b91e,de505552-245e-4675-9166-e4b0954f7b3f,c5,None,2236,p2,?,
1769500770.2574353,RECEIVED,1a1f1ac6-df5a-4f3d-869a-35b527856e75,9d1cb927-2938-4d5a-82a9-e6e68dcc1eac,c5,DROP,1450,p2,?,
1769500770.4530134,RECEIVED,5833aca5-a2b4-4693-bdde-63a1891c2c62,2e7f9409-16c9-4714-a3fc-fee437db1fda,c4,c3,2449,p1,?,
1769500770.4931738,SENT,5833aca5-a2b4-4693-bdde-63a1891c2c62,2e7f9409-16c9-4714-a3fc-fee437db1fda,c4,c3,1764,?,i7,
1769500770.4932134,FORWARDED,5833aca5-a2b4-4693-bdde-63a1891c2c62,2e7f9409-16c9-4714-a3fc-fee437db1fda,c4,c3,1764,?,i7,
1769500770.4956973,SENT,cdfb4d70-b9cb-4f51-ba1b-7a1e1a63b91e,de505552-245e-4675-9166-e4b0954f7b3f,c5,None,1603,?,i5,
1769500770.4957376,FORWARDED,cdfb4d70-b9cb-4f51-ba1b-7a1e1a63b91e,de505552-245e-4675-9166-e4b0954f7b3f,c5,None,1603,?,i5,
1769500770.5352526,RECEIVED,5013ea82-0b5b-4bfc-a07b-9230c20c8045,bbe88681-4d26-4960-8abf-eb45a412ed12,c4,DROP,1428,p1,?,
1769500770.5489528,RECEIVED,b88c04a9-5e59-4e45-95c2-28e2302f8a0a,30d6bb47-bd70-4b1f-ae34-72fff56820bc,c4,DROP,1451,p1,?,
1769500770.6732175,RECEIVED,df9cc925-2cc5-491e-90cb-85a80a18f424,0f7b6002-7fbb-4f8a-930d-392390d92613,c1,DROP,1452,p1,?,
1769500770.7213914,RECEIVED,08812ece-3551-4069-8871-099bc172bee8,d9f1e779-7c58-41f6-8f44-7f91a6c2be5e,c3,DROP,442,x12,?,
1769500770.839434,SENT,df9cc925-2cc5-491e-90cb-85a80a18f424,0f7b6002-7fbb-4f8a-930d-392390d92613,c1,DROP,1015,?,i4,
1769500770.8394752,FORWARDED,df9cc925-2cc5-491e-90cb-85a80a18f424,0f7b6002-7fbb-4f8a-930d-392390d92613,c1,DROP,1015,?,i4,
1769500770.8953059,RECEIVED,cebb4f3f-3cff-49c6-8c20-904fd87e72e2,d0ec000e-21c8-4834-a019-b7232fdea3f6,c1,DROP,1440,p1,?,
1769500770.9127693,RECEIVED,88222bd7-c41a-4d34-845f-b807b1109679,8289ad19-74bd-4853-b3ed-b36ccd5413f2,c3,DROP,1450,p3,?,
1769500770.9328814,SENT,b88c04a9-5e59-4e45-95c2-28e2302f8a0a,30d6bb47-bd70-4b1f-ae34-72fff56820bc,c4,DROP,1015,?,i8,
1769500770.9329245,FORWARDED,b88c04a9-5e59-4e45-95c2-28e2302f8a0a,30d6bb47-bd70-4b1f-ae34-72fff56820bc,c4,DROP,1015,?,i8,
1769500770.9448125,SENT,5013ea82-0b5b-4bfc-a07b-9230c20c8045,bbe88681-4d26-4960-8abf-eb45a412ed12,c4,DROP,999,?,i8,
1769500770.9448469,FORWARDED,5013ea82-0b5b-4bfc-a07b-9230c20c8045,bbe88681-4d26-4960-8abf-eb45a412ed12,c4,DROP,999,?,i8,
1769500770.9890375,SENT,3d045824-7aa5-4c36-94aa-bfdc95f72859,1306bb2e-9a25-47d6-a4f4-685e1d5b9e23,c4,None,1595,?,i5,
1769500770.9890928,FORWARDED,3d045824-7aa5-4c36-94aa-bfdc95f72859,1306bb2e-9a25-47d6-a4f4-685e1d5b9e23,c4,None,1595,?,i5,
1769500771.0315883,RECEIVED,829f35a4-72f5-4e5d-82c2-1dd6eed36451,f394830d-5c4d-43d1-9d9e-07343c89ebad,c4,None,2233,p1,?,
1769500771.1291108,SENT,cebb4f3f-3cff-49c6-8c20-904fd87e72e2,d0ec000e-21c8-4834-a019-b7232fdea3f6,c1,DROP,1007,?,i9,
1769500771.1291533,FORWARDED,cebb4f3f-3cff-49c6-8c20-904fd87e72e2,d0ec000e-21c8-4834-a019-b7232fdea3f6,c1,DROP,1007,?,i9,
1769500771.233712,SENT,88222bd7-c41a-4d34-845f-b807b1109679,8289ad19-74bd-4853-b3ed-b36ccd5413f2,c3,DROP,1016,?,i7,
1769500771.2337513,FORWARDED,88222bd7-c41a-4d34-845f-b807b1109679,8289ad19-74bd-4853-b3ed-b36ccd5413f2,c3,DROP,1016,?,i7,
1769500771.2923474,SENT,829f35a4-72f5-4e5d-82c2-1dd6eed36451,f394830d-5c4d-43d1-9d9e-07343c89ebad,c4,None,1600,?,i12,
1769500771.2923903,FORWARDED,829f35a4-72f5-4e5d-82c2-1dd6eed36451,f394830d-5c4d-43d1-9d9e-07343c89ebad,c4,None,1600,?,i12,
1769500771.6899261,RECEIVED,1d71ff41-1374-4402-8a72-a445711367a8,e2a0bc7e-30b4-4c76-982c-a0a96a814cd0,c1,DROP,1444,p1,?,
1769500771.6926455,SENT,1a1f1ac6-df5a-4f3d-869a-35b527856e75,9d1cb927-2938-4d5a-82a9-e6e68dcc1eac,c5,DROP,1015,?,i2,
1769500771.6926837,FORWARDED,1a1f1ac6-df5a-4f3d-869a-35b527856e75,9d1cb927-2938-4d5a-82a9-e6e68dcc1eac,c5,DROP,1015,?,i2,
1769500771.763382,RECEIVED,8a4ee8dd-3009-41c0-81ed-ca3b94b0c7a6,81935ab1-eea2-4a72-ba5e-5808f30d252d,c2,DROP,1455,p2,?,
1769500771.774667,SENT,1d71ff41-1374-4402-8a72-a445711367a8,e2a0bc7e-30b4-4c76-982c-a0a96a814cd0,c1,DROP,1010,?,i6,
1769500771.7749279,FORWARDED,1d71ff41-1374-4402-8a72-a445711367a8,e2a0bc7e-30b4-4c76-982c-a0a96a814cd0,c1,DROP,1010,?,i6,
1769500771.8412533,RECEIVED,369a36b5-44e2-4969-b79b-fc9185abefa4,017042ff-e1aa-43b4-a3cc-a38a62899632,c5,DROP,1439,p2,?,
1769500771.9717567,RECEIVED,a9f0ae94-e85c-4449-8965-8c9626d8c0d7,53c55275-d872-4115-8b58-5f6c2ec522f7,c4,c3,2468,p1,?,
1769500772.0309758,SENT,8a4ee8dd-3009-41c0-81ed-ca3b94b0c7a6,81935ab1-eea2-4a72-ba5e-5808f30d252d,c2,DROP,1020,?,i2,
1769500772.0310135,FORWARDED,8a4ee8dd-3009-41c0-81ed-ca3b94b0c7a6,81935ab1-eea2-4a72-ba5e-5808f30d252d,c2,DROP,1020,?,i2,
1769500772.0505297,RECEIVED,70c9ae35-4c4a-4691-a6a1-e97b4eb95320,49832433-d2ca-4a9b-a920-4b0c63eaad94,c5,DROP,1447,p2,?,
1769500772.149827,SENT,a9f0ae94-e85c-4449-8965-8c9626d8c0d7,53c55275-d872-4115-8b58-5f6c2ec522f7,c4,c3,1779,?,i10,
1769500772.1498623,FORWARDED,a9f0ae94-e85c-4449-8965-8c9626d8c0d7,53c55275-d872-4115-8b58-5f6c2ec522f7,c4,c3,1779,?,i10,
1769500772.2143404,RECEIVED,7801d579-4c49-4758-96a7-73cf6f38f5c3,db11ee2e-60c3-4680-b5d9-4f05a151a651,c1,DROP,1460,p1,?,
1769500772.2296786,RECEIVED,5788b5db-9224-4b91-a9ea-fde90414e3f0,7b024736-aeb6-4d4f-84cd-ceaeaf04369f,c3,DROP,1431,p3,?,
1769500772.333733,RECEIVED,6d3f8a1d-467c-4d39-85f2-7e8d97f89d53,730abedf-f365-4b39-9a9e-0622dc7f6c3e,c2,DROP,1435,p2,?,
1769500772.4120202,RECEIVED,8ca1efd6-c52c-4399-887e-34310f5cf608,7a6a15bd-7b32-483d-8ba1-84998237afad,c3,DROP,1452,p3,?,
1769500772.4762547,SENT,369a36b5-44e2-4969-b79b-fc9185abefa4,017042ff-e1aa-43b4-a3cc-a38a62899632,c5,DROP,1008,?,i1,
1769500772.476307,FORWARDED,369a36b5-44e2-4969-b79b-fc9185abefa4,017042ff-e1aa-43b4-a3cc-a38a62899632,c5,DROP,1008,?,i1,
1769500772.5973818,RECEIVED,f961f51e-371b-4773-ace2-84788606e4f1,34cbdad2-31b6-419c-941a-d39e20bae01d,c3,DROP,1440,p3,?,
1769500772.6121964,RECEIVED,69bff724-4f3c-42a7-b71f-0f1fdebda6e9,72589338-855c-42f8-a54a-bad578e5380e,c2,DROP,1447,p2,?,
1769500772.7430983,SENT,70c9ae35-4c4a-4691-a6a1-e97b4eb95320,49832433-d2ca-4a9b-a920-4b0c63eaad94,c5,DROP,1013,?,i8,
1769500772.7431395,FORWARDED,70c9ae35-4c4a-4691-a6a1-e97b4eb95320,49832433-d2ca-4a9b-a920-4b0c63eaad94,c5,DROP,1013,?,i8,
1769500772.7911026,SENT,5788b5db-9224-4b91-a9ea-fde90414e3f0,7b024736-aeb6-4d4f-84cd-ceaeaf04369f,c3,DROP,1002,?,i4,
1769500772.79114,FORWARDED,5788b5db-9224-4b91-a9ea-fde90414e3f0,7b024736-aeb6-4d4f-84cd-ceaeaf04369f,c3,DROP,1002,?,i4,
1769500772.8200393,SENT,8ca1efd6-c52c-4399-887e-34310f5cf608,7a6a15bd-7b32-483d-8ba1-84998237afad,c3,DROP,1016,?,i2,
1769500772.8200915,FORWARDED,8ca1efd6-c52c-4399-887e-34310f5cf608,7a6a15bd-7b32-483d-8ba1-84998237afad,c3,DROP,1016,?,i2,
1769500772.8326216,SENT,6d3f8a1d-467c-4d39-85f2-7e8d97f89d53,730abedf-f365-4b39-9a9e-0622dc7f6c3e,c2,DROP,1005,?,i2,
1769500772.8326764,FORWARDED,6d3f8a1d-467c-4d39-85f2-7e8d97f89d53,730abedf-f365-4b39-9a9e-0622dc7f6c3e,c2,DROP,1005,?,i2,
1769500772.835693,SENT,f961f51e-371b-4773-ace2-84788606e4f1,34cbdad2-31b6-419c-941a-d39e20bae01d,c3,DROP,1007,?,i1,
1769500772.8357346,FORWARDED,f961f51e-371b-4773-ace2-84788606e4f1,34cbdad2-31b6-419c-941a-d39e20bae01d,c3,DROP,1007,?,i1,
1769500773.0049028,RECEIVED,f8e22b6d-0262-450c-828b-22743d39c903,abaab902-3c6f-4685-8dc8-fcccee045c87,c5,DROP,441,x2,?,
1769500773.0626657,SENT,69bff724-4f3c-42a7-b71f-0f1fdebda6e9,72589338-855c-42f8-a54a-bad578e5380e,c2,DROP,1012,?,i7,
1769500773.0627065,FORWARDED,69bff724-4f3c-42a7-b71f-0f1fdebda6e9,72589338-855c-42f8-a54a-bad578e5380e,c2,DROP,1012,?,i7,
1769500773.2781696,RECEIVED,e0a772da-d013-4f38-884b-e289bd9c1372,4975f1af-6da1-41ff-bb34-8337b9c7c0c9,c4,c3,2472,p1,?,
1769500773.3067007,SENT,7801d579-4c49-4758-96a7-73cf6f38f5c3,db11ee2e-60c3-4680-b5d9-4f05a151a651,c1,DROP,1022,?,i12,
1769500773.30674,FORWARDED,7801d579-4c49-4758-96a7-73cf6f38f5c3,db11ee2e-60c3-4680-b5d9-4f05a151a651,c1,DROP,1022,?,i12,
1769500773.3223433,RECEIVED,5f4a44f5-a1e1-44f9-80dc-09f725436d3c,ed86f0cb-18f3-4d7c-8b23-8173ee816cfb,c3,DROP,1440,p3,?,
1769500773.4829388,SENT,5f4a44f5-a1e1-44f9-80dc-09f725436d3c,ed86f0cb-18f3-4d7c-8b23-8173ee816cfb,c3,DROP,1008,?,i2,
1769500773.482979,FORWARDED,5f4a44f5-a1e1-44f9-80dc-09f725436d3c,ed86f0cb-18f3-4d7c-8b23-8173ee816cfb,c3,DROP,1008,?,i2,
1769500773.6689065,RECEIVED,33473d46-0c71-4f68-90eb-6e297f4dae8c,43f74a29-f274-40b5-a66d-ebf8ec01a5c9,c4,c3,2477,p1,?,
1769500773.748295,SENT,33473d46-0c71-4f68-90eb-6e297f4dae8c,43f74a29-f274-40b5-a66d-ebf8ec01a5c9,c4,c3,1783,?,i11,
1769500773.7483346,FORWARDED,33473d46-0c71-4f68-90eb-6e297f4dae8c,43f74a29-f274-40b5-a66d-ebf8ec01a5c9,c4,c3,1783,?,i11,
1769500773.7751806,RECEIVED,7eaa92e6-55c0-4748-bc5d-8e9aa4ecb38d,d183c24e-fb9d-4f6b-836b-642316f7d475,c4,None,2223,p1,?,
1769500773.8758967,RECEIVED,011afb30-54f3-4f51-8037-113fbec46e01,6bb1c505-d58f-4dc4-a61b-7f18026f9ae6,c4,None,2224,p1,?,
1769500773.9170249,SENT,e0a772da-d013-4f38-884b-e289bd9c1372,4975f1af-6da1-41ff-bb34-8337b9c7c0c9,c4,c3,1780,?,i11,
1769500773.9175353,FORWARDED,e0a772da-d013-4f38-884b-e289bd9c1372,4975f1af-6da1-41ff-bb34-8337b9c7c0c9,c4,c3,1780,?,i11,
1769500774.0647364,RECEIVED,033bcbe6-abe7-4a0a-813c-5940f457e8bf,d252f0c2-1282-4765-ac79-3c0cf2dfa396,c3,DROP,1452,p3,?,
1769500774.1338007,RECEIVED,a5a1baa5-646a-4ba3-bae3-4da37bc219f6,6eb42a76-bd77-48bb-9994-df7df74e7084,c2,c1,2446,p2,?,
1769500774.2022507,SENT,7eaa92e6-55c0-4748-bc5d-8e9aa4ecb38d,d183c24e-fb9d-4f6b-836b-642316f7d475,c4,None,1596,?,i8,
1769500774.2022932,FORWARDED,7eaa92e6-55c0-4748-bc5d-8e9aa4ecb38d,d183c24e-fb9d-4f6b-836b-642316f7d475,c4,None,1596,?,i8,
1769500774.3087397,RECEIVED,9a680eaa-1b3d-455d-a055-d5434fb034d4,a3fee209-2cc9-48cc-acbb-2258cf6b695c,c4,DROP,1461,p1,?,
1769500774.3094964,SENT,011afb30-54f3-4f51-8037-113fbec46e01,6bb1c505-d58f-4dc4-a61b-7f18026f9ae6,c4,None,1596,?,i11,
1769500774.3095367,FORWARDED,011afb30-54f3-4f51-8037-113fbec46e01,6bb1c505-d58f-4dc4-a61b-7f18026f9ae6,c4,None,1596,?,i11,
1769500774.3215668,RECEIVED,39ca4e11-0ebd-4c1a-89cf-68d7eae26e6c,7ac72cf7-2015-4312-b464-bbaafa1a0b2a,c4,DROP,1453,p1,?,
1769500774.392696,SENT,39ca4e11-0ebd-4c1a-89cf-68d7eae26e6c,7ac72cf7-2015-4312-b464-bbaafa1a0b2a,c4,DROP,1015,?,i11,
1769500774.3927393,FORWARDED,39ca4e11-0ebd-4c1a-89cf-68d7eae26e6c,7ac72cf7-2015-4312-b464-bbaafa1a0b2a,c4,DROP,1015,?,i11,
1769500774.394701,SENT,033bcbe6-abe7-4a0a-813c-5940f457e8bf,d252f0c2-1282-4765-ac79-3c0cf2dfa396,c3,DROP,1016,?,i6,
1769500774.3947477,FORWARDED,033bcbe6-abe7-4a0a-813c-5940f457e8bf,d252f0c2-1282-4765-ac79-3c0cf2dfa396,c3,DROP,1016,?,i6,
1769500774.4126623,RECEIVED,4a70c193-c1e9-4f81-b542-b0926db052b5,c21a992c-ac9c-4f1e-b63d-b7692a5f8872,c4,DROP,1451,p1,?,
1769500774.4569793,SENT,9a680eaa-1b3d-455d-a055-d5434fb034d4,a3fee209-2cc9-48cc-acbb-2258cf6b695c,c4,DROP,1021,?,i11,
1769500774.4570258,FORWARDED,9a680eaa-1b3d-455d-a055-d5434fb034d4,a3fee209-2cc9-48cc-acbb-2258cf6b695c,c4,DROP,1021,?,i11,
1769500774.4687948,RECEIVED,77a536d0-5df3-41d8-828a-9c4c10646d4d,7da50d26-c1c9-40a8-b884-dcae4585496b,c1,DROP,1444,p1,?,
1769500774.806619,SENT,a5a1baa5-646a-4ba3-bae3-4da37bc219f6,6eb42a76-bd77-48bb-9994-df7df74e7084,c2,c1,1764,?,i6,
1769500774.8066638,FORWARDED,a5a1baa5-646a-4ba3-bae3-4da37bc219f6,6eb42a76-bd77-48bb-9994-df7df74e7084,c2,c1,1764,?,i6,
1769500774.902519,RECEIVED,f25811bf-088a-48e0-8d18-d3fd14b39831,fccb8669-fa7a-4b83-bc77-79969e6a39cf,c4,DROP,1439,p1,?,
1769500774.9186237,SENT,77a536d0-5df3-41d8-828a-9c4c10646d4d,7da50d26-c1c9-40a8-b884-dcae4585496b,c1,DROP,1009,?,i7,
1769500774.9186642,FORWARDED,77a536d0-5df3-41d8-828a-9c4c10646d4d,7da50d26-c1c9-40a8-b884-dcae4585496b,c1,DROP,1009,?,i7,
1769500774.979222,RECEIVED,6ed8fb6b-712e-4caf-9982-bd8554f983c4,9fa868c3-7e75-4823-84a6-9f8154baf33b,c4,None,2235,p1,?,
1769500775.1213067,SENT,4a70c193-c1e9-4f81-b542-b0926db052b5,c21a992c-ac9c-4f1e-b63d-b7692a5f8872,c4,DROP,1016,?,i3,
1769500775.1213472,FORWARDED,4a70c193-c1e9-4f81-b542-b0926db052b5,c21a992c-ac9c-4f1e-b63d-b7692a5f8872,c4,DROP,1016,?,i3,
1769500775.132928,SENT,6ed8fb6b-712e-4caf-9982-bd8554f983c4,9fa868c3-7e75-4823-84a6-9f8154baf33b,c4,None,1603,?,i5,
1769500775.1329727,FORWARDED,6ed8fb6b-712e-4caf-9982-bd8554f983c4,9fa868c3-7e75-4823-84a6-9f8154baf33b,c4,None,1603,?,i5,
1769500775.2501447,RECEIVED,4a0e332e-481e-4ed8-a2d3-2d9bb009de53,15a37f85-b3ec-48ce-99db-33ae18905437,c4,DROP,441,x1,?,
1769500775.3744988,SENT,f25811bf-088a-48e0-8d18-d3fd14b39831,fccb8669-fa7a-4b83-bc77-79969e6a39cf,c4,DROP,1007,?,i1,
1769500775.3745408,FORWARDED,f25811bf-088a-48e0-8d18-d3fd14b39831,fccb8669-fa7a-4b83-bc77-79969e6a39cf,c4,DROP,1007,?,i1,
1769500775.7275183,RECEIVED,3e0c2603-49a8-423f-907f-cbb414c5f6df,cb26e2a7-702c-4cfb-9574-d3f965245740,c3,DROP,1440,p3,?,
1769500775.773245,RECEIVED,99a4c54e-79a1-4b5b-815c-6177e34f49d8,46b4f3e4-6a51-477a-aee3-7b611134f4df,c4,DROP,1452,p1,?,
1769500775.8437996,SENT,3e0c2603-49a8-423f-907f-cbb414c5f6df,cb26e2a7-702c-4cfb-9574-d3f965245740,c3,DROP,1007,?,i2,
1769500775.843842,FORWARDED,3e0c2603-49a8-423f-907f-cbb414c5f6df,cb26e2a7-702c-4cfb-9574-d3f965245740,c3,DROP,1007,?,i2,
1769500776.0486414,SENT,99a4c54e-79a1-4b5b-815c-6177e34f49d8,46b4f3e4-6a51-477a-aee3-7b611134f4df,c4,DROP,1016,?,i2,
1769500776.0486817,FORWARDED,99a4c54e-79a1-4b5b-815c-6177e34f49d8,46b4f3e4-6a51-477a-aee3-7b611134f4df,c4,DROP,1016,?,i2,
1769500776.4248886,RECEIVED,a0e9badc-e728-4bc8-ac19-46032e8411b3,e9854122-77d7-4a01-b50f-6b60154b2b67,c3,DROP,1439,p3,?,
1769500776.4644537,RECEIVED,444ed3ab-e3e4-4c00-a872-611fa9f6ab19,2e175e58-d19d-4ee5-9b6e-e58bfe8f0980,c2,DROP,1443,p2,?,
1769500776.6980255,RECEIVED,c5f52ed7-89a6-4828-b962-b6970d5b95d9,e4a3e013-4a7f-48f5-8e0c-17d5f0797caf,c3,DROP,441,x5,?,
1769500776.7680924,SENT,a0e9badc-e728-4bc8-ac19-46032e8411b3,e9854122-77d7-4a01-b50f-6b60154b2b67,c3,DROP,1008,?,i5,
1769500776.768133,FORWARDED,a0e9badc-e728-4bc8-ac19-46032e8411b3,e9854122-77d7-4a01-b50f-6b60154b2b67,c3,DROP,1008,?,i5,
1769500776.839919,RECEIVED,dc5f0ec4-482a-4f7b-8142-b06100567481,f1f1da29-9f48-412d-9fd7-03d2f9d0719e,c5,None,2240,p2,?,
1769500776.844671,RECEIVED,93b8dcdc-f5df-4541-a9fc-0f0ea2d556be,ef370c64-6ef0-4084-b19b-0ff4cc2d4722,c3,None,2223,p3,?,
1769500776.9278812,RECEIVED,b2d6782e-8fe9-428e-89da-4be9697ff20b,afa1f3de-a1a7-4025-8cee-a5b66002c1c5,c5,DROP,1461,p2,?,
1769500776.9697413,SENT,dc5f0ec4-482a-4f7b-8142-b06100567481,f1f1da29-9f48-412d-9fd7-03d2f9d0719e,c5,None,1607,?,i5,
1769500776.969786,FORWARDED,dc5f0ec4-482a-4f7b-8142-b06100567481,f1f1da29-9f48-412d-9fd7-03d2f9d0719e,c5,None,1607,?,i5,
1769500777.054029,SENT,b2d6782e-8fe9-428e-89da-4be9697ff20b,afa1f3de-a1a7-4025-8cee-a5b66002c1c5,c5,DROP,1021,?,i11,
1769500777.054092,FORWARDED,b2d6782e-8fe9-428e-89da-4be9697ff20b,afa1f3de-a1a7-4025-8cee-a5b66002c1c5,c5,DROP,1021,?,i11,
1769500777.1220887,SENT,93b8dcdc-f5df-4541-a9fc-0f0ea2d556be,ef370c64-6ef0-4084-b19b-0ff4cc2d4722,c3,None,1596,?,i5,
1769500777.1221397,FORWARDED,93b8dcdc-f5df-4541-a9fc-0f0ea2d556be,ef370c64-6ef0-4084-b19b-0ff4cc2d4722,c3,None,1596,?,i5,
1769500777.4007587,SENT,444ed3ab-e3e4-4c00-a872-611fa9f6ab19,2e175e58-d19d-4ee5-9b6e-e58bfe8f0980,c2,DROP,1011,?,i3,
1769500777.400802,FORWARDED,444ed3ab-e3e4-4c00-a872-611fa9f6ab19,2e175e58-d19d-4ee5-9b6e-e58bfe8f0980,c2,DROP,1011,?,i3,
1769500777.9198086,RECEIVED,c8bde48e-7c4f-4387-b3c1-5cbea0aa8de5,410e8c4f-df3f-4528-b415-b17b3bdc7ab3,c1,DROP,436,x9,?,
1769500778.105291,RECEIVED,8f72f460-6c8e-4314-aa40-c659e31d1692,3d0e229b-0de4-403d-aaef-0058f6551997,c1,DROP,1452,p1,?,
1769500778.2683003,RECEIVED,16f4f5b6-9d97-4ba5-89a9-d9bffc66319b,3b884bdb-735a-4d39-ba8f-fd4ad5d716e2,c2,DROP,1436,p2,?,
1769500778.348614,SENT,16f4f5b6-9d97-4ba5-89a9-d9bffc66319b,3b884bdb-735a-4d39-ba8f-fd4ad5d716e2,c2,DROP,1003,?,i3,
1769500778.348654,FORWARDED,16f4f5b6-9d97-4ba5-89a9-d9bffc66319b,3b884bdb-735a-4d39-ba8f-fd4ad5d716e2,c2,DROP,1003,?,i3,
1769500778.361161,RECEIVED,5359abc3-5652-4f53-b0ad-28559def50ac,64ea72e9-3add-444e-ace0-a13f63b07684,c1,DROP,441,x6,?,
1769500778.4135883,RECEIVED,dc250599-ccf2-4e65-a48e-276d2578d2a4,c1b5ae15-466c-4d08-a1e4-e5151e151dda,c3,None,2241,p3,?,
1769500778.4527464,SENT,dc250599-ccf2-4e65-a48e-276d2578d2a4,c1b5ae15-466c-4d08-a1e4-e5151e151dda,c3,None,1607,?,i3,
1769500778.4527893,FORWARDED,dc250599-ccf2-4e65-a48e-276d2578d2a4,c1b5ae15-466c-4d08-a1e4-e5151e151dda,c3,None,1607,?,i3,
1769500778.6658182,SENT,8f72f460-6c8e-4314-aa40-c659e31d1692,3d0e229b-0de4-403d-aaef-0058f6551997,c1,DROP,1015,?,i11,
1769500778.6658623,FORWARDED,8f72f460-6c8e-4314-aa40-c659e31d1692,3d0e229b-0de4-403d-aaef-0058f6551997,c1,DROP,1015,?,i11,
1769500778.7288947,RECEIVED,6061e68e-8aee-40be-bb80-c0b6c5fdde8a,d852017c-badc-46db-a524-2acab48129d3,c3,DROP,1435,p3,?,
1769500779.024954,RECEIVED,17ba265e-a71b-47f3-a494-c48cb860762c,9a6dff18-3e45-4236-931b-545326f7e995,c4,DROP,441,x6,?,
1769500779.2462,RECEIVED,d8997db7-55c4-44cd-96ef-89ff89e05e29,858745a6-a19b-4335-b958-887d253cfa19,c4,DROP,442,x1,?,
1769500779.2945275,RECEIVED,e3cf50b6-b5b7-4819-946b-37232fbe3560,0ca81135-30dc-4298-84bb-7406c256819c,c1,DROP,1452,p1,?,
1769500779.301748,RECEIVED,2d08f884-42a9-44eb-85c1-de0b3e9e2732,8bdc1845-2376-41db-94a4-24c1127626a5,c4,None,2240,p1,?,
1769500779.3412242,SENT,6061e68e-8aee-40be-bb80-c0b6c5fdde8a,d852017c-badc-46db-a524-2acab48129d3,c3,DROP,1004,?,i1,
1769500779.3412652,FORWARDED,6061e68e-8aee-40be-bb80-c0b6c5fdde8a,d852017c-badc-46db-a524-2acab48129d3,c3,DROP,1004,?,i1,
1769500779.4392545,SENT,2d08f884-42a9-44eb-85c1-de0b3e9e2732,8bdc1845-2376-41db-94a4-24c1127626a5,c4,None,1608,?,i5,
1769500779.4392967,FORWARDED,2d08f884-42a9-44eb-85c1-de0b3e9e2732,8bdc1845-2376-41db-94a4-24c1127626a5,c4,None,1608,?,i5,
1769500779.5199993,SENT,e3cf50b6-b5b7-4819-946b-37232fbe3560,0ca81135-30dc-4298-84bb-7406c256819c,c1,DROP,1015,?,i4,
1769500779.5200417,FORWARDED,e3cf50b6-b5b7-4819-946b-37232fbe3560,0ca81135-30dc-4298-84bb-7406c256819c,c1,DROP,1015,?,i4,
1769500779.6081083,RECEIVED,ff81df23-65bd-455b-8874-82292126dd50,c3429abd-11d2-4b20-9f14-8c73d3226593,c1,None,2240,p1,?,
1769500779.7748249,RECEIVED,fa03c303-b7ab-4348-ac8a-25f076c87a23,b281bcd7-7580-404b-b6a8-703b0ae7af04,c5,DROP,1441,p2,?,
1769500779.7784262,RECEIVED,2ebfed1a-8f8f-4140-ada8-88faacb64b41,76fc66fc-293b-427a-9d74-4a4301ef68b2,c4,None,2219,p1,?,
1769500779.8329856,RECEIVED,664e1b4d-ad23-444d-9e50-0c39c46a2aeb,cac111a5-bdd3-4cf4-a62d-7c20e4f978ed,c1,DROP,441,x8,?,
1769500779.8748124,SENT,fa03c303-b7ab-4348-ac8a-25f076c87a23,b281bcd7-7580-404b-b6a8-703b0ae7af04,c5,DROP,1008,?,i10,
1769500779.874851,FORWARDED,fa03c303-b7ab-4348-ac8a-25f076c87a23,b281bcd7-7580-404b-b6a8-703b0ae7af04,c5,DROP,1008,?,i10,
1769500779.8762796,RECEIVED,03d43c04-bb77-4ac7-b364-514736e5a03b,097741be-148f-4cb7-bd9e-394db1ff2fcf,c4,DROP,441,x10,?,
1769500779.8925629,SENT,ff81df23-65bd-455b-8874-82292126dd50,c3429abd-11d2-4b20-9f14-8c73d3226593,c1,None,1608,?,i9,
1769500779.892606,FORWARDED,ff81df23-65bd-455b-8874-82292126dd50,c3429abd-11d2-4b20-9f14-8c73d3226593,c1,None,1608,?,i9,
1769500780.256334,RECEIVED,03b7c741-6a7c-48f9-918d-b87f046a352a,38b47665-efa9-4468-9a5b-42bcd7e7bf84,c2,DROP,1456,p2,?,
1769500780.2758267,RECEIVED,3a4c9190-1c69-43f9-a119-be00e2d1ef6d,fdd1562b-4186-4ad5-93b1-5251c60ae980,c1,DROP,1439,p1,?,
1769500780.32942,RECEIVED,ea29ecf5-0bc0-4a2e-96ea-a89f38d6188c,7d4b05c9-aaee-4026-849f-6bf4e1eebf57,c1,DROP,1452,p1,?,
1769500780.3304539,SENT,03b7c741-6a7c-48f9-918d-b87f046a352a,38b47665-efa9-4468-9a5b-42bcd7e7bf84,c2,DROP,1019,?,i7,
1769500780.330493,FORWARDED,03b7c741-6a7c-48f9-918d-b87f046a352a,38b47665-efa9-4468-9a5b-42bcd7e7bf84,c2,DROP,1019,?,i7,
1769500780.7786026,RECEIVED,91ad545a-d5a9-4f9f-90ac-71a637323fa3,9a27f4de-fa15-43f3-ac1b-187737b1fc7f,c3,None,2227,p3,?,
1769500780.8881855,SENT,ea29ecf5-0bc0-4a2e-96ea-a89f38d6188c,7d4b05c9-aaee-4026-849f-6bf4e1eebf57,c1,DROP,1017,?,i11,
1769500780.8882298,FORWARDED,ea29ecf5-0bc0-4a2e-96ea-a89f38d6188c,7d4b05c9-aaee-4026-849f-6bf4e1eebf57,c1,DROP,1017,?,i11,
1769500780.988021,RECEIVED,6a4c7ae0-d9de-488b-bab9-c166c26e0e6a,10148f60-f017-4855-a4a7-a575c18b7047,c3,DROP,1440,p3,?,
1769500781.1014607,SENT,6a4c7ae0-d9de-488b-bab9-c166c26e0e6a,10148f60-f017-4855-a4a7-a575c18b7047,c3,DROP,1008,?,i5,
1769500781.1015007,FORWARDED,6a4c7ae0-d9de-488b-bab9-c166c26e0e6a,10148f60-f017-4855-a4a7-a575c18b7047,c3,DROP,1008,?,i5,
1769500781.1146185,SENT,91ad545a-d5a9-4f9f-90ac-71a637323fa3,9a27f4de-fa15-43f3-ac1b-187737b1fc7f,c3,None,1599,?,i7,
1769500781.114654,FORWARDED,91ad545a-d5a9-4f9f-90ac-71a637323fa3,9a27f4de-fa15-43f3-ac1b-187737b1fc7f,c3,None,1599,?,i7,
1769500781.263468,RECEIVED,c38cfcfa-3f89-4c1b-afd9-977888b3bcfa,02cb6252-fb61-4f81-b87d-8eae7991a77f,c4,None,2240,p1,?,
1769500781.3044434,RECEIVED,83243031-fb8a-4c0f-b85c-e2cb5b49230c,beee263f-ceaf-4afc-8412-df5ece8899b3,c2,DROP,443,x5,?,
1769500781.3448827,SENT,3a4c9190-1c69-43f9-a119-be00e2d1ef6d,fdd1562b-4186-4ad5-93b1-5251c60ae980,c1,DROP,1007,?,i4,
1769500781.3449206,FORWARDED,3a4c9190-1c69-43f9-a119-be00e2d1ef6d,fdd1562b-4186-4ad5-93b1-5251c60ae980,c1,DROP,1007,?,i4,
1769500781.4221292,RECEIVED,1262a2d6-e994-4d37-9ac6-c757cd23ee45,e6f2a0e5-4617-44a3-81ae-1360b37d5e2f,c4,DROP,1444,p1,?,
1769500781.4469175,RECEIVED,103a8a62-1064-48cd-b741-e8e454cf2de8,429377e8-aa8e-485b-8726-d7a0af318f2b,c2,DROP,1436,p2,?,
1769500781.5263934,SENT,c38cfcfa-3f89-4c1b-afd9-977888b3bcfa,02cb6252-fb61-4f81-b87d-8eae7991a77f,c4,None,1607,?,i5,
1769500781.5264366,FORWARDED,c38cfcfa-3f89-4c1b-afd9-977888b3bcfa,02cb6252-fb61-4f81-b87d-8eae7991a77f,c4,None,1607,?,i5,
1769500781.560585,SENT,1262a2d6-e994-4d37-9ac6-c757cd23ee45,e6f2a0e5-4617-44a3-81ae-1360b37d5e2f,c4,DROP,1011,?,i2,
1769500781.5606277,FORWARDED,1262a2d6-e994-4d37-9ac6-c757cd23ee45,e6f2a0e5-4617-44a3-81ae-1360b37d5e2f,c4,DROP,1011,?,i2,
1769500781.605921,SENT,2ebfed1a-8f8f-4140-ada8-88faacb64b41,76fc66fc-293b-427a-9d74-4a4301ef68b2,c4,None,1592,?,i4,
1769500781.605962,FORWARDED,2ebfed1a-8f8f-4140-ada8-88faacb64b41,76fc66fc-293b-427a-9d74-4a4301ef68b2,c4,None,1592,?,i4,
1769500781.6917858,SENT,103a8a62-1064-48cd-b741-e8e454cf2de8,429377e8-aa8e-485b-8726-d7a0af318f2b,c2,DROP,1003,?,i7,
1769500781.691829,FORWARDED,103a8a62-1064-48cd-b741-e8e454cf2de8,429377e8-aa8e-485b-8726-d7a0af318f2b,c2,DROP,1003,?,i7,
1769500781.941306,RECEIVED,b0615a99-4389-41c4-9b67-73ef8787f039,3d161456-bb91-4716-a1b0-c2bf1620c1fb,c2,c1,2455,p2,?,
1769500781.941682,RECEIVED,b5b35237-741d-468d-8249-6261d839e83f,af6f973f-c24e-4576-ad5a-44494bc6e550,c4,DROP,1460,p1,?,
1769500781.9458673,RECEIVED,f8dec390-26ac-4508-a461-1770fe32d1c2,3a4a3b83-d79b-4cf4-baea-6cbe708f32ca,c2,c1,2472,p2,?,
1769500782.1521604,SENT,f8dec390-26ac-4508-a461-1770fe32d1c2,3a4a3b83-d79b-4cf4-baea-6cbe708f32ca,c2,c1,1780,?,i9,
1769500782.1522052,FORWARDED,f8dec390-26ac-4508-a461-1770fe32d1c2,3a4a3b83-d79b-4cf4-baea-6cbe708f32ca,c2,c1,1780,?,i9,
1769500782.2350192,SENT,b0615a99-4389-41c4-9b67-73ef8787f039,3d161456-bb91-4716-a1b0-c2bf1620c1fb,c2,c1,1768,?,i1,
1769500782.2350702,FORWARDED,b0615a99-4389-41c4-9b67-73ef8787f039,3d161456-bb91-4716-a1b0-c2bf1620c1fb,c2,c1,1768,?,i1,
1769500782.2358768,RECEIVED,83bd77cc-bd07-487c-b81b-0807f03e43c6,3e7e17c9-7984-4d89-9f0f-4c4fb2a1ad49,c3,DROP,1452,p3,?,
1769500782.339164,SENT,83bd77cc-bd07-487c-b81b-0807f03e43c6,3e7e17c9-7984-4d89-9f0f-4c4fb2a1ad49,c3,DROP,1016,?,i7,
1769500782.339205,FORWARDED,83bd77cc-bd07-487c-b81b-0807f03e43c6,3e7e17c9-7984-4d89-9f0f-4c4fb2a1ad49,c3,DROP,1016,?,i7,
1769500782.4476495,RECEIVED,90814212-861f-4ae9-84e7-eb94fc4d1a38,834c1e03-4783-426f-bc90-e5833a004a20,c2,DROP,1452,p2,?,
1769500782.5228922,RECEIVED,56475abe-f009-4e61-88dc-f1a187823d85,8f85ce8a-039d-4430-9a5c-9514b82450db,c4,None,2239,p1,?,
1769500782.6665144,SENT,b5b35237-741d-468d-8249-6261d839e83f,af6f973f-c24e-4576-ad5a-44494bc6e550,c4,DROP,1023,?,i12,
1769500782.6665564,FORWARDED,b5b35237-741d-468d-8249-6261d839e83f,af6f973f-c24e-4576-ad5a-44494bc6e550,c4,DROP,1023,?,i12,
1769500782.7722576,RECEIVED,9f74b0af-3960-4059-9f06-0a8f085f846f,0f069275-64e0-4dd1-a22f-39ebe39b9994,c3,DROP,1439,p3,?,
1769500782.7754998,SENT,56475abe-f009-4e61-88dc-f1a187823d85,8f85ce8a-039d-4430-9a5c-9514b82450db,c4,None,1608,?,i9,
1769500782.775554,FORWARDED,56475abe-f009-4e61-88dc-f1a187823d85,8f85ce8a-039d-4430-9a5c-9514b82450db,c4,None,1608,?,i9,
1769500782.8740737,RECEIVED,6400b524-b685-4c9a-84b3-c8ee053254fb,369314ce-0402-4d07-b13a-cea021a85a5c,c3,None,2231,p3,?,
1769500782.9005866,SENT,90814212-861f-4ae9-84e7-eb94fc4d1a38,834c1e03-4783-426f-bc90-e5833a004a20,c2,DROP,1016,?,i1,
1769500782.9006274,FORWARDED,90814212-861f-4ae9-84e7-eb94fc4d1a38,834c1e03-4783-426f-bc90-e5833a004a20,c2,DROP,1016,?,i1,
1769500783.0428333,SENT,9f74b0af-3960-4059-9f06-0a8f085f846f,0f069275-64e0-4dd1-a22f-39ebe39b9994,c3,DROP,1007,?,i1,
1769500783.0428758,FORWARDED,9f74b0af-3960-4059-9f06-0a8f085f846f,0f069275-64e0-4dd1-a22f-39ebe39b9994,c3,DROP,1007,?,i1,
1769500783.320964,RECEIVED,860977bc-7347-4fd6-9171-930705da2511,109ed73c-762f-4fcc-bc2c-a6181dd783fb,c4,DROP,442,x4,?,
1769500783.4197688,SENT,6400b524-b685-4c9a-84b3-c8ee053254fb,369314ce-0402-4d07-b13a-cea021a85a5c,c3,None,1601,?,i2,
1769500783.4198124,FORWARDED,6400b524-b685-4c9a-84b3-c8ee053254fb,369314ce-0402-4d07-b13a-cea021a85a5c,c3,None,1601,?,i2,
1769500783.5756528,RECEIVED,7065c74f-51ee-4164-8abe-ab0651d585dc,f38a1a3e-a085-4790-b926-0df4e8297a6f,c5,DROP,1435,p2,?,
1769500783.6772044,RECEIVED,de7a4a02-8203-4e54-b0b5-c858cdf86ab4,7b207363-c7de-4b7e-9a5b-321498036193,c3,c4,2472,p3,?,
1769500783.7022784,RECEIVED,41d23b5c-ef99-44ea-b689-7be8f7eb2d45,d48ad3b8-bdb5-443a-9267-4ba9ad3a9ef1,c3,DROP,1444,p3,?,
1769500783.7680154,RECEIVED,2d1e14bf-b0fe-423d-a29d-d53b4e70e846,ffd652ca-6d0c-4931-8402-88a2bbf404a8,c3,c4,2460,p3,?,
1769500783.7884665,SENT,41d23b5c-ef99-44ea-b689-7be8f7eb2d45,d48ad3b8-bdb5-443a-9267-4ba9ad3a9ef1,c3,DROP,1011,?,i1,
1769500783.7885158,FORWARDED,41d23b5c-ef99-44ea-b689-7be8f7eb2d45,d48ad3b8-bdb5-443a-9267-4ba9ad3a9ef1,c3,DROP,1011,?,i1,
1769500784.0034962,SENT,2d1e14bf-b0fe-423d-a29d-d53b4e70e846,ffd652ca-6d0c-4931-8402-88a2bbf404a8,c3,c4,1771,?,i6,
1769500784.003538,FORWARDED,2d1e14bf-b0fe-423d-a29d-d53b4e70e846,ffd652ca-6d0c-4931-8402-88a2bbf404a8,c3,c4,1771,?,i6,
1769500784.0253406,SENT,7065c74f-51ee-4164-8abe-ab0651d585dc,f38a1a3e-a085-4790-b926-0df4e8297a6f,c5,DROP,1005,?,i1,
1769500784.0253797,FORWARDED,7065c74f-51ee-4164-8abe-ab0651d585dc,f38a1a3e-a085-4790-b926-0df4e8297a6f,c5,DROP,1005,?,i1,
1769500784.055907,SENT,de7a4a02-8203-4e54-b0b5-c858cdf86ab4,7b207363-c7de-4b7e-9a5b-321498036193,c3,c4,1780,?,i7,
1769500784.0559466,FORWARDED,de7a4a02-8203-4e54-b0b5-c858cdf86ab4,7b207363-c7de-4b7e-9a5b-321498036193,c3,c4,1780,?,i7,
1769500784.2009368,RECEIVED,8eb3bd9f-6198-42b2-8aeb-bf501ac10077,f986fdc0-dba9-4ee4-82f1-93872d3fc0e1,c5,DROP,1443,p2,?,
1769500784.2295845,RECEIVED,8d214fb8-c8fd-4ee7-ad0e-b2abb936bf16,57d40f1a-06c7-4a00-9d6e-a3638ccc4696,c4,c3,2459,p1,?,
1769500784.3873203,RECEIVED,68ba652b-1fad-4064-8038-56ad818e5747,8d2eee8f-1744-4edf-a364-627263c3075e,c2,DROP,1455,p2,?,
1769500784.4585266,RECEIVED,4993044d-0cd1-4676-ad55-d3c4d92d09e9,6b0c123d-1126-4919-a1b4-7b513218c439,c5,DROP,441,x8,?,
1769500784.574403,SENT,8d214fb8-c8fd-4ee7-ad0e-b2abb936bf16,57d40f1a-06c7-4a00-9d6e-a3638ccc4696,c4,c3,1771,?,i12,
1769500784.5744643,FORWARDED,8d214fb8-c8fd-4ee7-ad0e-b2abb936bf16,57d40f1a-06c7-4a00-9d6e-a3638ccc4696,c4,c3,1771,?,i12,
1769500784.657967,RECEIVED,989caa70-033a-4ed0-b28a-9cfc9ec8c3d4,6f1f9d68-1fee-4f65-8fa6-3a7d16e924d6,c2,DROP,1453,p2,?,
1769500784.6746514,RECEIVED,cf9832ea-bfa3-4ab9-80ca-28bc348a3cad,24b93d7b-ff4c-43c2-8fae-599dc24a487a,c2,DROP,1447,p2,?,
1769500784.685372,SENT,68ba652b-1fad-4064-8038-56ad818e5747,8d2eee8f-1744-4edf-a364-627263c3075e,c2,DROP,1018,?,i4,
1769500784.6854131,FORWARDED,68ba652b-1fad-4064-8038-56ad818e5747,8d2eee8f-1744-4edf-a364-627263c3075e,c2,DROP,1018,?,i4,
1769500784.7260804,RECEIVED,560917bb-ee75-4e0c-be25-de9e909ec696,6bc3938e-d861-4f63-b040-77c63549625b,c3,DROP,441,x6,?,
1769500784.7579572,RECEIVED,36863d42-5abb-4893-81d5-4f8469572aa2,94dd9f77-33ea-4b2f-aa1b-57ab6f664f28,c5,DROP,1439,p2,?,
1769500784.8007424,SENT,989caa70-033a-4ed0-b28a-9cfc9ec8c3d4,6f1f9d68-1fee-4f65-8fa6-3a7d16e924d6,c2,DROP,1015,?,i12,
1769500784.80079,FORWARDED,989caa70-033a-4ed0-b28a-9cfc9ec8c3d4,6f1f9d68-1fee-4f65-8fa6-3a7d16e924d6,c2,DROP,1015,?,i12,
1769500784.93297,RECEIVED,af674354-c1ce-45d2-ae80-591470bb649d,2e3956d8-7935-40e0-9c2f-89a1c45cff99,c1,DROP,1440,p1,?,
1769500785.040693,RECEIVED,1a7b2d45-280a-4b68-a7cc-3cb19ca01483,8c8b6132-5754-454b-a097-6da7f50e6da9,c3,DROP,441,x5,?,
1769500785.0694144,RECEIVED,d314dda5-b891-46ac-86c7-fd41dcb61488,a8ff3158-3b80-415d-82b9-35fb26310a10,c1,DROP,1440,p1,?,
1769500785.18323,SENT,af674354-c1ce-45d2-ae80-591470bb649d,2e3956d8-7935-40e0-9c2f-89a1c45cff99,c1,DROP,1007,?,i3,
1769500785.1832662,FORWARDED,af674354-c1ce-45d2-ae80-591470bb649d,2e3956d8-7935-40e0-9c2f-89a1c45cff99,c1,DROP,1007,?,i3,
1769500785.2768826,SENT,8eb3bd9f-6198-42b2-8aeb-bf501ac10077,f986fdc0-dba9-4ee4-82f1-93872d3fc0e1,c5,DROP,1010,?,i6,
1769500785.2769227,FORWARDED,8eb3bd9f-6198-42b2-8aeb-bf501ac10077,f986fdc0-dba9-4ee4-82f1-93872d3fc0e1,c5,DROP,1010,?,i6,
1769500785.3421235,SENT,cf9832ea-bfa3-4ab9-80ca-28bc348a3cad,24b93d7b-ff4c-43c2-8fae-599dc24a487a,c2,DROP,1012,?,i4,
1769500785.3421655,FORWARDED,cf9832ea-bfa3-4ab9-80ca-28bc348a3cad,24b93d7b-ff4c-43c2-8fae-599dc24a487a,c2,DROP,1012,?,i4,
1769500785.372213,SENT,36863d42-5abb-4893-81d5-4f8469572aa2,94dd9f77-33ea-4b2f-aa1b-57ab6f664f28,c5,DROP,1008,?,i2,
1769500785.3722553,FORWARDED,36863d42-5abb-4893-81d5-4f8469572aa2,94dd9f77-33ea-4b2f-aa1b-57ab6f664f28,c5,DROP,1008,?,i2,
1769500785.6690993,RECEIVED,469095a8-65b1-406f-ae16-7a47be342085,2c18c8e0-23be-4e53-9385-c6d683f2a261,c5,None,2223,p2,?,
1769500785.710573,RECEIVED,a2b919cd-e64d-4af7-b9a3-c5aee7d16bbb,8e38f70e-407e-47da-a5de-2d4dc77a4f4a,c5,DROP,1440,p2,?,
1769500785.7526953,SENT,469095a8-65b1-406f-ae16-7a47be342085,2c18c8e0-23be-4e53-9385-c6d683f2a261,c5,None,1596,?,i5,
1769500785.7527385,FORWARDED,469095a8-65b1-406f-ae16-7a47be342085,2c18c8e0-23be-4e53-9385-c6d683f2a261,c5,None,1596,?,i5,
1769500785.766676,SENT,a2b919cd-e64d-4af7-b9a3-c5aee7d16bbb,8e38f70e-407e-47da-a5de-2d4dc77a4f4a,c5,DROP,1007,?,i4,
1769500785.7667167,FORWARDED,a2b919cd-e64d-4af7-b9a3-c5aee7d16bbb,8e38f70e-407e-47da-a5de-2d4dc77a4f4a,c5,DROP,1007,?,i4,
1769500785.8432035,RECEIVED,0be497e7-a363-4b93-ad0f-85ecfb50754d,cdb829c3-1b28-496b-8005-ca300dfb2e1f,c4,c3,2464,p1,?,
1769500785.8539705,SENT,d314dda5-b891-46ac-86c7-fd41dcb61488,a8ff3158-3b80-415d-82b9-35fb26310a10,c1,DROP,1007,?,i11,
1769500785.8540156,FORWARDED,d314dda5-b891-46ac-86c7-fd41dcb61488,a8ff3158-3b80-415d-82b9-35fb26310a10,c1,DROP,1007,?,i11,
1769500785.9425385,RECEIVED,0d3098bc-1d7b-4938-ac8d-4d47013db8d2,34d87981-52f7-4463-8e12-30ad6532500b,c1,DROP,441,x5,?,
1769500785.999837,RECEIVED,59476e52-f2c0-414a-80f3-d3f0ccc8c738,a2842000-f7b7-4789-8f2e-d29dc310f808,c1,c5,2464,p1,?,
1769500786.0574098,SENT,59476e52-f2c0-414a-80f3-d3f0ccc8c738,a2842000-f7b7-4789-8f2e-d29dc310f808,c1,c5,1775,?,i4,
1769500786.0574503,FORWARDED,59476e52-f2c0-414a-80f3-d3f0ccc8c738,a2842000-f7b7-4789-8f2e-d29dc310f808,c1,c5,1775,?,i4,
1769500786.2859633,RECEIVED,f1890406-424c-45eb-bf0c-808216490010,55ffc1a8-9921-41cb-b526-49a5280b5aeb,c2,DROP,1439,p2,?,
1769500786.2989821,SENT,0be497e7-a363-4b93-ad0f-85ecfb50754d,cdb829c3-1b28-496b-8005-ca300dfb2e1f,c4,c3,1776,?,i12,
1769500786.2990246,FORWARDED,0be497e7-a363-4b93-ad0f-85ecfb50754d,cdb829c3-1b28-496b-8005-ca300dfb2e1f,c4,c3,1776,?,i12,
1769500786.4557848,RECEIVED,855db7c5-b6d0-47fe-853c-80cb1fc7a39e,c5180356-98aa-4780-bb33-00ceee4d0094,c4,c3,2459,p1,?,
1769500786.553508,RECEIVED,7f0efcf9-491a-418c-ba3e-d408f006c895,0986734b-50a3-4fc2-bfe5-8440668ca391,c4,None,2235,p1,?,
1769500786.6635964,RECEIVED,54d36f81-924e-4bb9-a755-71512bdca771,341bda5d-20db-4d17-89a4-eae8d12dfbc6,c5,DROP,441,x8,?,
1769500786.6767757,RECEIVED,2ca85429-54c2-448f-b280-bbab2604e91d,5b5361f7-a0b3-487f-91e0-cce88255cdf9,c1,DROP,1459,p1,?,
1769500786.79828,RECEIVED,f35ccdce-eb30-4c20-9803-9c73f5cc71d5,c43e0ad3-8678-4c1f-ae89-636d3b493bb9,c2,DROP,1451,p2,?,
1769500786.8000004,SENT,855db7c5-b6d0-47fe-853c-80cb1fc7a39e,c5180356-98aa-4780-bb33-00ceee4d0094,c4,c3,1771,?,i6,
1769500786.8000407,FORWARDED,855db7c5-b6d0-47fe-853c-80cb1fc7a39e,c5180356-98aa-4780-bb33-00ceee4d0094,c4,c3,1771,?,i6,
1769500786.89051,RECEIVED,0bc6707e-e6ee-4561-85ec-c75743e4745e,67940045-400f-4bbb-b666-36fa47ad134c,c2,DROP,1443,p2,?,
1769500787.0184858,SENT,7f0efcf9-491a-418c-ba3e-d408f006c895,0986734b-50a3-4fc2-bfe5-8440668ca391,c4,None,1605,?,i6,
1769500787.018528,FORWARDED,7f0efcf9-491a-418c-ba3e-d408f006c895,0986734b-50a3-4fc2-bfe5-8440668ca391,c4,None,1605,?,i6,
1769500787.296662,SENT,f1890406-424c-45eb-bf0c-808216490010,55ffc1a8-9921-41cb-b526-49a5280b5aeb,c2,DROP,1007,?,i7,
1769500787.2967014,FORWARDED,f1890406-424c-45eb-bf0c-808216490010,55ffc1a8-9921-41cb-b526-49a5280b5aeb,c2,DROP,1007,?,i7,
1769500787.379082,SENT,2ca85429-54c2-448f-b280-bbab2604e91d,5b5361f7-a0b3-487f-91e0-cce88255cdf9,c1,DROP,1021,?,i6,
1769500787.379116,FORWARDED,2ca85429-54c2-448f-b280-bbab2604e91d,5b5361f7-a0b3-487f-91e0-cce88255cdf9,c1,DROP,1021,?,i6,
1769500787.4833658,RECEIVED,8ec93d85-330c-4990-ac58-5b5c11df4791,cc44edbf-f906-4c7b-add6-0648136f59b8,c5,DROP,442,x8,?,
1769500787.50466,SENT,0bc6707e-e6ee-4561-85ec-c75743e4745e,67940045-400f-4bbb-b666-36fa47ad134c,c2,DROP,1011,?,i7,
1769500787.504702,FORWARDED,0bc6707e-e6ee-4561-85ec-c75743e4745e,67940045-400f-4bbb-b666-36fa47ad134c,c2,DROP,1011,?,i7,
1769500787.5125678,RECEIVED,f11f0142-e7f9-4de2-bdab-1b7198b0e894,f5867bd3-4211-48ef-b35e-10f8176c32fe,c5,DROP,1439,p2,?,
1769500787.5989752,RECEIVED,9dd223f4-8550-4fb2-84a4-de69f024e90f,cbeb297c-cd25-44fd-83c1-56003e5efc85,c2,None,2235,p2,?,
1769500787.7050076,RECEIVED,61db351d-6217-4571-9b00-3cab7238607f,1168ea5c-da7a-4346-b7b3-529eb260fca4,c2,None,2229,p2,?,
1769500787.7452776,RECEIVED,6bc98ef9-0594-4721-9ba9-cf8a6400b73b,70461435-a69c-44c3-b23f-f9b0355eeec7,c2,None,2236,p2,?,
1769500787.7555485,SENT,61db351d-6217-4571-9b00-3cab7238607f,1168ea5c-da7a-4346-b7b3-529eb260fca4,c2,None,1597,?,i7,
1769500787.7555923,FORWARDED,61db351d-6217-4571-9b00-3cab7238607f,1168ea5c-da7a-4346-b7b3-529eb260fca4,c2,None,1597,?,i7,
1769500787.7751422,SENT,6bc98ef9-0594-4721-9ba9-cf8a6400b73b,70461435-a69c-44c3-b23f-f9b0355eeec7,c2,None,1604,?,i5,
1769500787.7751815,FORWARDED,6bc98ef9-0594-4721-9ba9-cf8a6400b73b,70461435-a69c-44c3-b23f-f9b0355eeec7,c2,None,1604,?,i5,
1769500787.8533442,SENT,f11f0142-e7f9-4de2-bdab-1b7198b0e894,f5867bd3-4211-48ef-b35e-10f8176c32fe,c5,DROP,1008,?,i3,
1769500787.853386,FORWARDED,f11f0142-e7f9-4de2-bdab-1b7198b0e894,f5867bd3-4211-48ef-b35e-10f8176c32fe,c5,DROP,1008,?,i3,
1769500787.8753245,RECEIVED,7698adb1-f864-4152-9c12-3b230a90636d,e7215c71-f37a-4051-91ed-a58ef3569cc7,c3,None,2237,p3,?,
1769500787.9196575,RECEIVED,4eaea4fb-2447-4ff6-9d1a-6a075c92255e,15aa3542-128d-4725-8e48-92566c29ec88,c1,DROP,1443,p1,?,
1769500787.9546475,SENT,7698adb1-f864-4152-9c12-3b230a90636d,e7215c71-f37a-4051-91ed-a58ef3569cc7,c3,None,1604,?,i8,
1769500787.9546905,FORWARDED,7698adb1-f864-4152-9c12-3b230a90636d,e7215c71-f37a-4051-91ed-a58ef3569cc7,c3,None,1604,?,i8,
1769500788.0174265,SENT,f35ccdce-eb30-4c20-9803-9c73f5cc71d5,c43e0ad3-8678-4c1f-ae89-636d3b493bb9,c2,DROP,1016,?,i1,
1769500788.0174677,FORWARDED,f35ccdce-eb30-4c20-9803-9c73f5cc71d5,c43e0ad3-8678-4c1f-ae89-636d3b493bb9,c2,DROP,1016,?,i1,
1769500788.2174423,SENT,9dd223f4-8550-4fb2-84a4-de69f024e90f,cbeb297c-cd25-44fd-83c1-56003e5efc85,c2,None,1604,?,i6,
1769500788.2174828,FORWARDED,9dd223f4-8550-4fb2-84a4-de69f024e90f,cbeb297c-cd25-44fd-83c1-56003e5efc85,c2,None,1604,?,i6,
1769500788.5081828,SENT,4eaea4fb-2447-4ff6-9d1a-6a075c92255e,15aa3542-128d-4725-8e48-92566c29ec88,c1,DROP,1011,?,i2,
1769500788.5082269,FORWARDED,4eaea4fb-2447-4ff6-9d1a-6a075c92255e,15aa3542-128d-4725-8e48-92566c29ec88,c1,DROP,1011,?,i2,
1769500788.6343699,RECEIVED,ab1aaf02-b43e-4cbb-8e80-2f0ba8d4cf87,23771d47-8164-493c-9b6a-8846505019c6,c4,DROP,1452,p1,?,
1769500788.6892672,RECEIVED,c5850166-35ba-4934-8d90-d58307b6d81a,a6e533b8-e1e4-47f6-a26e-d459cf1ea42d,c3,DROP,445,x1,?,
1769500788.7169256,RECEIVED,b34bd719-f09f-46d1-af3d-3738e7584d79,d89b2d91-4c7b-4754-8f77-addbdea2e94c,c4,None,2244,p1,?,
1769500788.788902,SENT,ab1aaf02-b43e-4cbb-8e80-2f0ba8d4cf87,23771d47-8164-493c-9b6a-8846505019c6,c4,DROP,1015,?,i8,
1769500788.7889495,FORWARDED,ab1aaf02-b43e-4cbb-8e80-2f0ba8d4cf87,23771d47-8164-493c-9b6a-8846505019c6,c4,DROP,1015,?,i8,
1769500788.9627233,RECEIVED,d0e306d3-d537-4989-a876-0ede45aa14bd,9d68320a-ffea-44c3-af57-7bf38eac6937,c5,c2,2471,p2,?,
1769500788.9914784,SENT,d0e306d3-d537-4989-a876-0ede45aa14bd,9d68320a-ffea-44c3-af57-7bf38eac6937,c5,c2,1777,?,i10,
1769500788.9915164,FORWARDED,d0e306d3-d537-4989-a876-0ede45aa14bd,9d68320a-ffea-44c3-af57-7bf38eac6937,c5,c2,1777,?,i10,
1769500789.0783963,RECEIVED,6502e36e-d252-4223-a478-5b0159a57047,c4fccaea-eed7-4b81-8f7d-c25696ba6468,c3,DROP,1456,p3,?,
1769500789.3404715,RECEIVED,51f70d3e-bcc9-4177-ae85-aef0636dcca7,b505ebac-eddf-45e6-83c3-ffa358409965,c4,DROP,1447,p1,?,
1769500789.387176,RECEIVED,fee3490f-34bd-4a20-b2c7-3359a27b8c2b,78966e48-e640-4099-8037-b50c67675296,c3,DROP,1440,p3,?,
1769500789.4010866,SENT,6502e36e-d252-4223-a478-5b0159a57047,c4fccaea-eed7-4b81-8f7d-c25696ba6468,c3,DROP,1018,?,i2,
1769500789.4011273,FORWARDED,6502e36e-d252-4223-a478-5b0159a57047,c4fccaea-eed7-4b81-8f7d-c25696ba6468,c3,DROP,1018,?,i2,
1769500789.5500152,RECEIVED,4998a930-190f-4d56-b02e-27ee3384aac7,dbad3f23-7fc9-42fd-8259-dccb9cf1f080,c2,DROP,1439,p2,?,
1769500789.6467826,SENT,51f70d3e-bcc9-4177-ae85-aef0636dcca7,b505ebac-eddf-45e6-83c3-ffa358409965,c4,DROP,1012,?,i1,
1769500789.6468256,FORWARDED,51f70d3e-bcc9-4177-ae85-aef0636dcca7,b505ebac-eddf-45e6-83c3-ffa358409965,c4,DROP,1012,?,i1,
1769500789.8352165,SENT,b34bd719-f09f-46d1-af3d-3738e7584d79,d89b2d91-4c7b-4754-8f77-addbdea2e94c,c4,None,1609,?,i10,
1769500789.8352613,FORWARDED,b34bd719-f09f-46d1-af3d-3738e7584d79,d89b2d91-4c7b-4754-8f77-addbdea2e94c,c4,None,1609,?,i10,
1769500789.8546894,RECEIVED,a797ed9e-a15a-482e-94a0-297b302159e0,878cb96b-75b6-415b-94f2-4289f2e2ee66,c2,c1,2467,p2,?,
1769500789.9244206,RECEIVED,7943fd1b-b8d5-452c-bed6-1e66750e49d3,86b61d64-a72b-4646-aca6-9b2428973c86,c3,DROP,1443,p3,?,
1769500790.003919,RECEIVED,6c03672d-3315-4f22-adca-9958420556b9,142c8bf9-9710-46fc-baea-904a20dfc0ae,c3,DROP,1435,p3,?,
1769500790.082483,RECEIVED,50d2d0c1-f852-47ef-b3f6-fd2e89e8f786,83e5705b-715b-4605-a5f2-baaf05a9019d,c1,DROP,1441,p1,?,
1769500790.1202495,SENT,6c03672d-3315-4f22-adca-9958420556b9,142c8bf9-9710-46fc-baea-904a20dfc0ae,c3,DROP,1003,?,i2,
1769500790.1202922,FORWARDED,6c03672d-3315-4f22-adca-9958420556b9,142c8bf9-9710-46fc-baea-904a20dfc0ae,c3,DROP,1003,?,i2,
1769500790.1468427,SENT,50d2d0c1-f852-47ef-b3f6-fd2e89e8f786,83e5705b-715b-4605-a5f2-baaf05a9019d,c1,DROP,1008,?,i4,
1769500790.1468835,FORWARDED,50d2d0c1-f852-47ef-b3f6-fd2e89e8f786,83e5705b-715b-4605-a5f2-baaf05a9019d,c1,DROP,1008,?,i4,
1769500790.2531402,SENT,4998a930-190f-4d56-b02e-27ee3384aac7,dbad3f23-7fc9-42fd-8259-dccb9cf1f080,c2,DROP,1008,?,i8,
1769500790.2531772,FORWARDED,4998a930-190f-4d56-b02e-27ee3384aac7,dbad3f23-7fc9-42fd-8259-dccb9cf1f080,c2,DROP,1008,?,i8,
1769500790.4079368,RECEIVED,704e235c-9818-4e81-b1ee-299b0f69c1f6,4e2de6e7-82ca-4a7f-8f09-d9d5b147ba80,c4,DROP,441,x12,?,
1769500790.4141297,RECEIVED,1794099e-c4a5-49b6-90e6-07c9871fb0f3,3fea5a02-0b1c-4061-8770-c74afd33fccb,c4,DROP,1454,p1,?,
1769500790.442328,SENT,1794099e-c4a5-49b6-90e6-07c9871fb0f3,3fea5a02-0b1c-4061-8770-c74afd33fccb,c4,DROP,1016,?,i1,
1769500790.4423656,FORWARDED,1794099e-c4a5-49b6-90e6-07c9871fb0f3,3fea5a02-0b1c-4061-8770-c74afd33fccb,c4,DROP,1016,?,i1,
1769500790.4483473,SENT,fee3490f-34bd-4a20-b2c7-3359a27b8c2b,78966e48-e640-4099-8037-b50c67675296,c3,DROP,1008,?,i10,
1769500790.4483874,FORWARDED,fee3490f-34bd-4a20-b2c7-3359a27b8c2b,78966e48-e640-4099-8037-b50c67675296,c3,DROP,1008,?,i10,
1769500790.4991467,RECEIVED,2ebb6738-a6fa-45ca-8032-c01392171eb1,9e88fe9d-8fa4-4ea5-9a62-4ca1bc782603,c1,DROP,1443,p1,?,
1769500790.7369008,SENT,7943fd1b-b8d5-452c-bed6-1e66750e49d3,86b61d64-a72b-4646-aca6-9b2428973c86,c3,DROP,1010,?,i1,
1769500790.7369428,FORWARDED,7943fd1b-b8d5-452c-bed6-1e66750e49d3,86b61d64-a72b-4646-aca6-9b2428973c86,c3,DROP,1010,?,i1,
1769500790.757883,SENT,2ebb6738-a6fa-45ca-8032-c01392171eb1,9e88fe9d-8fa4-4ea5-9a62-4ca1bc782603,c1,DROP,1009,?,i3,
1769500790.7579358,FORWARDED,2ebb6738-a6fa-45ca-8032-c01392171eb1,9e88fe9d-8fa4-4ea5-9a62-4ca1bc782603,c1,DROP,1009,?,i3,
1769500790.784963,SENT,a797ed9e-a15a-482e-94a0-297b302159e0,878cb96b-75b6-415b-94f2-4289f2e2ee66,c2,c1,1779,?,i5,
1769500790.785075,FORWARDED,a797ed9e-a15a-482e-94a0-297b302159e0,878cb96b-75b6-415b-94f2-4289f2e2ee66,c2,c1,1779,?,i5,
1769500790.8812819,RECEIVED,d5c2a334-03b6-4107-93f7-0b5c01f6ab81,59991b79-9674-4383-826d-9ff330f0f788,c2,DROP,443,x10,?,
1769500791.0089839,RECEIVED,d8ce4b06-9049-4626-818d-970f9008d85b,cdf056bf-64d9-4faa-a26a-d1fb098d540e,c1,DROP,444,x4,?,
1769500791.4136262,RECEIVED,b4e0124e-bbb4-41cc-9831-e612fcdd20b0,cf7516c1-1587-48a5-8067-28ab4cee6929,c4,DROP,1457,p1,?,
1769500791.5026495,SENT,b4e0124e-bbb4-41cc-9831-e612fcdd20b0,cf7516c1-1587-48a5-8067-28ab4cee6929,c4,DROP,1019,?,i11,
1769500791.5026972,FORWARDED,b4e0124e-bbb4-41cc-9831-e612fcdd20b0,cf7516c1-1587-48a5-8067-28ab4cee6929,c4,DROP,1019,?,i11,
1769500791.5510135,RECEIVED,b241e8e6-fb57-40d3-9857-5cd2af982a63,2c03e268-c0e3-420e-897a-8d4f928b98b3,c5,None,2224,p2,?,
1769500791.5696719,RECEIVED,846e3573-e4ea-43f9-8e25-e4c32e962c7c,61457c6f-fc41-4703-9605-02c8ad4e0e40,c5,DROP,442,x6,?,
1769500791.5977352,RECEIVED,1c2c1a66-2ecf-43d9-8329-f56e85ee0517,70a8dd25-1c45-4fd2-9b68-3b97ad6e8fd1,c4,DROP,1456,p1,?,
1769500791.602447,SENT,b241e8e6-fb57-40d3-9857-5cd2af982a63,2c03e268-c0e3-420e-897a-8d4f928b98b3,c5,None,1595,?,i2,
1769500791.6024845,FORWARDED,b241e8e6-fb57-40d3-9857-5cd2af982a63,2c03e268-c0e3-420e-897a-8d4f928b98b3,c5,None,1595,?,i2,
1769500791.681146,RECEIVED,c4599606-2da7-4fcb-841a-475e05d2285d,db45f11f-839b-4cc2-b769-c59caee52cb1,c3,None,2232,p3,?,
1769500791.7419095,RECEIVED,56381f89-af75-4cfa-be69-019e63ac28d9,aedb28ea-f091-44fa-a6be-bd65b295a83f,c2,c1,2464,p2,?,
1769500791.7504442,RECEIVED,fe58e10a-de82-4878-aa8f-2c9967150988,385f536d-e754-41fe-88c1-5eb8a284ce1b,c5,DROP,1452,p2,?,
1769500791.7749548,RECEIVED,8b78bc83-291c-4d9b-a3e4-7cfdddc351d7,5541f29f-aeee-483b-9c6c-f14f954139bb,c1,c5,2448,p1,?,
1769500791.8247652,SENT,8b78bc83-291c-4d9b-a3e4-7cfdddc351d7,5541f29f-aeee-483b-9c6c-f14f954139bb,c1,c5,1764,?,i7,
1769500791.8248057,FORWARDED,8b78bc83-291c-4d9b-a3e4-7cfdddc351d7,5541f29f-aeee-483b-9c6c-f14f954139bb,c1,c5,1764,?,i7,
1769500791.960678,SENT,56381f89-af75-4cfa-be69-019e63ac28d9,aedb28ea-f091-44fa-a6be-bd65b295a83f,c2,c1,1774,?,i5,
1769500791.9610023,FORWARDED,56381f89-af75-4cfa-be69-019e63ac28d9,aedb28ea-f091-44fa-a6be-bd65b295a83f,c2,c1,1774,?,i5,
1769500792.0132427,SENT,c4599606-2da7-4fcb-841a-475e05d2285d,db45f11f-839b-4cc2-b769-c59caee52cb1,c3,None,1600,?,i6,
1769500792.0132887,FORWARDED,c4599606-2da7-4fcb-841a-475e05d2285d,db45f11f-839b-4cc2-b769-c59caee52cb1,c3,None,1600,?,i6,
1769500792.0561392,SENT,fe58e10a-de82-4878-aa8f-2c9967150988,385f536d-e754-41fe-88c1-5eb8a284ce1b,c5,DROP,1016,?,i11,
1769500792.0561812,FORWARDED,fe58e10a-de82-4878-aa8f-2c9967150988,385f536d-e754-41fe-88c1-5eb8a284ce1b,c5,DROP,1016,?,i11,
1769500792.1992018,RECEIVED,db792cb9-c1fa-4818-99b9-0b0200a6f389,367db436-063b-4b1b-860b-8a0659ef37e7,c4,c3,2475,p1,?,
1769500792.2914407,RECEIVED,6b6a0ac7-4a58-4758-8c9d-7bea6ec41f17,f9e90157-e14a-4326-9542-30f6455b49d3,c3,c4,2455,p3,?,
1769500792.323799,RECEIVED,7c911888-acd4-4ab4-823a-770cac393712,6f63d8b2-9ebb-4150-b0e2-d2e769c866b2,c2,DROP,1444,p2,?,
1769500792.360301,SENT,7c911888-acd4-4ab4-823a-770cac393712,6f63d8b2-9ebb-4150-b0e2-d2e769c866b2,c2,DROP,1011,?,i7,
1769500792.3603408,FORWARDED,7c911888-acd4-4ab4-823a-770cac393712,6f63d8b2-9ebb-4150-b0e2-d2e769c866b2,c2,DROP,1011,?,i7,
1769500792.3919187,RECEIVED,0e65100e-23d5-485e-84e6-bb7ba888eb42,c017f0b8-c5fb-4896-9f41-ec3ddbe8b496,c3,DROP,1447,p3,?,
1769500792.4049318,SENT,1c2c1a66-2ecf-43d9-8329-f56e85ee0517,70a8dd25-1c45-4fd2-9b68-3b97ad6e8fd1,c4,DROP,1018,?,i10,
1769500792.4049728,FORWARDED,1c2c1a66-2ecf-43d9-8329-f56e85ee0517,70a8dd25-1c45-4fd2-9b68-3b97ad6e8fd1,c4,DROP,1018,?,i10,
1769500792.5781686,RECEIVED,2b2a037e-4763-4ec7-bac1-18b52ed2ece7,136b9bf5-93a1-48c9-9d14-753c20d72b7b,c3,DROP,1444,p3,?,
1769500792.5847414,RECEIVED,c0117ff8-c299-45b2-977c-46c9f480d3ad,e615d4fe-39a6-4be4-aa6e-d8bed389d359,c4,DROP,1452,p1,?,
1769500792.691892,RECEIVED,46609305-8ae2-443b-a45d-04483c84bdd0,7d3f0961-3400-420a-b351-38de9d70d8c7,c3,DROP,1438,p3,?,
1769500792.7539625,RECEIVED,74ffa767-1fb3-4e11-8e90-18fd4c73bf8a,1afadf9b-120d-464d-a87b-3bbbf7008387,c2,DROP,1440,p2,?,
1769500792.8685212,SENT,74ffa767-1fb3-4e11-8e90-18fd4c73bf8a,1afadf9b-120d-464d-a87b-3bbbf7008387,c2,DROP,1008,?,i2,
1769500792.8685594,FORWARDED,74ffa767-1fb3-4e11-8e90-18fd4c73bf8a,1afadf9b-120d-464d-a87b-3bbbf7008387,c2,DROP,1008,?,i2,
1769500792.8811593,SENT,c0117ff8-c299-45b2-977c-46c9f480d3ad,e615d4fe-39a6-4be4-aa6e-d8bed389d359,c4,DROP,1015,?,i1,
1769500792.8811996,FORWARDED,c0117ff8-c299-45b2-977c-46c9f480d3ad,e615d4fe-39a6-4be4-aa6e-d8bed389d359,c4,DROP,1015,?,i1,
1769500792.910231,SENT,6b6a0ac7-4a58-4758-8c9d-7bea6ec41f17,f9e90157-e14a-4326-9542-30f6455b49d3,c3,c4,1768,?,i3,
1769500792.9102736,FORWARDED,6b6a0ac7-4a58-4758-8c9d-7bea6ec41f17,f9e90157-e14a-4326-9542-30f6455b49d3,c3,c4,1768,?,i3,
1769500793.0702944,RECEIVED,347c5007-92a1-4894-94d2-fb96efb426fb,a5b7bffb-492b-40a4-86c3-6ce915bbb409,c1,c5,2461,p1,?,
1769500793.1289701,SENT,347c5007-92a1-4894-94d2-fb96efb426fb,a5b7bffb-492b-40a4-86c3-6ce915bbb409,c1,c5,1772,?,i2,
1769500793.1290052,FORWARDED,347c5007-92a1-4894-94d2-fb96efb426fb,a5b7bffb-492b-40a4-86c3-6ce915bbb409,c1,c5,1772,?,i2,
1769500793.144634,RECEIVED,a5a5dc16-644b-49a5-8884-53be3e32c57c,c2667f3e-78b9-402c-b115-7bb0a640a929,c5,DROP,1444,p2,?,
1769500793.2465723,SENT,a5a5dc16-644b-49a5-8884-53be3e32c57c,c2667f3e-78b9-402c-b115-7bb0a640a929,c5,DROP,1010,?,i1,
1769500793.2466068,FORWARDED,a5a5dc16-644b-49a5-8884-53be3e32c57c,c2667f3e-78b9-402c-b115-7bb0a640a929,c5,DROP,1010,?,i1,
1769500793.2614417,SENT,db792cb9-c1fa-4818-99b9-0b0200a6f389,367db436-063b-4b1b-860b-8a0659ef37e7,c4,c3,1783,?,i11,
1769500793.261485,FORWARDED,db792cb9-c1fa-4818-99b9-0b0200a6f389,367db436-063b-4b1b-860b-8a0659ef37e7,c4,c3,1783,?,i11,
1769500793.2828434,RECEIVED,4332da00-a0d5-420c-ba6d-7eefbfd10f38,fc8f6880-6da2-4310-b3cf-b0b8c9a2521a,c2,DROP,1440,p2,?,
1769500793.4168117,RECEIVED,2d5cd737-8030-47a3-b682-22db77b1eabd,23c0007d-bdaf-4794-8bd4-d70d2bb40fc8,c5,DROP,1444,p2,?,
1769500793.4632077,SENT,2d5cd737-8030-47a3-b682-22db77b1eabd,23c0007d-bdaf-4794-8bd4-d70d2bb40fc8,c5,DROP,1011,?,i9,
1769500793.4632478,FORWARDED,2d5cd737-8030-47a3-b682-22db77b1eabd,23c0007d-bdaf-4794-8bd4-d70d2bb40fc8,c5,DROP,1011,?,i9,
1769500793.4869015,SENT,2b2a037e-4763-4ec7-bac1-18b52ed2ece7,136b9bf5-93a1-48c9-9d14-753c20d72b7b,c3,DROP,1011,?,i10,
1769500793.4869459,FORWARDED,2b2a037e-4763-4ec7-bac1-18b52ed2ece7,136b9bf5-93a1-48c9-9d14-753c20d72b7b,c3,DROP,1011,?,i10,
1769500793.4964533,SENT,0e65100e-23d5-485e-84e6-bb7ba888eb42,c017f0b8-c5fb-4896-9f41-ec3ddbe8b496,c3,DROP,1012,?,i4,
1769500793.496495,FORWARDED,0e65100e-23d5-485e-84e6-bb7ba888eb42,c017f0b8-c5fb-4896-9f41-ec3ddbe8b496,c3,DROP,1012,?,i4,
1769500793.4974253,RECEIVED,ba8c2450-3698-4aba-8fce-716daf4575d6,f568e615-1b0d-4e22-bef9-258e90fdaa34,c4,DROP,1452,p1,?,
1769500793.6905358,RECEIVED,5e1bac42-832c-49a2-8fd0-ca9cf591268c,0a1d7abc-5aa1-4bc7-b3e3-954b0fe08c1f,c3,DROP,1452,p3,?,
1769500793.7784786,RECEIVED,382eb51e-d611-44b7-9307-3a9b4df9cc80,af3d6720-7406-4408-b113-fc1ddce41732,c1,c5,2457,p1,?,
1769500793.8130884,SENT,382eb51e-d611-44b7-9307-3a9b4df9cc80,af3d6720-7406-4408-b113-fc1ddce41732,c1,c5,1769,?,i8,
1769500793.8131304,FORWARDED,382eb51e-d611-44b7-9307-3a9b4df9cc80,af3d6720-7406-4408-b113-fc1ddce41732,c1,c5,1769,?,i8,
1769500793.8302772,RECEIVED,f246d1fe-2a71-4265-b6bc-12476f741e19,a2200ca7-39fe-4b27-9ca2-173f1f084b64,c5,None,2237,p2,?,
1769500793.9231884,SENT,5e1bac42-832c-49a2-8fd0-ca9cf591268c,0a1d7abc-5aa1-4bc7-b3e3-954b0fe08c1f,c3,DROP,1015,?,i3,
1769500793.9232283,FORWARDED,5e1bac42-832c-49a2-8fd0-ca9cf591268c,0a1d7abc-5aa1-4bc7-b3e3-954b0fe08c1f,c3,DROP,1015,?,i3,
1769500793.952265,SENT,f246d1fe-2a71-4265-b6bc-12476f741e19,a2200ca7-39fe-4b27-9ca2-173f1f084b64,c5,None,1603,?,i10,
1769500793.9523063,FORWARDED,f246d1fe-2a71-4265-b6bc-12476f741e19,a2200ca7-39fe-4b27-9ca2-173f1f084b64,c5,None,1603,?,i10,
1769500793.9641893,SENT,ba8c2450-3698-4aba-8fce-716daf4575d6,f568e615-1b0d-4e22-bef9-258e90fdaa34,c4,DROP,1017,?,i1,
1769500793.9642265,FORWARDED,ba8c2450-3698-4aba-8fce-716daf4575d6,f568e615-1b0d-4e22-bef9-258e90fdaa34,c4,DROP,1017,?,i1,
1769500794.1246238,SENT,46609305-8ae2-443b-a45d-04483c84bdd0,7d3f0961-3400-420a-b351-38de9d70d8c7,c3,DROP,1008,?,i4,
1769500794.1246645,FORWARDED,46609305-8ae2-443b-a45d-04483c84bdd0,7d3f0961-3400-420a-b351-38de9d70d8c7,c3,DROP,1008,?,i4,
1769500794.1795545,RECEIVED,bcef2605-adb1-4402-bf17-c1d48c38026e,47d40b9a-7aac-43d9-b2d6-0f9f6bf19d50,c1,DROP,442,x11,?,
1769500794.230369,RECEIVED,76d85330-23a8-4c54-bca8-17c96e1ffb74,678271a7-587e-49d6-bd02-9bef19864fd2,c4,DROP,1440,p1,?,
1769500794.2361197,RECEIVED,cb196c17-6fc2-4f13-b6f2-1839f7e80be9,f3607c39-e28d-4cc1-92ca-9669203f53be,c3,None,2224,p3,?,
1769500794.3138812,RECEIVED,c82e0b3a-8b0d-48df-b514-f44ac2399ff0,a2c62651-b9ad-4ed0-9599-70aecb72aff1,c5,None,2239,p2,?,
1769500794.4022517,SENT,76d85330-23a8-4c54-bca8-17c96e1ffb74,678271a7-587e-49d6-bd02-9bef19864fd2,c4,DROP,1006,?,i2,
1769500794.4022942,FORWARDED,76d85330-23a8-4c54-bca8-17c96e1ffb74,678271a7-587e-49d6-bd02-9bef19864fd2,c4,DROP,1006,?,i2,
1769500794.4420002,RECEIVED,8838957c-e45c-47a4-aaf3-80b61b7f5cf3,b3355e45-f660-4f02-a58e-cf8451dec177,c5,DROP,1452,p2,?,
1769500794.6331336,SENT,cb196c17-6fc2-4f13-b6f2-1839f7e80be9,f3607c39-e28d-4cc1-92ca-9669203f53be,c3,None,1594,?,i2,
1769500794.6331778,FORWARDED,cb196c17-6fc2-4f13-b6f2-1839f7e80be9,f3607c39-e28d-4cc1-92ca-9669203f53be,c3,None,1594,?,i2,
1769500794.6770823,RECEIVED,91849f43-6659-487e-938d-b08e8054002e,f9c70eea-968d-4c42-b0c4-26824545339a,c5,c2,2461,p2,?,
1769500794.6879153,SENT,8838957c-e45c-47a4-aaf3-80b61b7f5cf3,b3355e45-f660-4f02-a58e-cf8451dec177,c5,DROP,1016,?,i6,
1769500794.6879578,FORWARDED,8838957c-e45c-47a4-aaf3-80b61b7f5cf3,b3355e45-f660-4f02-a58e-cf8451dec177,c5,DROP,1016,?,i6,
1769500794.7037392,SENT,91849f43-6659-487e-938d-b08e8054002e,f9c70eea-968d-4c42-b0c4-26824545339a,c5,c2,1771,?,i9,
1769500794.703781,FORWARDED,91849f43-6659-487e-938d-b08e8054002e,f9c70eea-968d-4c42-b0c4-26824545339a,c5,c2,1771,?,i9,
1769500794.747959,RECEIVED,83830555-8abe-4646-a33f-ddd549d0ea61,b05388e2-f9c9-4db0-be51-a2acb4f54d9c,c2,DROP,1440,p2,?,
1769500794.8013582,RECEIVED,63384d6c-75dd-4853-9a3e-3255a0f336a2,35fd00f3-5b23-4556-acbd-86237c76e44f,c1,DROP,441,x7,?,
1769500794.806514,RECEIVED,e53086a3-1f07-420e-bfaa-24368bd6a1f5,c6577dc2-e072-4f56-9128-a99055a43e87,c5,DROP,1447,p2,?,
1769500794.8511083,RECEIVED,4769de82-2544-4ac9-bae3-50f6fae52c26,2b1fd875-1125-43bd-9f3f-46467c0623f7,c3,DROP,1442,p3,?,
1769500794.8515718,SENT,4332da00-a0d5-420c-ba6d-7eefbfd10f38,fc8f6880-6da2-4310-b3cf-b0b8c9a2521a,c2,DROP,1008,?,i12,
1769500794.8516092,FORWARDED,4332da00-a0d5-420c-ba6d-7eefbfd10f38,fc8f6880-6da2-4310-b3cf-b0b8c9a2521a,c2,DROP,1008,?,i12,
1769500794.8799803,SENT,4769de82-2544-4ac9-bae3-50f6fae52c26,2b1fd875-1125-43bd-9f3f-46467c0623f7,c3,DROP,1008,?,i10,
1769500794.8800213,FORWARDED,4769de82-2544-4ac9-bae3-50f6fae52c26,2b1fd875-1125-43bd-9f3f-46467c0623f7,c3,DROP,1008,?,i10,
1769500794.922378,SENT,83830555-8abe-4646-a33f-ddd549d0ea61,b05388e2-f9c9-4db0-be51-a2acb4f54d9c,c2,DROP,1007,?,i5,
1769500794.9224164,FORWARDED,83830555-8abe-4646-a33f-ddd549d0ea61,b05388e2-f9c9-4db0-be51-a2acb4f54d9c,c2,DROP,1007,?,i5,
1769500794.9417682,RECEIVED,8848fc41-816b-4886-bde2-dba702b5ff31,a5713e63-756f-4eff-8584-e28753133f11,c3,DROP,1444,p3,?,
1769500795.0167975,RECEIVED,ffa4f959-c866-4a8f-ae02-090b210fbc09,e7c7104c-4244-46cb-af0e-0a250891dc38,c1,DROP,1451,p1,?,
1769500795.0675902,RECEIVED,71835279-d9b3-4884-a530-b4dc7df11c59,429d1638-9d75-436b-890f-262ee56a3a30,c3,DROP,1451,p3,?,
1769500795.1600223,SENT,c82e0b3a-8b0d-48df-b514-f44ac2399ff0,a2c62651-b9ad-4ed0-9599-70aecb72aff1,c5,None,1607,?,i5,
1769500795.1601646,FORWARDED,c82e0b3a-8b0d-48df-b514-f44ac2399ff0,a2c62651-b9ad-4ed0-9599-70aecb72aff1,c5,None,1607,?,i5,
1769500795.1924,RECEIVED,096e41af-64e0-4069-aac6-542fea9e634d,2a872223-9d25-4c0e-8cfe-7c3f8c21a4c2,c1,c5,2459,p1,?,
1769500795.2641318,SENT,8848fc41-816b-4886-bde2-dba702b5ff31,a5713e63-756f-4eff-8584-e28753133f11,c3,DROP,1011,?,i7,
1769500795.2641644,FORWARDED,8848fc41-816b-4886-bde2-dba702b5ff31,a5713e63-756f-4eff-8584-e28753133f11,c3,DROP,1011,?,i7,
1769500795.316191,RECEIVED,460fd02e-90bc-4e36-8b39-9499dceb99e0,f4cce45d-59e8-4b59-b7c6-79789045325f,c4,DROP,1449,p1,?,
1769500795.3597784,RECEIVED,152f2aa3-af04-4027-a959-cfb09942fbb7,febc670f-65e2-461d-ac93-3f75df91b343,c1,DROP,1452,p1,?,
1769500795.4226313,RECEIVED,82807b7a-d453-4b00-b64a-d89c8cb21e7d,0d3568bd-26b2-44b9-b7ed-4074ce392732,c3,DROP,1441,p3,?,
1769500795.4255924,SENT,460fd02e-90bc-4e36-8b39-9499dceb99e0,f4cce45d-59e8-4b59-b7c6-79789045325f,c4,DROP,1015,?,i9,
1769500795.425631,FORWARDED,460fd02e-90bc-4e36-8b39-9499dceb99e0,f4cce45d-59e8-4b59-b7c6-79789045325f,c4,DROP,1015,?,i9,
1769500795.4834905,SENT,e53086a3-1f07-420e-bfaa-24368bd6a1f5,c6577dc2-e072-4f56-9128-a99055a43e87,c5,DROP,1012,?,i6,
1769500795.4835346,FORWARDED,e53086a3-1f07-420e-bfaa-24368bd6a1f5,c6577dc2-e072-4f56-9128-a99055a43e87,c5,DROP,1012,?,i6,
1769500795.495105,RECEIVED,eb2c0de9-a2bd-4865-b007-768e75adfe36,5e192efc-4d77-4720-9325-5139e9ad555d,c5,None,2227,p2,?,
1769500795.5119317,SENT,eb2c0de9-a2bd-4865-b007-768e75adfe36,5e192efc-4d77-4720-9325-5139e9ad555d,c5,None,1595,?,i10,
1769500795.5119715,FORWARDED,eb2c0de9-a2bd-4865-b007-768e75adfe36,5e192efc-4d77-4720-9325-5139e9ad555d,c5,None,1595,?,i10,
1769500795.5141256,SENT,ffa4f959-c866-4a8f-ae02-090b210fbc09,e7c7104c-4244-46cb-af0e-0a250891dc38,c1,DROP,1016,?,i5,
1769500795.514165,FORWARDED,ffa4f959-c866-4a8f-ae02-090b210fbc09,e7c7104c-4244-46cb-af0e-0a250891dc38,c1,DROP,1016,?,i5,
1769500795.5829678,SENT,82807b7a-d453-4b00-b64a-d89c8cb21e7d,0d3568bd-26b2-44b9-b7ed-4074ce392732,c3,DROP,1008,?,i12,
1769500795.5830092,FORWARDED,82807b7a-d453-4b00-b64a-d89c8cb21e7d,0d3568bd-26b2-44b9-b7ed-4074ce392732,c3,DROP,1008,?,i12,
1769500795.6545331,RECEIVED,32420021-2d0f-42bd-a971-f33e516fc473,fcaf6a65-d3e9-420d-bde6-7fcc12c0635a,c1,DROP,1465,p1,?,
1769500795.6744802,RECEIVED,7397bb40-3798-4431-8048-1b9b89f95b98,28c32de7-14dc-4d0d-a6f5-f86b423f4082,c5,None,2240,p2,?,
1769500795.7314472,RECEIVED,6f76c69d-c8ca-4a96-b588-6bbed1b0aaa2,3db81657-1d6c-4a0a-8097-ac8f75652ab4,c5,DROP,1444,p2,?,
1769500795.739816,SENT,32420021-2d0f-42bd-a971-f33e516fc473,fcaf6a65-d3e9-420d-bde6-7fcc12c0635a,c1,DROP,1024,?,i11,
1769500795.7398577,FORWARDED,32420021-2d0f-42bd-a971-f33e516fc473,fcaf6a65-d3e9-420d-bde6-7fcc12c0635a,c1,DROP,1024,?,i11,
1769500795.7544098,SENT,152f2aa3-af04-4027-a959-cfb09942fbb7,febc670f-65e2-461d-ac93-3f75df91b343,c1,DROP,1016,?,i1,
1769500795.7544522,FORWARDED,152f2aa3-af04-4027-a959-cfb09942fbb7,febc670f-65e2-461d-ac93-3f75df91b343,c1,DROP,1016,?,i1,
1769500795.7708044,SENT,7397bb40-3798-4431-8048-1b9b89f95b98,28c32de7-14dc-4d0d-a6f5-f86b423f4082,c5,None,1606,?,i3,
1769500795.7708478,FORWARDED,7397bb40-3798-4431-8048-1b9b89f95b98,28c32de7-14dc-4d0d-a6f5-f86b423f4082,c5,None,1606,?,i3,
1769500795.7751186,RECEIVED,c195e735-9c4a-4797-aec2-8fe671247e98,68c476a1-4e21-48cd-86ba-3a51ae7eedfa,c2,None,2235,p2,?,
1769500795.8064792,RECEIVED,c70ea5fc-f0b8-461e-ab40-d7ec4153b967,09205340-fbce-4d53-a96b-926ffe53e57c,c2,DROP,1462,p2,?,
1769500795.8734012,SENT,c70ea5fc-f0b8-461e-ab40-d7ec4153b967,09205340-fbce-4d53-a96b-926ffe53e57c,c2,DROP,1021,?,i10,
1769500795.8734384,FORWARDED,c70ea5fc-f0b8-461e-ab40-d7ec4153b967,09205340-fbce-4d53-a96b-926ffe53e57c,c2,DROP,1021,?,i10,
1769500795.8772345,SENT,71835279-d9b3-4884-a530-b4dc7df11c59,429d1638-9d75-436b-890f-262ee56a3a30,c3,DROP,1016,?,i2,
1769500795.877274,FORWARDED,71835279-d9b3-4884-a530-b4dc7df11c59,429d1638-9d75-436b-890f-262ee56a3a30,c3,DROP,1016,?,i2,
1769500795.8924165,SENT,6f76c69d-c8ca-4a96-b588-6bbed1b0aaa2,3db81657-1d6c-4a0a-8097-ac8f75652ab4,c5,DROP,1010,?,i4,
1769500795.8924592,FORWARDED,6f76c69d-c8ca-4a96-b588-6bbed1b0aaa2,3db81657-1d6c-4a0a-8097-ac8f75652ab4,c5,DROP,1010,?,i4,
1769500795.8951495,RECEIVED,74683f8c-92dd-4ac7-9465-34e3efe0234f,33635e45-5e2f-471a-9958-32053e2f0d41,c5,DROP,1443,p2,?,
1769500795.9655697,RECEIVED,5d2ce350-11fd-42b4-83d4-ac14f5baeaa6,a5993275-294e-43eb-9aea-91d7193aa845,c3,DROP,1441,p3,?,
1769500795.9953449,SENT,5d2ce350-11fd-42b4-83d4-ac14f5baeaa6,a5993275-294e-43eb-9aea-91d7193aa845,c3,DROP,1008,?,i4,
1769500795.995385,FORWARDED,5d2ce350-11fd-42b4-83d4-ac14f5baeaa6,a5993275-294e-43eb-9aea-91d7193aa845,c3,DROP,1008,?,i4,
1769500796.1216471,RECEIVED,575c84fa-3eba-49a5-9312-6426a04c9760,3c047cf3-25a3-498f-9320-ac7ede3fa6a7,c1,DROP,1451,p1,?,
1769500796.1880002,SENT,74683f8c-92dd-4ac7-9465-34e3efe0234f,33635e45-5e2f-471a-9958-32053e2f0d41,c5,DROP,1009,?,i6,
1769500796.1880422,FORWARDED,74683f8c-92dd-4ac7-9465-34e3efe0234f,33635e45-5e2f-471a-9958-32053e2f0d41,c5,DROP,1009,?,i6,
1769500796.2018688,RECEIVED,e0e44d5c-f168-4719-9248-fb38a8b551d1,567afe9c-ac00-46e1-8b5e-7cfb0234e7f2,c4,DROP,1440,p1,?,
1769500796.2299333,RECEIVED,4fe9bd51-4825-4c04-80d3-753105486646,8fe929b1-bf4d-4f38-977a-0cc4b527ac81,c4,DROP,1451,p1,?,
1769500796.319238,RECEIVED,f6e7e993-dc9a-4f42-9268-6583975a6e65,e9f69206-accd-44e1-9b3f-ff29756cd73e,c3,DROP,1443,p3,?,
1769500796.3475313,SENT,c195e735-9c4a-4797-aec2-8fe671247e98,68c476a1-4e21-48cd-86ba-3a51ae7eedfa,c2,None,1603,?,i2,
1769500796.3481016,FORWARDED,c195e735-9c4a-4797-aec2-8fe671247e98,68c476a1-4e21-48cd-86ba-3a51ae7eedfa,c2,None,1603,?,i2,
1769500796.358988,SENT,e0e44d5c-f168-4719-9248-fb38a8b551d1,567afe9c-ac00-46e1-8b5e-7cfb0234e7f2,c4,DROP,1008,?,i10,
1769500796.3590243,FORWARDED,e0e44d5c-f168-4719-9248-fb38a8b551d1,567afe9c-ac00-46e1-8b5e-7cfb0234e7f2,c4,DROP,1008,?,i10,
1769500796.3874679,RECEIVED,6aef0c83-edbe-466c-a81f-c7502315f9b5,23c22bf9-4e5c-46f0-9e22-506bcb273ea3,c1,DROP,1439,p1,?,
1769500796.4025655,RECEIVED,00278215-bc99-4aa0-92eb-334c4e8b7efc,49d7f002-eb23-4a30-a5c4-881aa1c0c4c0,c3,DROP,1439,p3,?,
1769500796.6248677,RECEIVED,cf7a9695-53ac-4be2-89fb-73493ce20fae,725316fe-b2c5-457d-bdd6-b20f26bc2ed7,c4,None,2227,p1,?,
1769500796.6886988,RECEIVED,52714cab-c3c9-4d56-b990-b50a1583287d,a9460c29-40ec-4e49-8350-c8f89c4bdfe2,c3,DROP,1457,p3,?,
1769500796.792842,SENT,4fe9bd51-4825-4c04-80d3-753105486646,8fe929b1-bf4d-4f38-977a-0cc4b527ac81,c4,DROP,1015,?,i9,
1769500796.7928817,FORWARDED,4fe9bd51-4825-4c04-80d3-753105486646,8fe929b1-bf4d-4f38-977a-0cc4b527ac81,c4,DROP,1015,?,i9,
1769500796.860374,SENT,096e41af-64e0-4069-aac6-542fea9e634d,2a872223-9d25-4c0e-8cfe-7c3f8c21a4c2,c1,c5,1772,?,i2,
1769500796.860416,FORWARDED,096e41af-64e0-4069-aac6-542fea9e634d,2a872223-9d25-4c0e-8cfe-7c3f8c21a4c2,c1,c5,1772,?,i2,
1769500796.8920326,SENT,f6e7e993-dc9a-4f42-9268-6583975a6e65,e9f69206-accd-44e1-9b3f-ff29756cd73e,c3,DROP,1011,?,i3,
1769500796.8920972,FORWARDED,f6e7e993-dc9a-4f42-9268-6583975a6e65,e9f69206-accd-44e1-9b3f-ff29756cd73e,c3,DROP,1011,?,i3,
1769500796.899459,SENT,52714cab-c3c9-4d56-b990-b50a1583287d,a9460c29-40ec-4e49-8350-c8f89c4bdfe2,c3,DROP,1020,?,i10,
1769500796.8994987,FORWARDED,52714cab-c3c9-4d56-b990-b50a1583287d,a9460c29-40ec-4e49-8350-c8f89c4bdfe2,c3,DROP,1020,?,i10,
1769500797.0854492,RECEIVED,d4fbc278-1111-4716-8bc8-34cf3ed128f0,e0c39f91-27a3-46c1-a24c-4b3279b8c8d2,c3,DROP,1436,p3,?,
1769500797.23618,RECEIVED,8f787a76-56b6-4877-9d68-9c67ef9d0c85,5d673f1a-114b-42d7-ac6a-a72543d95a9a,c3,DROP,1443,p3,?,
1769500797.3853793,RECEIVED,3f355b10-f667-4884-9067-0be4ee77931b,a7351e01-7a52-4a09-9dda-07cd0e84911b,c5,DROP,1448,p2,?,
1769500797.3885763,RECEIVED,34cb31fc-fdde-4099-8ae9-d5306213f62c,b92aea50-5c9b-41a5-aa9c-6277daab5c82,c2,DROP,441,x1,?,
1769500797.39836,RECEIVED,80326749-216c-42c5-a81d-abff056f69dd,e1827c30-a58f-456a-bb31-e146c7af4df0,c3,DROP,1451,p3,?,
1769500797.417417,SENT,d4fbc278-1111-4716-8bc8-34cf3ed128f0,e0c39f91-27a3-46c1-a24c-4b3279b8c8d2,c3,DROP,1003,?,i11,
1769500797.417457,FORWARDED,d4fbc278-1111-4716-8bc8-34cf3ed128f0,e0c39f91-27a3-46c1-a24c-4b3279b8c8d2,c3,DROP,1003,?,i11,
1769500797.548799,RECEIVED,93fcb9ac-0faf-4018-9f2a-287fd8356201,cfb5b50a-75f6-4c18-88f8-64afcabded74,c2,DROP,1440,p2,?,
1769500797.6159549,SENT,cf7a9695-53ac-4be2-89fb-73493ce20fae,725316fe-b2c5-457d-bdd6-b20f26bc2ed7,c4,None,1599,?,i5,
1769500797.615998,FORWARDED,cf7a9695-53ac-4be2-89fb-73493ce20fae,725316fe-b2c5-457d-bdd6-b20f26bc2ed7,c4,None,1599,?,i5,
1769500797.6167262,RECEIVED,cb5ac2d1-a956-4c11-b10e-1b4fffa11d65,91062cc3-77f5-480c-964c-509a733399b0,c4,DROP,1456,p1,?,
1769500797.6187336,RECEIVED,4f6b1d25-9059-466e-8a9e-1cb356e14598,9aa5cdd7-d1fd-4d30-be05-b26ac5f11e0b,c4,DROP,1439,p1,?,
1769500797.6321914,SENT,6aef0c83-edbe-466c-a81f-c7502315f9b5,23c22bf9-4e5c-46f0-9e22-506bcb273ea3,c1,DROP,1008,?,i5,
1769500797.6322317,FORWARDED,6aef0c83-edbe-466c-a81f-c7502315f9b5,23c22bf9-4e5c-46f0-9e22-506bcb273ea3,c1,DROP,1008,?,i5,
1769500797.6867416,SENT,575c84fa-3eba-49a5-9312-6426a04c9760,3c047cf3-25a3-498f-9320-ac7ede3fa6a7,c1,DROP,1016,?,i6,
1769500797.686777,FORWARDED,575c84fa-3eba-49a5-9312-6426a04c9760,3c047cf3-25a3-498f-9320-ac7ede3fa6a7,c1,DROP,1016,?,i6,
1769500797.7038105,RECEIVED,6c4401d1-dc1c-4eac-9aab-00ac18662243,2b910a61-f885-49e9-9e55-0eab29c049de,c2,c1,2459,p2,?,
1769500797.7918708,SENT,80326749-216c-42c5-a81d-abff056f69dd,e1827c30-a58f-456a-bb31-e146c7af4df0,c3,DROP,1016,?,i7,
1769500797.7919056,FORWARDED,80326749-216c-42c5-a81d-abff056f69dd,e1827c30-a58f-456a-bb31-e146c7af4df0,c3,DROP,1016,?,i7,
1769500797.827094,SENT,3f355b10-f667-4884-9067-0be4ee77931b,a7351e01-7a52-4a09-9dda-07cd0e84911b,c5,DROP,1012,?,i5,
1769500797.8271368,FORWARDED,3f355b10-f667-4884-9067-0be4ee77931b,a7351e01-7a52-4a09-9dda-07cd0e84911b,c5,DROP,1012,?,i5,
1769500797.851818,SENT,cb5ac2d1-a956-4c11-b10e-1b4fffa11d65,91062cc3-77f5-480c-964c-509a733399b0,c4,DROP,1020,?,i5,
1769500797.8518584,FORWARDED,cb5ac2d1-a956-4c11-b10e-1b4fffa11d65,91062cc3-77f5-480c-964c-509a733399b0,c4,DROP,1020,?,i5,
1769500797.9019535,RECEIVED,e271ca9f-04aa-45df-b6b4-5621f9fc2ce0,f3bb248d-4abc-4259-b2fa-a7933d3c9996,c4,c3,2464,p1,?,
1769500797.944108,SENT,4f6b1d25-9059-466e-8a9e-1cb356e14598,9aa5cdd7-d1fd-4d30-be05-b26ac5f11e0b,c4,DROP,1007,?,i7,
1769500797.944152,FORWARDED,4f6b1d25-9059-466e-8a9e-1cb356e14598,9aa5cdd7-d1fd-4d30-be05-b26ac5f11e0b,c4,DROP,1007,?,i7,
1769500797.9609542,SENT,6c4401d1-dc1c-4eac-9aab-00ac18662243,2b910a61-f885-49e9-9e55-0eab29c049de,c2,c1,1771,?,i3,
1769500797.9609907,FORWARDED,6c4401d1-dc1c-4eac-9aab-00ac18662243,2b910a61-f885-49e9-9e55-0eab29c049de,c2,c1,1771,?,i3,
1769500798.0338745,RECEIVED,9fa80cc9-ccd1-4f80-b095-f12264561f7c,5a394ead-5f5d-4d42-9fe8-1b8c142fef76,c5,DROP,441,x9,?,
1769500798.0477455,SENT,8f787a76-56b6-4877-9d68-9c67ef9d0c85,5d673f1a-114b-42d7-ac6a-a72543d95a9a,c3,DROP,1009,?,i3,
1769500798.047787,FORWARDED,8f787a76-56b6-4877-9d68-9c67ef9d0c85,5d673f1a-114b-42d7-ac6a-a72543d95a9a,c3,DROP,1009,?,i3,
1769500798.0811539,SENT,00278215-bc99-4aa0-92eb-334c4e8b7efc,49d7f002-eb23-4a30-a5c4-881aa1c0c4c0,c3,DROP,1007,?,i7,
1769500798.081195,FORWARDED,00278215-bc99-4aa0-92eb-334c4e8b7efc,49d7f002-eb23-4a30-a5c4-881aa1c0c4c0,c3,DROP,1007,?,i7,
1769500798.1245325,SENT,e271ca9f-04aa-45df-b6b4-5621f9fc2ce0,f3bb248d-4abc-4259-b2fa-a7933d3c9996,c4,c3,1775,?,i8,
1769500798.1245754,FORWARDED,e271ca9f-04aa-45df-b6b4-5621f9fc2ce0,f3bb248d-4abc-4259-b2fa-a7933d3c9996,c4,c3,1775,?,i8,
1769500798.1421354,RECEIVED,1a9980dc-862f-4fbd-a726-78b3e9af178c,5f4be1fe-b1aa-4519-aeee-738c1204896c,c2,DROP,1438,p2,?,
1769500798.1596286,RECEIVED,add13a7d-a95c-421d-b520-89f463113dda,be8e6485-3e96-4fa4-a851-4df75f722e9a,c3,DROP,442,x1,?,
1769500798.160202,SENT,93fcb9ac-0faf-4018-9f2a-287fd8356201,cfb5b50a-75f6-4c18-88f8-64afcabded74,c2,DROP,1008,?,i10,
1769500798.1602395,FORWARDED,93fcb9ac-0faf-4018-9f2a-287fd8356201,cfb5b50a-75f6-4c18-88f8-64afcabded74,c2,DROP,1008,?,i10,
1769500798.3831182,RECEIVED,0ca579d3-0a4d-4cc7-be60-4a2aa2193837,4f728c26-55ce-43f9-adb1-5ccb4db00f14,c1,DROP,1453,p1,?,
1769500798.395784,RECEIVED,dfb27796-1f40-4b3a-8db5-ba35fe9a3f2e,b6ddf1d6-b6e9-4981-bb38-e49b879f0e70,c5,DROP,1451,p2,?,
1769500798.4651313,SENT,0ca579d3-0a4d-4cc7-be60-4a2aa2193837,4f728c26-55ce-43f9-adb1-5ccb4db00f14,c1,DROP,1015,?,i2,
1769500798.4651747,FORWARDED,0ca579d3-0a4d-4cc7-be60-4a2aa2193837,4f728c26-55ce-43f9-adb1-5ccb4db00f14,c1,DROP,1015,?,i2,
1769500798.4790714,RECEIVED,57c53962-71e7-4537-bc56-39a308d3620d,2bd731cf-716a-4a04-b932-c4413421bf76,c2,None,2231,p2,?,
1769500798.480166,SENT,dfb27796-1f40-4b3a-8db5-ba35fe9a3f2e,b6ddf1d6-b6e9-4981-bb38-e49b879f0e70,c5,DROP,1016,?,i7,
1769500798.4802063,FORWARDED,dfb27796-1f40-4b3a-8db5-ba35fe9a3f2e,b6ddf1d6-b6e9-4981-bb38-e49b879f0e70,c5,DROP,1016,?,i7,
1769500798.5747647,RECEIVED,6098c11b-88e9-482f-aaaf-000344d4b708,4b042085-3d8a-4ab1-aa77-33391ed47142,c2,DROP,1448,p2,?,
1769500798.5754962,RECEIVED,26c49562-ec99-493b-8ee1-be5b167e6ea7,06fbb749-cead-48ce-b791-85962ce17c1c,c3,None,2233,p3,?,
1769500798.6322472,SENT,1a9980dc-862f-4fbd-a726-78b3e9af178c,5f4be1fe-b1aa-4519-aeee-738c1204896c,c2,DROP,1008,?,i6,
1769500798.632289,FORWARDED,1a9980dc-862f-4fbd-a726-78b3e9af178c,5f4be1fe-b1aa-4519-aeee-738c1204896c,c2,DROP,1008,?,i6,
1769500798.6465223,SENT,26c49562-ec99-493b-8ee1-be5b167e6ea7,06fbb749-cead-48ce-b791-85962ce17c1c,c3,None,1600,?,i12,
1769500798.646565,FORWARDED,26c49562-ec99-493b-8ee1-be5b167e6ea7,06fbb749-cead-48ce-b791-85962ce17c1c,c3,None,1600,?,i12,
1769500798.781981,SENT,57c53962-71e7-4537-bc56-39a308d3620d,2bd731cf-716a-4a04-b932-c4413421bf76,c2,None,1600,?,i1,
1769500798.7820191,FORWARDED,57c53962-71e7-4537-bc56-39a308d3620d,2bd731cf-716a-4a04-b932-c4413421bf76,c2,None,1600,?,i1,
1769500799.031424,RECEIVED,6446c328-1df6-4f99-82da-6ab46045bd92,06e4e7ec-17ff-408e-9b4b-7a8450c18c65,c1,None,2227,p1,?,
1769500799.2192283,RECEIVED,27948da4-10b1-46b7-bd3f-b2a8e53036ce,2406effb-bd1d-4049-92ef-501d112fd445,c2,c1,2459,p2,?,
1769500799.2922947,SENT,6446c328-1df6-4f99-82da-6ab46045bd92,06e4e7ec-17ff-408e-9b4b-7a8450c18c65,c1,None,1599,?,i3,
1769500799.2923312,FORWARDED,6446c328-1df6-4f99-82da-6ab46045bd92,06e4e7ec-17ff-408e-9b4b-7a8450c18c65,c1,None,1599,?,i3,
1769500799.33381,RECEIVED,017c235b-a5e8-4c49-a0c7-80d8eeb79699,a37ee11b-3b1d-4c62-9186-32a4cdbc0d98,c3,DROP,1440,p3,?,
1769500799.4465585,RECEIVED,551e7a4a-54c2-42c7-8577-41d0d467d02f,bdbdae7c-1097-4742-bce5-d98ce7d7a443,c2,c1,2462,p2,?,
1769500799.495774,SENT,551e7a4a-54c2-42c7-8577-41d0d467d02f,bdbdae7c-1097-4742-bce5-d98ce7d7a443,c2,c1,1771,?,i10,
1769500799.4958146,FORWARDED,551e7a4a-54c2-42c7-8577-41d0d467d02f,bdbdae7c-1097-4742-bce5-d98ce7d7a443,c2,c1,1771,?,i10,
1769500799.9177928,SENT,6098c11b-88e9-482f-aaaf-000344d4b708,4b042085-3d8a-4ab1-aa77-33391ed47142,c2,DROP,1012,?,i11,
1769500799.917829,FORWARDED,6098c11b-88e9-482f-aaaf-000344d4b708,4b042085-3d8a-4ab1-aa77-33391ed47142,c2,DROP,1012,?,i11,
1769500800.024901,RECEIVED,c0524676-959e-483e-82dd-eca13765b3cf,03fb3ab0-4472-4c0c-8451-30b814d58864,c5,DROP,1447,p2,?,
1769500800.0398564,SENT,017c235b-a5e8-4c49-a0c7-80d8eeb79699,a37ee11b-3b1d-4c62-9186-32a4cdbc0d98,c3,DROP,1008,?,i11,
1769500800.0398953,FORWARDED,017c235b-a5e8-4c49-a0c7-80d8eeb79699,a37ee11b-3b1d-4c62-9186-32a4cdbc0d98,c3,DROP,1008,?,i11,
1769500800.1304398,RECEIVED,b039ae3b-791d-4589-b2a2-acaa08ced349,cce0b0ca-7e53-4d56-9373-26881336c103,c1,None,2235,p1,?,
1769500800.3721209,SENT,27948da4-10b1-46b7-bd3f-b2a8e53036ce,2406effb-bd1d-4049-92ef-501d112fd445,c2,c1,1771,?,i6,
1769500800.3721707,FORWARDED,27948da4-10b1-46b7-bd3f-b2a8e53036ce,2406effb-bd1d-4049-92ef-501d112fd445,c2,c1,1771,?,i6,
1769500800.4426947,SENT,b039ae3b-791d-4589-b2a2-acaa08ced349,cce0b0ca-7e53-4d56-9373-26881336c103,c1,None,1604,?,i3,
1769500800.442739,FORWARDED,b039ae3b-791d-4589-b2a2-acaa08ced349,cce0b0ca-7e53-4d56-9373-26881336c103,c1,None,1604,?,i3,
1769500800.5192535,RECEIVED,d2cd224f-29f8-4fb3-8242-00be286a01b6,8b08c844-926f-42d0-bf26-7ab8a0e61895,c3,DROP,443,x10,?,
1769500800.7018757,RECEIVED,3233d7e1-2a19-4cde-afeb-0ab695c70164,d01183b6-d9dc-41ee-b024-46462fcb59a5,c2,c1,2452,p2,?,
1769500800.8525789,SENT,c0524676-959e-483e-82dd-eca13765b3cf,03fb3ab0-4472-4c0c-8451-30b814d58864,c5,DROP,1012,?,i1,
1769500800.8526154,FORWARDED,c0524676-959e-483e-82dd-eca13765b3cf,03fb3ab0-4472-4c0c-8451-30b814d58864,c5,DROP,1012,?,i1,
1769500800.9253714,SENT,3233d7e1-2a19-4cde-afeb-0ab695c70164,d01183b6-d9dc-41ee-b024-46462fcb59a5,c2,c1,1767,?,i1,
1769500800.9254103,FORWARDED,3233d7e1-2a19-4cde-afeb-0ab695c70164,d01183b6-d9dc-41ee-b024-46462fcb59a5,c2,c1,1767,?,i1,
1769500800.928328,RECEIVED,acfea09f-25c7-4179-90d1-09e46dff1623,a3aba039-83ea-4931-addc-b7fbc031e90f,c2,DROP,1439,p2,?,
1769500801.0377126,RECEIVED,082d81b5-ff9f-4191-b6e2-a849b70e4459,d6b97e47-ba88-4656-a3d5-baf6084e852c,c5,c2,2449,p2,?,
1769500801.0944743,RECEIVED,9bf58e09-891f-4a45-aa16-334ef01bada0,1db381fd-1193-4453-8627-a85abdef2f3d,c1,None,2224,p1,?,
1769500801.2005377,SENT,082d81b5-ff9f-4191-b6e2-a849b70e4459,d6b97e47-ba88-4656-a3d5-baf6084e852c,c5,c2,1763,?,i12,
1769500801.2005782,FORWARDED,082d81b5-ff9f-4191-b6e2-a849b70e4459,d6b97e47-ba88-4656-a3d5-baf6084e852c,c5,c2,1763,?,i12,
1769500801.3189342,RECEIVED,ede63b4c-5cbf-4980-8c82-027904645113,bcbf5774-8e11-4212-8eac-f6cd3c3bcc49,c1,DROP,1446,p1,?,
1769500801.3929274,SENT,9bf58e09-891f-4a45-aa16-334ef01bada0,1db381fd-1193-4453-8627-a85abdef2f3d,c1,None,1596,?,i6,
1769500801.392969,FORWARDED,9bf58e09-891f-4a45-aa16-334ef01bada0,1db381fd-1193-4453-8627-a85abdef2f3d,c1,None,1596,?,i6,
1769500801.4072711,SENT,acfea09f-25c7-4179-90d1-09e46dff1623,a3aba039-83ea-4931-addc-b7fbc031e90f,c2,DROP,1007,?,i2,
1769500801.4073114,FORWARDED,acfea09f-25c7-4179-90d1-09e46dff1623,a3aba039-83ea-4931-addc-b7fbc031e90f,c2,DROP,1007,?,i2,
1769500801.5073283,RECEIVED,26281fdc-5256-4481-b6ea-79f6cf3d0529,f0c028ba-85e1-417c-b5a1-20fb79032bb0,c1,DROP,1439,p1,?,
1769500801.5950723,RECEIVED,e9939744-1180-4a50-8b48-45959f8778d8,cf4dbe86-5a3e-439c-91ef-8e8b2bfebc23,c5,DROP,441,x8,?,
1769500801.6363904,SENT,ede63b4c-5cbf-4980-8c82-027904645113,bcbf5774-8e11-4212-8eac-f6cd3c3bcc49,c1,DROP,1012,?,i6,
1769500801.6364324,FORWARDED,ede63b4c-5cbf-4980-8c82-027904645113,bcbf5774-8e11-4212-8eac-f6cd3c3bcc49,c1,DROP,1012,?,i6,
1769500801.684552,SENT,26281fdc-5256-4481-b6ea-79f6cf3d0529,f0c028ba-85e1-417c-b5a1-20fb79032bb0,c1,DROP,1007,?,i5,
1769500801.6845863,FORWARDED,26281fdc-5256-4481-b6ea-79f6cf3d0529,f0c028ba-85e1-417c-b5a1-20fb79032bb0,c1,DROP,1007,?,i5,
1769500801.721072,RECEIVED,6f9fe1f8-1f69-4f45-ba03-9bba5b3ed4e0,b8738f1a-16ac-4280-945e-33f0ce9a774d,c3,DROP,1439,p3,?,
1769500801.9285486,RECEIVED,a707ae39-ec5e-41fb-90db-156cce70cca3,48f2d6f6-a32b-4c8f-be63-8ee4bf10fc6b,c2,None,2239,p2,?,
1769500802.039165,RECEIVED,d561c992-f103-471e-9ee1-b7a779c0cc7e,621c0b8e-7c97-48d2-8aa8-946283a3c9ec,c3,DROP,442,x6,?,
1769500802.1074235,RECEIVED,84553550-e2b2-4131-85e3-dfc41364ee6b,fea08a93-d19f-416f-9472-183e8e717e7a,c5,DROP,1439,p2,?,
1769500802.2210834,SENT,a707ae39-ec5e-41fb-90db-156cce70cca3,48f2d6f6-a32b-4c8f-be63-8ee4bf10fc6b,c2,None,1607,?,i3,
1769500802.2211277,FORWARDED,a707ae39-ec5e-41fb-90db-156cce70cca3,48f2d6f6-a32b-4c8f-be63-8ee4bf10fc6b,c2,None,1607,?,i3,
1769500802.2449932,SENT,6f9fe1f8-1f69-4f45-ba03-9bba5b3ed4e0,b8738f1a-16ac-4280-945e-33f0ce9a774d,c3,DROP,1007,?,i6,
1769500802.24503,FORWARDED,6f9fe1f8-1f69-4f45-ba03-9bba5b3ed4e0,b8738f1a-16ac-4280-945e-33f0ce9a774d,c3,DROP,1007,?,i6,
1769500802.628093,RECEIVED,ee426324-df92-4b71-b3ab-1ad6abf2f49f,22d11918-8264-455c-9fa8-9f9a4805f5f7,c5,c2,2458,p2,?,
1769500802.6448846,RECEIVED,44f882f5-d2ae-4c89-83b5-c4936ae821d5,5e5b6000-fc19-4e49-96ff-1c6ac333dad8,c5,c2,2458,p2,?,
1769500802.6526723,RECEIVED,7f1cca2b-41a4-4825-9f18-c25e2b4caa66,57b9257c-39f9-4fb3-99c8-9320181b3413,c4,DROP,1443,p1,?,
1769500802.71185,SENT,ee426324-df92-4b71-b3ab-1ad6abf2f49f,22d11918-8264-455c-9fa8-9f9a4805f5f7,c5,c2,1772,?,i7,
1769500802.7118852,FORWARDED,ee426324-df92-4b71-b3ab-1ad6abf2f49f,22d11918-8264-455c-9fa8-9f9a4805f5f7,c5,c2,1772,?,i7,
1769500802.7582743,RECEIVED,2da2bcd2-beb2-490d-93d7-35dc3b48cb04,b572ceca-48f5-4541-880a-0054c1a8a578,c5,DROP,441,x2,?,
1769500802.8559885,SENT,84553550-e2b2-4131-85e3-dfc41364ee6b,fea08a93-d19f-416f-9472-183e8e717e7a,c5,DROP,1007,?,i5,
1769500802.85603,FORWARDED,84553550-e2b2-4131-85e3-dfc41364ee6b,fea08a93-d19f-416f-9472-183e8e717e7a,c5,DROP,1007,?,i5,
1769500803.0416574,RECEIVED,643a781f-d0c0-4ccc-8832-ec10a4a9238a,70c86d8b-290e-45b7-be4c-ed98cf9ff02c,c5,DROP,1440,p2,?,
1769500803.0576482,RECEIVED,0527cd50-c5a0-49ab-bff4-05cdea1ea15a,ff3d0527-1f44-4e1a-8ac7-af16b7ebdf6d,c1,DROP,1444,p1,?,
1769500803.0880065,SENT,7f1cca2b-41a4-4825-9f18-c25e2b4caa66,57b9257c-39f9-4fb3-99c8-9320181b3413,c4,DROP,1011,?,i9,
1769500803.0880623,FORWARDED,7f1cca2b-41a4-4825-9f18-c25e2b4caa66,57b9257c-39f9-4fb3-99c8-9320181b3413,c4,DROP,1011,?,i9,
1769500803.1633952,SENT,643a781f-d0c0-4ccc-8832-ec10a4a9238a,70c86d8b-290e-45b7-be4c-ed98cf9ff02c,c5,DROP,1008,?,i4,
1769500803.1634345,FORWARDED,643a781f-d0c0-4ccc-8832-ec10a4a9238a,70c86d8b-290e-45b7-be4c-ed98cf9ff02c,c5,DROP,1008,?,i4,
1769500803.3441818,RECEIVED,9ef936d3-8201-4cab-b0b4-a3f33b9d33a8,cfd30696-4ee2-4676-a47b-8b9d57e35c57,c5,c2,2459,p2,?,
1769500803.378473,SENT,0527cd50-c5a0-49ab-bff4-05cdea1ea15a,ff3d0527-1f44-4e1a-8ac7-af16b7ebdf6d,c1,DROP,1011,?,i11,
1769500803.3785129,FORWARDED,0527cd50-c5a0-49ab-bff4-05cdea1ea15a,ff3d0527-1f44-4e1a-8ac7-af16b7ebdf6d,c1,DROP,1011,?,i11,
1769500803.4369152,RECEIVED,6e6dab3d-9eec-4fdc-9875-b1329f630cc9,424d7dbd-71f1-4fea-815f-d5920328c70e,c4,DROP,1440,p1,?,
1769500803.5837343,RECEIVED,2e20b033-9c4b-4ec0-ab92-389a3e776810,d2394365-cba3-47e4-a602-635af207aa04,c4,DROP,1443,p1,?,
1769500803.7205982,RECEIVED,de52b0af-0e24-4e2c-a3dd-c111307d9634,7d02e410-1541-415b-9913-5cbb1960ab88,c3,DROP,441,x7,?,
1769500803.7213933,SENT,9ef936d3-8201-4cab-b0b4-a3f33b9d33a8,cfd30696-4ee2-4676-a47b-8b9d57e35c57,c5,c2,1771,?,i4,
1769500803.7214355,FORWARDED,9ef936d3-8201-4cab-b0b4-a3f33b9d33a8,cfd30696-4ee2-4676-a47b-8b9d57e35c57,c5,c2,1771,?,i4,
1769500803.7364225,SENT,44f882f5-d2ae-4c89-83b5-c4936ae821d5,5e5b6000-fc19-4e49-96ff-1c6ac333dad8,c5,c2,1771,?,i4,
1769500803.7364664,FORWARDED,44f882f5-d2ae-4c89-83b5-c4936ae821d5,5e5b6000-fc19-4e49-96ff-1c6ac333dad8,c5,c2,1771,?,i4,
1769500803.7822263,RECEIVED,0331528c-e675-429c-8936-85f92e2ff1ea,6cf659e4-20e2-4e8c-a2e0-d9907c991261,c4,DROP,1449,p1,?,
1769500803.795338,RECEIVED,6993a759-6e5f-47b5-9ee3-569d9c3ee988,d4786beb-9044-4332-993e-76702301cd99,c3,DROP,440,x3,?,
1769500804.0004597,RECEIVED,9cdfe472-6a57-42c4-9065-6dd52029ad20,8fe9cf93-72ef-42e6-9c07-a546952618e0,c5,DROP,1444,p2,?,
1769500804.008973,RECEIVED,c7ac4734-614a-404e-b17f-2d1018bb70d5,1bede7e3-28ad-4cc7-9d79-64d6ec5b2e2e,c4,DROP,1443,p1,?,
1769500804.1341286,RECEIVED,036b059a-1aef-4df1-9b87-248f2a802715,ba6d7a07-ff23-4ec1-ada8-4371ac891bff,c5,DROP,1439,p2,?,
1769500804.257953,SENT,9cdfe472-6a57-42c4-9065-6dd52029ad20,8fe9cf93-72ef-42e6-9c07-a546952618e0,c5,DROP,1009,?,i2,
1769500804.2579918,FORWARDED,9cdfe472-6a57-42c4-9065-6dd52029ad20,8fe9cf93-72ef-42e6-9c07-a546952618e0,c5,DROP,1009,?,i2,
1769500804.280025,SENT,0331528c-e675-429c-8936-85f92e2ff1ea,6cf659e4-20e2-4e8c-a2e0-d9907c991261,c4,DROP,1012,?,i12,
1769500804.2800832,FORWARDED,0331528c-e675-429c-8936-85f92e2ff1ea,6cf659e4-20e2-4e8c-a2e0-d9907c991261,c4,DROP,1012,?,i12,
1769500804.3105924,RECEIVED,71b3f3b9-2bfa-4e84-a1db-56005eabc574,82eabd98-7233-4756-8a24-7f7c745f4d61,c4,DROP,1440,p1,?,
1769500804.3115432,SENT,6e6dab3d-9eec-4fdc-9875-b1329f630cc9,424d7dbd-71f1-4fea-815f-d5920328c70e,c4,DROP,1007,?,i12,
1769500804.3115852,FORWARDED,6e6dab3d-9eec-4fdc-9875-b1329f630cc9,424d7dbd-71f1-4fea-815f-d5920328c70e,c4,DROP,1007,?,i12,
1769500804.4863415,RECEIVED,93105005-4266-41f4-8fd1-afb719be92c3,13fb8948-123a-44b8-b171-02670260547f,c1,DROP,1436,p1,?,
1769500804.6464503,SENT,036b059a-1aef-4df1-9b87-248f2a802715,ba6d7a07-ff23-4ec1-ada8-4371ac891bff,c5,DROP,1006,?,i7,
1769500804.646491,FORWARDED,036b059a-1aef-4df1-9b87-248f2a802715,ba6d7a07-ff23-4ec1-ada8-4371ac891bff,c5,DROP,1006,?,i7,
1769500804.6606855,SENT,c7ac4734-614a-404e-b17f-2d1018bb70d5,1bede7e3-28ad-4cc7-9d79-64d6ec5b2e2e,c4,DROP,1009,?,i5,
1769500804.660728,FORWARDED,c7ac4734-614a-404e-b17f-2d1018bb70d5,1bede7e3-28ad-4cc7-9d79-64d6ec5b2e2e,c4,DROP,1009,?,i5,
1769500804.6789267,SENT,71b3f3b9-2bfa-4e84-a1db-56005eabc574,82eabd98-7233-4756-8a24-7f7c745f4d61,c4,DROP,1007,?,i6,
1769500804.6791975,FORWARDED,71b3f3b9-2bfa-4e84-a1db-56005eabc574,82eabd98-7233-4756-8a24-7f7c745f4d61,c4,DROP,1007,?,i6,
1769500804.7755318,SENT,93105005-4266-41f4-8fd1-afb719be92c3,13fb8948-123a-44b8-b171-02670260547f,c1,DROP,1003,?,i2,
1769500804.7755806,FORWARDED,93105005-4266-41f4-8fd1-afb719be92c3,13fb8948-123a-44b8-b171-02670260547f,c1,DROP,1003,?,i2,
1769500804.9284494,RECEIVED,b9be7e4e-f7fa-4b27-a5e7-55c79f5337e2,8252c249-0a24-41aa-a415-08f2627a4b0c,c1,DROP,1451,p1,?,
1769500805.282138,RECEIVED,8db980f8-7f62-4196-b9c3-9fc7ea5b8a2f,057b0f9c-c5c4-4311-a483-c0fca2336132,c4,DROP,1441,p1,?,
1769500805.471601,SENT,8db980f8-7f62-4196-b9c3-9fc7ea5b8a2f,057b0f9c-c5c4-4311-a483-c0fca2336132,c4,DROP,1007,?,i10,
1769500805.4716415,FORWARDED,8db980f8-7f62-4196-b9c3-9fc7ea5b8a2f,057b0f9c-c5c4-4311-a483-c0fca2336132,c4,DROP,1007,?,i10,
1769500805.5211487,SENT,2e20b033-9c4b-4ec0-ab92-389a3e776810,d2394365-cba3-47e4-a602-635af207aa04,c4,DROP,1011,?,i8,
1769500805.5211918,FORWARDED,2e20b033-9c4b-4ec0-ab92-389a3e776810,d2394365-cba3-47e4-a602-635af207aa04,c4,DROP,1011,?,i8,
1769500805.6892564,RECEIVED,184bf8a3-8380-46bb-820a-ca251ab9cb14,539f1336-056a-4456-a3a5-fbabc5a7a6a9,c5,None,2235,p2,?,
1769500805.7788122,RECEIVED,34819a07-fd1c-43cc-89f6-852521f963e5,713e494b-0a65-48b0-9417-bdeaf1ba7f27,c4,DROP,1439,p1,?,
1769500805.8819287,RECEIVED,a8f78474-b682-4189-bba7-cde41b6f77cb,b5f5e158-3361-45cd-8cde-930ea8cae44b,c1,DROP,1444,p1,?,
1769500805.95152,RECEIVED,4e3517d0-6e08-4efe-af84-31eaf46c02ab,2a5ca54a-4b62-4dfb-aafc-94983f16d1e0,c3,c4,2455,p3,?,
1769500806.0627575,SENT,34819a07-fd1c-43cc-89f6-852521f963e5,713e494b-0a65-48b0-9417-bdeaf1ba7f27,c4,DROP,1007,?,i1,
1769500806.0627987,FORWARDED,34819a07-fd1c-43cc-89f6-852521f963e5,713e494b-0a65-48b0-9417-bdeaf1ba7f27,c4,DROP,1007,?,i1,
1769500806.1094928,SENT,b9be7e4e-f7fa-4b27-a5e7-55c79f5337e2,8252c249-0a24-41aa-a415-08f2627a4b0c,c1,DROP,1016,?,i8,
1769500806.1095338,FORWARDED,b9be7e4e-f7fa-4b27-a5e7-55c79f5337e2,8252c249-0a24-41aa-a415-08f2627a4b0c,c1,DROP,1016,?,i8,
1769500806.33529,SENT,184bf8a3-8380-46bb-820a-ca251ab9cb14,539f1336-056a-4456-a3a5-fbabc5a7a6a9,c5,None,1603,?,i2,
1769500806.3353274,FORWARDED,184bf8a3-8380-46bb-820a-ca251ab9cb14,539f1336-056a-4456-a3a5-fbabc5a7a6a9,c5,None,1603,?,i2,
1769500806.437095,RECEIVED,6d9823cb-da84-41ef-ba20-483592c470ec,3d83c082-b089-4407-8382-0ce230d78309,c3,c4,2468,p3,?,
1769500806.523267,RECEIVED,66283352-fdd1-4d6e-a498-3d5d04da9df0,abe069cf-8caa-459d-b817-3a5f9a21e0d1,c5,DROP,1448,p2,?,
1769500806.5419655,SENT,6d9823cb-da84-41ef-ba20-483592c470ec,3d83c082-b089-4407-8382-0ce230d78309,c3,c4,1779,?,i1,
1769500806.5420072,FORWARDED,6d9823cb-da84-41ef-ba20-483592c470ec,3d83c082-b089-4407-8382-0ce230d78309,c3,c4,1779,?,i1,
1769500806.5494554,RECEIVED,ee468558-c1f8-4520-b2f9-ab0e38ebf8c0,0cac63fd-82e1-43f1-b522-225a6b027006,c3,None,2224,p3,?,
1769500806.6152222,RECEIVED,63fba34f-04fe-48ea-91b9-b568d4fc15ca,88f13526-3967-4685-8bdc-d418775c78ca,c4,DROP,1443,p1,?,
1769500806.6445427,SENT,ee468558-c1f8-4520-b2f9-ab0e38ebf8c0,0cac63fd-82e1-43f1-b522-225a6b027006,c3,None,1596,?,i1,
1769500806.6445837,FORWARDED,ee468558-c1f8-4520-b2f9-ab0e38ebf8c0,0cac63fd-82e1-43f1-b522-225a6b027006,c3,None,1596,?,i1,
1769500806.6581519,RECEIVED,4c297352-03c7-4fc7-b0a9-0033f47d08b5,c3dd7a0c-492f-4b92-8862-df5276bdf839,c3,DROP,1452,p3,?,
1769500806.6878011,RECEIVED,d3909ba7-6120-4b23-9d41-daf9cf7b228f,6e928dcd-2a3e-4f51-b090-27c7388b5b79,c3,DROP,1441,p3,?,
1769500806.6998587,SENT,a8f78474-b682-4189-bba7-cde41b6f77cb,b5f5e158-3361-45cd-8cde-930ea8cae44b,c1,DROP,1009,?,i12,
1769500806.6999035,FORWARDED,a8f78474-b682-4189-bba7-cde41b6f77cb,b5f5e158-3361-45cd-8cde-930ea8cae44b,c1,DROP,1009,?,i12,
1769500806.8081915,SENT,d3909ba7-6120-4b23-9d41-daf9cf7b228f,6e928dcd-2a3e-4f51-b090-27c7388b5b79,c3,DROP,1007,?,i11,
1769500806.8082316,FORWARDED,d3909ba7-6120-4b23-9d41-daf9cf7b228f,6e928dcd-2a3e-4f51-b090-27c7388b5b79,c3,DROP,1007,?,i11,
1769500806.8929164,SENT,66283352-fdd1-4d6e-a498-3d5d04da9df0,abe069cf-8caa-459d-b817-3a5f9a21e0d1,c5,DROP,1012,?,i11,
1769500806.8929596,FORWARDED,66283352-fdd1-4d6e-a498-3d5d04da9df0,abe069cf-8caa-459d-b817-3a5f9a21e0d1,c5,DROP,1012,?,i11,
1769500807.0098507,RECEIVED,0c8f9690-0c6a-4642-a97f-2fd3f7a981a6,cb88d76b-db77-4c60-8b8d-94c931922695,c4,DROP,1436,p1,?,
1769500807.0134017,SENT,63fba34f-04fe-48ea-91b9-b568d4fc15ca,88f13526-3967-4685-8bdc-d418775c78ca,c4,DROP,1011,?,i5,
1769500807.0134532,FORWARDED,63fba34f-04fe-48ea-91b9-b568d4fc15ca,88f13526-3967-4685-8bdc-d418775c78ca,c4,DROP,1011,?,i5,
1769500807.0444314,SENT,4c297352-03c7-4fc7-b0a9-0033f47d08b5,c3dd7a0c-492f-4b92-8862-df5276bdf839,c3,DROP,1016,?,i1,
1769500807.0444708,FORWARDED,4c297352-03c7-4fc7-b0a9-0033f47d08b5,c3dd7a0c-492f-4b92-8862-df5276bdf839,c3,DROP,1016,?,i1,
1769500807.1298287,SENT,0c8f9690-0c6a-4642-a97f-2fd3f7a981a6,cb88d76b-db77-4c60-8b8d-94c931922695,c4,DROP,1005,?,i9,
1769500807.1298676,FORWARDED,0c8f9690-0c6a-4642-a97f-2fd3f7a981a6,cb88d76b-db77-4c60-8b8d-94c931922695,c4,DROP,1005,?,i9,
1769500807.2630892,SENT,4e3517d0-6e08-4efe-af84-31eaf46c02ab,2a5ca54a-4b62-4dfb-aafc-94983f16d1e0,c3,c4,1768,?,i2,
1769500807.2631314,FORWARDED,4e3517d0-6e08-4efe-af84-31eaf46c02ab,2a5ca54a-4b62-4dfb-aafc-94983f16d1e0,c3,c4,1768,?,i2,
1769500807.3028505,RECEIVED,1a7c4c26-0ad8-43ec-b068-cee470a2ee34,82c63b78-fa61-4bc7-b6ea-d2c6df4b2ff3,c4,DROP,442,x8,?,
1769500807.4421794,RECEIVED,b531480d-9ace-419f-8dc7-fa15a92d119d,991f027e-c532-4091-912e-943add4ba90a,c4,DROP,1445,p1,?,
1769500807.5508432,SENT,b531480d-9ace-419f-8dc7-fa15a92d119d,991f027e-c532-4091-912e-943add4ba90a,c4,DROP,1010,?,i12,
1769500807.550884,FORWARDED,b531480d-9ace-419f-8dc7-fa15a92d119d,991f027e-c532-4091-912e-943add4ba90a,c4,DROP,1010,?,i12,
1769500807.552584,RECEIVED,914ca4d2-76e7-4121-8829-1e0f2a4a76f7,3b5c6cf2-0c45-400b-99ed-c895e0e09ddc,c3,DROP,1456,p3,?,
1769500807.608586,SENT,914ca4d2-76e7-4121-8829-1e0f2a4a76f7,3b5c6cf2-0c45-400b-99ed-c895e0e09ddc,c3,DROP,1020,?,i7,
1769500807.6086285,FORWARDED,914ca4d2-76e7-4121-8829-1e0f2a4a76f7,3b5c6cf2-0c45-400b-99ed-c895e0e09ddc,c3,DROP,1020,?,i7,
1769500807.6590762,RECEIVED,f988ef7e-5987-46e6-bad9-f9efb8566ed1,dea37e26-7959-4650-91c6-234e4a707ca1,c3,DROP,1453,p3,?,
1769500807.6705332,SENT,f988ef7e-5987-46e6-bad9-f9efb8566ed1,dea37e26-7959-4650-91c6-234e4a707ca1,c3,DROP,1015,?,i5,
1769500807.6705706,FORWARDED,f988ef7e-5987-46e6-bad9-f9efb8566ed1,dea37e26-7959-4650-91c6-234e4a707ca1,c3,DROP,1015,?,i5,
1769500807.7103481,RECEIVED,66f55ef6-6539-4591-a685-cfa73c796412,f07118d7-7f73-4cdf-8384-f51bf1f7508d,c1,c5,2460,p1,?,
1769500807.7318308,RECEIVED,e479e66b-a1fe-42c3-8811-9143fab72041,bd16df32-ff18-4ef8-a451-0e6f8c9aefe1,c1,c5,2452,p1,?,
1769500807.8940928,SENT,66f55ef6-6539-4591-a685-cfa73c796412,f07118d7-7f73-4cdf-8384-f51bf1f7508d,c1,c5,1772,?,i5,
1769500807.8941312,FORWARDED,66f55ef6-6539-4591-a685-cfa73c796412,f07118d7-7f73-4cdf-8384-f51bf1f7508d,c1,c5,1772,?,i5,
1769500807.9122155,RECEIVED,e7b1309a-3792-45f5-ace5-f8d699fa1abc,20804c89-fa2e-4a26-a842-369052a2a935,c3,DROP,1440,p3,?,
1769500807.921155,SENT,e479e66b-a1fe-42c3-8811-9143fab72041,bd16df32-ff18-4ef8-a451-0e6f8c9aefe1,c1,c5,1767,?,i2,
1769500807.9211934,FORWARDED,e479e66b-a1fe-42c3-8811-9143fab72041,bd16df32-ff18-4ef8-a451-0e6f8c9aefe1,c1,c5,1767,?,i2,
1769500808.073947,SENT,e7b1309a-3792-45f5-ace5-f8d699fa1abc,20804c89-fa2e-4a26-a842-369052a2a935,c3,DROP,1007,?,i6,
1769500808.073986,FORWARDED,e7b1309a-3792-45f5-ace5-f8d699fa1abc,20804c89-fa2e-4a26-a842-369052a2a935,c3,DROP,1007,?,i6,
1769500808.1149154,RECEIVED,732b80c4-1fe9-4804-ba22-bffe6b942fa6,3f432a18-1391-4a8b-b485-8c0104f60ee0,c3,DROP,1440,p3,?,
1769500808.274261,RECEIVED,1e0e13b2-d5ed-4d6c-ab02-7777f380cf12,0ec9b296-7d62-4e38-8544-609927985d24,c5,c2,2454,p2,?,
1769500808.3261433,SENT,732b80c4-1fe9-4804-ba22-bffe6b942fa6,3f432a18-1391-4a8b-b485-8c0104f60ee0,c3,DROP,1008,?,i4,
1769500808.3261883,FORWARDED,732b80c4-1fe9-4804-ba22-bffe6b942fa6,3f432a18-1391-4a8b-b485-8c0104f60ee0,c3,DROP,1008,?,i4,
1769500808.41404,RECEIVED,bb5f9215-a87e-4102-a9da-d28659e4e702,7f3d9fe1-0459-4412-accd-28aee100e772,c5,DROP,437,x2,?,
1769500808.5705636,RECEIVED,6060c23a-6f9c-4acb-b7a4-c9896e2f362a,3754ba32-8fac-4dd5-80ed-8111d108e423,c3,DROP,1439,p3,?,
1769500808.6720204,RECEIVED,5d7fe62f-32ed-41d9-ac6d-c6ab5853a50c,1c0d938d-61e2-48ce-9b26-cff388dd7f53,c5,DROP,441,x3,?,
1769500808.8032522,RECEIVED,5c6a22f7-272a-407b-9df3-9e6b9ff7aca6,4b7e8b88-60b7-4490-a4de-9424b1ce8223,c3,DROP,1438,p3,?,
1769500808.8041048,SENT,1e0e13b2-d5ed-4d6c-ab02-7777f380cf12,0ec9b296-7d62-4e38-8544-609927985d24,c5,c2,1770,?,i5,
1769500808.8043098,FORWARDED,1e0e13b2-d5ed-4d6c-ab02-7777f380cf12,0ec9b296-7d62-4e38-8544-609927985d24,c5,c2,1770,?,i5,
1769500808.8499463,RECEIVED,d24f9576-e3b4-4fa9-88f4-4297cfcaabf5,53cef75f-7662-4876-8ddb-92625aa120a3,c5,DROP,1438,p2,?,
1769500809.0515296,SENT,d24f9576-e3b4-4fa9-88f4-4297cfcaabf5,53cef75f-7662-4876-8ddb-92625aa120a3,c5,DROP,1008,?,i1,
1769500809.0515716,FORWARDED,d24f9576-e3b4-4fa9-88f4-4297cfcaabf5,53cef75f-7662-4876-8ddb-92625aa120a3,c5,DROP,1008,?,i1,
1769500809.1852467,RECEIVED,ab0985b7-d2db-4c4f-8923-bb703d230866,873dff2e-fcbf-4487-bfa4-5610a67a987d,c2,DROP,1447,p2,?,
1769500809.3252172,RECEIVED,c0df4db6-eb83-4985-8f8e-4b72ea04a55b,d758cde4-cf40-488c-be23-949cabab1684,c4,DROP,1444,p1,?,
1769500809.3676114,SENT,5c6a22f7-272a-407b-9df3-9e6b9ff7aca6,4b7e8b88-60b7-4490-a4de-9424b1ce8223,c3,DROP,1008,?,i9,
1769500809.3676543,FORWARDED,5c6a22f7-272a-407b-9df3-9e6b9ff7aca6,4b7e8b88-60b7-4490-a4de-9424b1ce8223,c3,DROP,1008,?,i9,
1769500809.37986,SENT,6060c23a-6f9c-4acb-b7a4-c9896e2f362a,3754ba32-8fac-4dd5-80ed-8111d108e423,c3,DROP,1007,?,i3,
1769500809.3799038,FORWARDED,6060c23a-6f9c-4acb-b7a4-c9896e2f362a,3754ba32-8fac-4dd5-80ed-8111d108e423,c3,DROP,1007,?,i3,
1769500809.413685,RECEIVED,79fcb46a-1e87-43b6-af7e-e12a05a3ad8d,790cb735-0080-4a40-bdfc-602a7371af0c,c4,DROP,1439,p1,?,
1769500809.5216942,RECEIVED,9b5b3387-0bb0-4cd5-9e1f-eee2619a7b8c,22323b43-feeb-4c6a-8d96-6b9d54db7c11,c3,DROP,442,x1,?,
1769500809.62603,RECEIVED,89b08747-5ec4-4c8b-af62-7cdbafe1e3fa,42c23a98-ae80-466a-acb0-de89e222c79b,c1,DROP,444,x10,?,
1769500809.715208,RECEIVED,f6751828-2896-46dc-a161-5ca9d1b6cb7b,54015f8e-1bd0-4f54-8e81-4360c39257e3,c5,None,2227,p2,?,
1769500809.7445796,RECEIVED,b19266dd-152e-4530-b48f-b38a588ef892,5b7b609a-11f0-4f99-b40f-282abf1cefe7,c4,None,2237,p1,?,
1769500809.8588052,SENT,c0df4db6-eb83-4985-8f8e-4b72ea04a55b,d758cde4-cf40-488c-be23-949cabab1684,c4,DROP,1011,?,i11,
1769500809.8588467,FORWARDED,c0df4db6-eb83-4985-8f8e-4b72ea04a55b,d758cde4-cf40-488c-be23-949cabab1684,c4,DROP,1011,?,i11,
1769500809.9602122,RECEIVED,495a82dc-634f-4984-bea6-7a82f57f5b14,298cf4c9-c49f-4e7c-8611-011e389d245d,c2,DROP,1436,p2,?,
1769500810.0307448,RECEIVED,a86d336f-f658-4171-8720-96c2bb938abd,87e22c4c-4a03-4fbb-84f0-38a16787a5dc,c4,DROP,439,x3,?,
1769500810.0369542,RECEIVED,886601b4-494e-4219-80d9-06c8c0345e7b,8e338be0-25a0-42e5-aaac-e052bc81ce6e,c2,c1,2466,p2,?,
1769500810.0504508,SENT,495a82dc-634f-4984-bea6-7a82f57f5b14,298cf4c9-c49f-4e7c-8611-011e389d245d,c2,DROP,1004,?,i1,
1769500810.0504856,FORWARDED,495a82dc-634f-4984-bea6-7a82f57f5b14,298cf4c9-c49f-4e7c-8611-011e389d245d,c2,DROP,1004,?,i1,
1769500810.0892656,SENT,b19266dd-152e-4530-b48f-b38a588ef892,5b7b609a-11f0-4f99-b40f-282abf1cefe7,c4,None,1605,?,i12,
1769500810.0893085,FORWARDED,b19266dd-152e-4530-b48f-b38a588ef892,5b7b609a-11f0-4f99-b40f-282abf1cefe7,c4,None,1605,?,i12,
1769500810.3146503,RECEIVED,f284d783-d456-4ed3-ba14-aae189844399,5c4a4538-a3ae-40c6-b14a-18c232f94ed4,c4,c3,2465,p1,?,
1769500810.32829,RECEIVED,e53e3a92-ebdb-4bdf-b6de-d254744272b9,133f0df2-0741-4716-84d2-92744c912b99,c3,DROP,1451,p3,?,
1769500810.335405,SENT,f6751828-2896-46dc-a161-5ca9d1b6cb7b,54015f8e-1bd0-4f54-8e81-4360c39257e3,c5,None,1599,?,i7,
1769500810.3354497,FORWARDED,f6751828-2896-46dc-a161-5ca9d1b6cb7b,54015f8e-1bd0-4f54-8e81-4360c39257e3,c5,None,1599,?,i7,
1769500810.3492825,SENT,f284d783-d456-4ed3-ba14-aae189844399,5c4a4538-a3ae-40c6-b14a-18c232f94ed4,c4,c3,1775,?,i12,
1769500810.3493235,FORWARDED,f284d783-d456-4ed3-ba14-aae189844399,5c4a4538-a3ae-40c6-b14a-18c232f94ed4,c4,c3,1775,?,i12,
1769500810.3795457,RECEIVED,989713ee-5b98-4d9f-be16-d156ab56bf27,73caf45a-cf51-4eac-91fd-0330d1acdafd,c5,c2,2465,p2,?,
1769500810.449674,RECEIVED,390ac083-c37f-45ef-ace0-ff1695c9bd6a,348f041c-93cd-4d08-82fa-e9f4dc89d7d1,c5,DROP,1447,p2,?,
1769500810.473546,RECEIVED,1ca50a0a-fd16-484b-a886-aa10823c76c2,65a4271f-072c-4ea4-adda-b55073491f15,c2,DROP,1439,p2,?,
1769500810.5643594,SENT,ab0985b7-d2db-4c4f-8923-bb703d230866,873dff2e-fcbf-4487-bfa4-5610a67a987d,c2,DROP,1012,?,i2,
1769500810.5644002,FORWARDED,ab0985b7-d2db-4c4f-8923-bb703d230866,873dff2e-fcbf-4487-bfa4-5610a67a987d,c2,DROP,1012,?,i2,
1769500810.578134,RECEIVED,c7394ab4-244f-4024-aaf4-2c3222ed5e99,b8093afd-d7b7-4eca-862f-09b817956018,c3,DROP,1442,p3,?,
1769500810.6249845,SENT,989713ee-5b98-4d9f-be16-d156ab56bf27,73caf45a-cf51-4eac-91fd-0330d1acdafd,c5,c2,1776,?,i12,
1769500810.6250231,FORWARDED,989713ee-5b98-4d9f-be16-d156ab56bf27,73caf45a-cf51-4eac-91fd-0330d1acdafd,c5,c2,1776,?,i12,
1769500810.691217,SENT,1ca50a0a-fd16-484b-a886-aa10823c76c2,65a4271f-072c-4ea4-adda-b55073491f15,c2,DROP,1007,?,i7,
1769500810.691259,FORWARDED,1ca50a0a-fd16-484b-a886-aa10823c76c2,65a4271f-072c-4ea4-adda-b55073491f15,c2,DROP,1007,?,i7,
1769500810.7889771,RECEIVED,27f57c48-fb94-40fa-9077-921b06652457,e91385f6-34a2-46e7-bf19-883fc9570b0b,c3,DROP,1451,p3,?,
1769500810.7902284,RECEIVED,7e63bf73-c329-4886-81c5-56859f946867,5d2bceed-ec3c-4eb7-add3-570b03a17747,c5,DROP,1443,p2,?,
1769500810.844895,RECEIVED,450871aa-08a7-4de8-aca1-ff78cc0feeca,3d822e15-2f8d-4812-94fd-23763f0e461e,c4,None,2234,p1,?,
1769500810.8674977,SENT,390ac083-c37f-45ef-ace0-ff1695c9bd6a,348f041c-93cd-4d08-82fa-e9f4dc89d7d1,c5,DROP,1012,?,i9,
1769500810.8675394,FORWARDED,390ac083-c37f-45ef-ace0-ff1695c9bd6a,348f041c-93cd-4d08-82fa-e9f4dc89d7d1,c5,DROP,1012,?,i9,
1769500810.8787785,SENT,e53e3a92-ebdb-4bdf-b6de-d254744272b9,133f0df2-0741-4716-84d2-92744c912b99,c3,DROP,1016,?,i6,
1769500810.8788178,FORWARDED,e53e3a92-ebdb-4bdf-b6de-d254744272b9,133f0df2-0741-4716-84d2-92744c912b99,c3,DROP,1016,?,i6,
1769500811.0626786,SENT,886601b4-494e-4219-80d9-06c8c0345e7b,8e338be0-25a0-42e5-aaac-e052bc81ce6e,c2,c1,1779,?,i5,
1769500811.062723,FORWARDED,886601b4-494e-4219-80d9-06c8c0345e7b,8e338be0-25a0-42e5-aaac-e052bc81ce6e,c2,c1,1779,?,i5,
1769500811.1471324,RECEIVED,4e388190-31ca-4c34-a841-848181510e1f,6d126735-f54f-41d4-b766-9ae2901f8d7b,c5,DROP,1452,p2,?,
1769500811.2195296,SENT,7e63bf73-c329-4886-81c5-56859f946867,5d2bceed-ec3c-4eb7-add3-570b03a17747,c5,DROP,1011,?,i8,
1769500811.2195652,FORWARDED,7e63bf73-c329-4886-81c5-56859f946867,5d2bceed-ec3c-4eb7-add3-570b03a17747,c5,DROP,1011,?,i8,
1769500811.236136,SENT,79fcb46a-1e87-43b6-af7e-e12a05a3ad8d,790cb735-0080-4a40-bdfc-602a7371af0c,c4,DROP,1007,?,i4,
1769500811.2361724,FORWARDED,79fcb46a-1e87-43b6-af7e-e12a05a3ad8d,790cb735-0080-4a40-bdfc-602a7371af0c,c4,DROP,1007,?,i4,
1769500811.5373952,RECEIVED,21ffef11-5149-401e-9ecb-023d0d697489,1e295f84-454e-4f9a-b1a7-3088c45024e5,c3,DROP,1440,p3,?,
1769500811.6281776,RECEIVED,968d9094-bdc2-4bfd-aaef-56b0ca58cf53,b0a95810-5283-4d31-8049-3b10b5a2e153,c2,DROP,1444,p2,?,
1769500811.6948571,SENT,21ffef11-5149-401e-9ecb-023d0d697489,1e295f84-454e-4f9a-b1a7-3088c45024e5,c3,DROP,1008,?,i2,
1769500811.6948972,FORWARDED,21ffef11-5149-401e-9ecb-023d0d697489,1e295f84-454e-4f9a-b1a7-3088c45024e5,c3,DROP,1008,?,i2,
1769500811.7890675,SENT,c7394ab4-244f-4024-aaf4-2c3222ed5e99,b8093afd-d7b7-4eca-862f-09b817956018,c3,DROP,1009,?,i1,
1769500811.7891064,FORWARDED,c7394ab4-244f-4024-aaf4-2c3222ed5e99,b8093afd-d7b7-4eca-862f-09b817956018,c3,DROP,1009,?,i1,
1769500811.810868,SENT,27f57c48-fb94-40fa-9077-921b06652457,e91385f6-34a2-46e7-bf19-883fc9570b0b,c3,DROP,1015,?,i8,
1769500811.81091,FORWARDED,27f57c48-fb94-40fa-9077-921b06652457,e91385f6-34a2-46e7-bf19-883fc9570b0b,c3,DROP,1015,?,i8,
1769500811.8964536,SENT,450871aa-08a7-4de8-aca1-ff78cc0feeca,3d822e15-2f8d-4812-94fd-23763f0e461e,c4,None,1605,?,i8,
1769500811.8964942,FORWARDED,450871aa-08a7-4de8-aca1-ff78cc0feeca,3d822e15-2f8d-4812-94fd-23763f0e461e,c4,None,1605,?,i8,
1769500811.9228554,SENT,968d9094-bdc2-4bfd-aaef-56b0ca58cf53,b0a95810-5283-4d31-8049-3b10b5a2e153,c2,DROP,1011,?,i12,
1769500811.9228935,FORWARDED,968d9094-bdc2-4bfd-aaef-56b0ca58cf53,b0a95810-5283-4d31-8049-3b10b5a2e153,c2,DROP,1011,?,i12,
1769500812.0767298,RECEIVED,8a4e5ead-c1e4-4013-ae6c-790a7eac9442,bfa10ef5-a343-4613-a345-67da2ae52a54,c5,None,2240,p2,?,
1769500812.0834262,RECEIVED,fdee4f61-6c65-466d-a291-fe2ff5a09346,8fcf3897-6a1b-40ff-8ad5-b54b71632fc7,c3,DROP,1454,p3,?,
1769500812.087809,RECEIVED,ec3f0e99-e035-412a-8a60-7624b0bc7396,948fdd94-7863-4ca1-834f-6131090fbfff,c3,DROP,441,x5,?,
1769500812.1021829,RECEIVED,f279fe61-eda3-407a-819c-a0f2820005c9,1da650fb-e2be-4624-94be-b688e383d1ac,c2,DROP,441,x4,?,
1769500812.1251976,SENT,fdee4f61-6c65-466d-a291-fe2ff5a09346,8fcf3897-6a1b-40ff-8ad5-b54b71632fc7,c3,DROP,1016,?,i11,
1769500812.125238,FORWARDED,fdee4f61-6c65-466d-a291-fe2ff5a09346,8fcf3897-6a1b-40ff-8ad5-b54b71632fc7,c3,DROP,1016,?,i11,
1769500812.137905,SENT,4e388190-31ca-4c34-a841-848181510e1f,6d126735-f54f-41d4-b766-9ae2901f8d7b,c5,DROP,1016,?,i12,
1769500812.137946,FORWARDED,4e388190-31ca-4c34-a841-848181510e1f,6d126735-f54f-41d4-b766-9ae2901f8d7b,c5,DROP,1016,?,i12,
1769500812.3712027,RECEIVED,1c46b808-7bf4-4e63-a8aa-4ce8d68630c3,4a364a6e-c94f-4027-aff5-9fbab381e6f9,c5,DROP,1447,p2,?,
1769500812.4994078,SENT,8a4e5ead-c1e4-4013-ae6c-790a7eac9442,bfa10ef5-a343-4613-a345-67da2ae52a54,c5,None,1608,?,i8,
1769500812.4994488,FORWARDED,8a4e5ead-c1e4-4013-ae6c-790a7eac9442,bfa10ef5-a343-4613-a345-67da2ae52a54,c5,None,1608,?,i8,
1769500812.55616,RECEIVED,72ef5ab6-e0b3-4f65-8661-ab0f29f2fc2e,bce9c1e0-b5e7-4e05-8d86-cf92a85521a3,c3,DROP,442,x7,?,
1769500812.7939265,RECEIVED,8b3ff298-139d-477f-b3b8-0427b5fe304b,3db0b6ab-7fcc-4c68-af0f-fea0e00d0f95,c4,DROP,1442,p1,?,
1769500812.8502102,RECEIVED,1a0c3b45-18f0-4f1c-9683-1ea1fe44076d,8736473f-4a15-49c4-b9da-63f87b448a41,c4,DROP,1449,p1,?,
1769500812.9155552,SENT,1a0c3b45-18f0-4f1c-9683-1ea1fe44076d,8736473f-4a15-49c4-b9da-63f87b448a41,c4,DROP,1012,?,i3,
1769500812.915595,FORWARDED,1a0c3b45-18f0-4f1c-9683-1ea1fe44076d,8736473f-4a15-49c4-b9da-63f87b448a41,c4,DROP,1012,?,i3,
1769500812.979227,RECEIVED,c381dbd1-85f5-4def-a9b1-d81afb5597b8,7e4ded24-3e2e-4594-af51-032e7d708f67,c1,DROP,1453,p1,?,
1769500813.0394783,RECEIVED,d750c7f9-14ef-47cf-a4dc-5298bdd33b8f,2e94254d-36ec-4c0c-84da-39cb0ae60d7e,c2,DROP,440,x10,?,
1769500813.0459232,SENT,8b3ff298-139d-477f-b3b8-0427b5fe304b,3db0b6ab-7fcc-4c68-af0f-fea0e00d0f95,c4,DROP,1011,?,i5,
1769500813.0459633,FORWARDED,8b3ff298-139d-477f-b3b8-0427b5fe304b,3db0b6ab-7fcc-4c68-af0f-fea0e00d0f95,c4,DROP,1011,?,i5,
1769500813.1014626,SENT,c381dbd1-85f5-4def-a9b1-d81afb5597b8,7e4ded24-3e2e-4594-af51-032e7d708f67,c1,DROP,1015,?,i11,
1769500813.1015048,FORWARDED,c381dbd1-85f5-4def-a9b1-d81afb5597b8,7e4ded24-3e2e-4594-af51-032e7d708f67,c1,DROP,1015,?,i11,
1769500813.1236403,RECEIVED,d63de2d2-3119-45af-89e9-d7e7a228c698,14d6b072-8f36-410a-be1a-396e57187682,c5,DROP,1447,p2,?,
1769500813.1802793,SENT,1c46b808-7bf4-4e63-a8aa-4ce8d68630c3,4a364a6e-c94f-4027-aff5-9fbab381e6f9,c5,DROP,1013,?,i7,
1769500813.1803207,FORWARDED,1c46b808-7bf4-4e63-a8aa-4ce8d68630c3,4a364a6e-c94f-4027-aff5-9fbab381e6f9,c5,DROP,1013,?,i7,
1769500813.2255144,RECEIVED,d453b9f0-29a5-4e17-ba03-355f0fe6ccaa,679738d7-e5ee-45de-b290-df0e371164bd,c5,DROP,1443,p2,?,
1769500813.3151944,RECEIVED,bb80ab77-29b1-4195-8266-bab5075866ea,cce33f4d-1272-4ce6-87e4-a9c0d2e21a57,c4,DROP,1438,p1,?,
1769500813.4444594,RECEIVED,09db9ca8-3234-4c8f-96c9-cce355874691,113f5311-0d5d-4973-8306-db6dab6ddfb9,c5,DROP,441,x10,?,
1769500813.4678247,SENT,d63de2d2-3119-45af-89e9-d7e7a228c698,14d6b072-8f36-410a-be1a-396e57187682,c5,DROP,1012,?,i4,
1769500813.4678657,FORWARDED,d63de2d2-3119-45af-89e9-d7e7a228c698,14d6b072-8f36-410a-be1a-396e57187682,c5,DROP,1012,?,i4,
1769500813.57796,SENT,d453b9f0-29a5-4e17-ba03-355f0fe6ccaa,679738d7-e5ee-45de-b290-df0e371164bd,c5,DROP,1011,?,i5,
1769500813.5783224,FORWARDED,d453b9f0-29a5-4e17-ba03-355f0fe6ccaa,679738d7-e5ee-45de-b290-df0e371164bd,c5,DROP,1011,?,i5,
1769500814.0397048,RECEIVED,2c989f5f-bfbc-4da2-b11d-f20a3beb0609,d9a80d30-bc74-44ff-9e2c-ba76e1f3f6d1,c1,DROP,1443,p1,?,
1769500814.0669277,SENT,bb80ab77-29b1-4195-8266-bab5075866ea,cce33f4d-1272-4ce6-87e4-a9c0d2e21a57,c4,DROP,1007,?,i6,
1769500814.066967,FORWARDED,bb80ab77-29b1-4195-8266-bab5075866ea,cce33f4d-1272-4ce6-87e4-a9c0d2e21a57,c4,DROP,1007,?,i6,
1769500814.1007514,RECEIVED,eaa0e9a3-103d-4578-a04c-9c9bc11b3a11,67d4e596-150c-4a0e-87a5-1e01589dec78,c5,DROP,1439,p2,?,
1769500814.1687684,RECEIVED,683b4348-4061-49c8-89ca-65a557fd4ff4,fa78b612-a9cd-4576-b994-464950964a33,c3,DROP,1451,p3,?,
1769500814.5123496,RECEIVED,d332dee9-d66c-42e4-845f-515afe78e4e6,b0db41b3-bd2c-4545-bfb8-7b0eca0d70c3,c5,c2,2460,p2,?,
1769500814.6588373,SENT,d332dee9-d66c-42e4-845f-515afe78e4e6,b0db41b3-bd2c-4545-bfb8-7b0eca0d70c3,c5,c2,1772,?,i8,
1769500814.6588726,FORWARDED,d332dee9-d66c-42e4-845f-515afe78e4e6,b0db41b3-bd2c-4545-bfb8-7b0eca0d70c3,c5,c2,1772,?,i8,
1769500814.717,RECEIVED,d4da7e11-4511-4355-bcdb-3b65fcc4e583,ad3f02ee-3208-4b56-8d41-73cccef4c4b8,c5,DROP,441,x7,?,
1769500814.7292802,RECEIVED,b7e59434-60a4-43d5-9712-2f4d768ddc4b,fe815dc9-e891-4a49-9205-b827d86d238a,c1,c5,2463,p1,?,
1769500814.8719852,SENT,2c989f5f-bfbc-4da2-b11d-f20a3beb0609,d9a80d30-bc74-44ff-9e2c-ba76e1f3f6d1,c1,DROP,1011,?,i4,
1769500814.8720279,FORWARDED,2c989f5f-bfbc-4da2-b11d-f20a3beb0609,d9a80d30-bc74-44ff-9e2c-ba76e1f3f6d1,c1,DROP,1011,?,i4,
1769500814.91043,SENT,eaa0e9a3-103d-4578-a04c-9c9bc11b3a11,67d4e596-150c-4a0e-87a5-1e01589dec78,c5,DROP,1007,?,i7,
1769500814.9104636,FORWARDED,eaa0e9a3-103d-4578-a04c-9c9bc11b3a11,67d4e596-150c-4a0e-87a5-1e01589dec78,c5,DROP,1007,?,i7,
1769500814.9381292,RECEIVED,821c914f-685f-4ab4-8bf5-890076109df7,36811dea-3185-4b65-87b4-870521a2154b,c4,c3,2460,p1,?,
1769500814.9546027,RECEIVED,0a4a49c8-2f09-43d2-819b-de48446f2337,82f4c817-849e-4256-9b5b-66f926ae1d21,c1,DROP,1437,p1,?,
1769500815.089713,SENT,821c914f-685f-4ab4-8bf5-890076109df7,36811dea-3185-4b65-87b4-870521a2154b,c4,c3,1771,?,i8,
1769500815.0897548,FORWARDED,821c914f-685f-4ab4-8bf5-890076109df7,36811dea-3185-4b65-87b4-870521a2154b,c4,c3,1771,?,i8,
1769500815.1361196,SENT,683b4348-4061-49c8-89ca-65a557fd4ff4,fa78b612-a9cd-4576-b994-464950964a33,c3,DROP,1016,?,i9,
1769500815.1361618,FORWARDED,683b4348-4061-49c8-89ca-65a557fd4ff4,fa78b612-a9cd-4576-b994-464950964a33,c3,DROP,1016,?,i9,
1769500815.217971,RECEIVED,b7541336-4248-47b0-bca0-3cca8cffb0ef,83e6418e-570d-4a62-bb98-957580aa64a7,c5,DROP,1440,p2,?,
1769500815.3188753,SENT,b7541336-4248-47b0-bca0-3cca8cffb0ef,83e6418e-570d-4a62-bb98-957580aa64a7,c5,DROP,1007,?,i5,
1769500815.318914,FORWARDED,b7541336-4248-47b0-bca0-3cca8cffb0ef,83e6418e-570d-4a62-bb98-957580aa64a7,c5,DROP,1007,?,i5,
1769500815.3420265,SENT,b7e59434-60a4-43d5-9712-2f4d768ddc4b,fe815dc9-e891-4a49-9205-b827d86d238a,c1,c5,1776,?,i8,
1769500815.3420703,FORWARDED,b7e59434-60a4-43d5-9712-2f4d768ddc4b,fe815dc9-e891-4a49-9205-b827d86d238a,c1,c5,1776,?,i8,
1769500815.4402864,RECEIVED,a4d9c73c-5a22-4a2b-b24a-f51ca1060690,ea8836f5-ab38-40ee-942b-37f6cfb52abe,c3,DROP,442,x7,?,
1769500815.4620688,RECEIVED,dbf04b98-4ca5-4d59-8b1b-0bec51e55dee,75e3c8de-3f2a-4631-97c8-054b2fec0916,c1,DROP,1439,p1,?,
1769500815.550247,RECEIVED,62d99747-5bd0-4bb1-a029-f107cf079e6f,44161a1f-46f3-4509-a9dd-4b28e4db0062,c2,DROP,442,x2,?,
1769500815.626814,SENT,dbf04b98-4ca5-4d59-8b1b-0bec51e55dee,75e3c8de-3f2a-4631-97c8-054b2fec0916,c1,DROP,1008,?,i5,
1769500815.6268559,FORWARDED,dbf04b98-4ca5-4d59-8b1b-0bec51e55dee,75e3c8de-3f2a-4631-97c8-054b2fec0916,c1,DROP,1008,?,i5,
1769500815.6967652,RECEIVED,1b3c1e1f-195f-4ac5-ace1-88702365daf1,7936c82f-4742-4817-a413-3ce5b8cce384,c3,DROP,1445,p3,?,
1769500815.706656,RECEIVED,7518baef-bf33-43bb-8be2-94f444e066d3,d0f16aff-53a5-4266-b743-baeb24a09b98,c3,None,2228,p3,?,
1769500815.7086241,RECEIVED,94634eae-a3f3-4898-b11e-c5f0e77caf04,15e1f082-e454-4b1d-9d1c-4f6d4875ab65,c1,None,2239,p1,?,
1769500815.7546794,SENT,1b3c1e1f-195f-4ac5-ace1-88702365daf1,7936c82f-4742-4817-a413-3ce5b8cce384,c3,DROP,1011,?,i6,
1769500815.755068,FORWARDED,1b3c1e1f-195f-4ac5-ace1-88702365daf1,7936c82f-4742-4817-a413-3ce5b8cce384,c3,DROP,1011,?,i6,
1769500815.784126,SENT,7518baef-bf33-43bb-8be2-94f444e066d3,d0f16aff-53a5-4266-b743-baeb24a09b98,c3,None,1599,?,i6,
1769500815.7841666,FORWARDED,7518baef-bf33-43bb-8be2-94f444e066d3,d0f16aff-53a5-4266-b743-baeb24a09b98,c3,None,1599,?,i6,
1769500815.8140862,RECEIVED,3bad2f80-bbae-4bcc-9158-1cfd89c4d77d,e4a26f4d-a29a-4c7a-8be3-99650d988bc1,c3,c4,2464,p3,?,
1769500815.8207104,RECEIVED,1a11fa64-44d1-4700-8c20-cd1b9d2dfd4a,bb1953ff-1201-4553-8f93-e7f51a5086ba,c4,DROP,445,x10,?,
1769500815.86051,RECEIVED,e4e36438-2c04-4524-aa70-dcefd4026fed,fa046c49-3499-444f-abcf-bb9e1826c2fb,c4,c3,2452,p1,?,
1769500815.8939393,RECEIVED,475c1ab1-6ad0-4ea0-a2f1-a9be4da9b4e9,433b2e0a-6319-4218-990d-d9a7169c98e9,c2,None,2232,p2,?,
1769500815.9303868,SENT,e4e36438-2c04-4524-aa70-dcefd4026fed,fa046c49-3499-444f-abcf-bb9e1826c2fb,c4,c3,1765,?,i8,
1769500815.9304233,FORWARDED,e4e36438-2c04-4524-aa70-dcefd4026fed,fa046c49-3499-444f-abcf-bb9e1826c2fb,c4,c3,1765,?,i8,
1769500816.0594015,SENT,94634eae-a3f3-4898-b11e-c5f0e77caf04,15e1f082-e454-4b1d-9d1c-4f6d4875ab65,c1,None,1607,?,i4,
1769500816.059445,FORWARDED,94634eae-a3f3-4898-b11e-c5f0e77caf04,15e1f082-e454-4b1d-9d1c-4f6d4875ab65,c1,None,1607,?,i4,
1769500816.182716,RECEIVED,6fc4206e-47af-4fcf-b6b9-a939f938bad2,adab0bd8-0954-46cf-90f7-2e459d5809ba,c4,None,2227,p1,?,
1769500816.191693,SENT,3bad2f80-bbae-4bcc-9158-1cfd89c4d77d,e4a26f4d-a29a-4c7a-8be3-99650d988bc1,c3,c4,1775,?,i7,
1769500816.1917295,FORWARDED,3bad2f80-bbae-4bcc-9158-1cfd89c4d77d,e4a26f4d-a29a-4c7a-8be3-99650d988bc1,c3,c4,1775,?,i7,
1769500816.3343365,SENT,475c1ab1-6ad0-4ea0-a2f1-a9be4da9b4e9,433b2e0a-6319-4218-990d-d9a7169c98e9,c2,None,1600,?,i2,
1769500816.3343782,FORWARDED,475c1ab1-6ad0-4ea0-a2f1-a9be4da9b4e9,433b2e0a-6319-4218-990d-d9a7169c98e9,c2,None,1600,?,i2,
1769500816.6484303,RECEIVED,f7fc292c-18e7-4327-9b8c-45fb3625d854,0e537042-9cb5-4923-9662-4c9fa5fb88a6,c2,DROP,1439,p2,?,
1769500817.0159307,RECEIVED,cb6e6bcf-e75d-4333-9439-163312482bd7,0397fbf1-357a-4e6c-abb6-cdda7ba53db8,c4,None,2233,p1,?,
1769500817.0423934,SENT,cb6e6bcf-e75d-4333-9439-163312482bd7,0397fbf1-357a-4e6c-abb6-cdda7ba53db8,c4,None,1600,?,i2,
1769500817.0424356,FORWARDED,cb6e6bcf-e75d-4333-9439-163312482bd7,0397fbf1-357a-4e6c-abb6-cdda7ba53db8,c4,None,1600,?,i2,
1769500817.0594165,SENT,0a4a49c8-2f09-43d2-819b-de48446f2337,82f4c817-849e-4256-9b5b-66f926ae1d21,c1,DROP,1007,?,i6,
1769500817.0594556,FORWARDED,0a4a49c8-2f09-43d2-819b-de48446f2337,82f4c817-849e-4256-9b5b-66f926ae1d21,c1,DROP,1007,?,i6,
1769500817.0608873,RECEIVED,7ec6fe48-77c1-47b2-8cb3-c1edb33f6c31,84c371dc-3fbf-4e1b-a166-196689f4e622,c1,DROP,442,x11,?,
1769500817.070825,RECEIVED,da6e330a-aa42-4884-b3db-ab416902d45a,0c967c3c-cfef-4c6d-bcc1-ca5122bb0129,c5,DROP,441,x2,?,
1769500817.0856946,SENT,f7fc292c-18e7-4327-9b8c-45fb3625d854,0e537042-9cb5-4923-9662-4c9fa5fb88a6,c2,DROP,1007,?,i1,
1769500817.0857375,FORWARDED,f7fc292c-18e7-4327-9b8c-45fb3625d854,0e537042-9cb5-4923-9662-4c9fa5fb88a6,c2,DROP,1007,?,i1,
1769500817.1514513,SENT,6fc4206e-47af-4fcf-b6b9-a939f938bad2,adab0bd8-0954-46cf-90f7-2e459d5809ba,c4,None,1598,?,i9,
1769500817.1514878,FORWARDED,6fc4206e-47af-4fcf-b6b9-a939f938bad2,adab0bd8-0954-46cf-90f7-2e459d5809ba,c4,None,1598,?,i9,
1769500817.2105742,RECEIVED,c85d30db-c5a9-4d63-b200-9dc26b6b5778,4a2a32ae-a418-4aa2-8f51-3a728444fde3,c5,DROP,1452,p2,?,
1769500817.367874,SENT,c85d30db-c5a9-4d63-b200-9dc26b6b5778,4a2a32ae-a418-4aa2-8f51-3a728444fde3,c5,DROP,1015,?,i4,
1769500817.367917,FORWARDED,c85d30db-c5a9-4d63-b200-9dc26b6b5778,4a2a32ae-a418-4aa2-8f51-3a728444fde3,c5,DROP,1015,?,i4,
1769500817.5317569,RECEIVED,cd2c3f1c-71a2-4881-b853-81842cb6d051,83715399-c965-4c40-8a7c-e7bfce02f2c5,c3,DROP,1441,p3,?,
1769500817.538156,RECEIVED,08769479-6875-4aea-a19b-1cb136850f0b,09d1f4b2-b18a-4e1b-9fe9-4cfb79d2c713,c3,None,2231,p3,?,
1769500817.5517323,RECEIVED,97ff1879-9c16-4ce0-a3b9-24847fb7587c,48ff9412-1a4d-4425-af45-aaeabad7dde9,c3,None,2224,p3,?,
1769500817.7361517,SENT,cd2c3f1c-71a2-4881-b853-81842cb6d051,83715399-c965-4c40-8a7c-e7bfce02f2c5,c3,DROP,1007,?,i11,
1769500817.7361948,FORWARDED,cd2c3f1c-71a2-4881-b853-81842cb6d051,83715399-c965-4c40-8a7c-e7bfce02f2c5,c3,DROP,1007,?,i11,
1769500817.8234396,SENT,97ff1879-9c16-4ce0-a3b9-24847fb7587c,48ff9412-1a4d-4425-af45-aaeabad7dde9,c3,None,1595,?,i1,
1769500817.8234842,FORWARDED,97ff1879-9c16-4ce0-a3b9-24847fb7587c,48ff9412-1a4d-4425-af45-aaeabad7dde9,c3,None,1595,?,i1,
1769500818.0127087,RECEIVED,583f9437-d543-4919-8a44-4f4ebdc895c3,039dc46d-5dd9-4114-a8f5-2e73d74b5847,c4,DROP,442,x2,?,
1769500818.0792634,SENT,08769479-6875-4aea-a19b-1cb136850f0b,09d1f4b2-b18a-4e1b-9fe9-4cfb79d2c713,c3,None,1600,?,i8,
1769500818.0793025,FORWARDED,08769479-6875-4aea-a19b-1cb136850f0b,09d1f4b2-b18a-4e1b-9fe9-4cfb79d2c713,c3,None,1600,?,i8,
1769500818.0915534,RECEIVED,a66d3ddf-4659-4cef-8141-8f821e3b8b67,9f5559df-43f0-40d7-8725-6bd92515c9f2,c1,DROP,1442,p1,?,
1769500818.229088,RECEIVED,99a515e2-ef6d-4aea-b204-80ca21bc4119,72df6afc-628b-47ea-9d32-359cbb331313,c2,c1,2452,p2,?,
1769500818.392255,SENT,99a515e2-ef6d-4aea-b204-80ca21bc4119,72df6afc-628b-47ea-9d32-359cbb331313,c2,c1,1767,?,i11,
1769500818.3922954,FORWARDED,99a515e2-ef6d-4aea-b204-80ca21bc4119,72df6afc-628b-47ea-9d32-359cbb331313,c2,c1,1767,?,i11,
1769500818.509899,RECEIVED,231b5eb3-1eb6-4412-908b-77a411773b5d,56978625-0214-41e5-9186-64e7359fbcc2,c2,c1,2463,p2,?,
1769500818.642063,RECEIVED,afcc660e-650a-43ca-a50d-1c69a89cce83,94647534-0896-4108-a6ae-acac92c37a88,c5,DROP,1440,p2,?,
1769500818.7625458,RECEIVED,082ca1ae-1a90-4d5f-b930-0b520e92ac40,ab6e08d9-73eb-4238-bd5a-83c2d7941a37,c3,c4,2475,p3,?,
1769500818.8442051,SENT,afcc660e-650a-43ca-a50d-1c69a89cce83,94647534-0896-4108-a6ae-acac92c37a88,c5,DROP,1008,?,i5,
1769500818.844245,FORWARDED,afcc660e-650a-43ca-a50d-1c69a89cce83,94647534-0896-4108-a6ae-acac92c37a88,c5,DROP,1008,?,i5,
1769500818.8863862,SENT,231b5eb3-1eb6-4412-908b-77a411773b5d,56978625-0214-41e5-9186-64e7359fbcc2,c2,c1,1774,?,i4,
1769500818.8864274,FORWARDED,231b5eb3-1eb6-4412-908b-77a411773b5d,56978625-0214-41e5-9186-64e7359fbcc2,c2,c1,1774,?,i4,
1769500819.0269105,SENT,082ca1ae-1a90-4d5f-b930-0b520e92ac40,ab6e08d9-73eb-4238-bd5a-83c2d7941a37,c3,c4,1784,?,i7,
1769500819.0269532,FORWARDED,082ca1ae-1a90-4d5f-b930-0b520e92ac40,ab6e08d9-73eb-4238-bd5a-83c2d7941a37,c3,c4,1784,?,i7,
1769500819.0412896,SENT,a66d3ddf-4659-4cef-8141-8f821e3b8b67,9f5559df-43f0-40d7-8725-6bd92515c9f2,c1,DROP,1011,?,i8,
1769500819.0413282,FORWARDED,a66d3ddf-4659-4cef-8141-8f821e3b8b67,9f5559df-43f0-40d7-8725-6bd92515c9f2,c1,DROP,1011,?,i8,
1769500819.1384401,RECEIVED,80a29bf5-3a61-4b88-a54a-1783f13f2b72,00890c0a-7129-4f3d-ae26-edb62ba062c5,c5,c2,2460,p2,?,
1769500819.1905372,SENT,80a29bf5-3a61-4b88-a54a-1783f13f2b72,00890c0a-7129-4f3d-ae26-edb62ba062c5,c5,c2,1771,?,i3,
1769500819.1905785,FORWARDED,80a29bf5-3a61-4b88-a54a-1783f13f2b72,00890c0a-7129-4f3d-ae26-edb62ba062c5,c5,c2,1771,?,i3,
1769500819.2157507,RECEIVED,9a9ecb3d-6e05-4028-b2cb-9a6b3bb0308d,1ab7d0b8-083b-4a6a-bff8-6867c0b9c14a,c2,DROP,1439,p2,?,
1769500819.2189357,RECEIVED,13d14ede-c898-40fc-bd96-d211956940e9,97dcdf87-adc9-4051-894e-f8d75bec236c,c4,c3,2453,p1,?,
1769500819.6584527,SENT,13d14ede-c898-40fc-bd96-d211956940e9,97dcdf87-adc9-4051-894e-f8d75bec236c,c4,c3,1767,?,i11,
1769500819.6584926,FORWARDED,13d14ede-c898-40fc-bd96-d211956940e9,97dcdf87-adc9-4051-894e-f8d75bec236c,c4,c3,1767,?,i11,
1769500819.7101843,RECEIVED,3bcb3e40-5128-4c74-8758-7ea8e1d527df,d07747e1-5bbb-4f7a-bd70-10db5f695b93,c4,DROP,1452,p1,?,
1769500819.7995808,RECEIVED,ac377697-5246-46f8-bf47-ed54e58802a6,4d7b19b7-6d87-4804-a127-28acbb23bbc9,c4,DROP,1451,p1,?,
1769500819.8951662,RECEIVED,24ef2ced-be9b-4b59-b7cb-6c37a27841c3,14693e7c-51dd-4d06-81a1-f9f26bc9bb0c,c1,None,2244,p1,?,
1769500819.9057813,RECEIVED,a8e5d254-46ab-426d-ac52-e6ec9be138dc,8ae5fb2e-e693-4112-a859-44f6a4dc559f,c5,DROP,1439,p2,?,
1769500820.1094315,SENT,24ef2ced-be9b-4b59-b7cb-6c37a27841c3,14693e7c-51dd-4d06-81a1-f9f26bc9bb0c,c1,None,1609,?,i7,
1769500820.1094737,FORWARDED,24ef2ced-be9b-4b59-b7cb-6c37a27841c3,14693e7c-51dd-4d06-81a1-f9f26bc9bb0c,c1,None,1609,?,i7,
1769500820.207339,RECEIVED,72c906d9-61ca-474f-b7e7-dd9c2caa92a9,67623558-a837-4236-9024-3e43d5957a25,c4,DROP,1461,p1,?,
1769500820.2158163,SENT,9a9ecb3d-6e05-4028-b2cb-9a6b3bb0308d,1ab7d0b8-083b-4a6a-bff8-6867c0b9c14a,c2,DROP,1008,?,i3,
1769500820.215852,FORWARDED,9a9ecb3d-6e05-4028-b2cb-9a6b3bb0308d,1ab7d0b8-083b-4a6a-bff8-6867c0b9c14a,c2,DROP,1008,?,i3,
1769500820.3063087,RECEIVED,dddd5cfd-a1ed-405a-aac1-871573a17032,f4201540-9062-428b-b25e-c5d741823565,c1,None,2239,p1,?,
1769500820.4257607,SENT,3bcb3e40-5128-4c74-8758-7ea8e1d527df,d07747e1-5bbb-4f7a-bd70-10db5f695b93,c4,DROP,1015,?,i10,
1769500820.4258032,FORWARDED,3bcb3e40-5128-4c74-8758-7ea8e1d527df,d07747e1-5bbb-4f7a-bd70-10db5f695b93,c4,DROP,1015,?,i10,
1769500820.4638364,SENT,ac377697-5246-46f8-bf47-ed54e58802a6,4d7b19b7-6d87-4804-a127-28acbb23bbc9,c4,DROP,1016,?,i12,
1769500820.4638722,FORWARDED,ac377697-5246-46f8-bf47-ed54e58802a6,4d7b19b7-6d87-4804-a127-28acbb23bbc9,c4,DROP,1016,?,i12,
1769500820.5164123,RECEIVED,2d44a74d-4ce8-4f54-b504-dd49bf6d61f1,28b7c3f6-7637-4920-84b3-16ad2847a294,c1,DROP,1439,p1,?,
1769500820.5357745,SENT,a8e5d254-46ab-426d-ac52-e6ec9be138dc,8ae5fb2e-e693-4112-a859-44f6a4dc559f,c5,DROP,1007,?,i7,
1769500820.5358136,FORWARDED,a8e5d254-46ab-426d-ac52-e6ec9be138dc,8ae5fb2e-e693-4112-a859-44f6a4dc559f,c5,DROP,1007,?,i7,
1769500820.564696,SENT,72c906d9-61ca-474f-b7e7-dd9c2caa92a9,67623558-a837-4236-9024-3e43d5957a25,c4,DROP,1021,?,i11,
1769500820.5647342,FORWARDED,72c906d9-61ca-474f-b7e7-dd9c2caa92a9,67623558-a837-4236-9024-3e43d5957a25,c4,DROP,1021,?,i11,
1769500820.7568076,RECEIVED,97ad0acf-bb3c-4da3-b518-01913879d4b4,b959615b-715b-4bac-82a6-989e12e801f6,c4,c3,2460,p1,?,
1769500820.912807,SENT,dddd5cfd-a1ed-405a-aac1-871573a17032,f4201540-9062-428b-b25e-c5d741823565,c1,None,1608,?,i5,
1769500820.912847,FORWARDED,dddd5cfd-a1ed-405a-aac1-871573a17032,f4201540-9062-428b-b25e-c5d741823565,c1,None,1608,?,i5,
1769500821.0630763,RECEIVED,596d5d24-4cb2-4b8d-b797-a595df787213,1c9ffaf7-16ed-4f8c-a46b-d62af9fbf211,c4,c3,2459,p1,?,
1769500821.0859447,RECEIVED,ad0ae932-9888-4273-a9c2-b8618311c57c,ff5e9fe0-1339-42ac-8c4a-96eadd73bff0,c5,None,2222,p2,?,
1769500821.1013331,RECEIVED,93d4e06d-8a4c-4883-9f3d-000195dd8d54,ce8d30a1-737a-4991-af79-59bd36e4313b,c3,DROP,1443,p3,?,
1769500821.1574218,RECEIVED,18ae518e-e44e-4ebc-a72a-023d3612608c,5dccebac-7e56-479c-98ab-1466213fcfd7,c3,DROP,1451,p3,?,
1769500821.2238488,RECEIVED,1051db0a-acce-4022-9ab3-6498aeb8c078,69f4d4f8-8c02-4311-b4cf-7349c2f3e66c,c1,DROP,441,x5,?,
1769500821.2894168,RECEIVED,ce38ee1a-8140-4792-977e-67229b8f6c77,56ed6e48-99b2-49a1-9d18-fc4daa457e8f,c2,c1,2455,p2,?,
1769500821.313321,RECEIVED,13fd285d-5211-4f76-ac37-a96cdcfd4ec5,f7171963-a77b-481b-add0-65318723e014,c1,DROP,441,x11,?,
1769500821.4276876,SENT,2d44a74d-4ce8-4f54-b504-dd49bf6d61f1,28b7c3f6-7637-4920-84b3-16ad2847a294,c1,DROP,1008,?,i4,
1769500821.4277542,FORWARDED,2d44a74d-4ce8-4f54-b504-dd49bf6d61f1,28b7c3f6-7637-4920-84b3-16ad2847a294,c1,DROP,1008,?,i4,
1769500821.4686165,SENT,93d4e06d-8a4c-4883-9f3d-000195dd8d54,ce8d30a1-737a-4991-af79-59bd36e4313b,c3,DROP,1009,?,i9,
1769500821.4686646,FORWARDED,93d4e06d-8a4c-4883-9f3d-000195dd8d54,ce8d30a1-737a-4991-af79-59bd36e4313b,c3,DROP,1009,?,i9,
1769500821.4759588,SENT,596d5d24-4cb2-4b8d-b797-a595df787213,1c9ffaf7-16ed-4f8c-a46b-d62af9fbf211,c4,c3,1772,?,i2,
1769500821.4760008,FORWARDED,596d5d24-4cb2-4b8d-b797-a595df787213,1c9ffaf7-16ed-4f8c-a46b-d62af9fbf211,c4,c3,1772,?,i2,
1769500821.4881124,SENT,18ae518e-e44e-4ebc-a72a-023d3612608c,5dccebac-7e56-479c-98ab-1466213fcfd7,c3,DROP,1016,?,i7,
1769500821.4881542,FORWARDED,18ae518e-e44e-4ebc-a72a-023d3612608c,5dccebac-7e56-479c-98ab-1466213fcfd7,c3,DROP,1016,?,i7,
1769500821.5764673,RECEIVED,82fa7b1f-9085-425b-aaf8-9452a735082b,d9c8805d-ed14-4198-9c65-bd58c64c4f96,c2,DROP,1448,p2,?,
1769500821.5896337,RECEIVED,f62e57de-084e-4b0e-a251-f159b7831078,5aa54fa1-0914-4fa6-acd4-a88ee99155ce,c2,None,2230,p2,?,
1769500821.649378,SENT,f62e57de-084e-4b0e-a251-f159b7831078,5aa54fa1-0914-4fa6-acd4-a88ee99155ce,c2,None,1597,?,i10,
1769500821.6494224,FORWARDED,f62e57de-084e-4b0e-a251-f159b7831078,5aa54fa1-0914-4fa6-acd4-a88ee99155ce,c2,None,1597,?,i10,
1769500821.6521804,SENT,82fa7b1f-9085-425b-aaf8-9452a735082b,d9c8805d-ed14-4198-9c65-bd58c64c4f96,c2,DROP,1012,?,i5,
1769500821.6522663,FORWARDED,82fa7b1f-9085-425b-aaf8-9452a735082b,d9c8805d-ed14-4198-9c65-bd58c64c4f96,c2,DROP,1012,?,i5,
1769500821.6834242,SENT,97ad0acf-bb3c-4da3-b518-01913879d4b4,b959615b-715b-4bac-82a6-989e12e801f6,c4,c3,1771,?,i12,
1769500821.683474,FORWARDED,97ad0acf-bb3c-4da3-b518-01913879d4b4,b959615b-715b-4bac-82a6-989e12e801f6,c4,c3,1771,?,i12,
1769500821.7261262,SENT,ce38ee1a-8140-4792-977e-67229b8f6c77,56ed6e48-99b2-49a1-9d18-fc4daa457e8f,c2,c1,1769,?,i1,
1769500821.7261975,FORWARDED,ce38ee1a-8140-4792-977e-67229b8f6c77,56ed6e48-99b2-49a1-9d18-fc4daa457e8f,c2,c1,1769,?,i1,
1769500821.772177,RECEIVED,73b165ed-1e5d-4af6-9cab-47a2a5017793,5e7f2979-b152-497e-bc3a-4cebd0faa79c,c5,DROP,1439,p2,?,
1769500822.1530416,RECEIVED,4145d475-dbfb-4ece-b0d5-4973178fa02a,33029e1f-082b-4ba2-8773-f38e439a64a8,c5,c2,2459,p2,?,
1769500822.4800837,SENT,73b165ed-1e5d-4af6-9cab-47a2a5017793,5e7f2979-b152-497e-bc3a-4cebd0faa79c,c5,DROP,1007,?,i2,
1769500822.4801176,FORWARDED,73b165ed-1e5d-4af6-9cab-47a2a5017793,5e7f2979-b152-497e-bc3a-4cebd0faa79c,c5,DROP,1007,?,i2,
1769500822.5200238,RECEIVED,f0d15a48-f113-4b92-a236-025326a49664,16d7fb86-f7eb-40f4-b4d5-4978d233ff75,c1,DROP,1439,p1,?,
1769500822.7688656,RECEIVED,794aa2fa-56ca-4422-a928-04fc15f83843,9bbdf34e-bbaa-4426-a92a-f4f2edf2cf83,c2,c1,2459,p2,?,
1769500822.7810736,RECEIVED,1972ea4f-223d-4bab-8dd6-789e42635ce1,6dd6cd5c-feb2-496d-84e9-efc60d15f7c8,c1,c5,2460,p1,?,
1769500822.8292193,SENT,794aa2fa-56ca-4422-a928-04fc15f83843,9bbdf34e-bbaa-4426-a92a-f4f2edf2cf83,c2,c1,1773,?,i9,
1769500822.829257,FORWARDED,794aa2fa-56ca-4422-a928-04fc15f83843,9bbdf34e-bbaa-4426-a92a-f4f2edf2cf83,c2,c1,1773,?,i9,
1769500822.8821416,SENT,1972ea4f-223d-4bab-8dd6-789e42635ce1,6dd6cd5c-feb2-496d-84e9-efc60d15f7c8,c1,c5,1772,?,i11,
1769500822.882184,FORWARDED,1972ea4f-223d-4bab-8dd6-789e42635ce1,6dd6cd5c-feb2-496d-84e9-efc60d15f7c8,c1,c5,1772,?,i11,
1769500822.8963225,SENT,ad0ae932-9888-4273-a9c2-b8618311c57c,ff5e9fe0-1339-42ac-8c4a-96eadd73bff0,c5,None,1596,?,i2,
1769500822.896359,FORWARDED,ad0ae932-9888-4273-a9c2-b8618311c57c,ff5e9fe0-1339-42ac-8c4a-96eadd73bff0,c5,None,1596,?,i2,
1769500823.047296,SENT,4145d475-dbfb-4ece-b0d5-4973178fa02a,33029e1f-082b-4ba2-8773-f38e439a64a8,c5,c2,1772,?,i7,
1769500823.0473359,FORWARDED,4145d475-dbfb-4ece-b0d5-4973178fa02a,33029e1f-082b-4ba2-8773-f38e439a64a8,c5,c2,1772,?,i7,
1769500823.4237819,RECEIVED,129254aa-b458-489d-9bea-a01fadaa31de,90b843bf-cb9c-43c2-ae45-76aa91b07ebb,c1,DROP,1439,p1,?,
1769500823.5339792,RECEIVED,6f2dab67-c0d3-4514-8e67-fd0fde9e9534,c9d76a11-9cd7-4daf-84eb-393d732093f9,c5,DROP,1455,p2,?,
1769500823.5451763,SENT,129254aa-b458-489d-9bea-a01fadaa31de,90b843bf-cb9c-43c2-ae45-76aa91b07ebb,c1,DROP,1008,?,i7,
1769500823.5452213,FORWARDED,129254aa-b458-489d-9bea-a01fadaa31de,90b843bf-cb9c-43c2-ae45-76aa91b07ebb,c1,DROP,1008,?,i7,
1769500823.5978205,RECEIVED,d33ab13e-ea4e-43a6-9c89-b3629d609f15,6781dfc6-c124-4a4f-9f76-4092d8473dfc,c2,DROP,1440,p2,?,
1769500823.6518006,SENT,d33ab13e-ea4e-43a6-9c89-b3629d609f15,6781dfc6-c124-4a4f-9f76-4092d8473dfc,c2,DROP,1007,?,i1,
1769500823.652142,FORWARDED,d33ab13e-ea4e-43a6-9c89-b3629d609f15,6781dfc6-c124-4a4f-9f76-4092d8473dfc,c2,DROP,1007,?,i1,
1769500823.9170995,RECEIVED,cbb9e7f7-1cdc-4bfc-a775-b1f1a61d1a0b,ee560549-e7e7-4155-bdff-a9033c446a0a,c3,DROP,1441,p3,?,
1769500823.934114,RECEIVED,04e5df78-8f6e-40d0-863a-2cacaad95bfb,a5115a40-7bd3-45d8-a1bb-90a56b2bd59a,c5,DROP,1451,p2,?,
1769500823.9689877,SENT,f0d15a48-f113-4b92-a236-025326a49664,16d7fb86-f7eb-40f4-b4d5-4978d233ff75,c1,DROP,1008,?,i5,
1769500823.969029,FORWARDED,f0d15a48-f113-4b92-a236-025326a49664,16d7fb86-f7eb-40f4-b4d5-4978d233ff75,c1,DROP,1008,?,i5,
1769500824.155339,RECEIVED,79b0e17a-3fc5-4233-8817-ac233a74dd19,aed1332b-700b-4644-8721-0bebf0381677,c3,DROP,1440,p3,?,
1769500824.231364,SENT,04e5df78-8f6e-40d0-863a-2cacaad95bfb,a5115a40-7bd3-45d8-a1bb-90a56b2bd59a,c5,DROP,1015,?,i3,
1769500824.2314048,FORWARDED,04e5df78-8f6e-40d0-863a-2cacaad95bfb,a5115a40-7bd3-45d8-a1bb-90a56b2bd59a,c5,DROP,1015,?,i3,
1769500824.2473042,SENT,cbb9e7f7-1cdc-4bfc-a775-b1f1a61d1a0b,ee560549-e7e7-4155-bdff-a9033c446a0a,c3,DROP,1007,?,i12,
1769500824.247345,FORWARDED,cbb9e7f7-1cdc-4bfc-a775-b1f1a61d1a0b,ee560549-e7e7-4155-bdff-a9033c446a0a,c3,DROP,1007,?,i12,
1769500824.2687979,RECEIVED,28788ae9-160c-41a3-9f39-c91bbedfc0c7,7ae38131-46e0-4cdb-a8dd-38651dfcb1b0,c4,DROP,1447,p1,?,
1769500824.291203,RECEIVED,c31a8a83-07ed-471a-9c67-eb803796ec84,be50494e-adda-4cfd-a740-8a18fd4def7a,c5,DROP,1439,p2,?,
1769500824.3018708,SENT,79b0e17a-3fc5-4233-8817-ac233a74dd19,aed1332b-700b-4644-8721-0bebf0381677,c3,DROP,1008,?,i1,
1769500824.301911,FORWARDED,79b0e17a-3fc5-4233-8817-ac233a74dd19,aed1332b-700b-4644-8721-0bebf0381677,c3,DROP,1008,?,i1,
1769500824.5455704,SENT,6f2dab67-c0d3-4514-8e67-fd0fde9e9534,c9d76a11-9cd7-4daf-84eb-393d732093f9,c5,DROP,1020,?,i9,
1769500824.5456088,FORWARDED,6f2dab67-c0d3-4514-8e67-fd0fde9e9534,c9d76a11-9cd7-4daf-84eb-393d732093f9,c5,DROP,1020,?,i9,
1769500824.6449986,SENT,28788ae9-160c-41a3-9f39-c91bbedfc0c7,7ae38131-46e0-4cdb-a8dd-38651dfcb1b0,c4,DROP,1013,?,i5,
1769500824.6450398,FORWARDED,28788ae9-160c-41a3-9f39-c91bbedfc0c7,7ae38131-46e0-4cdb-a8dd-38651dfcb1b0,c4,DROP,1013,?,i5,
1769500824.7421384,SENT,c31a8a83-07ed-471a-9c67-eb803796ec84,be50494e-adda-4cfd-a740-8a18fd4def7a,c5,DROP,1007,?,i2,
1769500824.7421806,FORWARDED,c31a8a83-07ed-471a-9c67-eb803796ec84,be50494e-adda-4cfd-a740-8a18fd4def7a,c5,DROP,1007,?,i2,
1769500825.1435454,RECEIVED,3b47a526-86fe-4046-a493-2273cc978642,e494f00a-adba-4eb7-978b-1f650ae39be5,c3,c4,2484,p3,?,
1769500825.360127,SENT,3b47a526-86fe-4046-a493-2273cc978642,e494f00a-adba-4eb7-978b-1f650ae39be5,c3,c4,1789,?,i6,
1769500825.3601685,FORWARDED,3b47a526-86fe-4046-a493-2273cc978642,e494f00a-adba-4eb7-978b-1f650ae39be5,c3,c4,1789,?,i6,
1769500825.4091635,RECEIVED,fb4dfec4-7687-4b12-ae5e-ec546e5759ca,0276e2fa-c1fb-4fe2-a225-9a89acdcf2cd,c3,DROP,441,x9,?,
1769500825.5356321,RECEIVED,baa95e5d-0a42-49c3-8599-86898479a874,07fefb51-a976-4014-998c-8d7ef2ebb4ae,c1,c5,2477,p1,?,
1769500825.5524678,RECEIVED,f1dca666-e729-4364-a6a9-9c92a9310add,2c10bce1-6793-42f1-8c62-d40070bf3b95,c5,DROP,1451,p2,?,
1769500825.6269007,SENT,f1dca666-e729-4364-a6a9-9c92a9310add,2c10bce1-6793-42f1-8c62-d40070bf3b95,c5,DROP,1017,?,i2,
1769500825.6269407,FORWARDED,f1dca666-e729-4364-a6a9-9c92a9310add,2c10bce1-6793-42f1-8c62-d40070bf3b95,c5,DROP,1017,?,i2,
1769500825.6300912,SENT,baa95e5d-0a42-49c3-8599-86898479a874,07fefb51-a976-4014-998c-8d7ef2ebb4ae,c1,c5,1785,?,i12,
1769500825.6301327,FORWARDED,baa95e5d-0a42-49c3-8599-86898479a874,07fefb51-a976-4014-998c-8d7ef2ebb4ae,c1,c5,1785,?,i12,
1769500825.9052165,RECEIVED,9e54f724-71ed-44d1-92b0-7d7e9fccf806,1ef893c5-2a20-4c45-80c1-e3408cb6cba8,c4,DROP,1456,p1,?,
1769500826.276523,RECEIVED,ba058c33-660e-4dea-9f99-41b55e8e3265,0e2e4538-ba15-4d99-b7ff-d7a50799b755,c5,DROP,441,x2,?,
1769500826.3217726,RECEIVED,7271ce10-6916-4dc1-8cdc-2a28eb9f748d,ba58b206-ae11-494c-8ec9-0d44f8769c2c,c4,DROP,1447,p1,?,
1769500826.5761764,RECEIVED,01130a0c-bf35-46e8-ba3b-eb49cbec83a3,6bb5deb6-6fc6-4ef3-89d9-d922f71631f5,c1,DROP,1440,p1,?,
1769500826.650514,RECEIVED,108bab0a-ea3b-4941-9a10-76b8c5e286f1,f1401d03-63d0-4403-bbb6-f4b25f31a92b,c2,DROP,1447,p2,?,
1769500826.6846507,RECEIVED,c4af7808-5c39-4364-a9f2-cea112f04ba7,355acee3-9e61-46a9-81d1-c67acefa6ec4,c1,DROP,1444,p1,?,
1769500826.7229698,RECEIVED,fc689d8e-c669-4a5b-876d-b32791df3571,5705b7dd-0725-4b37-92cc-e342453f9fd6,c1,DROP,1453,p1,?,
1769500826.762097,SENT,c4af7808-5c39-4364-a9f2-cea112f04ba7,355acee3-9e61-46a9-81d1-c67acefa6ec4,c1,DROP,1009,?,i4,
1769500826.7621443,FORWARDED,c4af7808-5c39-4364-a9f2-cea112f04ba7,355acee3-9e61-46a9-81d1-c67acefa6ec4,c1,DROP,1009,?,i4,
1769500826.8059797,SENT,9e54f724-71ed-44d1-92b0-7d7e9fccf806,1ef893c5-2a20-4c45-80c1-e3408cb6cba8,c4,DROP,1018,?,i10,
1769500826.806021,FORWARDED,9e54f724-71ed-44d1-92b0-7d7e9fccf806,1ef893c5-2a20-4c45-80c1-e3408cb6cba8,c4,DROP,1018,?,i10,
1769500826.8496788,SENT,108bab0a-ea3b-4941-9a10-76b8c5e286f1,f1401d03-63d0-4403-bbb6-f4b25f31a92b,c2,DROP,1014,?,i8,
1769500826.8497217,FORWARDED,108bab0a-ea3b-4941-9a10-76b8c5e286f1,f1401d03-63d0-4403-bbb6-f4b25f31a92b,c2,DROP,1014,?,i8,
1769500826.8891842,SENT,7271ce10-6916-4dc1-8cdc-2a28eb9f748d,ba58b206-ae11-494c-8ec9-0d44f8769c2c,c4,DROP,1014,?,i5,
1769500826.8892224,FORWARDED,7271ce10-6916-4dc1-8cdc-2a28eb9f748d,ba58b206-ae11-494c-8ec9-0d44f8769c2c,c4,DROP,1014,?,i5,
1769500826.9108462,RECEIVED,925d2f8c-84ab-47d9-9d69-0964b33351d6,3aee832a-bf4c-4e81-a51d-57a0ecbc51b9,c3,None,2234,p3,?,
1769500826.9213033,RECEIVED,dd3bd0f2-9da8-4a37-ab2f-474d0a7583ad,1d68c346-0e42-41fb-930f-1af225561752,c1,DROP,1439,p1,?,
1769500826.9918914,SENT,925d2f8c-84ab-47d9-9d69-0964b33351d6,3aee832a-bf4c-4e81-a51d-57a0ecbc51b9,c3,None,1600,?,i11,
1769500826.9919336,FORWARDED,925d2f8c-84ab-47d9-9d69-0964b33351d6,3aee832a-bf4c-4e81-a51d-57a0ecbc51b9,c3,None,1600,?,i11,
1769500827.030289,SENT,fc689d8e-c669-4a5b-876d-b32791df3571,5705b7dd-0725-4b37-92cc-e342453f9fd6,c1,DROP,1016,?,i10,
1769500827.0303319,FORWARDED,fc689d8e-c669-4a5b-876d-b32791df3571,5705b7dd-0725-4b37-92cc-e342453f9fd6,c1,DROP,1016,?,i10,
1769500827.0795522,RECEIVED,94580391-208b-4271-9509-1bf43f7eb7f3,6246e4e3-a230-4798-ba7a-ebb24c6f1399,c2,DROP,1440,p2,?,
1769500827.121342,RECEIVED,e5f22bfe-b7f5-4ce9-8b81-599d7f14ec21,eabbf70c-b7bf-4a39-802f-c37695a72faf,c1,DROP,1444,p1,?,
1769500827.1340344,RECEIVED,9ce8ee1f-32e0-4ef1-b77c-d8c5316dce64,2c57ef13-5fee-4a9e-a531-e220d0a2bd16,c4,DROP,1452,p1,?,
1769500827.1909564,SENT,dd3bd0f2-9da8-4a37-ab2f-474d0a7583ad,1d68c346-0e42-41fb-930f-1af225561752,c1,DROP,1008,?,i7,
1769500827.1909983,FORWARDED,dd3bd0f2-9da8-4a37-ab2f-474d0a7583ad,1d68c346-0e42-41fb-930f-1af225561752,c1,DROP,1008,?,i7,
1769500827.2199244,SENT,9ce8ee1f-32e0-4ef1-b77c-d8c5316dce64,2c57ef13-5fee-4a9e-a531-e220d0a2bd16,c4,DROP,1017,?,i8,
1769500827.2199667,FORWARDED,9ce8ee1f-32e0-4ef1-b77c-d8c5316dce64,2c57ef13-5fee-4a9e-a531-e220d0a2bd16,c4,DROP,1017,?,i8,
1769500827.3344712,SENT,94580391-208b-4271-9509-1bf43f7eb7f3,6246e4e3-a230-4798-ba7a-ebb24c6f1399,c2,DROP,1008,?,i3,
1769500827.3345118,FORWARDED,94580391-208b-4271-9509-1bf43f7eb7f3,6246e4e3-a230-4798-ba7a-ebb24c6f1399,c2,DROP,1008,?,i3,
1769500827.5159407,SENT,01130a0c-bf35-46e8-ba3b-eb49cbec83a3,6bb5deb6-6fc6-4ef3-89d9-d922f71631f5,c1,DROP,1008,?,i11,
1769500827.5159805,FORWARDED,01130a0c-bf35-46e8-ba3b-eb49cbec83a3,6bb5deb6-6fc6-4ef3-89d9-d922f71631f5,c1,DROP,1008,?,i11,
1769500827.5696368,RECEIVED,177dd0b9-a7c1-4218-9387-45cdd1e5bb3a,145242c8-65eb-4fa0-bb8b-9f198d1d9b7e,c2,DROP,1448,p2,?,
1769500827.5756247,SENT,e5f22bfe-b7f5-4ce9-8b81-599d7f14ec21,eabbf70c-b7bf-4a39-802f-c37695a72faf,c1,DROP,1010,?,i3,
1769500827.575663,FORWARDED,e5f22bfe-b7f5-4ce9-8b81-599d7f14ec21,eabbf70c-b7bf-4a39-802f-c37695a72faf,c1,DROP,1010,?,i3,
1769500827.631671,RECEIVED,f3248f10-4490-418c-91b4-53ec7028cf37,b0dd0918-e513-4ab5-85e1-d5ec7b582460,c2,DROP,441,x8,?,
1769500827.6339796,SENT,177dd0b9-a7c1-4218-9387-45cdd1e5bb3a,145242c8-65eb-4fa0-bb8b-9f198d1d9b7e,c2,DROP,1013,?,i5,
1769500827.6340222,FORWARDED,177dd0b9-a7c1-4218-9387-45cdd1e5bb3a,145242c8-65eb-4fa0-bb8b-9f198d1d9b7e,c2,DROP,1013,?,i5,
1769500827.7373116,RECEIVED,15c1d2f1-9d24-4167-96c6-496e7cd2f21e,840c425b-ecbe-48b5-a563-08282e475746,c1,DROP,1459,p1,?,
1769500827.7543833,RECEIVED,dce8c398-40a6-41d1-a041-f0a69caeec5e,b57ae41e-dc6e-451a-bcf0-34189537558e,c4,DROP,1439,p1,?,
1769500827.8455033,RECEIVED,3afc2082-f707-4dc0-b416-d148abe053df,47f72ac6-9930-4036-98d8-a8301de6eebf,c3,c4,2464,p3,?,
1769500827.9401836,SENT,3afc2082-f707-4dc0-b416-d148abe053df,47f72ac6-9930-4036-98d8-a8301de6eebf,c3,c4,1775,?,i3,
1769500827.9402277,FORWARDED,3afc2082-f707-4dc0-b416-d148abe053df,47f72ac6-9930-4036-98d8-a8301de6eebf,c3,c4,1775,?,i3,
1769500828.1291156,RECEIVED,ae1d1038-2992-4499-92bf-68fb43dc2789,3776d8cd-a987-4960-9be5-6844c3b7e331,c5,DROP,1443,p2,?,
1769500828.172447,RECEIVED,7b2ddd67-6b9d-41f5-8630-dc9cc9842903,c12f85df-7666-4706-ba92-07963239ad94,c1,c5,2446,p1,?,
1769500828.2161908,RECEIVED,6fe55751-7648-472f-899b-9a5e276e91db,a09be8e6-d658-4a2e-8604-53fc5308ff88,c5,DROP,442,x6,?,
1769500828.248783,RECEIVED,5e10bb00-652a-4b01-af5a-dbcc305ea1cb,732c665e-973f-45ae-a6b3-046eeae825fc,c5,DROP,1440,p2,?,
1769500828.2613862,RECEIVED,43006282-f65f-4a39-960d-d838044d5033,3539fdd2-61c0-4dd6-923e-1cc104374b92,c2,c1,2472,p2,?,
1769500828.2653155,SENT,15c1d2f1-9d24-4167-96c6-496e7cd2f21e,840c425b-ecbe-48b5-a563-08282e475746,c1,DROP,1021,?,i9,
1769500828.2653654,FORWARDED,15c1d2f1-9d24-4167-96c6-496e7cd2f21e,840c425b-ecbe-48b5-a563-08282e475746,c1,DROP,1021,?,i9,
1769500828.2771454,RECEIVED,8a7c86d8-a74a-4db3-8e03-603ddd552df8,0337928b-17a5-41b8-bc97-93daf960818d,c2,DROP,442,x2,?,
1769500828.4415452,RECEIVED,a44b0901-45f8-4e9c-9f4c-7ba3c557287d,f994c44b-f14d-49c6-a1c9-44a63faafd3e,c2,DROP,439,x4,?,
1769500828.4509988,RECEIVED,7202188e-fc4f-479f-88d0-0ea28bceccd3,d1b994ee-b75e-4277-aee0-4f5a2c47b3e1,c2,DROP,442,x5,?,
1769500828.635348,RECEIVED,e814ba8e-e8d5-4c45-a463-262b161e4450,7631da77-5f9b-4299-b67b-1bd2d2fd9d6d,c2,DROP,1444,p2,?,
1769500828.6822565,SENT,5e10bb00-652a-4b01-af5a-dbcc305ea1cb,732c665e-973f-45ae-a6b3-046eeae825fc,c5,DROP,1006,?,i6,
1769500828.6822958,FORWARDED,5e10bb00-652a-4b01-af5a-dbcc305ea1cb,732c665e-973f-45ae-a6b3-046eeae825fc,c5,DROP,1006,?,i6,
1769500828.776852,RECEIVED,b099b528-8816-4f92-9577-60c9586c9fa5,b8998ce0-27f0-42a1-88ee-f383173fa156,c5,DROP,442,x2,?,
1769500828.8119483,SENT,e814ba8e-e8d5-4c45-a463-262b161e4450,7631da77-5f9b-4299-b67b-1bd2d2fd9d6d,c2,DROP,1009,?,i12,
1769500828.8119862,FORWARDED,e814ba8e-e8d5-4c45-a463-262b161e4450,7631da77-5f9b-4299-b67b-1bd2d2fd9d6d,c2,DROP,1009,?,i12,
1769500828.8297243,RECEIVED,55d5dde1-e3cf-4635-973f-ee5ed9906330,0506cb4d-daf4-401a-a988-5355ae7f0a02,c2,DROP,1439,p2,?,
1769500828.8704302,RECEIVED,6c11bc6a-1191-41ec-b95d-76c812380f60,426669ee-77f4-43aa-a2cf-4961a7ea323f,c4,DROP,1447,p1,?,
1769500829.1254966,SENT,ae1d1038-2992-4499-92bf-68fb43dc2789,3776d8cd-a987-4960-9be5-6844c3b7e331,c5,DROP,1011,?,i6,
1769500829.125679,FORWARDED,ae1d1038-2992-4499-92bf-68fb43dc2789,3776d8cd-a987-4960-9be5-6844c3b7e331,c5,DROP,1011,?,i6,
1769500829.2141056,SENT,7b2ddd67-6b9d-41f5-8630-dc9cc9842903,c12f85df-7666-4706-ba92-07963239ad94,c1,c5,1763,?,i6,
1769500829.2141483,FORWARDED,7b2ddd67-6b9d-41f5-8630-dc9cc9842903,c12f85df-7666-4706-ba92-07963239ad94,c1,c5,1763,?,i6,
1769500829.2341137,RECEIVED,b301eb7d-8b36-4c4c-90e2-b6d0a6473c70,a29386d8-b810-4c2c-bf4e-fd81eea37e3a,c4,DROP,1440,p1,?,
1769500829.262501,SENT,dce8c398-40a6-41d1-a041-f0a69caeec5e,b57ae41e-dc6e-451a-bcf0-34189537558e,c4,DROP,1007,?,i3,
1769500829.2625403,FORWARDED,dce8c398-40a6-41d1-a041-f0a69caeec5e,b57ae41e-dc6e-451a-bcf0-34189537558e,c4,DROP,1007,?,i3,
1769500829.4240825,SENT,b301eb7d-8b36-4c4c-90e2-b6d0a6473c70,a29386d8-b810-4c2c-bf4e-fd81eea37e3a,c4,DROP,1008,?,i12,
1769500829.4250593,FORWARDED,b301eb7d-8b36-4c4c-90e2-b6d0a6473c70,a29386d8-b810-4c2c-bf4e-fd81eea37e3a,c4,DROP,1008,?,i12,
1769500829.458898,RECEIVED,bcf6836c-bbc3-4871-82a9-1e1aff0a71c2,b2cb7e46-fb85-421f-aadf-ad7dc47476e2,c5,DROP,1448,p2,?,
1769500829.602517,RECEIVED,e1e8e844-433a-448a-a957-dbfa54cf410e,611c8c3c-6d6f-418e-a242-8615658387c3,c1,c5,2447,p1,?,
1769500829.6329517,SENT,43006282-f65f-4a39-960d-d838044d5033,3539fdd2-61c0-4dd6-923e-1cc104374b92,c2,c1,1782,?,i11,
1769500829.6329932,FORWARDED,43006282-f65f-4a39-960d-d838044d5033,3539fdd2-61c0-4dd6-923e-1cc104374b92,c2,c1,1782,?,i11,
1769500829.6988494,RECEIVED,f896416c-2b80-4559-b24c-8e6a302aaea3,309560fa-be8d-459a-9dd6-2a8486a88154,c2,DROP,441,x6,?,
1769500829.7796698,RECEIVED,6e4a221b-7b7c-4d3a-a8d3-362eccc7a1f7,8e2040da-8495-4bc1-825a-6bb337871f76,c2,None,2239,p2,?,
1769500829.84887,RECEIVED,d305defc-33d8-4604-84a4-1e7399c7ebd4,58169d5a-2fe5-4af6-83da-cd10a5059790,c3,DROP,1451,p3,?,
1769500829.8625472,RECEIVED,faaa1ba6-4c38-4782-9f44-0ecca4ccc051,fe7805b7-301d-4aeb-85e4-99824dfadb45,c3,c4,2463,p3,?,
1769500829.8731017,RECEIVED,9fcac5b2-31d2-444c-b97e-19d5f205bc18,c39b363b-2121-462a-bfd0-4a0e13d9bbf3,c2,DROP,1439,p2,?,
1769500829.943414,SENT,bcf6836c-bbc3-4871-82a9-1e1aff0a71c2,b2cb7e46-fb85-421f-aadf-ad7dc47476e2,c5,DROP,1012,?,i12,
1769500829.9434524,FORWARDED,bcf6836c-bbc3-4871-82a9-1e1aff0a71c2,b2cb7e46-fb85-421f-aadf-ad7dc47476e2,c5,DROP,1012,?,i12,
1769500830.0403168,RECEIVED,3bc1f392-07ec-4911-bbca-1616486b8caa,346c41f8-fcd3-4158-a1c9-9a1305bb2eb8,c4,DROP,1445,p1,?,
1769500830.0541024,SENT,3bc1f392-07ec-4911-bbca-1616486b8caa,346c41f8-fcd3-4158-a1c9-9a1305bb2eb8,c4,DROP,1011,?,i3,
1769500830.054157,FORWARDED,3bc1f392-07ec-4911-bbca-1616486b8caa,346c41f8-fcd3-4158-a1c9-9a1305bb2eb8,c4,DROP,1011,?,i3,
1769500830.142741,RECEIVED,6c857f1b-ea43-4772-80eb-406272209bb8,62e3bd60-088e-460e-8881-bea29b4457a3,c4,DROP,441,x3,?,
1769500830.1438363,SENT,6c11bc6a-1191-41ec-b95d-76c812380f60,426669ee-77f4-43aa-a2cf-4961a7ea323f,c4,DROP,1012,?,i1,
1769500830.143875,FORWARDED,6c11bc6a-1191-41ec-b95d-76c812380f60,426669ee-77f4-43aa-a2cf-4961a7ea323f,c4,DROP,1012,?,i1,
1769500830.1897469,SENT,e1e8e844-433a-448a-a957-dbfa54cf410e,611c8c3c-6d6f-418e-a242-8615658387c3,c1,c5,1763,?,i8,
1769500830.1897838,FORWARDED,e1e8e844-433a-448a-a957-dbfa54cf410e,611c8c3c-6d6f-418e-a242-8615658387c3,c1,c5,1763,?,i8,
1769500830.1939518,SENT,55d5dde1-e3cf-4635-973f-ee5ed9906330,0506cb4d-daf4-401a-a988-5355ae7f0a02,c2,DROP,1007,?,i8,
1769500830.193986,FORWARDED,55d5dde1-e3cf-4635-973f-ee5ed9906330,0506cb4d-daf4-401a-a988-5355ae7f0a02,c2,DROP,1007,?,i8,
1769500830.1950233,RECEIVED,68f66b1c-f1c0-4a5e-a51c-9a9ab5865181,be561016-fbfe-49ba-bb62-bd9b91ffa628,c2,None,2223,p2,?,
1769500830.2973785,RECEIVED,0d1bafe4-4118-4ee9-9516-90fb87ebdb9a,e2948302-eeb8-4c23-8e3b-dfc4a5251c75,c4,DROP,1443,p1,?,
1769500830.338773,SENT,0d1bafe4-4118-4ee9-9516-90fb87ebdb9a,e2948302-eeb8-4c23-8e3b-dfc4a5251c75,c4,DROP,1011,?,i5,
1769500830.3388186,FORWARDED,0d1bafe4-4118-4ee9-9516-90fb87ebdb9a,e2948302-eeb8-4c23-8e3b-dfc4a5251c75,c4,DROP,1011,?,i5,
1769500830.3790076,RECEIVED,df84f2f9-3238-4fd1-ab84-d838c9472ffe,3bab0b3f-ed74-4935-8483-428a53b83ee9,c5,DROP,1439,p2,?,
1769500830.63157,RECEIVED,25def8f1-e9f5-4175-9dda-434e20dcf486,d071e03d-7f4c-4948-8ca9-4a7797cb3897,c1,DROP,1441,p1,?,
1769500830.6432498,SENT,25def8f1-e9f5-4175-9dda-434e20dcf486,d071e03d-7f4c-4948-8ca9-4a7797cb3897,c1,DROP,1008,?,i1,
1769500830.6432927,FORWARDED,25def8f1-e9f5-4175-9dda-434e20dcf486,d071e03d-7f4c-4948-8ca9-4a7797cb3897,c1,DROP,1008,?,i1,
1769500830.6851988,RECEIVED,a5690dfe-9cd0-4633-8a44-80f33ced34d9,75937c45-b255-4e22-b6b9-f345648f2545,c5,DROP,442,x1,?,
1769500830.6993058,SENT,9fcac5b2-31d2-444c-b97e-19d5f205bc18,c39b363b-2121-462a-bfd0-4a0e13d9bbf3,c2,DROP,1008,?,i7,
1769500830.6993487,FORWARDED,9fcac5b2-31d2-444c-b97e-19d5f205bc18,c39b363b-2121-462a-bfd0-4a0e13d9bbf3,c2,DROP,1008,?,i7,
1769500830.7762258,RECEIVED,567b04cc-a2f9-431c-945a-a9d3e511d004,aec2e49b-1674-4f1b-b586-4e3a57d3fffb,c2,None,2247,p2,?,
1769500830.8238268,SENT,df84f2f9-3238-4fd1-ab84-d838c9472ffe,3bab0b3f-ed74-4935-8483-428a53b83ee9,c5,DROP,1008,?,i4,
1769500830.8238645,FORWARDED,df84f2f9-3238-4fd1-ab84-d838c9472ffe,3bab0b3f-ed74-4935-8483-428a53b83ee9,c5,DROP,1008,?,i4,
1769500830.881549,SENT,6e4a221b-7b7c-4d3a-a8d3-362eccc7a1f7,8e2040da-8495-4bc1-825a-6bb337871f76,c2,None,1606,?,i2,
1769500830.8815916,FORWARDED,6e4a221b-7b7c-4d3a-a8d3-362eccc7a1f7,8e2040da-8495-4bc1-825a-6bb337871f76,c2,None,1606,?,i2,
1769500830.9463544,RECEIVED,e88aa06a-0e17-47a7-886d-7e2c74ff2154,8d8e9945-7c0d-43e0-ba34-2aa595106101,c1,DROP,1447,p1,?,
1769500830.967537,RECEIVED,307ed862-74a7-4ed5-afc1-f7c9d2379fa4,f02dcca4-270c-4f79-aa0b-bbdf16d949d1,c4,DROP,443,x1,?,
1769500831.0266926,RECEIVED,7c33e89b-4403-4318-a269-855700bb33a6,9a6e074a-369b-479b-8b70-24708635e022,c4,DROP,1452,p1,?,
1769500831.0699162,RECEIVED,ded1c720-a4a6-46b9-a988-9c9367ce78c6,a138c322-02b0-44aa-ad9f-de0f13face35,c1,DROP,1456,p1,?,
1769500831.09669,SENT,7c33e89b-4403-4318-a269-855700bb33a6,9a6e074a-369b-479b-8b70-24708635e022,c4,DROP,1016,?,i6,
1769500831.0967326,FORWARDED,7c33e89b-4403-4318-a269-855700bb33a6,9a6e074a-369b-479b-8b70-24708635e022,c4,DROP,1016,?,i6,
1769500831.2443087,SENT,faaa1ba6-4c38-4782-9f44-0ecca4ccc051,fe7805b7-301d-4aeb-85e4-99824dfadb45,c3,c4,1775,?,i9,
1769500831.2443416,FORWARDED,faaa1ba6-4c38-4782-9f44-0ecca4ccc051,fe7805b7-301d-4aeb-85e4-99824dfadb45,c3,c4,1775,?,i9,
1769500831.2735074,RECEIVED,9d67f209-9525-49ac-b581-1f6ec1d5ce72,cd315b6b-a58b-48bf-8450-74985d711d0a,c5,DROP,1438,p2,?,
1769500831.2738419,RECEIVED,5f482e22-42a3-449f-aa46-54fd54a99cd0,f5baa396-20a3-47f1-8982-c0501454b855,c1,DROP,1439,p1,?,
1769500831.2747664,SENT,567b04cc-a2f9-431c-945a-a9d3e511d004,aec2e49b-1674-4f1b-b586-4e3a57d3fffb,c2,None,1613,?,i1,
1769500831.2748077,FORWARDED,567b04cc-a2f9-431c-945a-a9d3e511d004,aec2e49b-1674-4f1b-b586-4e3a57d3fffb,c2,None,1613,?,i1,
1769500831.3482203,SENT,ded1c720-a4a6-46b9-a988-9c9367ce78c6,a138c322-02b0-44aa-ad9f-de0f13face35,c1,DROP,1020,?,i4,
1769500831.3482585,FORWARDED,ded1c720-a4a6-46b9-a988-9c9367ce78c6,a138c322-02b0-44aa-ad9f-de0f13face35,c1,DROP,1020,?,i4,
1769500831.360427,SENT,68f66b1c-f1c0-4a5e-a51c-9a9ab5865181,be561016-fbfe-49ba-bb62-bd9b91ffa628,c2,None,1596,?,i1,
1769500831.3604705,FORWARDED,68f66b1c-f1c0-4a5e-a51c-9a9ab5865181,be561016-fbfe-49ba-bb62-bd9b91ffa628,c2,None,1596,?,i1,
1769500831.4439929,RECEIVED,4434a640-145d-40f1-8fd4-3b4d321a9c0e,408ed466-62b8-4762-9b72-eaded7cff0f6,c2,DROP,1443,p2,?,
1769500831.454217,RECEIVED,e40e0839-e724-403f-9de6-2cda0c553886,b16c3d8a-e24a-41db-93df-449095bd0e4d,c5,None,2236,p2,?,
1769500831.4798505,SENT,d305defc-33d8-4604-84a4-1e7399c7ebd4,58169d5a-2fe5-4af6-83da-cd10a5059790,c3,DROP,1016,?,i4,
1769500831.4798884,FORWARDED,d305defc-33d8-4604-84a4-1e7399c7ebd4,58169d5a-2fe5-4af6-83da-cd10a5059790,c3,DROP,1016,?,i4,
1769500831.608736,RECEIVED,a163397b-932c-4ad1-bde2-991fa6163956,bff13b17-bd36-436d-8685-927980f62467,c1,DROP,1449,p1,?,
1769500831.6821072,SENT,a163397b-932c-4ad1-bde2-991fa6163956,bff13b17-bd36-436d-8685-927980f62467,c1,DROP,1012,?,i12,
1769500831.6821485,FORWARDED,a163397b-932c-4ad1-bde2-991fa6163956,bff13b17-bd36-436d-8685-927980f62467,c1,DROP,1012,?,i12,
1769500831.7392054,RECEIVED,146c061a-3bb1-4b19-90ed-446387d5a613,94fd859d-72c9-41ec-9b27-9b0cc890b65e,c1,DROP,1457,p1,?,
1769500831.784659,SENT,146c061a-3bb1-4b19-90ed-446387d5a613,94fd859d-72c9-41ec-9b27-9b0cc890b65e,c1,DROP,1020,?,i8,
1769500831.7846966,FORWARDED,146c061a-3bb1-4b19-90ed-446387d5a613,94fd859d-72c9-41ec-9b27-9b0cc890b65e,c1,DROP,1020,?,i8,
1769500831.8117301,RECEIVED,34ff46ea-8f8b-4bbc-b35e-e1ee202061d1,d6c0c25f-6dd8-41dd-8b86-cf3a559cd460,c5,None,2231,p2,?,
1769500831.8588252,SENT,9d67f209-9525-49ac-b581-1f6ec1d5ce72,cd315b6b-a58b-48bf-8450-74985d711d0a,c5,DROP,1008,?,i4,
1769500831.8591645,FORWARDED,9d67f209-9525-49ac-b581-1f6ec1d5ce72,cd315b6b-a58b-48bf-8450-74985d711d0a,c5,DROP,1008,?,i4,
1769500831.9280276,SENT,e88aa06a-0e17-47a7-886d-7e2c74ff2154,8d8e9945-7c0d-43e0-ba34-2aa595106101,c1,DROP,1012,?,i2,
1769500831.9280808,FORWARDED,e88aa06a-0e17-47a7-886d-7e2c74ff2154,8d8e9945-7c0d-43e0-ba34-2aa595106101,c1,DROP,1012,?,i2,
1769500832.026668,SENT,e40e0839-e724-403f-9de6-2cda0c553886,b16c3d8a-e24a-41db-93df-449095bd0e4d,c5,None,1603,?,i11,
1769500832.0267096,FORWARDED,e40e0839-e724-403f-9de6-2cda0c553886,b16c3d8a-e24a-41db-93df-449095bd0e4d,c5,None,1603,?,i11,
1769500832.039177,SENT,4434a640-145d-40f1-8fd4-3b4d321a9c0e,408ed466-62b8-4762-9b72-eaded7cff0f6,c2,DROP,1011,?,i12,
1769500832.0392163,FORWARDED,4434a640-145d-40f1-8fd4-3b4d321a9c0e,408ed466-62b8-4762-9b72-eaded7cff0f6,c2,DROP,1011,?,i12,
1769500832.1540167,SENT,34ff46ea-8f8b-4bbc-b35e-e1ee202061d1,d6c0c25f-6dd8-41dd-8b86-cf3a559cd460,c5,None,1600,?,i4,
1769500832.1541173,FORWARDED,34ff46ea-8f8b-4bbc-b35e-e1ee202061d1,d6c0c25f-6dd8-41dd-8b86-cf3a559cd460,c5,None,1600,?,i4,
1769500832.1701214,RECEIVED,36f8bbde-b1a4-448b-88ff-9c75c9b3bd8a,581fcc24-3591-475c-9574-da989ef79502,c3,None,2239,p3,?,
1769500832.186152,RECEIVED,2bb227b2-9d58-4f31-875c-c7c39a794b89,50978951-c306-400e-99f5-e3db402312dc,c1,DROP,1440,p1,?,
1769500832.1992776,RECEIVED,b7dd5e0d-be46-49bb-bbd9-95eb5894fe73,8ff64c80-8ab0-4bf0-a06f-7e241bdee246,c3,None,2231,p3,?,
1769500832.2111118,SENT,5f482e22-42a3-449f-aa46-54fd54a99cd0,f5baa396-20a3-47f1-8982-c0501454b855,c1,DROP,1006,?,i1,
1769500832.211154,FORWARDED,5f482e22-42a3-449f-aa46-54fd54a99cd0,f5baa396-20a3-47f1-8982-c0501454b855,c1,DROP,1006,?,i1,
1769500832.2900426,RECEIVED,2a2ba1aa-c303-4c54-826f-e4cf54ab98db,60bf8b7c-d55f-4b1a-ab70-231b8aa450c0,c2,DROP,1441,p2,?,
1769500832.420201,RECEIVED,bcd0a9db-01c0-4ba9-aa16-338468d040f5,31de82fa-a32a-4101-8e7b-a48001e309b2,c3,DROP,1452,p3,?,
1769500832.5301194,SENT,2a2ba1aa-c303-4c54-826f-e4cf54ab98db,60bf8b7c-d55f-4b1a-ab70-231b8aa450c0,c2,DROP,1007,?,i12,
1769500832.5301754,FORWARDED,2a2ba1aa-c303-4c54-826f-e4cf54ab98db,60bf8b7c-d55f-4b1a-ab70-231b8aa450c0,c2,DROP,1007,?,i12,
1769500832.5693781,SENT,2bb227b2-9d58-4f31-875c-c7c39a794b89,50978951-c306-400e-99f5-e3db402312dc,c1,DROP,1006,?,i11,
1769500832.5694199,FORWARDED,2bb227b2-9d58-4f31-875c-c7c39a794b89,50978951-c306-400e-99f5-e3db402312dc,c1,DROP,1006,?,i11,
1769500832.59235,RECEIVED,c334dc4e-de70-411b-9690-f1063d9eace7,1d84021b-7eea-40d1-93d5-64d129343b9c,c3,c4,2463,p3,?,
1769500832.6474242,SENT,bcd0a9db-01c0-4ba9-aa16-338468d040f5,31de82fa-a32a-4101-8e7b-a48001e309b2,c3,DROP,1015,?,i4,
1769500832.6474645,FORWARDED,bcd0a9db-01c0-4ba9-aa16-338468d040f5,31de82fa-a32a-4101-8e7b-a48001e309b2,c3,DROP,1015,?,i4,
1769500832.7632644,RECEIVED,c7c4406a-6c26-4566-ad7b-700a84a4d7ea,0eeb2a99-b491-4035-b763-e7212ad87ec8,c1,DROP,1452,p1,?,
1769500832.8788545,RECEIVED,6ec998ce-4e86-4ec1-bc5c-ded9837ddd40,8b1077dc-d719-430d-8929-ac7467fbc6a4,c2,DROP,1440,p2,?,
1769500832.9107487,RECEIVED,f1917ee5-b728-4b88-8ba3-d8e189c031bd,e53456ff-b9cd-4ede-a33e-9564b4ac3bae,c1,DROP,1445,p1,?,
1769500832.928468,SENT,c7c4406a-6c26-4566-ad7b-700a84a4d7ea,0eeb2a99-b491-4035-b763-e7212ad87ec8,c1,DROP,1016,?,i2,
1769500832.9285166,FORWARDED,c7c4406a-6c26-4566-ad7b-700a84a4d7ea,0eeb2a99-b491-4035-b763-e7212ad87ec8,c1,DROP,1016,?,i2,
1769500832.9494126,SENT,f1917ee5-b728-4b88-8ba3-d8e189c031bd,e53456ff-b9cd-4ede-a33e-9564b4ac3bae,c1,DROP,1011,?,i3,
1769500832.9494576,FORWARDED,f1917ee5-b728-4b88-8ba3-d8e189c031bd,e53456ff-b9cd-4ede-a33e-9564b4ac3bae,c1,DROP,1011,?,i3,
1769500832.9514318,RECEIVED,c425fc7a-cd01-4b65-ba63-72cbb8e6f6d5,5c0a99b2-1975-43b9-8e3c-b9b660ca83f1,c3,DROP,1448,p3,?,
1769500833.0436223,RECEIVED,8f553f9e-3257-4597-ba1b-cc59d499d5f6,b852de16-f3f0-43d7-a13a-26ec25676756,c1,c5,2473,p1,?,
1769500833.0555267,RECEIVED,3308f599-d2da-4292-b3c2-fd6c072027f1,ec4c27d0-c112-492f-a800-cb9983c64f78,c3,DROP,1457,p3,?,
1769500833.065239,SENT,8f553f9e-3257-4597-ba1b-cc59d499d5f6,b852de16-f3f0-43d7-a13a-26ec25676756,c1,c5,1782,?,i11,
1769500833.0652819,FORWARDED,8f553f9e-3257-4597-ba1b-cc59d499d5f6,b852de16-f3f0-43d7-a13a-26ec25676756,c1,c5,1782,?,i11,
1769500833.1029718,RECEIVED,408ea7ea-df05-4ff4-96a0-042fe67c9054,1b7ed352-18a9-4d22-8252-02e242fd473f,c1,DROP,1462,p1,?,
1769500833.1695042,SENT,408ea7ea-df05-4ff4-96a0-042fe67c9054,1b7ed352-18a9-4d22-8252-02e242fd473f,c1,DROP,1021,?,i10,
1769500833.1695507,FORWARDED,408ea7ea-df05-4ff4-96a0-042fe67c9054,1b7ed352-18a9-4d22-8252-02e242fd473f,c1,DROP,1021,?,i10,
1769500833.1927314,SENT,b7dd5e0d-be46-49bb-bbd9-95eb5894fe73,8ff64c80-8ab0-4bf0-a06f-7e241bdee246,c3,None,1601,?,i3,
1769500833.1927757,FORWARDED,b7dd5e0d-be46-49bb-bbd9-95eb5894fe73,8ff64c80-8ab0-4bf0-a06f-7e241bdee246,c3,None,1601,?,i3,
1769500833.205227,SENT,3308f599-d2da-4292-b3c2-fd6c072027f1,ec4c27d0-c112-492f-a800-cb9983c64f78,c3,DROP,1020,?,i12,
1769500833.2052698,FORWARDED,3308f599-d2da-4292-b3c2-fd6c072027f1,ec4c27d0-c112-492f-a800-cb9983c64f78,c3,DROP,1020,?,i12,
1769500833.2668912,RECEIVED,2060c2cf-64e5-4b32-ae67-bed002c000cb,a4e62894-6d76-4e7b-9fce-f01138ff86ef,c5,DROP,1443,p2,?,
1769500833.3132179,SENT,36f8bbde-b1a4-448b-88ff-9c75c9b3bd8a,581fcc24-3591-475c-9574-da989ef79502,c3,None,1607,?,i5,
1769500833.3132596,FORWARDED,36f8bbde-b1a4-448b-88ff-9c75c9b3bd8a,581fcc24-3591-475c-9574-da989ef79502,c3,None,1607,?,i5,
1769500833.4163907,SENT,c425fc7a-cd01-4b65-ba63-72cbb8e6f6d5,5c0a99b2-1975-43b9-8e3c-b9b660ca83f1,c3,DROP,1012,?,i1,
1769500833.4164324,FORWARDED,c425fc7a-cd01-4b65-ba63-72cbb8e6f6d5,5c0a99b2-1975-43b9-8e3c-b9b660ca83f1,c3,DROP,1012,?,i1,
1769500833.4315317,SENT,6ec998ce-4e86-4ec1-bc5c-ded9837ddd40,8b1077dc-d719-430d-8929-ac7467fbc6a4,c2,DROP,1008,?,i11,
1769500833.4315708,FORWARDED,6ec998ce-4e86-4ec1-bc5c-ded9837ddd40,8b1077dc-d719-430d-8929-ac7467fbc6a4,c2,DROP,1008,?,i11,
1769500833.7534559,RECEIVED,ab13cf6e-629c-4489-a504-95053e0b836a,27cb4621-057c-4937-946d-626aad923cbe,c5,DROP,1439,p2,?,
1769500833.7571998,SENT,2060c2cf-64e5-4b32-ae67-bed002c000cb,a4e62894-6d76-4e7b-9fce-f01138ff86ef,c5,DROP,1011,?,i2,
1769500833.7572634,FORWARDED,2060c2cf-64e5-4b32-ae67-bed002c000cb,a4e62894-6d76-4e7b-9fce-f01138ff86ef,c5,DROP,1011,?,i2,
1769500833.7687244,RECEIVED,8d3f20b3-dbad-4d32-a929-dbd92b073dd9,16a2f2e9-b12d-4fec-ad3c-b14b281e8fbd,c1,DROP,1460,p1,?,
1769500834.0136342,RECEIVED,40d4ceba-237d-4c94-a87f-4ac98483cff4,1d2131d7-ed62-421f-95bb-ebadcd724917,c3,DROP,1439,p3,?,
1769500834.0405731,SENT,ab13cf6e-629c-4489-a504-95053e0b836a,27cb4621-057c-4937-946d-626aad923cbe,c5,DROP,1008,?,i5,
1769500834.0406127,FORWARDED,ab13cf6e-629c-4489-a504-95053e0b836a,27cb4621-057c-4937-946d-626aad923cbe,c5,DROP,1008,?,i5,
1769500834.0715547,SENT,8d3f20b3-dbad-4d32-a929-dbd92b073dd9,16a2f2e9-b12d-4fec-ad3c-b14b281e8fbd,c1,DROP,1021,?,i11,
1769500834.0715928,FORWARDED,8d3f20b3-dbad-4d32-a929-dbd92b073dd9,16a2f2e9-b12d-4fec-ad3c-b14b281e8fbd,c1,DROP,1021,?,i11,
1769500834.120659,RECEIVED,94970ac0-c091-4cf2-83c2-a0225c8fbee9,379e25b8-fd2e-4310-9bcb-5f32a489b83e,c2,DROP,1438,p2,?,
1769500834.397828,RECEIVED,2ac0c015-12aa-4f3f-b547-9c9b17808e2d,214ca3f5-1c1c-4c9e-ac8a-d2a3d153b397,c1,DROP,1444,p1,?,
1769500834.4269884,SENT,c334dc4e-de70-411b-9690-f1063d9eace7,1d84021b-7eea-40d1-93d5-64d129343b9c,c3,c4,1775,?,i12,
1769500834.4270284,FORWARDED,c334dc4e-de70-411b-9690-f1063d9eace7,1d84021b-7eea-40d1-93d5-64d129343b9c,c3,c4,1775,?,i12,
1769500834.4458249,SENT,2ac0c015-12aa-4f3f-b547-9c9b17808e2d,214ca3f5-1c1c-4c9e-ac8a-d2a3d153b397,c1,DROP,1010,?,i1,
1769500834.4458604,FORWARDED,2ac0c015-12aa-4f3f-b547-9c9b17808e2d,214ca3f5-1c1c-4c9e-ac8a-d2a3d153b397,c1,DROP,1010,?,i1,
1769500834.4797506,RECEIVED,72efc62c-5dc3-4dde-88ed-bf23d7538068,0ff29ddc-3734-41d5-ba91-d2412fc2957b,c4,DROP,442,x7,?,
1769500834.504952,RECEIVED,fa740a83-8ddb-4cb1-85ba-6be60664414e,e98a4e49-f6e0-41a9-86ce-002fd788111a,c3,DROP,1452,p3,?,
1769500834.6662996,RECEIVED,ee661a4c-2e3b-49db-8926-13ec3b340e11,e8a3ddec-a5a4-4572-b997-28b77a62de53,c5,None,2228,p2,?,
1769500834.8126338,RECEIVED,a5a740ef-2f17-42b3-aad5-a53e05b1a0b8,68a548a6-cd7a-4a00-91fb-ad3511bd4a36,c4,c3,2452,p1,?,
1769500834.818754,SENT,ee661a4c-2e3b-49db-8926-13ec3b340e11,e8a3ddec-a5a4-4572-b997-28b77a62de53,c5,None,1597,?,i8,
1769500834.818793,FORWARDED,ee661a4c-2e3b-49db-8926-13ec3b340e11,e8a3ddec-a5a4-4572-b997-28b77a62de53,c5,None,1597,?,i8,
1769500834.8309522,SENT,fa740a83-8ddb-4cb1-85ba-6be60664414e,e98a4e49-f6e0-41a9-86ce-002fd788111a,c3,DROP,1017,?,i11,
1769500834.8309941,FORWARDED,fa740a83-8ddb-4cb1-85ba-6be60664414e,e98a4e49-f6e0-41a9-86ce-002fd788111a,c3,DROP,1017,?,i11,
1769500834.8648677,RECEIVED,df4378f9-896e-4c67-ad19-140b79034f5b,214f257d-7696-49d1-ae0c-28071d9ae870,c5,DROP,1440,p2,?,
1769500834.8872256,RECEIVED,4cb4fc7b-1182-4a2e-a581-0a977c0f323e,d0ea437a-9e54-4fa4-885c-5760948883b4,c3,DROP,444,x11,?,
1769500834.98668,RECEIVED,25a5bae1-1b0b-4874-81b1-3e7ad0f09f73,aae591ba-eca6-4802-a501-c513853fdcfc,c5,DROP,441,x3,?,
1769500835.0294266,SENT,a5a740ef-2f17-42b3-aad5-a53e05b1a0b8,68a548a6-cd7a-4a00-91fb-ad3511bd4a36,c4,c3,1767,?,i2,
1769500835.0294747,FORWARDED,a5a740ef-2f17-42b3-aad5-a53e05b1a0b8,68a548a6-cd7a-4a00-91fb-ad3511bd4a36,c4,c3,1767,?,i2,
1769500835.0309992,RECEIVED,c6bc081e-4060-4038-bce9-0bb07b0f82b6,8f289026-683a-4975-b39b-4a224e23c459,c5,DROP,1444,p2,?,
1769500835.0316372,RECEIVED,6133f537-6558-43dc-828c-4107619cca90,eb664c1b-555b-4522-a80a-270c9c443925,c3,DROP,1440,p3,?,
1769500835.0717654,SENT,6133f537-6558-43dc-828c-4107619cca90,eb664c1b-555b-4522-a80a-270c9c443925,c3,DROP,1008,?,i8,
1769500835.0718062,FORWARDED,6133f537-6558-43dc-828c-4107619cca90,eb664c1b-555b-4522-a80a-270c9c443925,c3,DROP,1008,?,i8,
1769500835.073175,SENT,df4378f9-896e-4c67-ad19-140b79034f5b,214f257d-7696-49d1-ae0c-28071d9ae870,c5,DROP,1008,?,i10,
1769500835.073214,FORWARDED,df4378f9-896e-4c67-ad19-140b79034f5b,214f257d-7696-49d1-ae0c-28071d9ae870,c5,DROP,1008,?,i10,
1769500835.1263902,SENT,40d4ceba-237d-4c94-a87f-4ac98483cff4,1d2131d7-ed62-421f-95bb-ebadcd724917,c3,DROP,1007,?,i2,
1769500835.1264334,FORWARDED,40d4ceba-237d-4c94-a87f-4ac98483cff4,1d2131d7-ed62-421f-95bb-ebadcd724917,c3,DROP,1007,?,i2,
1769500835.1514919,RECEIVED,39efcf58-65b5-4914-8e46-0dde3cd1430f,8c3d9ef8-4c65-4860-a47c-66b2d237a336,c2,DROP,1451,p2,?,
1769500835.2605095,RECEIVED,c1c5f9d2-97e2-4628-8c2f-b7564d7bce5e,2708c760-2814-4181-bdc9-4436ef0e28b3,c2,None,2236,p2,?,
1769500835.2620833,SENT,c6bc081e-4060-4038-bce9-0bb07b0f82b6,8f289026-683a-4975-b39b-4a224e23c459,c5,DROP,1011,?,i2,
1769500835.2621195,FORWARDED,c6bc081e-4060-4038-bce9-0bb07b0f82b6,8f289026-683a-4975-b39b-4a224e23c459,c5,DROP,1011,?,i2,
1769500835.3397589,SENT,94970ac0-c091-4cf2-83c2-a0225c8fbee9,379e25b8-fd2e-4310-9bcb-5f32a489b83e,c2,DROP,1008,?,i1,
1769500835.3398263,FORWARDED,94970ac0-c091-4cf2-83c2-a0225c8fbee9,379e25b8-fd2e-4310-9bcb-5f32a489b83e,c2,DROP,1008,?,i1,
1769500835.3485265,SENT,39efcf58-65b5-4914-8e46-0dde3cd1430f,8c3d9ef8-4c65-4860-a47c-66b2d237a336,c2,DROP,1017,?,i8,
1769500835.3485668,FORWARDED,39efcf58-65b5-4914-8e46-0dde3cd1430f,8c3d9ef8-4c65-4860-a47c-66b2d237a336,c2,DROP,1017,?,i8,
1769500835.3526933,SENT,c1c5f9d2-97e2-4628-8c2f-b7564d7bce5e,2708c760-2814-4181-bdc9-4436ef0e28b3,c2,None,1604,?,i9,
1769500835.3527355,FORWARDED,c1c5f9d2-97e2-4628-8c2f-b7564d7bce5e,2708c760-2814-4181-bdc9-4436ef0e28b3,c2,None,1604,?,i9,
1769500835.4084244,RECEIVED,0f0bd8c2-f952-4b1c-a9f1-93bbeef0b765,baa81200-c72c-4f6b-91d5-f2b5d433872b,c1,DROP,1448,p1,?,
1769500835.441306,RECEIVED,3b21bb48-c38d-4a2b-9f15-1aba9333b4d8,1e441fac-f346-4846-b049-7ae727a29ebf,c5,c2,2451,p2,?,
1769500835.4689946,RECEIVED,6770d521-fef1-469a-a710-8e1c44f4c47c,f4a42bd8-733e-4491-8642-7950e66c99d9,c1,DROP,1452,p1,?,
1769500835.5254428,SENT,6770d521-fef1-469a-a710-8e1c44f4c47c,f4a42bd8-733e-4491-8642-7950e66c99d9,c1,DROP,1016,?,i3,
1769500835.525736,FORWARDED,6770d521-fef1-469a-a710-8e1c44f4c47c,f4a42bd8-733e-4491-8642-7950e66c99d9,c1,DROP,1016,?,i3,
1769500835.5683954,RECEIVED,f93cc66e-5306-43f2-ae28-99dd18c079b7,6754e824-7b06-4474-a9d2-82838c3fb24a,c5,DROP,1447,p2,?,
1769500835.7190793,SENT,0f0bd8c2-f952-4b1c-a9f1-93bbeef0b765,baa81200-c72c-4f6b-91d5-f2b5d433872b,c1,DROP,1013,?,i7,
1769500835.7191198,FORWARDED,0f0bd8c2-f952-4b1c-a9f1-93bbeef0b765,baa81200-c72c-4f6b-91d5-f2b5d433872b,c1,DROP,1013,?,i7,
1769500835.7874632,RECEIVED,471f74a8-ee0f-4303-9caa-8149b704a524,7f1574db-9578-4f1b-b98e-422dd5be15b1,c1,DROP,1448,p1,?,
1769500835.889154,RECEIVED,b83668ee-6772-4abf-b443-e1532093ed87,762d8d8d-d625-4bdf-9601-726442579346,c4,c3,2478,p1,?,
1769500835.9171796,RECEIVED,457d3dd8-413d-461b-aba9-0c40577f75d7,409bc1e6-7163-4fd9-aab7-c200286b1a91,c3,DROP,1460,p3,?,
1769500835.921412,SENT,b83668ee-6772-4abf-b443-e1532093ed87,762d8d8d-d625-4bdf-9601-726442579346,c4,c3,1785,?,i10,
1769500835.9214537,FORWARDED,b83668ee-6772-4abf-b443-e1532093ed87,762d8d8d-d625-4bdf-9601-726442579346,c4,c3,1785,?,i10,
1769500835.9753172,RECEIVED,d3411877-4fa5-45f8-90b6-b81639f60091,45c18780-613a-4506-b1ca-18d5055f613e,c3,DROP,1461,p3,?,
1769500835.9804754,SENT,f93cc66e-5306-43f2-ae28-99dd18c079b7,6754e824-7b06-4474-a9d2-82838c3fb24a,c5,DROP,1012,?,i4,
1769500835.9805143,FORWARDED,f93cc66e-5306-43f2-ae28-99dd18c079b7,6754e824-7b06-4474-a9d2-82838c3fb24a,c5,DROP,1012,?,i4,
1769500836.015658,SENT,d3411877-4fa5-45f8-90b6-b81639f60091,45c18780-613a-4506-b1ca-18d5055f613e,c3,DROP,1021,?,i2,
1769500836.0157015,FORWARDED,d3411877-4fa5-45f8-90b6-b81639f60091,45c18780-613a-4506-b1ca-18d5055f613e,c3,DROP,1021,?,i2,
1769500836.1103864,RECEIVED,93a73288-e9fc-440b-b018-ea6c16f7e192,081764a4-3582-4147-8345-81112a79c691,c2,DROP,1452,p2,?,
1769500836.1375933,RECEIVED,0b5680a9-4a42-4871-b628-66c653ac67a2,acca9856-48d3-4d07-b28e-4288bf26c9b5,c4,None,2225,p1,?,
1769500836.163277,RECEIVED,ab8b521a-768b-4e55-849c-6470b1c5c6c5,6a3842ba-7b5c-47b5-a5e9-dc29f3f93e98,c4,DROP,1448,p1,?,
1769500836.208511,RECEIVED,f7ed9a0b-65d8-4ce6-905b-6bade9c99fd8,f17df461-f42b-4ef3-99e6-755f9a1bf2b8,c2,DROP,1448,p2,?,
1769500836.2175333,SENT,0b5680a9-4a42-4871-b628-66c653ac67a2,acca9856-48d3-4d07-b28e-4288bf26c9b5,c4,None,1596,?,i11,
1769500836.2175772,FORWARDED,0b5680a9-4a42-4871-b628-66c653ac67a2,acca9856-48d3-4d07-b28e-4288bf26c9b5,c4,None,1596,?,i11,
1769500836.361857,SENT,457d3dd8-413d-461b-aba9-0c40577f75d7,409bc1e6-7163-4fd9-aab7-c200286b1a91,c3,DROP,1021,?,i12,
1769500836.3618953,FORWARDED,457d3dd8-413d-461b-aba9-0c40577f75d7,409bc1e6-7163-4fd9-aab7-c200286b1a91,c3,DROP,1021,?,i12,
1769500836.3936844,SENT,ab8b521a-768b-4e55-849c-6470b1c5c6c5,6a3842ba-7b5c-47b5-a5e9-dc29f3f93e98,c4,DROP,1014,?,i1,
1769500836.3937273,FORWARDED,ab8b521a-768b-4e55-849c-6470b1c5c6c5,6a3842ba-7b5c-47b5-a5e9-dc29f3f93e98,c4,DROP,1014,?,i1,
1769500836.4782157,SENT,93a73288-e9fc-440b-b018-ea6c16f7e192,081764a4-3582-4147-8345-81112a79c691,c2,DROP,1015,?,i2,
1769500836.4782653,FORWARDED,93a73288-e9fc-440b-b018-ea6c16f7e192,081764a4-3582-4147-8345-81112a79c691,c2,DROP,1015,?,i2,
1769500836.5685558,SENT,471f74a8-ee0f-4303-9caa-8149b704a524,7f1574db-9578-4f1b-b98e-422dd5be15b1,c1,DROP,1013,?,i12,
1769500836.568601,FORWARDED,471f74a8-ee0f-4303-9caa-8149b704a524,7f1574db-9578-4f1b-b98e-422dd5be15b1,c1,DROP,1013,?,i12,
1769500836.5703413,RECEIVED,b4f31e90-3e90-4676-9496-f7acd9769cf6,b03bcf91-ed20-400f-a29f-81013feb1743,c1,DROP,1440,p1,?,
1769500836.9927711,RECEIVED,e815bd95-2256-4800-9291-cfdb1a4ee59e,e4e7b577-0efc-4028-8f2c-1425f2e17ef1,c3,DROP,442,x6,?,
1769500837.0436246,RECEIVED,90aaf400-c339-47a3-8b19-a3905f93420e,899bcbbf-4e67-429e-9841-fcaa1a245801,c3,DROP,1444,p3,?,
1769500837.1130412,RECEIVED,53ec7904-468b-4bf6-bbcd-6ac225884519,e8c2acb2-455b-4763-98de-96882c056255,c5,c2,2460,p2,?,
1769500837.1688795,SENT,3b21bb48-c38d-4a2b-9f15-1aba9333b4d8,1e441fac-f346-4846-b049-7ae727a29ebf,c5,c2,1767,?,i2,
1769500837.1689203,FORWARDED,3b21bb48-c38d-4a2b-9f15-1aba9333b4d8,1e441fac-f346-4846-b049-7ae727a29ebf,c5,c2,1767,?,i2,
1769500837.3051765,SENT,53ec7904-468b-4bf6-bbcd-6ac225884519,e8c2acb2-455b-4763-98de-96882c056255,c5,c2,1772,?,i9,
1769500837.3052168,FORWARDED,53ec7904-468b-4bf6-bbcd-6ac225884519,e8c2acb2-455b-4763-98de-96882c056255,c5,c2,1772,?,i9,
1769500837.413031,RECEIVED,3ecd4f76-82fb-4670-a460-c51d7a0247dc,11b8e205-be1f-4d48-8785-37dc7b2158ac,c4,c3,2467,p1,?,
1769500837.4936972,SENT,90aaf400-c339-47a3-8b19-a3905f93420e,899bcbbf-4e67-429e-9841-fcaa1a245801,c3,DROP,1011,?,i8,
1769500837.4941096,FORWARDED,90aaf400-c339-47a3-8b19-a3905f93420e,899bcbbf-4e67-429e-9841-fcaa1a245801,c3,DROP,1011,?,i8,
1769500837.5083435,RECEIVED,300ff348-46de-46ed-9a3e-e8c6c6ab1a00,c0f73e87-ae94-4130-8010-4e396e9577b7,c1,DROP,1445,p1,?,
1769500837.5354328,SENT,f7ed9a0b-65d8-4ce6-905b-6bade9c99fd8,f17df461-f42b-4ef3-99e6-755f9a1bf2b8,c2,DROP,1014,?,i10,
1769500837.535476,FORWARDED,f7ed9a0b-65d8-4ce6-905b-6bade9c99fd8,f17df461-f42b-4ef3-99e6-755f9a1bf2b8,c2,DROP,1014,?,i10,
1769500837.5470157,SENT,300ff348-46de-46ed-9a3e-e8c6c6ab1a00,c0f73e87-ae94-4130-8010-4e396e9577b7,c1,DROP,1011,?,i1,
1769500837.5470717,FORWARDED,300ff348-46de-46ed-9a3e-e8c6c6ab1a00,c0f73e87-ae94-4130-8010-4e396e9577b7,c1,DROP,1011,?,i1,
1769500837.6438868,RECEIVED,bde21017-4717-4c49-aa9c-665383968135,a535ebca-c9b1-4bd0-990b-a2227c36bcb5,c1,DROP,1441,p1,?,
1769500837.6690657,SENT,bde21017-4717-4c49-aa9c-665383968135,a535ebca-c9b1-4bd0-990b-a2227c36bcb5,c1,DROP,1007,?,i6,
1769500837.6691086,FORWARDED,bde21017-4717-4c49-aa9c-665383968135,a535ebca-c9b1-4bd0-990b-a2227c36bcb5,c1,DROP,1007,?,i6,
1769500837.8829985,RECEIVED,432262db-328e-4528-b2ad-e6dd9c0c51b2,6fde75d1-30b0-4877-b442-27af73464ce3,c1,None,2223,p1,?,
1769500838.0668583,RECEIVED,f9600909-301e-41a8-b8e0-72826fd8c517,d3992c6c-f0e1-461b-a73d-ca943821a1e1,c5,DROP,1448,p2,?,
1769500838.0798867,RECEIVED,6994c19f-c39f-4e0e-b714-ce5b827443be,f983d928-d791-44e2-bee2-a54652395d7b,c4,DROP,442,x10,?,
1769500838.095705,RECEIVED,4c853c03-b98f-4e44-869e-e5649f411f4a,f03c720f-1205-447a-a124-430fd35d6ae9,c1,None,2232,p1,?,
1769500838.1635349,SENT,f9600909-301e-41a8-b8e0-72826fd8c517,d3992c6c-f0e1-461b-a73d-ca943821a1e1,c5,DROP,1014,?,i8,
1769500838.1635764,FORWARDED,f9600909-301e-41a8-b8e0-72826fd8c517,d3992c6c-f0e1-461b-a73d-ca943821a1e1,c5,DROP,1014,?,i8,
1769500838.1912067,RECEIVED,ca5102bd-25ce-40eb-b3d2-830f07d0da63,b785d2ea-b2cf-4163-90cf-cfb969ddb06c,c5,DROP,442,x9,?,
1769500838.5581408,RECEIVED,9539dd0f-5c90-44ad-8e6d-4e5738cbc4bc,8ed20c8f-fa13-4fe4-ad4e-6a6dd3d280b2,c1,c5,2476,p1,?,
1769500838.6621258,SENT,4c853c03-b98f-4e44-869e-e5649f411f4a,f03c720f-1205-447a-a124-430fd35d6ae9,c1,None,1600,?,i12,
1769500838.662166,FORWARDED,4c853c03-b98f-4e44-869e-e5649f411f4a,f03c720f-1205-447a-a124-430fd35d6ae9,c1,None,1600,?,i12,
1769500838.7233143,SENT,b4f31e90-3e90-4676-9496-f7acd9769cf6,b03bcf91-ed20-400f-a29f-81013feb1743,c1,DROP,1007,?,i10,
1769500838.7233553,FORWARDED,b4f31e90-3e90-4676-9496-f7acd9769cf6,b03bcf91-ed20-400f-a29f-81013feb1743,c1,DROP,1007,?,i10,
1769500838.7421105,SENT,432262db-328e-4528-b2ad-e6dd9c0c51b2,6fde75d1-30b0-4877-b442-27af73464ce3,c1,None,1596,?,i5,
1769500838.7421546,FORWARDED,432262db-328e-4528-b2ad-e6dd9c0c51b2,6fde75d1-30b0-4877-b442-27af73464ce3,c1,None,1596,?,i5,
1769500838.8131442,SENT,3ecd4f76-82fb-4670-a460-c51d7a0247dc,11b8e205-be1f-4d48-8785-37dc7b2158ac,c4,c3,1777,?,i7,
1769500838.8131828,FORWARDED,3ecd4f76-82fb-4670-a460-c51d7a0247dc,11b8e205-be1f-4d48-8785-37dc7b2158ac,c4,c3,1777,?,i7,
1769500838.8411298,RECEIVED,a551b8bb-e283-4a5a-9e55-85a45c14ca8b,e64cea84-a8bc-48f2-aba9-c9ccbe786687,c5,DROP,1453,p2,?,
1769500838.8934097,RECEIVED,c0fd89ff-8001-4f85-817b-43018a64b272,080cbe8c-8960-42ef-b743-bcf5f07e6a50,c2,None,2228,p2,?,
1769500838.9671555,RECEIVED,97307fcd-685f-4e33-b459-55ff4a9c249b,9270edd9-f20c-4cec-9d3d-9d3aa7c939a0,c4,DROP,1447,p1,?,
1769500839.0813212,RECEIVED,082c4a05-f0d0-43a3-9a2c-9e5009bc73ee,15d94f5c-30e5-45c6-a261-18f703ba5c8c,c5,DROP,1436,p2,?,
1769500839.1366622,RECEIVED,171597ca-49ee-4727-a292-fb47189ffe52,58e4e886-dc1d-4d76-94c5-c98f1213fd4d,c5,None,2235,p2,?,
1769500839.2029402,SENT,a551b8bb-e283-4a5a-9e55-85a45c14ca8b,e64cea84-a8bc-48f2-aba9-c9ccbe786687,c5,DROP,1015,?,i10,
1769500839.2029796,FORWARDED,a551b8bb-e283-4a5a-9e55-85a45c14ca8b,e64cea84-a8bc-48f2-aba9-c9ccbe786687,c5,DROP,1015,?,i10,
1769500839.2180266,RECEIVED,24e7cd24-30d1-4b80-92ff-202bd3b23ebc,2c2a3751-925c-4941-bd97-5d364759fbd4,c1,None,2232,p1,?,
1769500839.3041272,SENT,24e7cd24-30d1-4b80-92ff-202bd3b23ebc,2c2a3751-925c-4941-bd97-5d364759fbd4,c1,None,1602,?,i12,
1769500839.3042302,FORWARDED,24e7cd24-30d1-4b80-92ff-202bd3b23ebc,2c2a3751-925c-4941-bd97-5d364759fbd4,c1,None,1602,?,i12,
1769500839.3422308,SENT,9539dd0f-5c90-44ad-8e6d-4e5738cbc4bc,8ed20c8f-fa13-4fe4-ad4e-6a6dd3d280b2,c1,c5,1785,?,i11,
1769500839.3422647,FORWARDED,9539dd0f-5c90-44ad-8e6d-4e5738cbc4bc,8ed20c8f-fa13-4fe4-ad4e-6a6dd3d280b2,c1,c5,1785,?,i11,
1769500839.3435643,RECEIVED,54db9f4f-d2da-4826-9e26-a5b3972ef61a,8e682ad0-48ec-49d5-afc5-7b4472c5b36c,c2,DROP,442,x1,?,
1769500839.3533995,SENT,c0fd89ff-8001-4f85-817b-43018a64b272,080cbe8c-8960-42ef-b743-bcf5f07e6a50,c2,None,1599,?,i8,
1769500839.353441,FORWARDED,c0fd89ff-8001-4f85-817b-43018a64b272,080cbe8c-8960-42ef-b743-bcf5f07e6a50,c2,None,1599,?,i8,
1769500839.4468653,SENT,082c4a05-f0d0-43a3-9a2c-9e5009bc73ee,15d94f5c-30e5-45c6-a261-18f703ba5c8c,c5,DROP,1004,?,i7,
1769500839.44691,FORWARDED,082c4a05-f0d0-43a3-9a2c-9e5009bc73ee,15d94f5c-30e5-45c6-a261-18f703ba5c8c,c5,DROP,1004,?,i7,
1769500839.4530714,RECEIVED,fd7e032b-f1c0-427a-ba3e-97bea86c6408,a260b324-8da9-4830-9d2b-7db855d54e7e,c1,None,2232,p1,?,
1769500839.6198728,SENT,fd7e032b-f1c0-427a-ba3e-97bea86c6408,a260b324-8da9-4830-9d2b-7db855d54e7e,c1,None,1600,?,i4,
1769500839.6199126,FORWARDED,fd7e032b-f1c0-427a-ba3e-97bea86c6408,a260b324-8da9-4830-9d2b-7db855d54e7e,c1,None,1600,?,i4,
1769500839.7314565,SENT,171597ca-49ee-4727-a292-fb47189ffe52,58e4e886-dc1d-4d76-94c5-c98f1213fd4d,c5,None,1604,?,i1,
1769500839.7315001,FORWARDED,171597ca-49ee-4727-a292-fb47189ffe52,58e4e886-dc1d-4d76-94c5-c98f1213fd4d,c5,None,1604,?,i1,
1769500839.7421048,RECEIVED,f8c25196-6f52-40ac-8065-03ef1eec5153,94426fe3-fc88-40bc-848f-d93f9808e55c,c4,DROP,1448,p1,?,
1769500839.7533474,SENT,97307fcd-685f-4e33-b459-55ff4a9c249b,9270edd9-f20c-4cec-9d3d-9d3aa7c939a0,c4,DROP,1012,?,i3,
1769500839.7533922,FORWARDED,97307fcd-685f-4e33-b459-55ff4a9c249b,9270edd9-f20c-4cec-9d3d-9d3aa7c939a0,c4,DROP,1012,?,i3,
1769500839.9358573,RECEIVED,96dd6998-14a9-492b-a956-998ea641c9c2,a92d6d96-2947-438a-bd7d-c1c59aa67e0b,c1,c5,2455,p1,?,
1769500840.0574784,SENT,f8c25196-6f52-40ac-8065-03ef1eec5153,94426fe3-fc88-40bc-848f-d93f9808e55c,c4,DROP,1013,?,i3,
1769500840.0575154,FORWARDED,f8c25196-6f52-40ac-8065-03ef1eec5153,94426fe3-fc88-40bc-848f-d93f9808e55c,c4,DROP,1013,?,i3,
1769500840.1036317,RECEIVED,176e6e93-9da8-4747-8af6-966a386ba877,d6e53a7e-b712-4249-bee8-4fe5e3305191,c5,DROP,441,x1,?,
1769500840.1551592,RECEIVED,8930131c-924d-49db-840b-f40e41da9c33,221bc3b8-3b7c-40c4-996b-6f8291618a0e,c2,DROP,1440,p2,?,
1769500840.1816394,RECEIVED,0126441d-3e71-4943-beda-977e88fa83cd,7636eb0c-b1db-44d5-abb1-57bc41c975d0,c3,DROP,1445,p3,?,
1769500840.1873167,RECEIVED,25eb4562-49e7-4b19-9cae-d5e9cc5fec4d,e0073204-c6db-4cac-b6fb-fe85a7358e90,c2,DROP,1441,p2,?,
1769500840.2505665,RECEIVED,2446a63b-eb90-4659-9bda-144ca4f35dad,3817b51c-adff-458f-9ea6-1f9e4dc3f058,c1,DROP,1445,p1,?,
1769500840.2618456,SENT,0126441d-3e71-4943-beda-977e88fa83cd,7636eb0c-b1db-44d5-abb1-57bc41c975d0,c3,DROP,1011,?,i4,
1769500840.26189,FORWARDED,0126441d-3e71-4943-beda-977e88fa83cd,7636eb0c-b1db-44d5-abb1-57bc41c975d0,c3,DROP,1011,?,i4,
1769500840.2647707,SENT,25eb4562-49e7-4b19-9cae-d5e9cc5fec4d,e0073204-c6db-4cac-b6fb-fe85a7358e90,c2,DROP,1006,?,i10,
1769500840.264813,FORWARDED,25eb4562-49e7-4b19-9cae-d5e9cc5fec4d,e0073204-c6db-4cac-b6fb-fe85a7358e90,c2,DROP,1006,?,i10,
1769500840.2934597,SENT,8930131c-924d-49db-840b-f40e41da9c33,221bc3b8-3b7c-40c4-996b-6f8291618a0e,c2,DROP,1008,?,i8,
1769500840.2935014,FORWARDED,8930131c-924d-49db-840b-f40e41da9c33,221bc3b8-3b7c-40c4-996b-6f8291618a0e,c2,DROP,1008,?,i8,
1769500840.3569562,RECEIVED,707816ea-6f29-4ce1-a9cb-806d6098855e,394b2d25-036b-42b2-aaab-3b223786f202,c5,DROP,1448,p2,?,
1769500840.4421775,SENT,96dd6998-14a9-492b-a956-998ea641c9c2,a92d6d96-2947-438a-bd7d-c1c59aa67e0b,c1,c5,1768,?,i2,
1769500840.4422197,FORWARDED,96dd6998-14a9-492b-a956-998ea641c9c2,a92d6d96-2947-438a-bd7d-c1c59aa67e0b,c1,c5,1768,?,i2,
1769500840.4974527,RECEIVED,2927cf64-ee9d-4051-ac79-8da825a3960b,b24d2f1e-5d35-4222-8264-73a0164a8289,c1,DROP,1443,p1,?,
1769500840.6199276,RECEIVED,6ee053ba-6582-40c8-874f-29119d7fa2a7,fefc2a1b-43f7-47a3-9661-257355da9923,c2,DROP,1439,p2,?,
1769500840.6975076,SENT,2446a63b-eb90-4659-9bda-144ca4f35dad,3817b51c-adff-458f-9ea6-1f9e4dc3f058,c1,DROP,1011,?,i10,
1769500840.69755,FORWARDED,2446a63b-eb90-4659-9bda-144ca4f35dad,3817b51c-adff-458f-9ea6-1f9e4dc3f058,c1,DROP,1011,?,i10,
1769500840.7432516,RECEIVED,4caf45b1-09db-4abd-a0d4-3146a5085467,3c47275f-f3d7-4df8-8535-847a3c6ae22f,c2,None,2235,p2,?,
1769500840.849114,RECEIVED,f9e0f7ba-3d82-4798-b53e-345fc49eaa9f,9c693fe8-8f97-491b-8bec-5805bd972212,c2,DROP,1447,p2,?,
1769500840.884587,RECEIVED,e475ca96-031b-4343-9da3-b705f720878f,f0c36f0f-49c5-42f2-99da-f181b9cdea2b,c4,DROP,441,x8,?,
1769500840.8888779,RECEIVED,72f2d609-d445-485d-9f47-bc8333374adc,b126b43b-e87f-495d-be81-4a4d7769c57e,c3,c4,2464,p3,?,
1769500840.9020772,RECEIVED,6e0cbb0c-2ff5-41fc-b399-bec1a0b1fd08,0df4f8bf-6676-46ff-a65f-508a83b3eca6,c2,None,2239,p2,?,
1769500841.0652702,SENT,2927cf64-ee9d-4051-ac79-8da825a3960b,b24d2f1e-5d35-4222-8264-73a0164a8289,c1,DROP,1009,?,i4,
1769500841.0653138,FORWARDED,2927cf64-ee9d-4051-ac79-8da825a3960b,b24d2f1e-5d35-4222-8264-73a0164a8289,c1,DROP,1009,?,i4,
1769500841.0769308,RECEIVED,894cb543-71f9-4c2d-8ec9-926618d25855,879aa3bf-bfb2-4a82-859e-c2b0452cdc05,c5,DROP,1452,p2,?,
1769500841.1747985,RECEIVED,04cbcdab-b4dc-4d2a-9871-1d530f2f8095,e88a2959-1bb6-40f5-a869-10fd7706d9c2,c3,DROP,1455,p3,?,
1769500841.2269852,SENT,4caf45b1-09db-4abd-a0d4-3146a5085467,3c47275f-f3d7-4df8-8535-847a3c6ae22f,c2,None,1603,?,i2,
1769500841.2270267,FORWARDED,4caf45b1-09db-4abd-a0d4-3146a5085467,3c47275f-f3d7-4df8-8535-847a3c6ae22f,c2,None,1603,?,i2,
1769500841.2395196,SENT,707816ea-6f29-4ce1-a9cb-806d6098855e,394b2d25-036b-42b2-aaab-3b223786f202,c5,DROP,1012,?,i11,
1769500841.2395582,FORWARDED,707816ea-6f29-4ce1-a9cb-806d6098855e,394b2d25-036b-42b2-aaab-3b223786f202,c5,DROP,1012,?,i11,
1769500841.2685463,SENT,f9e0f7ba-3d82-4798-b53e-345fc49eaa9f,9c693fe8-8f97-491b-8bec-5805bd972212,c2,DROP,1012,?,i2,
1769500841.2685947,FORWARDED,f9e0f7ba-3d82-4798-b53e-345fc49eaa9f,9c693fe8-8f97-491b-8bec-5805bd972212,c2,DROP,1012,?,i2,
1769500841.296736,SENT,894cb543-71f9-4c2d-8ec9-926618d25855,879aa3bf-bfb2-4a82-859e-c2b0452cdc05,c5,DROP,1016,?,i3,
1769500841.296784,FORWARDED,894cb543-71f9-4c2d-8ec9-926618d25855,879aa3bf-bfb2-4a82-859e-c2b0452cdc05,c5,DROP,1016,?,i3,
1769500841.3002756,RECEIVED,ed24f532-c7d7-4262-a1d9-b4574584caf9,909b6311-2dd8-4ca6-b1ba-2c625886a24f,c4,c3,2464,p1,?,
1769500841.3407228,RECEIVED,5dfa9344-0748-40eb-be72-fd4e454f955c,34c29280-ace9-42e8-804b-7618e3b81748,c1,DROP,1438,p1,?,
1769500841.3829324,SENT,6ee053ba-6582-40c8-874f-29119d7fa2a7,fefc2a1b-43f7-47a3-9661-257355da9923,c2,DROP,1007,?,i5,
1769500841.382973,FORWARDED,6ee053ba-6582-40c8-874f-29119d7fa2a7,fefc2a1b-43f7-47a3-9661-257355da9923,c2,DROP,1007,?,i5,
1769500841.404135,SENT,ed24f532-c7d7-4262-a1d9-b4574584caf9,909b6311-2dd8-4ca6-b1ba-2c625886a24f,c4,c3,1775,?,i2,
1769500841.4041762,FORWARDED,ed24f532-c7d7-4262-a1d9-b4574584caf9,909b6311-2dd8-4ca6-b1ba-2c625886a24f,c4,c3,1775,?,i2,
1769500841.460261,RECEIVED,4606afea-c5df-4fba-a4a2-5d8696d68c8e,456235b6-e9af-48c3-b62d-0e366e496c79,c5,DROP,441,x9,?,
1769500841.4868472,SENT,72f2d609-d445-485d-9f47-bc8333374adc,b126b43b-e87f-495d-be81-4a4d7769c57e,c3,c4,1776,?,i10,
1769500841.4868917,FORWARDED,72f2d609-d445-485d-9f47-bc8333374adc,b126b43b-e87f-495d-be81-4a4d7769c57e,c3,c4,1776,?,i10,
1769500841.5156178,RECEIVED,65bee6e1-4785-471a-8e9a-0b516968c3d2,9997fdef-0e86-4e72-819a-306cfc83c49e,c5,c2,2463,p2,?,
1769500841.5199862,RECEIVED,f18f0984-a043-430e-96a9-9b01a1dea468,1df3f657-0366-430e-a3d8-5fa756b5b839,c3,c4,2456,p3,?,
1769500841.533849,RECEIVED,81bf2a7a-0424-489e-bcac-95a7093648f4,94f21a89-31c8-4aaf-98a6-0b0fab352a16,c2,c1,2456,p2,?,
1769500841.6631703,SENT,f18f0984-a043-430e-96a9-9b01a1dea468,1df3f657-0366-430e-a3d8-5fa756b5b839,c3,c4,1768,?,i3,
1769500841.663212,FORWARDED,f18f0984-a043-430e-96a9-9b01a1dea468,1df3f657-0366-430e-a3d8-5fa756b5b839,c3,c4,1768,?,i3,
1769500841.7211502,RECEIVED,1bc88fb8-21ed-4010-86d1-fa4a3fb0141b,a49ea8c4-6dbb-49db-8098-3e83b85e6786,c3,DROP,1441,p3,?,
1769500841.731002,RECEIVED,353eb7d5-85bd-4565-9abe-97b37e0468b5,4172278e-6fdb-439a-a01c-0573eba92df3,c1,DROP,1444,p1,?,
1769500841.7735255,SENT,81bf2a7a-0424-489e-bcac-95a7093648f4,94f21a89-31c8-4aaf-98a6-0b0fab352a16,c2,c1,1768,?,i7,
1769500841.77356,FORWARDED,81bf2a7a-0424-489e-bcac-95a7093648f4,94f21a89-31c8-4aaf-98a6-0b0fab352a16,c2,c1,1768,?,i7,
1769500841.8130639,SENT,1bc88fb8-21ed-4010-86d1-fa4a3fb0141b,a49ea8c4-6dbb-49db-8098-3e83b85e6786,c3,DROP,1008,?,i12,
1769500841.813106,FORWARDED,1bc88fb8-21ed-4010-86d1-fa4a3fb0141b,a49ea8c4-6dbb-49db-8098-3e83b85e6786,c3,DROP,1008,?,i12,
1769500841.8243675,SENT,6e0cbb0c-2ff5-41fc-b399-bec1a0b1fd08,0df4f8bf-6676-46ff-a65f-508a83b3eca6,c2,None,1607,?,i7,
1769500841.8244104,FORWARDED,6e0cbb0c-2ff5-41fc-b399-bec1a0b1fd08,0df4f8bf-6676-46ff-a65f-508a83b3eca6,c2,None,1607,?,i7,
1769500841.8650997,RECEIVED,21fac26b-925d-4b54-88be-ec6bdae9ff20,e5fc35e3-18d2-4b91-a3b3-3563262e65a7,c4,DROP,1444,p1,?,
1769500841.8979588,RECEIVED,7e9a5313-b6de-4eca-8254-986480445613,cafc2adc-b817-44f3-9bb9-ed5966d79cfa,c1,DROP,1443,p1,?,
1769500841.9517376,SENT,5dfa9344-0748-40eb-be72-fd4e454f955c,34c29280-ace9-42e8-804b-7618e3b81748,c1,DROP,1007,?,i1,
1769500841.9517767,FORWARDED,5dfa9344-0748-40eb-be72-fd4e454f955c,34c29280-ace9-42e8-804b-7618e3b81748,c1,DROP,1007,?,i1,
1769500842.1498425,SENT,04cbcdab-b4dc-4d2a-9871-1d530f2f8095,e88a2959-1bb6-40f5-a869-10fd7706d9c2,c3,DROP,1020,?,i9,
1769500842.1498842,FORWARDED,04cbcdab-b4dc-4d2a-9871-1d530f2f8095,e88a2959-1bb6-40f5-a869-10fd7706d9c2,c3,DROP,1020,?,i9,
1769500842.1933172,RECEIVED,573d76f0-059c-4c05-ac29-4ca53fd0cff4,05cb1ba1-0dde-4a9b-8928-28d01a0542eb,c4,DROP,1447,p1,?,
1769500842.318276,SENT,21fac26b-925d-4b54-88be-ec6bdae9ff20,e5fc35e3-18d2-4b91-a3b3-3563262e65a7,c4,DROP,1011,?,i3,
1769500842.3183186,FORWARDED,21fac26b-925d-4b54-88be-ec6bdae9ff20,e5fc35e3-18d2-4b91-a3b3-3563262e65a7,c4,DROP,1011,?,i3,
1769500842.3487065,RECEIVED,871baa96-2c3a-49f0-bf36-ac63ebcd6d98,732fffb5-ae8e-40cd-9a79-134055ba76b4,c5,DROP,1444,p2,?,
1769500842.4234688,SENT,871baa96-2c3a-49f0-bf36-ac63ebcd6d98,732fffb5-ae8e-40cd-9a79-134055ba76b4,c5,DROP,1011,?,i6,
1769500842.4235063,FORWARDED,871baa96-2c3a-49f0-bf36-ac63ebcd6d98,732fffb5-ae8e-40cd-9a79-134055ba76b4,c5,DROP,1011,?,i6,
1769500842.479961,RECEIVED,9806a720-aa68-4f3c-bf3a-fceb369eb53c,ea976509-25be-4c1b-a337-7b625ceea99a,c2,DROP,441,x9,?,
1769500842.5038433,RECEIVED,d6803f63-cd3b-45d3-9cc7-b3638474a3d8,1ed854eb-0828-4666-872f-5717e59b4fb7,c5,DROP,1452,p2,?,
1769500842.5536277,SENT,573d76f0-059c-4c05-ac29-4ca53fd0cff4,05cb1ba1-0dde-4a9b-8928-28d01a0542eb,c4,DROP,1012,?,i7,
1769500842.5536716,FORWARDED,573d76f0-059c-4c05-ac29-4ca53fd0cff4,05cb1ba1-0dde-4a9b-8928-28d01a0542eb,c4,DROP,1012,?,i7,
1769500842.7066836,SENT,d6803f63-cd3b-45d3-9cc7-b3638474a3d8,1ed854eb-0828-4666-872f-5717e59b4fb7,c5,DROP,1016,?,i3,
1769500842.706725,FORWARDED,d6803f63-cd3b-45d3-9cc7-b3638474a3d8,1ed854eb-0828-4666-872f-5717e59b4fb7,c5,DROP,1016,?,i3,
1769500842.7345815,SENT,353eb7d5-85bd-4565-9abe-97b37e0468b5,4172278e-6fdb-439a-a01c-0573eba92df3,c1,DROP,1009,?,i10,
1769500842.7346222,FORWARDED,353eb7d5-85bd-4565-9abe-97b37e0468b5,4172278e-6fdb-439a-a01c-0573eba92df3,c1,DROP,1009,?,i10,
1769500842.7807517,RECEIVED,c9dfa347-460b-4c76-9f60-745f3a95024b,8a89de38-894d-4211-8eba-e75ffaa90b55,c1,None,2224,p1,?,
1769500842.932901,RECEIVED,503cef56-174a-45b6-a637-08faad6d352f,8cdf1996-9686-4c9b-85de-34b23e81d045,c2,DROP,1451,p2,?,
1769500842.97714,RECEIVED,2c12606f-d567-4961-adde-c6700ebf63bf,8e08d3ad-6fcd-4b22-8146-5a61e6977ec5,c1,None,2239,p1,?,
1769500843.0180361,RECEIVED,80fe1fa7-eebd-4cd8-8cc3-09beba7869d0,1caee951-acd7-4b45-acc6-9c0525b32dfe,c2,DROP,1439,p2,?,
1769500843.0206444,RECEIVED,a6a55cff-340a-4dea-b7b3-3c963197ce8d,ee3fba39-79f8-4180-a517-77a159f23952,c2,DROP,1439,p2,?,
1769500843.0958753,RECEIVED,8b12eb3c-c0da-4cb1-b4ce-bc1617b37229,061bc816-9f7e-4d5f-b247-7b94ba9c9c3b,c1,DROP,1440,p1,?,
1769500843.1301148,RECEIVED,8570b0b2-1a02-4565-8055-0f1a53f22f44,25550fea-f287-4418-8393-372d04a5a8d8,c4,c3,2465,p1,?,
1769500843.1431298,SENT,8570b0b2-1a02-4565-8055-0f1a53f22f44,25550fea-f287-4418-8393-372d04a5a8d8,c4,c3,1776,?,i4,
1769500843.1431649,FORWARDED,8570b0b2-1a02-4565-8055-0f1a53f22f44,25550fea-f287-4418-8393-372d04a5a8d8,c4,c3,1776,?,i4,
1769500843.1578736,RECEIVED,a4727017-9cb0-4cab-a34d-4b6ff8fd40bd,e559ec37-3541-435b-bae3-0b54fcec337b,c1,DROP,1439,p1,?,
1769500843.1834905,SENT,c9dfa347-460b-4c76-9f60-745f3a95024b,8a89de38-894d-4211-8eba-e75ffaa90b55,c1,None,1595,?,i12,
1769500843.183534,FORWARDED,c9dfa347-460b-4c76-9f60-745f3a95024b,8a89de38-894d-4211-8eba-e75ffaa90b55,c1,None,1595,?,i12,
1769500843.2092302,SENT,65bee6e1-4785-471a-8e9a-0b516968c3d2,9997fdef-0e86-4e72-819a-306cfc83c49e,c5,c2,1775,?,i6,
1769500843.2092717,FORWARDED,65bee6e1-4785-471a-8e9a-0b516968c3d2,9997fdef-0e86-4e72-819a-306cfc83c49e,c5,c2,1775,?,i6,
1769500843.3538175,RECEIVED,e02b6f3d-cc41-4d9c-afc7-4f8b70f9ebc5,51042a60-17d9-4c93-bd30-fa60f904e361,c3,DROP,1441,p3,?,
1769500843.3636088,SENT,a6a55cff-340a-4dea-b7b3-3c963197ce8d,ee3fba39-79f8-4180-a517-77a159f23952,c2,DROP,1007,?,i4,
1769500843.3636527,FORWARDED,a6a55cff-340a-4dea-b7b3-3c963197ce8d,ee3fba39-79f8-4180-a517-77a159f23952,c2,DROP,1007,?,i4,
1769500843.4307487,SENT,8b12eb3c-c0da-4cb1-b4ce-bc1617b37229,061bc816-9f7e-4d5f-b247-7b94ba9c9c3b,c1,DROP,1008,?,i9,
1769500843.4307878,FORWARDED,8b12eb3c-c0da-4cb1-b4ce-bc1617b37229,061bc816-9f7e-4d5f-b247-7b94ba9c9c3b,c1,DROP,1008,?,i9,
1769500843.4971638,SENT,7e9a5313-b6de-4eca-8254-986480445613,cafc2adc-b817-44f3-9bb9-ed5966d79cfa,c1,DROP,1011,?,i7,
1769500843.497204,FORWARDED,7e9a5313-b6de-4eca-8254-986480445613,cafc2adc-b817-44f3-9bb9-ed5966d79cfa,c1,DROP,1011,?,i7,
1769500843.5090377,RECEIVED,93412aed-cc19-4a3b-a97e-0714b192f6c3,1bb5fee5-901f-4fca-b6c0-09d983b47227,c2,c1,2468,p2,?,
1769500843.568727,RECEIVED,6e8c25b8-9e2c-4344-84a8-0aaee8de7e9a,87c0342c-6b08-4668-9e29-8a836f8fec98,c3,c4,2456,p3,?,
1769500843.5801692,SENT,e02b6f3d-cc41-4d9c-afc7-4f8b70f9ebc5,51042a60-17d9-4c93-bd30-fa60f904e361,c3,DROP,1007,?,i10,
1769500843.5802047,FORWARDED,e02b6f3d-cc41-4d9c-afc7-4f8b70f9ebc5,51042a60-17d9-4c93-bd30-fa60f904e361,c3,DROP,1007,?,i10,
1769500843.6066618,SENT,93412aed-cc19-4a3b-a97e-0714b192f6c3,1bb5fee5-901f-4fca-b6c0-09d983b47227,c2,c1,1777,?,i5,
1769500843.6067,FORWARDED,93412aed-cc19-4a3b-a97e-0714b192f6c3,1bb5fee5-901f-4fca-b6c0-09d983b47227,c2,c1,1777,?,i5,
1769500843.616866,SENT,2c12606f-d567-4961-adde-c6700ebf63bf,8e08d3ad-6fcd-4b22-8146-5a61e6977ec5,c1,None,1608,?,i8,
1769500843.6169186,FORWARDED,2c12606f-d567-4961-adde-c6700ebf63bf,8e08d3ad-6fcd-4b22-8146-5a61e6977ec5,c1,None,1608,?,i8,
1769500843.6350398,RECEIVED,a0ead3fa-8c37-498e-bdcc-15535cc388f0,2653fe52-6941-41fa-b51f-2e5ee37fa9d7,c3,DROP,1446,p3,?,
1769500843.704183,SENT,503cef56-174a-45b6-a637-08faad6d352f,8cdf1996-9686-4c9b-85de-34b23e81d045,c2,DROP,1016,?,i3,
1769500843.7042255,FORWARDED,503cef56-174a-45b6-a637-08faad6d352f,8cdf1996-9686-4c9b-85de-34b23e81d045,c2,DROP,1016,?,i3,
1769500843.7275052,RECEIVED,b5693eff-2b8c-42af-bc7b-4b8861673115,2ad27375-3565-4b21-8ba5-6946647f0c4e,c1,c5,2465,p1,?,
1769500843.7973795,RECEIVED,e74eca8a-31a9-45ab-b0f2-318c71745ef0,8705cba3-8d5d-4e21-9e92-eccab8c49ee9,c3,None,2224,p3,?,
1769500843.8034823,RECEIVED,44d2fcd1-8707-4bdc-9823-acb0df07bb4a,f9095c25-7b87-4842-a8c8-93a8243c6ab6,c2,DROP,1443,p2,?,
1769500843.8064108,SENT,b5693eff-2b8c-42af-bc7b-4b8861673115,2ad27375-3565-4b21-8ba5-6946647f0c4e,c1,c5,1775,?,i8,
1769500843.8064532,FORWARDED,b5693eff-2b8c-42af-bc7b-4b8861673115,2ad27375-3565-4b21-8ba5-6946647f0c4e,c1,c5,1775,?,i8,
1769500843.820889,SENT,6e8c25b8-9e2c-4344-84a8-0aaee8de7e9a,87c0342c-6b08-4668-9e29-8a836f8fec98,c3,c4,1768,?,i4,
1769500843.8209321,FORWARDED,6e8c25b8-9e2c-4344-84a8-0aaee8de7e9a,87c0342c-6b08-4668-9e29-8a836f8fec98,c3,c4,1768,?,i4,
1769500843.8703127,SENT,e74eca8a-31a9-45ab-b0f2-318c71745ef0,8705cba3-8d5d-4e21-9e92-eccab8c49ee9,c3,None,1596,?,i6,
1769500843.870358,FORWARDED,e74eca8a-31a9-45ab-b0f2-318c71745ef0,8705cba3-8d5d-4e21-9e92-eccab8c49ee9,c3,None,1596,?,i6,
1769500843.8736222,RECEIVED,dbeb235d-0152-4f35-b9cb-11f28fcbde4c,29d5d5ac-55b2-4436-b393-e655b2252841,c2,DROP,442,x11,?,
1769500843.938528,RECEIVED,259db2cc-ce6c-4f9a-8d36-98c64199c761,94595f40-c26a-4d9b-ac14-925cd262f499,c2,DROP,1451,p2,?,
1769500844.0166476,RECEIVED,e9655897-d2b7-4231-bfef-f9dfc9c5dad2,4c1a9113-2dee-49e9-8196-fc84a089e81d,c4,DROP,1452,p1,?,
1769500844.035313,RECEIVED,7f9b630a-e822-490c-a3aa-59a68b1bee05,7b0ed941-1057-497b-a167-514364c14221,c3,c4,2464,p3,?,
1769500844.0597675,RECEIVED,16a5b201-fe2e-457e-b774-d373208daf18,6e40e9ca-c956-44e6-a125-764bb2d2c386,c4,DROP,442,x7,?,
1769500844.1887424,SENT,a0ead3fa-8c37-498e-bdcc-15535cc388f0,2653fe52-6941-41fa-b51f-2e5ee37fa9d7,c3,DROP,1012,?,i5,
1769500844.188778,FORWARDED,a0ead3fa-8c37-498e-bdcc-15535cc388f0,2653fe52-6941-41fa-b51f-2e5ee37fa9d7,c3,DROP,1012,?,i5,
1769500844.3076937,RECEIVED,0008d4ad-ed19-44cd-b129-9075cee1f7a7,bf098505-453f-4bfe-8dd6-5c7fba349d84,c1,None,2224,p1,?,
1769500844.3968008,RECEIVED,bd7f0fdb-93e9-44e3-ba58-dd9d63df5baf,19ddcfc0-5b0b-4b09-94b3-0ad89eb23e74,c2,c1,2444,p2,?,
1769500844.4063923,SENT,44d2fcd1-8707-4bdc-9823-acb0df07bb4a,f9095c25-7b87-4842-a8c8-93a8243c6ab6,c2,DROP,1011,?,i3,
1769500844.4064317,FORWARDED,44d2fcd1-8707-4bdc-9823-acb0df07bb4a,f9095c25-7b87-4842-a8c8-93a8243c6ab6,c2,DROP,1011,?,i3,
1769500844.4646688,SENT,bd7f0fdb-93e9-44e3-ba58-dd9d63df5baf,19ddcfc0-5b0b-4b09-94b3-0ad89eb23e74,c2,c1,1760,?,i8,
1769500844.4647117,FORWARDED,bd7f0fdb-93e9-44e3-ba58-dd9d63df5baf,19ddcfc0-5b0b-4b09-94b3-0ad89eb23e74,c2,c1,1760,?,i8,
1769500844.4711926,SENT,0008d4ad-ed19-44cd-b129-9075cee1f7a7,bf098505-453f-4bfe-8dd6-5c7fba349d84,c1,None,1596,?,i9,
1769500844.4712372,FORWARDED,0008d4ad-ed19-44cd-b129-9075cee1f7a7,bf098505-453f-4bfe-8dd6-5c7fba349d84,c1,None,1596,?,i9,
1769500844.5605757,RECEIVED,acab841d-c5bc-473b-a633-e1daa42b9520,87ebac5a-d062-4af7-97a5-0d1eecb57e17,c5,DROP,1445,p2,?,
1769500844.586403,SENT,acab841d-c5bc-473b-a633-e1daa42b9520,87ebac5a-d062-4af7-97a5-0d1eecb57e17,c5,DROP,1009,?,i4,
1769500844.5864525,FORWARDED,acab841d-c5bc-473b-a633-e1daa42b9520,87ebac5a-d062-4af7-97a5-0d1eecb57e17,c5,DROP,1009,?,i4,
1769500844.7942662,SENT,a4727017-9cb0-4cab-a34d-4b6ff8fd40bd,e559ec37-3541-435b-bae3-0b54fcec337b,c1,DROP,1008,?,i10,
1769500844.7943056,FORWARDED,a4727017-9cb0-4cab-a34d-4b6ff8fd40bd,e559ec37-3541-435b-bae3-0b54fcec337b,c1,DROP,1008,?,i10,
1769500844.7974129,SENT,80fe1fa7-eebd-4cd8-8cc3-09beba7869d0,1caee951-acd7-4b45-acc6-9c0525b32dfe,c2,DROP,1008,?,i5,
1769500844.7974524,FORWARDED,80fe1fa7-eebd-4cd8-8cc3-09beba7869d0,1caee951-acd7-4b45-acc6-9c0525b32dfe,c2,DROP,1008,?,i5,
1769500844.9356322,RECEIVED,6c4749fc-cb18-480c-bdd8-e2b0017700cf,d968e084-edcb-44be-b7fb-2281525ac28c,c5,c2,2449,p2,?,
1769500844.9468224,RECEIVED,905d5e36-0da8-4940-8736-3bb0d6fbaa24,6e1948df-58fc-40f8-968f-c06df1db2504,c5,DROP,1441,p2,?,
1769500844.9587522,SENT,7f9b630a-e822-490c-a3aa-59a68b1bee05,7b0ed941-1057-497b-a167-514364c14221,c3,c4,1776,?,i12,
1769500844.958795,FORWARDED,7f9b630a-e822-490c-a3aa-59a68b1bee05,7b0ed941-1057-497b-a167-514364c14221,c3,c4,1776,?,i12,
1769500844.983178,SENT,905d5e36-0da8-4940-8736-3bb0d6fbaa24,6e1948df-58fc-40f8-968f-c06df1db2504,c5,DROP,1008,?,i2,
1769500844.9832153,FORWARDED,905d5e36-0da8-4940-8736-3bb0d6fbaa24,6e1948df-58fc-40f8-968f-c06df1db2504,c5,DROP,1008,?,i2,
1769500845.0247164,SENT,e9655897-d2b7-4231-bfef-f9dfc9c5dad2,4c1a9113-2dee-49e9-8196-fc84a089e81d,c4,DROP,1016,?,i11,
1769500845.0247514,FORWARDED,e9655897-d2b7-4231-bfef-f9dfc9c5dad2,4c1a9113-2dee-49e9-8196-fc84a089e81d,c4,DROP,1016,?,i11,
1769500845.0503128,RECEIVED,b81dba69-dfe3-4563-b2a0-4d16d6235596,90daa772-9849-483f-8932-8224b947e928,c2,None,2240,p2,?,
1769500845.120438,RECEIVED,1d909f89-5fd5-4d75-99ba-d9ee5f50e829,60caf8df-37f3-43f1-ae3d-dad65a65e09e,c1,DROP,1444,p1,?,
1769500845.1740901,SENT,6c4749fc-cb18-480c-bdd8-e2b0017700cf,d968e084-edcb-44be-b7fb-2281525ac28c,c5,c2,1764,?,i10,
1769500845.1745124,FORWARDED,6c4749fc-cb18-480c-bdd8-e2b0017700cf,d968e084-edcb-44be-b7fb-2281525ac28c,c5,c2,1764,?,i10,
1769500845.2158463,SENT,1d909f89-5fd5-4d75-99ba-d9ee5f50e829,60caf8df-37f3-43f1-ae3d-dad65a65e09e,c1,DROP,1009,?,i7,
1769500845.2158864,FORWARDED,1d909f89-5fd5-4d75-99ba-d9ee5f50e829,60caf8df-37f3-43f1-ae3d-dad65a65e09e,c1,DROP,1009,?,i7,
1769500845.2996457,RECEIVED,0c3506f6-3ed9-4aad-92c7-000dc65dbfe9,2e604222-5da4-446e-abee-caec2111a42d,c5,None,2235,p2,?,
1769500845.3708673,SENT,b81dba69-dfe3-4563-b2a0-4d16d6235596,90daa772-9849-483f-8932-8224b947e928,c2,None,1607,?,i5,
1769500845.3709085,FORWARDED,b81dba69-dfe3-4563-b2a0-4d16d6235596,90daa772-9849-483f-8932-8224b947e928,c2,None,1607,?,i5,
1769500845.422714,RECEIVED,4a336f22-8756-4d87-92cd-ab782088757d,c4ec06f7-0b5d-45d5-bb39-305a1bb867a4,c1,DROP,1461,p1,?,
1769500845.426081,RECEIVED,018f8c31-97f6-4c0a-8ee0-895407e3bfc4,18498f01-ab4e-46ca-bcfa-a82fb77c6fb0,c2,DROP,1460,p2,?,
1769500845.4529603,RECEIVED,09048f5b-7d9a-4ad1-a48d-2926bc6d1a6e,5ecfb0cc-4b31-4d12-ad9d-32be919d7626,c5,DROP,1451,p2,?,
1769500845.4784372,SENT,4a336f22-8756-4d87-92cd-ab782088757d,c4ec06f7-0b5d-45d5-bb39-305a1bb867a4,c1,DROP,1023,?,i11,
1769500845.478482,FORWARDED,4a336f22-8756-4d87-92cd-ab782088757d,c4ec06f7-0b5d-45d5-bb39-305a1bb867a4,c1,DROP,1023,?,i11,
1769500845.5520136,RECEIVED,a267e429-c8e7-4a9a-bccc-af26a771cec8,eade86f7-af63-4a29-b188-5228d533ca18,c1,None,2235,p1,?,
1769500845.5791683,RECEIVED,e6687f1d-f621-485f-8382-b3bdd19949fe,7aeb6230-b861-4b19-8764-31314f54b315,c4,c3,2463,p1,?,
1769500845.654672,RECEIVED,97f58c43-52fd-42f6-b077-57bc4e45634e,7df0fe3d-61e4-4c71-9eaa-5483f52d15c0,c1,DROP,1440,p1,?,
1769500845.7675195,RECEIVED,1c02eec5-6ec8-4722-8ef2-ab88aa2a76e4,d351e741-20ae-46d1-ab1f-d7ca011f0c55,c1,DROP,441,x9,?,
1769500845.8336053,RECEIVED,2d078c28-67f0-4379-8437-f09505b6efa0,a57075cc-3e55-4868-9607-c3f9ea5df3f6,c1,None,2229,p1,?,
1769500845.845804,SENT,e6687f1d-f621-485f-8382-b3bdd19949fe,7aeb6230-b861-4b19-8764-31314f54b315,c4,c3,1775,?,i6,
1769500845.8458455,FORWARDED,e6687f1d-f621-485f-8382-b3bdd19949fe,7aeb6230-b861-4b19-8764-31314f54b315,c4,c3,1775,?,i6,
1769500845.8614557,SENT,2d078c28-67f0-4379-8437-f09505b6efa0,a57075cc-3e55-4868-9607-c3f9ea5df3f6,c1,None,1599,?,i9,
1769500845.861492,FORWARDED,2d078c28-67f0-4379-8437-f09505b6efa0,a57075cc-3e55-4868-9607-c3f9ea5df3f6,c1,None,1599,?,i9,
1769500845.987996,SENT,259db2cc-ce6c-4f9a-8d36-98c64199c761,94595f40-c26a-4d9b-ac14-925cd262f499,c2,DROP,1015,?,i8,
1769500845.9880364,FORWARDED,259db2cc-ce6c-4f9a-8d36-98c64199c761,94595f40-c26a-4d9b-ac14-925cd262f499,c2,DROP,1015,?,i8,
1769500846.0254183,SENT,09048f5b-7d9a-4ad1-a48d-2926bc6d1a6e,5ecfb0cc-4b31-4d12-ad9d-32be919d7626,c5,DROP,1016,?,i7,
1769500846.025463,FORWARDED,09048f5b-7d9a-4ad1-a48d-2926bc6d1a6e,5ecfb0cc-4b31-4d12-ad9d-32be919d7626,c5,DROP,1016,?,i7,
1769500846.1232166,SENT,a267e429-c8e7-4a9a-bccc-af26a771cec8,eade86f7-af63-4a29-b188-5228d533ca18,c1,None,1605,?,i7,
1769500846.1232576,FORWARDED,a267e429-c8e7-4a9a-bccc-af26a771cec8,eade86f7-af63-4a29-b188-5228d533ca18,c1,None,1605,?,i7,
1769500846.161302,RECEIVED,fcee9587-3463-4990-9d2e-70ce8676386d,4608e151-7f9e-40f8-8129-5e415bd98304,c5,DROP,444,x10,?,
1769500846.2068775,SENT,018f8c31-97f6-4c0a-8ee0-895407e3bfc4,18498f01-ab4e-46ca-bcfa-a82fb77c6fb0,c2,DROP,1021,?,i10,
1769500846.20692,FORWARDED,018f8c31-97f6-4c0a-8ee0-895407e3bfc4,18498f01-ab4e-46ca-bcfa-a82fb77c6fb0,c2,DROP,1021,?,i10,
1769500846.224938,RECEIVED,70d6c365-e142-4a8a-bcc1-3523e4d24b10,6da4d06a-4eb8-4569-9c95-5d50af49b660,c2,DROP,1443,p2,?,
1769500846.2907133,RECEIVED,a9e1cc09-de3c-4514-b789-955c0dbe8fd4,aca0aa6d-4638-47d5-b130-638f669deee7,c1,DROP,1445,p1,?,
1769500846.3407161,SENT,a9e1cc09-de3c-4514-b789-955c0dbe8fd4,aca0aa6d-4638-47d5-b130-638f669deee7,c1,DROP,1009,?,i9,
1769500846.3407586,FORWARDED,a9e1cc09-de3c-4514-b789-955c0dbe8fd4,aca0aa6d-4638-47d5-b130-638f669deee7,c1,DROP,1009,?,i9,
1769500846.4435494,RECEIVED,0bf77834-790c-4dfd-a4fd-c4a317d01909,6e858c12-013e-4494-8cce-3bd467009728,c2,DROP,1443,p2,?,
1769500846.5736964,SENT,0c3506f6-3ed9-4aad-92c7-000dc65dbfe9,2e604222-5da4-446e-abee-caec2111a42d,c5,None,1604,?,i7,
1769500846.573745,FORWARDED,0c3506f6-3ed9-4aad-92c7-000dc65dbfe9,2e604222-5da4-446e-abee-caec2111a42d,c5,None,1604,?,i7,
1769500846.7517598,SENT,97f58c43-52fd-42f6-b077-57bc4e45634e,7df0fe3d-61e4-4c71-9eaa-5483f52d15c0,c1,DROP,1008,?,i10,
1769500846.7518032,FORWARDED,97f58c43-52fd-42f6-b077-57bc4e45634e,7df0fe3d-61e4-4c71-9eaa-5483f52d15c0,c1,DROP,1008,?,i10,
1769500846.7539296,RECEIVED,351f7c8b-381e-4e3a-9597-b5adeed4e969,ca7250df-3571-4b22-bd6d-b2680e8eaefe,c1,DROP,1440,p1,?,
1769500846.8365223,SENT,70d6c365-e142-4a8a-bcc1-3523e4d24b10,6da4d06a-4eb8-4569-9c95-5d50af49b660,c2,DROP,1011,?,i3,
1769500846.836564,FORWARDED,70d6c365-e142-4a8a-bcc1-3523e4d24b10,6da4d06a-4eb8-4569-9c95-5d50af49b660,c2,DROP,1011,?,i3,
1769500846.9333603,RECEIVED,438d1d43-31c7-40b4-b3df-678207ad2c3e,1754b486-5186-48ce-924d-828143b62eb3,c4,None,2240,p1,?,
1769500846.9677079,SENT,0bf77834-790c-4dfd-a4fd-c4a317d01909,6e858c12-013e-4494-8cce-3bd467009728,c2,DROP,1009,?,i6,
1769500846.9677489,FORWARDED,0bf77834-790c-4dfd-a4fd-c4a317d01909,6e858c12-013e-4494-8cce-3bd467009728,c2,DROP,1009,?,i6,
1769500846.9756832,SENT,351f7c8b-381e-4e3a-9597-b5adeed4e969,ca7250df-3571-4b22-bd6d-b2680e8eaefe,c1,DROP,1008,?,i2,
1769500846.9757223,FORWARDED,351f7c8b-381e-4e3a-9597-b5adeed4e969,ca7250df-3571-4b22-bd6d-b2680e8eaefe,c1,DROP,1008,?,i2,
1769500847.0532913,RECEIVED,5b6b7cef-017b-4d00-8f13-c3f0be8fdd86,e68712dd-29c4-4204-bbb9-21ea3f1a9d6e,c3,DROP,1456,p3,?,
1769500847.0992975,RECEIVED,d059697e-a9c3-420a-8164-0773f130a66e,3c8b8cbf-5635-4fd4-9121-ca9de1a4c3c5,c1,DROP,1452,p1,?,
1769500847.137625,SENT,5b6b7cef-017b-4d00-8f13-c3f0be8fdd86,e68712dd-29c4-4204-bbb9-21ea3f1a9d6e,c3,DROP,1019,?,i9,
1769500847.1376653,FORWARDED,5b6b7cef-017b-4d00-8f13-c3f0be8fdd86,e68712dd-29c4-4204-bbb9-21ea3f1a9d6e,c3,DROP,1019,?,i9,
1769500847.1789067,RECEIVED,9929e5b5-b6a0-4282-afe9-1b04d36556b1,ab50ca5f-3dce-42b1-8272-b87949d64dbb,c5,DROP,1442,p2,?,
1769500847.2403016,SENT,9929e5b5-b6a0-4282-afe9-1b04d36556b1,ab50ca5f-3dce-42b1-8272-b87949d64dbb,c5,DROP,1008,?,i11,
1769500847.2403502,FORWARDED,9929e5b5-b6a0-4282-afe9-1b04d36556b1,ab50ca5f-3dce-42b1-8272-b87949d64dbb,c5,DROP,1008,?,i11,
1769500847.307037,RECEIVED,e39ba2e3-ab0d-4003-a424-55fd7ab7ac50,3ff9534a-e9ec-492d-89e2-3f4945baae16,c1,c5,2452,p1,?,
1769500847.3339612,SENT,d059697e-a9c3-420a-8164-0773f130a66e,3c8b8cbf-5635-4fd4-9121-ca9de1a4c3c5,c1,DROP,1015,?,i10,
1769500847.3339999,FORWARDED,d059697e-a9c3-420a-8164-0773f130a66e,3c8b8cbf-5635-4fd4-9121-ca9de1a4c3c5,c1,DROP,1015,?,i10,
1769500847.3679795,SENT,438d1d43-31c7-40b4-b3df-678207ad2c3e,1754b486-5186-48ce-924d-828143b62eb3,c4,None,1607,?,i2,
1769500847.3680253,FORWARDED,438d1d43-31c7-40b4-b3df-678207ad2c3e,1754b486-5186-48ce-924d-828143b62eb3,c4,None,1607,?,i2,
1769500847.4624894,SENT,e39ba2e3-ab0d-4003-a424-55fd7ab7ac50,3ff9534a-e9ec-492d-89e2-3f4945baae16,c1,c5,1767,?,i3,
1769500847.4625287,FORWARDED,e39ba2e3-ab0d-4003-a424-55fd7ab7ac50,3ff9534a-e9ec-492d-89e2-3f4945baae16,c1,c5,1767,?,i3,
1769500847.5282738,RECEIVED,6868be69-b725-4f84-8c34-c7639edfd38d,8c401f53-597f-44a5-954c-f66203863975,c2,DROP,1452,p2,?,
1769500847.6079972,RECEIVED,82fa157d-0a34-494f-a0e8-282221eb65be,36f2ae6b-4b9a-48c7-9c2c-4021c1c6dc44,c2,c1,2472,p2,?,
1769500847.6339025,RECEIVED,886e7040-f35e-4e54-9aa4-42c96409c1ba,a4f7f424-f3dd-4bdb-8e85-bf502448bd1b,c3,DROP,1439,p3,?,
1769500847.642708,RECEIVED,fc7b433f-9cbc-4b09-b2b2-10bdcabe3853,b9134016-a707-4d5a-bcea-94089c29dafe,c1,None,2222,p1,?,
1769500847.6691723,RECEIVED,df8acbdb-cc27-44d0-879b-b9c63621169d,055fc25d-47f3-4f47-a550-6ef383d60844,c4,None,2249,p1,?,
1769500847.7519689,SENT,df8acbdb-cc27-44d0-879b-b9c63621169d,055fc25d-47f3-4f47-a550-6ef383d60844,c4,None,1612,?,i12,
1769500847.752006,FORWARDED,df8acbdb-cc27-44d0-879b-b9c63621169d,055fc25d-47f3-4f47-a550-6ef383d60844,c4,None,1612,?,i12,
1769500847.8332114,RECEIVED,81474d45-7c06-4fc5-bf35-f57cae01c0f6,6708bb68-7048-4abd-bca3-a8f5db2ac837,c1,DROP,1439,p1,?,
1769500847.9511952,SENT,6868be69-b725-4f84-8c34-c7639edfd38d,8c401f53-597f-44a5-954c-f66203863975,c2,DROP,1015,?,i3,
1769500847.951236,FORWARDED,6868be69-b725-4f84-8c34-c7639edfd38d,8c401f53-597f-44a5-954c-f66203863975,c2,DROP,1015,?,i3,
1769500847.9834445,SENT,fc7b433f-9cbc-4b09-b2b2-10bdcabe3853,b9134016-a707-4d5a-bcea-94089c29dafe,c1,None,1595,?,i2,
1769500847.983489,FORWARDED,fc7b433f-9cbc-4b09-b2b2-10bdcabe3853,b9134016-a707-4d5a-bcea-94089c29dafe,c1,None,1595,?,i2,
1769500848.035933,RECEIVED,ecb38783-175b-4985-b47e-ecb3a84aaa4b,79810018-8ba1-4f2f-9c87-b6c924bbba2d,c2,c1,2452,p2,?,
1769500848.060327,SENT,82fa157d-0a34-494f-a0e8-282221eb65be,36f2ae6b-4b9a-48c7-9c2c-4021c1c6dc44,c2,c1,1780,?,i2,
1769500848.0603716,FORWARDED,82fa157d-0a34-494f-a0e8-282221eb65be,36f2ae6b-4b9a-48c7-9c2c-4021c1c6dc44,c2,c1,1780,?,i2,
1769500848.1534534,RECEIVED,e90f3247-aba2-428f-b87b-561d11e18dcd,299bb09a-9bac-4450-a81d-0d81c905e210,c2,DROP,1462,p2,?,
1769500848.1957297,RECEIVED,7ca88200-777f-4956-b692-debfff78e417,c20bd630-f967-4248-9e9e-b9ae3b170fb2,c4,c3,2464,p1,?,
1769500848.2036052,RECEIVED,20715a8a-d3a8-4610-8b4f-8a4f511b7a49,f86dafde-12a5-47f0-921a-27162e098753,c2,DROP,1439,p2,?,
1769500848.461234,SENT,e90f3247-aba2-428f-b87b-561d11e18dcd,299bb09a-9bac-4450-a81d-0d81c905e210,c2,DROP,1024,?,i7,
1769500848.46128,FORWARDED,e90f3247-aba2-428f-b87b-561d11e18dcd,299bb09a-9bac-4450-a81d-0d81c905e210,c2,DROP,1024,?,i7,
1769500848.6006088,RECEIVED,351f5d3d-7b42-448f-8d0c-d9587a4746cb,cbb2e2fc-4e59-426f-9c11-e88c718bb527,c3,DROP,1443,p3,?,
1769500848.6832943,SENT,81474d45-7c06-4fc5-bf35-f57cae01c0f6,6708bb68-7048-4abd-bca3-a8f5db2ac837,c1,DROP,1006,?,i9,
1769500848.683336,FORWARDED,81474d45-7c06-4fc5-bf35-f57cae01c0f6,6708bb68-7048-4abd-bca3-a8f5db2ac837,c1,DROP,1006,?,i9,
1769500848.8918781,SENT,886e7040-f35e-4e54-9aa4-42c96409c1ba,a4f7f424-f3dd-4bdb-8e85-bf502448bd1b,c3,DROP,1008,?,i6,
1769500848.8919244,FORWARDED,886e7040-f35e-4e54-9aa4-42c96409c1ba,a4f7f424-f3dd-4bdb-8e85-bf502448bd1b,c3,DROP,1008,?,i6,
1769500848.9052484,RECEIVED,9ba171a4-64ef-48e3-b478-94b68ba4e84d,d034e0c2-757f-469a-bc72-10c05dacb9fe,c1,DROP,1439,p1,?,
1769500848.9111986,RECEIVED,4e83d11a-3734-4e7a-8914-46201e1c248a,6267d253-07e6-4a11-bc20-833b345f2b4c,c4,DROP,1448,p1,?,
1769500848.9378228,RECEIVED,d9b7515b-5d39-4475-b6cd-fe2b691f6be6,161ca440-4705-45ad-ace5-f0f86d5c7863,c5,DROP,1440,p2,?,
1769500849.0199418,RECEIVED,fbba51a6-5d99-4b2b-97d8-6a522155c94c,aae83eff-3714-4ec9-8b9d-444961356bd7,c3,DROP,1457,p3,?,
1769500849.100068,SENT,fbba51a6-5d99-4b2b-97d8-6a522155c94c,aae83eff-3714-4ec9-8b9d-444961356bd7,c3,DROP,1019,?,i4,
1769500849.100111,FORWARDED,fbba51a6-5d99-4b2b-97d8-6a522155c94c,aae83eff-3714-4ec9-8b9d-444961356bd7,c3,DROP,1019,?,i4,
1769500849.1020117,RECEIVED,11bf3577-573c-4f17-b85b-4e7f5c137f11,c8f2d74b-aa93-4ce2-8e13-ffc6a24419f6,c3,DROP,1446,p3,?,
1769500849.1158156,SENT,7ca88200-777f-4956-b692-debfff78e417,c20bd630-f967-4248-9e9e-b9ae3b170fb2,c4,c3,1775,?,i10,
1769500849.115857,FORWARDED,7ca88200-777f-4956-b692-debfff78e417,c20bd630-f967-4248-9e9e-b9ae3b170fb2,c4,c3,1775,?,i10,
1769500849.1194086,RECEIVED,6eac24bf-5aa0-43aa-8e58-88d1f8b7f9ec,2aa3c50b-02c8-4936-9edb-c4689911cf9d,c1,DROP,1457,p1,?,
1769500849.15375,SENT,d9b7515b-5d39-4475-b6cd-fe2b691f6be6,161ca440-4705-45ad-ace5-f0f86d5c7863,c5,DROP,1007,?,i1,
1769500849.1537914,FORWARDED,d9b7515b-5d39-4475-b6cd-fe2b691f6be6,161ca440-4705-45ad-ace5-f0f86d5c7863,c5,DROP,1007,?,i1,
1769500849.195875,SENT,4e83d11a-3734-4e7a-8914-46201e1c248a,6267d253-07e6-4a11-bc20-833b345f2b4c,c4,DROP,1013,?,i3,
1769500849.1959262,FORWARDED,4e83d11a-3734-4e7a-8914-46201e1c248a,6267d253-07e6-4a11-bc20-833b345f2b4c,c4,DROP,1013,?,i3,
1769500849.2865374,SENT,6eac24bf-5aa0-43aa-8e58-88d1f8b7f9ec,2aa3c50b-02c8-4936-9edb-c4689911cf9d,c1,DROP,1019,?,i11,
1769500849.2865734,FORWARDED,6eac24bf-5aa0-43aa-8e58-88d1f8b7f9ec,2aa3c50b-02c8-4936-9edb-c4689911cf9d,c1,DROP,1019,?,i11,
1769500849.3029447,RECEIVED,e42f9308-ca98-402a-b752-431618ba1d23,4046b8b7-39f6-49df-9871-7037e3ed955f,c4,DROP,1440,p1,?,
1769500849.4264853,SENT,e42f9308-ca98-402a-b752-431618ba1d23,4046b8b7-39f6-49df-9871-7037e3ed955f,c4,DROP,1008,?,i1,
1769500849.4265292,FORWARDED,e42f9308-ca98-402a-b752-431618ba1d23,4046b8b7-39f6-49df-9871-7037e3ed955f,c4,DROP,1008,?,i1,
1769500849.4632568,RECEIVED,1257c448-155e-4794-afc6-81fca28bfd3e,9e26cb92-1db5-4ddc-a8de-f540004743af,c3,DROP,1439,p3,?,
1769500849.6170392,SENT,1257c448-155e-4794-afc6-81fca28bfd3e,9e26cb92-1db5-4ddc-a8de-f540004743af,c3,DROP,1008,?,i5,
1769500849.6174655,FORWARDED,1257c448-155e-4794-afc6-81fca28bfd3e,9e26cb92-1db5-4ddc-a8de-f540004743af,c3,DROP,1008,?,i5,
1769500849.6632993,SENT,ecb38783-175b-4985-b47e-ecb3a84aaa4b,79810018-8ba1-4f2f-9c87-b6c924bbba2d,c2,c1,1767,?,i12,
1769500849.6633403,FORWARDED,ecb38783-175b-4985-b47e-ecb3a84aaa4b,79810018-8ba1-4f2f-9c87-b6c924bbba2d,c2,c1,1767,?,i12,
1769500849.7946932,SENT,9ba171a4-64ef-48e3-b478-94b68ba4e84d,d034e0c2-757f-469a-bc72-10c05dacb9fe,c1,DROP,1008,?,i4,
1769500849.7947357,FORWARDED,9ba171a4-64ef-48e3-b478-94b68ba4e84d,d034e0c2-757f-469a-bc72-10c05dacb9fe,c1,DROP,1008,?,i4,
1769500849.8021872,RECEIVED,dbe3f9bf-7340-46de-92bd-3b93c7c6e458,3fafdefc-ede6-400d-8794-0cb9b1fb6cdd,c2,DROP,441,x3,?,
1769500849.816324,SENT,20715a8a-d3a8-4610-8b4f-8a4f511b7a49,f86dafde-12a5-47f0-921a-27162e098753,c2,DROP,1007,?,i8,
1769500849.8163655,FORWARDED,20715a8a-d3a8-4610-8b4f-8a4f511b7a49,f86dafde-12a5-47f0-921a-27162e098753,c2,DROP,1007,?,i8,
1769500849.8226268,SENT,351f5d3d-7b42-448f-8d0c-d9587a4746cb,cbb2e2fc-4e59-426f-9c11-e88c718bb527,c3,DROP,1011,?,i4,
1769500849.8226619,FORWARDED,351f5d3d-7b42-448f-8d0c-d9587a4746cb,cbb2e2fc-4e59-426f-9c11-e88c718bb527,c3,DROP,1011,?,i4,
1769500849.876946,RECEIVED,06b8a08e-c6a0-4b94-ae1d-67c8398f4ddf,7ef12231-47ae-4ec5-a8f4-3defa57b317c,c5,DROP,1453,p2,?,
1769500849.8970335,RECEIVED,01abe394-ffea-4b66-88af-a338bcb841af,c265ca1b-4e18-482d-b18b-44df5e933b9c,c3,DROP,441,x9,?,
1769500849.9262836,SENT,06b8a08e-c6a0-4b94-ae1d-67c8398f4ddf,7ef12231-47ae-4ec5-a8f4-3defa57b317c,c5,DROP,1015,?,i6,
1769500849.9263237,FORWARDED,06b8a08e-c6a0-4b94-ae1d-67c8398f4ddf,7ef12231-47ae-4ec5-a8f4-3defa57b317c,c5,DROP,1015,?,i6,
1769500849.9509313,RECEIVED,8817744d-7261-4c39-9f58-afe4b00c2b4d,6d8042e7-a636-46f4-84d1-452c91ba86f2,c5,None,2237,p2,?,
1769500850.1172762,RECEIVED,4faf3836-e413-4180-a41a-fe72ac546e5c,f63f4b11-e4ca-40ac-8c80-cfa15780f1db,c4,DROP,443,x9,?,
1769500850.1302052,RECEIVED,f442808d-900c-46e4-a938-74df6858abff,71edf221-f1f9-4c95-bd4b-019817e8c8bc,c5,c2,2474,p2,?,
1769500850.1720572,RECEIVED,f43e4058-5e84-40f9-abe2-e4212d055dc9,e3484ddd-ec37-4354-a634-d7de8965ae6f,c1,DROP,1447,p1,?,
1769500850.1743507,RECEIVED,578501fb-3589-4468-b2f7-4ccb27039df1,e05c5b37-1ce8-4eba-9965-28c2f4795eb3,c5,c2,2450,p2,?,
1769500850.2625606,SENT,8817744d-7261-4c39-9f58-afe4b00c2b4d,6d8042e7-a636-46f4-84d1-452c91ba86f2,c5,None,1604,?,i10,
1769500850.2626011,FORWARDED,8817744d-7261-4c39-9f58-afe4b00c2b4d,6d8042e7-a636-46f4-84d1-452c91ba86f2,c5,None,1604,?,i10,
1769500850.521623,RECEIVED,062fecfe-43a8-4108-ba31-e2810b5abc3c,0fb59120-c68f-4422-9a8e-8f358e4bdc3f,c1,DROP,1452,p1,?,
1769500850.5718496,RECEIVED,dfc2c770-7e08-49dc-a6b2-b9a5f9df4e08,0862a866-425a-4257-bad5-b03166ee5d25,c5,DROP,1452,p2,?,
1769500850.5933857,RECEIVED,aa152c63-b5d7-4ba4-a288-547680124614,6da0be96-1302-4229-9e68-392f45fc3032,c1,DROP,1445,p1,?,
1769500850.6006072,SENT,062fecfe-43a8-4108-ba31-e2810b5abc3c,0fb59120-c68f-4422-9a8e-8f358e4bdc3f,c1,DROP,1016,?,i9,
1769500850.600651,FORWARDED,062fecfe-43a8-4108-ba31-e2810b5abc3c,0fb59120-c68f-4422-9a8e-8f358e4bdc3f,c1,DROP,1016,?,i9,
1769500850.6028047,RECEIVED,591d423a-d954-4595-991a-ccd6a3def72f,822978a2-2b73-4177-98a2-ce6a8b5f1382,c5,DROP,1442,p2,?,
1769500850.647369,SENT,aa152c63-b5d7-4ba4-a288-547680124614,6da0be96-1302-4229-9e68-392f45fc3032,c1,DROP,1009,?,i9,
1769500850.647409,FORWARDED,aa152c63-b5d7-4ba4-a288-547680124614,6da0be96-1302-4229-9e68-392f45fc3032,c1,DROP,1009,?,i9,
1769500850.7645566,SENT,f442808d-900c-46e4-a938-74df6858abff,71edf221-f1f9-4c95-bd4b-019817e8c8bc,c5,c2,1783,?,i6,
1769500850.7645967,FORWARDED,f442808d-900c-46e4-a938-74df6858abff,71edf221-f1f9-4c95-bd4b-019817e8c8bc,c5,c2,1783,?,i6,
1769500850.83483,RECEIVED,2f84d5ba-d66c-4675-b011-e1f609f43619,f25fdc57-eaab-4b7a-b05b-8ba86be3b172,c4,DROP,1452,p1,?,
1769500850.9155538,SENT,578501fb-3589-4468-b2f7-4ccb27039df1,e05c5b37-1ce8-4eba-9965-28c2f4795eb3,c5,c2,1765,?,i1,
1769500850.9155946,FORWARDED,578501fb-3589-4468-b2f7-4ccb27039df1,e05c5b37-1ce8-4eba-9965-28c2f4795eb3,c5,c2,1765,?,i1,
1769500850.9564872,RECEIVED,1be54336-cfc9-4eba-b303-7df3387cdaba,88c71cd7-4057-4c4e-884a-9f0136342d75,c1,DROP,1444,p1,?,
1769500850.9924529,RECEIVED,ca96ebc9-2986-4840-bce3-155c17c721cd,3801406a-caf9-4148-ab15-c81b7c11c468,c1,c5,2445,p1,?,
1769500851.0335119,SENT,ca96ebc9-2986-4840-bce3-155c17c721cd,3801406a-caf9-4148-ab15-c81b7c11c468,c1,c5,1759,?,i6,
1769500851.0335493,FORWARDED,ca96ebc9-2986-4840-bce3-155c17c721cd,3801406a-caf9-4148-ab15-c81b7c11c468,c1,c5,1759,?,i6,
1769500851.088495,SENT,1be54336-cfc9-4eba-b303-7df3387cdaba,88c71cd7-4057-4c4e-884a-9f0136342d75,c1,DROP,1011,?,i5,
1769500851.0885394,FORWARDED,1be54336-cfc9-4eba-b303-7df3387cdaba,88c71cd7-4057-4c4e-884a-9f0136342d75,c1,DROP,1011,?,i5,
1769500851.091828,RECEIVED,dc748cd4-d401-4539-990e-b5b3f45f1ebb,af52de4d-0a46-4855-b8ce-7c4f3d7a391b,c1,DROP,1443,p1,?,
1769500851.1032577,SENT,591d423a-d954-4595-991a-ccd6a3def72f,822978a2-2b73-4177-98a2-ce6a8b5f1382,c5,DROP,1010,?,i7,
1769500851.1032982,FORWARDED,591d423a-d954-4595-991a-ccd6a3def72f,822978a2-2b73-4177-98a2-ce6a8b5f1382,c5,DROP,1010,?,i7,
1769500851.2923892,SENT,2f84d5ba-d66c-4675-b011-e1f609f43619,f25fdc57-eaab-4b7a-b05b-8ba86be3b172,c4,DROP,1015,?,i11,
1769500851.2924309,FORWARDED,2f84d5ba-d66c-4675-b011-e1f609f43619,f25fdc57-eaab-4b7a-b05b-8ba86be3b172,c4,DROP,1015,?,i11,
1769500851.3349566,SENT,f43e4058-5e84-40f9-abe2-e4212d055dc9,e3484ddd-ec37-4354-a634-d7de8965ae6f,c1,DROP,1013,?,i5,
1769500851.3349955,FORWARDED,f43e4058-5e84-40f9-abe2-e4212d055dc9,e3484ddd-ec37-4354-a634-d7de8965ae6f,c1,DROP,1013,?,i5,
1769500851.5621996,RECEIVED,f5f3f185-2e15-4910-b4a6-26107b09e21e,97a68dd5-63d0-49bf-84e5-3d7fa17c4e48,c2,c1,2463,p2,?,
1769500851.5810008,RECEIVED,751df156-0b17-4120-b177-3026d9b72224,aef60819-637e-492d-a64d-2393379c0ad6,c2,DROP,442,x9,?,
1769500851.6162949,SENT,dc748cd4-d401-4539-990e-b5b3f45f1ebb,af52de4d-0a46-4855-b8ce-7c4f3d7a391b,c1,DROP,1009,?,i6,
1769500851.6163366,FORWARDED,dc748cd4-d401-4539-990e-b5b3f45f1ebb,af52de4d-0a46-4855-b8ce-7c4f3d7a391b,c1,DROP,1009,?,i6,
1769500851.647741,RECEIVED,07dc1abf-3830-4585-80d4-83ef17bb316c,532c662b-06b0-41f3-a8af-e6ef6ff359f1,c5,DROP,1449,p2,?,
1769500851.6502419,RECEIVED,d1d78867-012c-47ba-9c11-f7edf8d75bdc,a490e478-2a44-437d-be09-60ed7789821a,c2,DROP,446,x11,?,
1769500851.6982477,RECEIVED,c55ce10a-8df0-48cf-ad0b-c5df87dee161,0726c0b0-12f5-41cd-b41b-b7d1fc2351f1,c2,DROP,441,x4,?,
1769500851.7209504,SENT,07dc1abf-3830-4585-80d4-83ef17bb316c,532c662b-06b0-41f3-a8af-e6ef6ff359f1,c5,DROP,1012,?,i2,
1769500851.7209918,FORWARDED,07dc1abf-3830-4585-80d4-83ef17bb316c,532c662b-06b0-41f3-a8af-e6ef6ff359f1,c5,DROP,1012,?,i2,
1769500851.7958448,SENT,dfc2c770-7e08-49dc-a6b2-b9a5f9df4e08,0862a866-425a-4257-bad5-b03166ee5d25,c5,DROP,1015,?,i12,
1769500851.7958853,FORWARDED,dfc2c770-7e08-49dc-a6b2-b9a5f9df4e08,0862a866-425a-4257-bad5-b03166ee5d25,c5,DROP,1015,?,i12,
1769500851.8038728,RECEIVED,ccca8d15-4349-4e9e-8369-dc748ccc2694,afb68797-50b8-4537-90d0-88185f68dbf3,c4,DROP,443,x4,?,
1769500851.8189137,RECEIVED,d458aadd-07f0-49bc-ab51-1bc7010322a3,db22f794-c6cc-4635-a151-a925fcc181b4,c3,DROP,442,x2,?,
1769500852.0826643,RECEIVED,03e60d74-934e-4665-9719-67e00ad84f4c,4dc1c02b-6d76-417a-8b68-c48c0772232f,c4,DROP,1461,p1,?,
1769500852.111091,SENT,f5f3f185-2e15-4910-b4a6-26107b09e21e,97a68dd5-63d0-49bf-84e5-3d7fa17c4e48,c2,c1,1776,?,i9,
1769500852.1111338,FORWARDED,f5f3f185-2e15-4910-b4a6-26107b09e21e,97a68dd5-63d0-49bf-84e5-3d7fa17c4e48,c2,c1,1776,?,i9,
1769500852.126347,RECEIVED,373a3fdc-fd71-4b22-b01d-4725fc5fe252,864419bb-cc3a-40d2-8f92-33acec2274cb,c4,DROP,1456,p1,?,
1769500852.1912231,SENT,03e60d74-934e-4665-9719-67e00ad84f4c,4dc1c02b-6d76-417a-8b68-c48c0772232f,c4,DROP,1021,?,i10,
1769500852.1912608,FORWARDED,03e60d74-934e-4665-9719-67e00ad84f4c,4dc1c02b-6d76-417a-8b68-c48c0772232f,c4,DROP,1021,?,i10,
1769500852.2409587,RECEIVED,e2a5dd95-7538-474e-b64f-294faad0932e,82ae0563-278c-475a-9c5c-55588fdbdded,c5,DROP,1442,p2,?,
1769500852.2769136,SENT,e2a5dd95-7538-474e-b64f-294faad0932e,82ae0563-278c-475a-9c5c-55588fdbdded,c5,DROP,1007,?,i10,
1769500852.2769582,FORWARDED,e2a5dd95-7538-474e-b64f-294faad0932e,82ae0563-278c-475a-9c5c-55588fdbdded,c5,DROP,1007,?,i10,
1769500852.3157125,RECEIVED,d24de58f-15d0-4b11-97c1-234b57c7c10c,2aa2214e-671f-4285-bf8a-8097b550fa77,c2,DROP,1455,p2,?,
1769500852.3177044,SENT,11bf3577-573c-4f17-b85b-4e7f5c137f11,c8f2d74b-aa93-4ce2-8e13-ffc6a24419f6,c3,DROP,1013,?,i4,
1769500852.3177447,FORWARDED,11bf3577-573c-4f17-b85b-4e7f5c137f11,c8f2d74b-aa93-4ce2-8e13-ffc6a24419f6,c3,DROP,1013,?,i4,
1769500852.3324037,RECEIVED,abb5be6b-ee07-4a00-931b-ea3fd29ad280,e07613bb-c0a8-4003-9a60-0a10dfe15249,c4,DROP,442,x8,?,
1769500852.3499556,RECEIVED,18245681-06a3-4e94-9abd-0a8a02a1914b,7120f809-7496-435e-a7c0-848e8d7ece26,c3,DROP,441,x4,?,
1769500852.3731406,RECEIVED,b5152762-e792-475a-8b78-e4aa4d1d57cb,aaaddd80-5cf6-4ea6-8b21-e9071aeafe76,c2,DROP,1440,p2,?,
1769500852.4731483,SENT,373a3fdc-fd71-4b22-b01d-4725fc5fe252,864419bb-cc3a-40d2-8f92-33acec2274cb,c4,DROP,1019,?,i12,
1769500852.473193,FORWARDED,373a3fdc-fd71-4b22-b01d-4725fc5fe252,864419bb-cc3a-40d2-8f92-33acec2274cb,c4,DROP,1019,?,i12,
1769500852.589564,RECEIVED,c7ac2d62-be97-4ac4-b61a-b108a05320a4,4e2f490e-0a94-4573-b187-c1bf69195a27,c3,DROP,1453,p3,?,
1769500852.6924875,SENT,c7ac2d62-be97-4ac4-b61a-b108a05320a4,4e2f490e-0a94-4573-b187-c1bf69195a27,c3,DROP,1015,?,i2,
1769500852.6925347,FORWARDED,c7ac2d62-be97-4ac4-b61a-b108a05320a4,4e2f490e-0a94-4573-b187-c1bf69195a27,c3,DROP,1015,?,i2,
1769500852.7552447,SENT,d24de58f-15d0-4b11-97c1-234b57c7c10c,2aa2214e-671f-4285-bf8a-8097b550fa77,c2,DROP,1020,?,i2,
1769500852.7552836,FORWARDED,d24de58f-15d0-4b11-97c1-234b57c7c10c,2aa2214e-671f-4285-bf8a-8097b550fa77,c2,DROP,1020,?,i2,
1769500852.8653693,RECEIVED,3afe2322-78e6-4082-8671-465459dfc989,70742989-5ef3-42d1-8c81-90caa266bdd6,c3,DROP,1448,p3,?,
1769500852.9477863,RECEIVED,5c52c99d-659e-4ef4-bdbc-d68af8fa5beb,aa9ea75e-bd85-4b8a-a681-321100d7958f,c1,DROP,440,x1,?,
1769500852.9597914,SENT,3afe2322-78e6-4082-8671-465459dfc989,70742989-5ef3-42d1-8c81-90caa266bdd6,c3,DROP,1012,?,i9,
1769500852.959834,FORWARDED,3afe2322-78e6-4082-8671-465459dfc989,70742989-5ef3-42d1-8c81-90caa266bdd6,c3,DROP,1012,?,i9,
1769500853.0295491,RECEIVED,32f409b6-05b7-48d8-9719-852b965798dc,c17bbb5f-4b28-4f15-8d38-7c99bbbdfe52,c3,DROP,441,x6,?,
1769500853.2770803,RECEIVED,aa15e498-85e5-48d9-b9be-944aaf5d8273,312dfdfb-33f5-4025-8fd9-57b7d7f14d4a,c2,DROP,441,x12,?,
1769500853.2983537,RECEIVED,bea97cc1-2fc4-4dff-a0f5-cd53201ead5d,cec48884-86f8-4d96-8661-590e1c514d8b,c4,DROP,1435,p1,?,
1769500853.2990859,RECEIVED,29ae1254-8f0f-4e3a-9a3a-8096fd82e2d4,7a9a5913-2d44-4888-8cfb-50b798608ebe,c2,DROP,1449,p2,?,
1769500853.3159378,RECEIVED,71367cb8-2697-4ccc-a99f-819691ddb52f,919144a6-fc69-4914-b5f1-a84a6f256025,c2,DROP,1440,p2,?,
1769500853.3940167,SENT,29ae1254-8f0f-4e3a-9a3a-8096fd82e2d4,7a9a5913-2d44-4888-8cfb-50b798608ebe,c2,DROP,1013,?,i7,
1769500853.3941283,FORWARDED,29ae1254-8f0f-4e3a-9a3a-8096fd82e2d4,7a9a5913-2d44-4888-8cfb-50b798608ebe,c2,DROP,1013,?,i7,
1769500853.3958921,SENT,71367cb8-2697-4ccc-a99f-819691ddb52f,919144a6-fc69-4914-b5f1-a84a6f256025,c2,DROP,1008,?,i6,
1769500853.395929,FORWARDED,71367cb8-2697-4ccc-a99f-819691ddb52f,919144a6-fc69-4914-b5f1-a84a6f256025,c2,DROP,1008,?,i6,
1769500853.4522889,RECEIVED,62cee013-6ccb-448a-96d6-b3efaa506a39,f57ef764-bb64-444b-a950-115f80a97c63,c5,DROP,441,x8,?,
1769500853.7275782,RECEIVED,361548e6-38c1-4a2d-b708-98aeafca8993,d8474724-e521-4d6c-8739-7be799cce735,c4,DROP,1451,p1,?,
1769500853.745827,SENT,bea97cc1-2fc4-4dff-a0f5-cd53201ead5d,cec48884-86f8-4d96-8661-590e1c514d8b,c4,DROP,1005,?,i5,
1769500853.7458673,FORWARDED,bea97cc1-2fc4-4dff-a0f5-cd53201ead5d,cec48884-86f8-4d96-8661-590e1c514d8b,c4,DROP,1005,?,i5,
1769500853.8217585,RECEIVED,9c72c008-0537-409f-90db-042adf875cc8,934a5c68-1d9e-4ffe-8dae-ef6a9d418c21,c5,DROP,1443,p2,?,
1769500854.0476208,RECEIVED,db0cc5fb-f77a-4c14-8728-29d68d3d801b,b2fbf2fd-b633-4834-b862-8099e3fcfcf0,c5,DROP,1452,p2,?,
1769500854.0543935,RECEIVED,f4c61360-ac1e-4bb7-b8c3-e81f7c05af2a,b8f88e7e-95e2-4f7b-b270-29ec6aace116,c1,DROP,1447,p1,?,
1769500854.0627398,SENT,b5152762-e792-475a-8b78-e4aa4d1d57cb,aaaddd80-5cf6-4ea6-8b21-e9071aeafe76,c2,DROP,1008,?,i11,
1769500854.0627744,FORWARDED,b5152762-e792-475a-8b78-e4aa4d1d57cb,aaaddd80-5cf6-4ea6-8b21-e9071aeafe76,c2,DROP,1008,?,i11,
1769500854.2025404,SENT,f4c61360-ac1e-4bb7-b8c3-e81f7c05af2a,b8f88e7e-95e2-4f7b-b270-29ec6aace116,c1,DROP,1012,?,i3,
1769500854.2025836,FORWARDED,f4c61360-ac1e-4bb7-b8c3-e81f7c05af2a,b8f88e7e-95e2-4f7b-b270-29ec6aace116,c1,DROP,1012,?,i3,
1769500854.2222695,SENT,db0cc5fb-f77a-4c14-8728-29d68d3d801b,b2fbf2fd-b633-4834-b862-8099e3fcfcf0,c5,DROP,1017,?,i8,
1769500854.222312,FORWARDED,db0cc5fb-f77a-4c14-8728-29d68d3d801b,b2fbf2fd-b633-4834-b862-8099e3fcfcf0,c5,DROP,1017,?,i8,
1769500854.4401586,SENT,9c72c008-0537-409f-90db-042adf875cc8,934a5c68-1d9e-4ffe-8dae-ef6a9d418c21,c5,DROP,1010,?,i7,
1769500854.440198,FORWARDED,9c72c008-0537-409f-90db-042adf875cc8,934a5c68-1d9e-4ffe-8dae-ef6a9d418c21,c5,DROP,1010,?,i7,
1769500854.6457555,SENT,361548e6-38c1-4a2d-b708-98aeafca8993,d8474724-e521-4d6c-8739-7be799cce735,c4,DROP,1016,?,i7,
1769500854.645798,FORWARDED,361548e6-38c1-4a2d-b708-98aeafca8993,d8474724-e521-4d6c-8739-7be799cce735,c4,DROP,1016,?,i7,
1769500854.6618652,RECEIVED,4cf92287-8058-4829-8d95-64dd62869d05,69daaff1-3e68-4284-8154-d5102d79996a,c3,DROP,1444,p3,?,
1769500854.6749036,RECEIVED,634970cc-a129-4b93-81f7-910cebce76a0,3e1f8f4c-65c9-4a79-b254-0c8690fd7b08,c1,DROP,1440,p1,?,
1769500854.748416,SENT,634970cc-a129-4b93-81f7-910cebce76a0,3e1f8f4c-65c9-4a79-b254-0c8690fd7b08,c1,DROP,1007,?,i2,
1769500854.7485244,FORWARDED,634970cc-a129-4b93-81f7-910cebce76a0,3e1f8f4c-65c9-4a79-b254-0c8690fd7b08,c1,DROP,1007,?,i2,
1769500854.8615084,RECEIVED,c339d70b-f70e-42d8-bc16-42020465338f,ae608eb9-ef28-4a4b-ab19-77cde6a1f653,c1,DROP,1443,p1,?,
1769500854.9461606,RECEIVED,a22cef44-438d-444c-907b-d3ddc7ad2ffd,7d9a73c4-1d4a-4ab1-9fa6-4c904147524f,c2,c1,2462,p2,?,
1769500854.9921975,RECEIVED,cde7e98a-8503-4a4d-a375-f94ce471f4bf,74ed8653-f8ee-4669-b09c-c2c44f18a316,c1,DROP,1450,p1,?,
1769500855.053727,RECEIVED,c30072f4-5707-4b7b-a517-5b7167440674,28b56621-3550-4f33-8217-c49b0751ca8e,c4,None,2245,p1,?,
1769500855.1651115,SENT,c30072f4-5707-4b7b-a517-5b7167440674,28b56621-3550-4f33-8217-c49b0751ca8e,c4,None,1611,?,i10,
1769500855.16518,FORWARDED,c30072f4-5707-4b7b-a517-5b7167440674,28b56621-3550-4f33-8217-c49b0751ca8e,c4,None,1611,?,i10,
1769500855.1652985,RECEIVED,79b21680-3c3a-47f7-8aa1-a055206c84d8,8f8096cc-6965-402f-a9c3-ef24baf29c31,c4,DROP,1451,p1,?,
1769500855.353718,SENT,c339d70b-f70e-42d8-bc16-42020465338f,ae608eb9-ef28-4a4b-ab19-77cde6a1f653,c1,DROP,1011,?,i1,
1769500855.3537655,FORWARDED,c339d70b-f70e-42d8-bc16-42020465338f,ae608eb9-ef28-4a4b-ab19-77cde6a1f653,c1,DROP,1011,?,i1,
1769500855.3749526,RECEIVED,d25b3d6e-f697-4632-8c72-391a1c1aa106,f8fbe8d9-d4ae-472b-9f7d-aec52aa04dba,c1,c5,2446,p1,?,
1769500855.3932705,RECEIVED,7584b59a-7beb-41d0-88ff-627a8729f133,e25fdc4a-0895-4b55-a4e8-be6940f3e93f,c4,c3,2448,p1,?,
1769500855.5035563,RECEIVED,93a0de11-4163-4d92-ad7e-0463527e69a0,92301aa4-5f78-4d7b-9e53-4ee288a811c1,c1,DROP,1441,p1,?,
1769500855.5329583,SENT,d25b3d6e-f697-4632-8c72-391a1c1aa106,f8fbe8d9-d4ae-472b-9f7d-aec52aa04dba,c1,c5,1762,?,i6,
1769500855.5329998,FORWARDED,d25b3d6e-f697-4632-8c72-391a1c1aa106,f8fbe8d9-d4ae-472b-9f7d-aec52aa04dba,c1,c5,1762,?,i6,
1769500855.5544457,SENT,79b21680-3c3a-47f7-8aa1-a055206c84d8,8f8096cc-6965-402f-a9c3-ef24baf29c31,c4,DROP,1016,?,i3,
1769500855.5544865,FORWARDED,79b21680-3c3a-47f7-8aa1-a055206c84d8,8f8096cc-6965-402f-a9c3-ef24baf29c31,c4,DROP,1016,?,i3,
1769500855.5593472,SENT,cde7e98a-8503-4a4d-a375-f94ce471f4bf,74ed8653-f8ee-4669-b09c-c2c44f18a316,c1,DROP,1015,?,i9,
1769500855.5593884,FORWARDED,cde7e98a-8503-4a4d-a375-f94ce471f4bf,74ed8653-f8ee-4669-b09c-c2c44f18a316,c1,DROP,1015,?,i9,
1769500855.5824249,SENT,7584b59a-7beb-41d0-88ff-627a8729f133,e25fdc4a-0895-4b55-a4e8-be6940f3e93f,c4,c3,1763,?,i5,
1769500855.5824666,FORWARDED,7584b59a-7beb-41d0-88ff-627a8729f133,e25fdc4a-0895-4b55-a4e8-be6940f3e93f,c4,c3,1763,?,i5,
1769500855.603829,RECEIVED,29c083b2-e6bc-4867-b880-152e1e574feb,1e7af128-1a6b-4cec-84c6-114dc0dba1b2,c4,DROP,1435,p1,?,
1769500855.650518,SENT,93a0de11-4163-4d92-ad7e-0463527e69a0,92301aa4-5f78-4d7b-9e53-4ee288a811c1,c1,DROP,1008,?,i12,
1769500855.650559,FORWARDED,93a0de11-4163-4d92-ad7e-0463527e69a0,92301aa4-5f78-4d7b-9e53-4ee288a811c1,c1,DROP,1008,?,i12,
1769500855.8643007,RECEIVED,56c60fcf-510a-4f0e-b59a-7b0c2b3b0eba,477ad660-903a-46bb-b8c8-ed597ce9e7e2,c2,DROP,442,x2,?,
1769500855.9225698,SENT,4cf92287-8058-4829-8d95-64dd62869d05,69daaff1-3e68-4284-8154-d5102d79996a,c3,DROP,1011,?,i10,
1769500855.9226067,FORWARDED,4cf92287-8058-4829-8d95-64dd62869d05,69daaff1-3e68-4284-8154-d5102d79996a,c3,DROP,1011,?,i10,
1769500855.9364681,RECEIVED,eb6dd1dc-ef48-4dc7-a811-7393dbfd789e,aad016ef-e5c7-43ad-94ee-4d92a318e588,c4,None,2235,p1,?,
1769500856.032444,RECEIVED,e87f6720-b73d-46ef-8cf0-79a8cc5686ec,80a56fc5-4e33-4dfe-b415-c892460b0ef0,c2,c1,2463,p2,?,
1769500856.1364775,RECEIVED,162bca63-8f57-4f10-a49c-e321871d61cd,b20d0a7e-d677-4978-b3b8-b80f6de14d2e,c4,DROP,1444,p1,?,
1769500856.2281675,SENT,162bca63-8f57-4f10-a49c-e321871d61cd,b20d0a7e-d677-4978-b3b8-b80f6de14d2e,c4,DROP,1011,?,i1,
1769500856.2282093,FORWARDED,162bca63-8f57-4f10-a49c-e321871d61cd,b20d0a7e-d677-4978-b3b8-b80f6de14d2e,c4,DROP,1011,?,i1,
1769500856.2918084,RECEIVED,96194e58-7fe7-421a-997b-e6361c6e623f,7be84b26-48cd-4e73-911a-f98ee9dd4f23,c4,DROP,1451,p1,?,
1769500856.3002453,RECEIVED,f24bb3aa-66e5-41cc-8457-5377159f7c44,11c93b2a-a2e2-485c-a14a-56c18f153b2a,c4,c3,2456,p1,?,
1769500856.313779,RECEIVED,86f87637-741d-4711-a227-db8c6b4bbdc5,cae70576-65a7-49fb-949d-6961542a5ae3,c2,DROP,1461,p2,?,
1769500856.330509,RECEIVED,eb71d7c7-b496-4638-b874-13d31465ad87,b5aa380c-3bc6-4806-95db-f6f9b9db9200,c3,DROP,1451,p3,?,
1769500856.3716965,SENT,29c083b2-e6bc-4867-b880-152e1e574feb,1e7af128-1a6b-4cec-84c6-114dc0dba1b2,c4,DROP,1003,?,i2,
1769500856.371746,FORWARDED,29c083b2-e6bc-4867-b880-152e1e574feb,1e7af128-1a6b-4cec-84c6-114dc0dba1b2,c4,DROP,1003,?,i2,
1769500856.425605,SENT,eb6dd1dc-ef48-4dc7-a811-7393dbfd789e,aad016ef-e5c7-43ad-94ee-4d92a318e588,c4,None,1604,?,i3,
1769500856.42565,FORWARDED,eb6dd1dc-ef48-4dc7-a811-7393dbfd789e,aad016ef-e5c7-43ad-94ee-4d92a318e588,c4,None,1604,?,i3,
1769500856.4715102,SENT,a22cef44-438d-444c-907b-d3ddc7ad2ffd,7d9a73c4-1d4a-4ab1-9fa6-4c904147524f,c2,c1,1775,?,i9,
1769500856.4715674,FORWARDED,a22cef44-438d-444c-907b-d3ddc7ad2ffd,7d9a73c4-1d4a-4ab1-9fa6-4c904147524f,c2,c1,1775,?,i9,
1769500856.498431,SENT,e87f6720-b73d-46ef-8cf0-79a8cc5686ec,80a56fc5-4e33-4dfe-b415-c892460b0ef0,c2,c1,1775,?,i4,
1769500856.4984725,FORWARDED,e87f6720-b73d-46ef-8cf0-79a8cc5686ec,80a56fc5-4e33-4dfe-b415-c892460b0ef0,c2,c1,1775,?,i4,
1769500856.5157993,RECEIVED,ba045fd7-345f-4a8f-9094-598888203414,e619f8fe-f542-4849-a0f2-ca6e95d1a690,c4,DROP,1451,p1,?,
1769500856.6051464,RECEIVED,cd2b3201-8242-4569-b4b3-2e777ec3662d,7e16ba2e-acca-485e-880e-e67ffe55bf40,c3,None,2222,p3,?,
1769500856.787494,SENT,86f87637-741d-4711-a227-db8c6b4bbdc5,cae70576-65a7-49fb-949d-6961542a5ae3,c2,DROP,1021,?,i10,
1769500856.7875292,FORWARDED,86f87637-741d-4711-a227-db8c6b4bbdc5,cae70576-65a7-49fb-949d-6961542a5ae3,c2,DROP,1021,?,i10,
1769500856.8748748,RECEIVED,628ca073-1c70-46ec-918a-1329e310fdd5,aa50c14a-fc4f-4b35-ae05-0caf88a51d41,c4,DROP,1451,p1,?,
1769500857.0460253,SENT,eb71d7c7-b496-4638-b874-13d31465ad87,b5aa380c-3bc6-4806-95db-f6f9b9db9200,c3,DROP,1017,?,i4,
1769500857.0460749,FORWARDED,eb71d7c7-b496-4638-b874-13d31465ad87,b5aa380c-3bc6-4806-95db-f6f9b9db9200,c3,DROP,1017,?,i4,
1769500857.1200356,SENT,cd2b3201-8242-4569-b4b3-2e777ec3662d,7e16ba2e-acca-485e-880e-e67ffe55bf40,c3,None,1596,?,i9,
1769500857.1200898,FORWARDED,cd2b3201-8242-4569-b4b3-2e777ec3662d,7e16ba2e-acca-485e-880e-e67ffe55bf40,c3,None,1596,?,i9,
1769500857.3187451,RECEIVED,f55a60c2-920e-4e56-804f-49f9166ddf3f,58d3cf1d-1330-4421-8053-53d36123c920,c4,DROP,1440,p1,?,
1769500857.3780403,RECEIVED,9b690d4a-6f89-48b0-8166-66c86ca41c38,4e29c8f4-e69f-4dd3-b0b8-e56fbb644ba5,c3,None,2223,p3,?,
1769500857.4055321,SENT,f55a60c2-920e-4e56-804f-49f9166ddf3f,58d3cf1d-1330-4421-8053-53d36123c920,c4,DROP,1007,?,i8,
1769500857.4055724,FORWARDED,f55a60c2-920e-4e56-804f-49f9166ddf3f,58d3cf1d-1330-4421-8053-53d36123c920,c4,DROP,1007,?,i8,
1769500857.418344,SENT,ba045fd7-345f-4a8f-9094-598888203414,e619f8fe-f542-4849-a0f2-ca6e95d1a690,c4,DROP,1015,?,i5,
1769500857.4183867,FORWARDED,ba045fd7-345f-4a8f-9094-598888203414,e619f8fe-f542-4849-a0f2-ca6e95d1a690,c4,DROP,1015,?,i5,
1769500857.584195,RECEIVED,9cd859a8-5e09-41b7-94d5-71554547596c,bed9b83f-97f1-4b75-bb8d-02a040a02550,c4,DROP,1452,p1,?,
1769500857.6046743,RECEIVED,6b7855ce-a966-405d-bcaf-09e4dfcf167c,8214f188-2012-4622-b05c-e524d7431d59,c5,DROP,1440,p2,?,
1769500857.6385913,RECEIVED,d7840c42-a776-4238-9b6e-27133ed14e00,3a8a2006-b4e6-47d8-be68-364a8d600069,c4,DROP,1449,p1,?,
1769500857.6595862,SENT,9cd859a8-5e09-41b7-94d5-71554547596c,bed9b83f-97f1-4b75-bb8d-02a040a02550,c4,DROP,1015,?,i2,
1769500857.6596253,FORWARDED,9cd859a8-5e09-41b7-94d5-71554547596c,bed9b83f-97f1-4b75-bb8d-02a040a02550,c4,DROP,1015,?,i2,
1769500857.6929846,RECEIVED,d47658ec-f5dc-4c1a-875c-6c0d021c0136,e20148c8-0b1b-4c44-97ef-fc246a2785a4,c4,DROP,1439,p1,?,
1769500857.7944767,SENT,628ca073-1c70-46ec-918a-1329e310fdd5,aa50c14a-fc4f-4b35-ae05-0caf88a51d41,c4,DROP,1016,?,i8,
1769500857.794528,FORWARDED,628ca073-1c70-46ec-918a-1329e310fdd5,aa50c14a-fc4f-4b35-ae05-0caf88a51d41,c4,DROP,1016,?,i8,
1769500857.808341,SENT,96194e58-7fe7-421a-997b-e6361c6e623f,7be84b26-48cd-4e73-911a-f98ee9dd4f23,c4,DROP,1015,?,i3,
1769500857.80838,FORWARDED,96194e58-7fe7-421a-997b-e6361c6e623f,7be84b26-48cd-4e73-911a-f98ee9dd4f23,c4,DROP,1015,?,i3,
1769500857.9271448,SENT,6b7855ce-a966-405d-bcaf-09e4dfcf167c,8214f188-2012-4622-b05c-e524d7431d59,c5,DROP,1008,?,i12,
1769500857.927187,FORWARDED,6b7855ce-a966-405d-bcaf-09e4dfcf167c,8214f188-2012-4622-b05c-e524d7431d59,c5,DROP,1008,?,i12,
1769500858.1072726,SENT,d7840c42-a776-4238-9b6e-27133ed14e00,3a8a2006-b4e6-47d8-be68-364a8d600069,c4,DROP,1012,?,i11,
1769500858.107309,FORWARDED,d7840c42-a776-4238-9b6e-27133ed14e00,3a8a2006-b4e6-47d8-be68-364a8d600069,c4,DROP,1012,?,i11,
1769500858.218819,SENT,d47658ec-f5dc-4c1a-875c-6c0d021c0136,e20148c8-0b1b-4c44-97ef-fc246a2785a4,c4,DROP,1007,?,i8,
1769500858.2188594,FORWARDED,d47658ec-f5dc-4c1a-875c-6c0d021c0136,e20148c8-0b1b-4c44-97ef-fc246a2785a4,c4,DROP,1007,?,i8,
1769500858.2389648,RECEIVED,c05e3a52-7949-4fd6-896b-9cbab8c4a0a0,4dbbf40f-75f4-4b67-ab5f-ce96b03e26a7,c2,c1,2451,p2,?,
1769500858.2842534,RECEIVED,dc34775c-98ff-4cdc-a9bb-ff9f8783f84d,ae3201bb-2d5e-4a63-98f6-26481211ba1d,c3,DROP,1432,p3,?,
1769500858.3080122,SENT,9b690d4a-6f89-48b0-8166-66c86ca41c38,4e29c8f4-e69f-4dd3-b0b8-e56fbb644ba5,c3,None,1595,?,i8,
1769500858.3080635,FORWARDED,9b690d4a-6f89-48b0-8166-66c86ca41c38,4e29c8f4-e69f-4dd3-b0b8-e56fbb644ba5,c3,None,1595,?,i8,
1769500858.4089723,SENT,f24bb3aa-66e5-41cc-8457-5377159f7c44,11c93b2a-a2e2-485c-a14a-56c18f153b2a,c4,c3,1770,?,i12,
1769500858.4090157,FORWARDED,f24bb3aa-66e5-41cc-8457-5377159f7c44,11c93b2a-a2e2-485c-a14a-56c18f153b2a,c4,c3,1770,?,i12,
1769500858.4126158,RECEIVED,2a8e8e1b-a190-4ce2-bcf2-1ebf80fc5eb1,4caffc00-5c1c-4cdc-b84f-860438db1c85,c4,DROP,1446,p1,?,
1769500858.4978971,SENT,dc34775c-98ff-4cdc-a9bb-ff9f8783f84d,ae3201bb-2d5e-4a63-98f6-26481211ba1d,c3,DROP,1002,?,i6,
1769500858.4979377,FORWARDED,dc34775c-98ff-4cdc-a9bb-ff9f8783f84d,ae3201bb-2d5e-4a63-98f6-26481211ba1d,c3,DROP,1002,?,i6,
1769500858.5357845,SENT,c05e3a52-7949-4fd6-896b-9cbab8c4a0a0,4dbbf40f-75f4-4b67-ab5f-ce96b03e26a7,c2,c1,1767,?,i5,
1769500858.5358946,FORWARDED,c05e3a52-7949-4fd6-896b-9cbab8c4a0a0,4dbbf40f-75f4-4b67-ab5f-ce96b03e26a7,c2,c1,1767,?,i5,
1769500858.588592,RECEIVED,a8d82d0f-917f-4234-bd1d-e36f6b702795,3172db9b-3785-4535-94ef-4824b54934e6,c3,DROP,1447,p3,?,
1769500858.7009742,RECEIVED,4f362249-c354-4d2b-9145-499615e2ce91,13ac2b6d-4abb-4003-b551-1fbd37b01de0,c1,DROP,442,x6,?,
1769500858.763493,RECEIVED,d7defe7a-597c-4fd9-8f1a-c25f156cb1ed,ef29538d-bf6d-487f-b913-5c881a3909c3,c4,None,2236,p1,?,
1769500858.8427637,RECEIVED,74380cd3-08a5-4067-a644-d398ce7511cc,3fce6d75-0e29-4267-a864-65fe4f275efb,c5,DROP,1451,p2,?,
1769500858.915885,SENT,a8d82d0f-917f-4234-bd1d-e36f6b702795,3172db9b-3785-4535-94ef-4824b54934e6,c3,DROP,1013,?,i3,
1769500858.9159222,FORWARDED,a8d82d0f-917f-4234-bd1d-e36f6b702795,3172db9b-3785-4535-94ef-4824b54934e6,c3,DROP,1013,?,i3,
1769500858.9174857,RECEIVED,db90aab3-10ea-469a-88cd-7186eb51636d,73a3a3a6-396f-4b18-9bb7-5e72ff5725b7,c1,None,2223,p1,?,
1769500858.922441,SENT,2a8e8e1b-a190-4ce2-bcf2-1ebf80fc5eb1,4caffc00-5c1c-4cdc-b84f-860438db1c85,c4,DROP,1012,?,i6,
1769500858.9224825,FORWARDED,2a8e8e1b-a190-4ce2-bcf2-1ebf80fc5eb1,4caffc00-5c1c-4cdc-b84f-860438db1c85,c4,DROP,1012,?,i6,
1769500858.9393861,RECEIVED,3bd4cdf7-bdea-4d55-925b-4b8e82fdb380,586ee8b0-e3f9-4774-abfc-b44d13fd6920,c5,None,2240,p2,?,
1769500859.125601,SENT,db90aab3-10ea-469a-88cd-7186eb51636d,73a3a3a6-396f-4b18-9bb7-5e72ff5725b7,c1,None,1595,?,i7,
1769500859.1256416,FORWARDED,db90aab3-10ea-469a-88cd-7186eb51636d,73a3a3a6-396f-4b18-9bb7-5e72ff5725b7,c1,None,1595,?,i7,
1769500859.143314,RECEIVED,9b5c2a30-b5d8-4ced-b5ee-f757fe8aab11,a22db910-1ba6-4ba1-981b-a8c3a5a18593,c2,DROP,1444,p2,?,
1769500859.264708,RECEIVED,e13fc938-df0e-41ba-a409-526435b74403,ac81072a-476f-4749-8d15-5657f41c6f0b,c2,DROP,443,x6,?,
1769500859.267193,RECEIVED,275d3dab-9e21-46a5-b60b-8909b7c05ea2,1fc235ef-1e7a-4c64-979c-61e7c9679906,c4,DROP,1444,p1,?,
1769500859.2920682,RECEIVED,ce453375-8248-466c-8f78-72004ce61708,238a5c65-3df8-4dab-ad84-f9bf698057f5,c3,DROP,1443,p3,?,
1769500859.3054552,SENT,3bd4cdf7-bdea-4d55-925b-4b8e82fdb380,586ee8b0-e3f9-4774-abfc-b44d13fd6920,c5,None,1608,?,i12,
1769500859.3054986,FORWARDED,3bd4cdf7-bdea-4d55-925b-4b8e82fdb380,586ee8b0-e3f9-4774-abfc-b44d13fd6920,c5,None,1608,?,i12,
1769500859.3187485,SENT,275d3dab-9e21-46a5-b60b-8909b7c05ea2,1fc235ef-1e7a-4c64-979c-61e7c9679906,c4,DROP,1009,?,i4,
1769500859.3188007,FORWARDED,275d3dab-9e21-46a5-b60b-8909b7c05ea2,1fc235ef-1e7a-4c64-979c-61e7c9679906,c4,DROP,1009,?,i4,
1769500859.4405951,RECEIVED,a3b43342-2e82-4e84-812b-48c9a8e1cda0,f02d5f19-7299-41c0-b9bf-fefbeb2ad6c8,c2,None,2239,p2,?,
1769500859.4523888,SENT,74380cd3-08a5-4067-a644-d398ce7511cc,3fce6d75-0e29-4267-a864-65fe4f275efb,c5,DROP,1015,?,i9,
1769500859.4524283,FORWARDED,74380cd3-08a5-4067-a644-d398ce7511cc,3fce6d75-0e29-4267-a864-65fe4f275efb,c5,DROP,1015,?,i9,
1769500859.5399454,SENT,9b5c2a30-b5d8-4ced-b5ee-f757fe8aab11,a22db910-1ba6-4ba1-981b-a8c3a5a18593,c2,DROP,1011,?,i10,
1769500859.5399878,FORWARDED,9b5c2a30-b5d8-4ced-b5ee-f757fe8aab11,a22db910-1ba6-4ba1-981b-a8c3a5a18593,c2,DROP,1011,?,i10,
1769500859.5621643,SENT,d7defe7a-597c-4fd9-8f1a-c25f156cb1ed,ef29538d-bf6d-487f-b913-5c881a3909c3,c4,None,1603,?,i11,
1769500859.5622034,FORWARDED,d7defe7a-597c-4fd9-8f1a-c25f156cb1ed,ef29538d-bf6d-487f-b913-5c881a3909c3,c4,None,1603,?,i11,
1769500859.666019,RECEIVED,7342a17e-cf81-4dd6-b8cc-f5759dfb5cb1,906be2bc-5abe-49b7-83c9-83e6ec4a6fca,c3,DROP,1452,p3,?,
1769500859.7296653,RECEIVED,d24cbd3c-47d4-4f1c-9694-32e2ea9d60e3,722a712f-56ca-4279-8202-fba39afb1425,c3,DROP,1443,p3,?,
1769500859.7945743,SENT,7342a17e-cf81-4dd6-b8cc-f5759dfb5cb1,906be2bc-5abe-49b7-83c9-83e6ec4a6fca,c3,DROP,1016,?,i2,
1769500859.7946157,FORWARDED,7342a17e-cf81-4dd6-b8cc-f5759dfb5cb1,906be2bc-5abe-49b7-83c9-83e6ec4a6fca,c3,DROP,1016,?,i2,
1769500859.810871,RECEIVED,7269af73-d897-441b-920f-c5ce10eccf4e,e803c8da-c097-46ae-89b8-67327c94affd,c3,DROP,1439,p3,?,
1769500859.8597088,RECEIVED,ae7c4366-e195-45b7-acc4-6ebfede415ae,402a2acb-2e48-4b1c-9f2a-234930cdeb45,c1,DROP,1439,p1,?,
1769500859.9821432,SENT,a3b43342-2e82-4e84-812b-48c9a8e1cda0,f02d5f19-7299-41c0-b9bf-fefbeb2ad6c8,c2,None,1607,?,i6,
1769500859.98218,FORWARDED,a3b43342-2e82-4e84-812b-48c9a8e1cda0,f02d5f19-7299-41c0-b9bf-fefbeb2ad6c8,c2,None,1607,?,i6,
1769500860.026998,RECEIVED,078ecddd-450f-4e8f-9cbb-de8ca6bf30f8,a457b881-8e5e-47a6-89d1-5b8975cc8d22,c5,c2,2464,p2,?,
1769500860.1991072,SENT,d24cbd3c-47d4-4f1c-9694-32e2ea9d60e3,722a712f-56ca-4279-8202-fba39afb1425,c3,DROP,1011,?,i1,
1769500860.1991496,FORWARDED,d24cbd3c-47d4-4f1c-9694-32e2ea9d60e3,722a712f-56ca-4279-8202-fba39afb1425,c3,DROP,1011,?,i1,
1769500860.2118862,RECEIVED,25b69a62-58ac-445e-b8bc-6a5cc3957d4f,4a8eb784-c900-4c54-ace2-44c9c9d82dfe,c5,c2,2472,p2,?,
1769500860.2152126,RECEIVED,260a38e6-d48b-474e-bd74-6aa5404974da,d9f3c3af-2ff4-4353-94a6-883cb017d917,c4,DROP,442,x5,?,
1769500860.217594,RECEIVED,73696359-e6ed-4618-a393-6a87c08f0a0a,5d734523-9ab9-42b7-877f-c3bb238f0ff6,c2,DROP,1455,p2,?,
1769500860.276529,SENT,ce453375-8248-466c-8f78-72004ce61708,238a5c65-3df8-4dab-ad84-f9bf698057f5,c3,DROP,1011,?,i1,
1769500860.2765706,FORWARDED,ce453375-8248-466c-8f78-72004ce61708,238a5c65-3df8-4dab-ad84-f9bf698057f5,c3,DROP,1011,?,i1,
1769500860.3418179,SENT,078ecddd-450f-4e8f-9cbb-de8ca6bf30f8,a457b881-8e5e-47a6-89d1-5b8975cc8d22,c5,c2,1775,?,i10,
1769500860.3418634,FORWARDED,078ecddd-450f-4e8f-9cbb-de8ca6bf30f8,a457b881-8e5e-47a6-89d1-5b8975cc8d22,c5,c2,1775,?,i10,
1769500860.4274473,RECEIVED,a66c3f28-ea8f-456b-930d-1471b18d7fc5,8478cafb-b728-4d8f-9e46-8c7a4c646c53,c5,None,2233,p2,?,
1769500860.5094578,SENT,a66c3f28-ea8f-456b-930d-1471b18d7fc5,8478cafb-b728-4d8f-9e46-8c7a4c646c53,c5,None,1600,?,i12,
1769500860.5095015,FORWARDED,a66c3f28-ea8f-456b-930d-1471b18d7fc5,8478cafb-b728-4d8f-9e46-8c7a4c646c53,c5,None,1600,?,i12,
1769500860.5132365,SENT,25b69a62-58ac-445e-b8bc-6a5cc3957d4f,4a8eb784-c900-4c54-ace2-44c9c9d82dfe,c5,c2,1780,?,i8,
1769500860.5132747,FORWARDED,25b69a62-58ac-445e-b8bc-6a5cc3957d4f,4a8eb784-c900-4c54-ace2-44c9c9d82dfe,c5,c2,1780,?,i8,
1769500860.6824994,RECEIVED,7b60bf83-d9d1-4204-a424-3793d16eab62,399a124b-ffe3-47fa-a712-d45a5249d5ac,c2,DROP,1452,p2,?,
1769500860.7114034,RECEIVED,593f6b18-b0de-46aa-98fa-c36c16c48121,a2ac5506-4118-4dad-977a-a29fb7e92021,c3,c4,2464,p3,?,
1769500860.7355263,SENT,ae7c4366-e195-45b7-acc4-6ebfede415ae,402a2acb-2e48-4b1c-9f2a-234930cdeb45,c1,DROP,1007,?,i2,
1769500860.7355785,FORWARDED,ae7c4366-e195-45b7-acc4-6ebfede415ae,402a2acb-2e48-4b1c-9f2a-234930cdeb45,c1,DROP,1007,?,i2,
1769500860.7600853,SENT,7b60bf83-d9d1-4204-a424-3793d16eab62,399a124b-ffe3-47fa-a712-d45a5249d5ac,c2,DROP,1016,?,i6,
1769500860.7601275,FORWARDED,7b60bf83-d9d1-4204-a424-3793d16eab62,399a124b-ffe3-47fa-a712-d45a5249d5ac,c2,DROP,1016,?,i6,
1769500860.790972,RECEIVED,d4a7f780-a506-4982-85c7-972aa1289404,06c0c8e4-ff17-48f4-994d-90c0e131ea2c,c3,DROP,1439,p3,?,
1769500860.871908,SENT,7269af73-d897-441b-920f-c5ce10eccf4e,e803c8da-c097-46ae-89b8-67327c94affd,c3,DROP,1007,?,i5,
1769500860.8719485,FORWARDED,7269af73-d897-441b-920f-c5ce10eccf4e,e803c8da-c097-46ae-89b8-67327c94affd,c3,DROP,1007,?,i5,
1769500860.900255,RECEIVED,228226b3-e592-4149-b96f-fae841062564,72ad9851-437f-4460-9b7b-1464320675de,c3,DROP,1446,p3,?,
1769500861.0125055,RECEIVED,51c0486b-68eb-4d44-a0d8-eb63a22262c9,012f706b-a50e-418b-9a63-fa34bcbf660a,c2,DROP,1444,p2,?,
1769500861.0342991,RECEIVED,43beef53-53b1-41d1-a7fd-498e7aaefe33,ab46af1d-cc50-438a-9b0d-01e56cb12f62,c2,DROP,1436,p2,?,
1769500861.0690272,SENT,593f6b18-b0de-46aa-98fa-c36c16c48121,a2ac5506-4118-4dad-977a-a29fb7e92021,c3,c4,1774,?,i3,
1769500861.0690744,FORWARDED,593f6b18-b0de-46aa-98fa-c36c16c48121,a2ac5506-4118-4dad-977a-a29fb7e92021,c3,c4,1774,?,i3,
1769500861.0772808,SENT,43beef53-53b1-41d1-a7fd-498e7aaefe33,ab46af1d-cc50-438a-9b0d-01e56cb12f62,c2,DROP,1004,?,i3,
1769500861.0773218,FORWARDED,43beef53-53b1-41d1-a7fd-498e7aaefe33,ab46af1d-cc50-438a-9b0d-01e56cb12f62,c2,DROP,1004,?,i3,
1769500861.0914762,RECEIVED,db79fdff-4cd7-4d65-a996-9457e9e8bcc4,80f8ea80-9eb8-473c-a71d-b01b16ee07b7,c4,DROP,445,x11,?,
1769500861.1345863,RECEIVED,4f6b9680-de94-4e41-921a-055c32fda59e,c0081ac9-d0c8-4ff9-95fe-180b43769200,c4,DROP,1445,p1,?,
1769500861.2161887,SENT,4f6b9680-de94-4e41-921a-055c32fda59e,c0081ac9-d0c8-4ff9-95fe-180b43769200,c4,DROP,1011,?,i10,
1769500861.2162306,FORWARDED,4f6b9680-de94-4e41-921a-055c32fda59e,c0081ac9-d0c8-4ff9-95fe-180b43769200,c4,DROP,1011,?,i10,
1769500861.4079838,RECEIVED,f53a2987-2f1b-4ad6-82f2-78ec8d6da9f9,ffa76b02-651a-464f-a553-0ae3925b1450,c1,DROP,442,x8,?,
1769500861.4574435,RECEIVED,83804c37-e0a8-4ef7-b9fd-9c0d0602263b,beac0074-dad1-48f2-aca9-55d200f777f7,c5,None,2236,p2,?,
1769500861.480845,SENT,d4a7f780-a506-4982-85c7-972aa1289404,06c0c8e4-ff17-48f4-994d-90c0e131ea2c,c3,DROP,1008,?,i6,
1769500861.4808881,FORWARDED,d4a7f780-a506-4982-85c7-972aa1289404,06c0c8e4-ff17-48f4-994d-90c0e131ea2c,c3,DROP,1008,?,i6,
1769500861.5531857,SENT,83804c37-e0a8-4ef7-b9fd-9c0d0602263b,beac0074-dad1-48f2-aca9-55d200f777f7,c5,None,1603,?,i2,
1769500861.5532296,FORWARDED,83804c37-e0a8-4ef7-b9fd-9c0d0602263b,beac0074-dad1-48f2-aca9-55d200f777f7,c5,None,1603,?,i2,
1769500861.5916874,RECEIVED,fb77bbdc-0729-4fc5-929a-1ec4a1637b45,d123af3b-1543-4a33-b56f-989b67b4106e,c5,None,2231,p2,?,
1769500861.8377697,SENT,51c0486b-68eb-4d44-a0d8-eb63a22262c9,012f706b-a50e-418b-9a63-fa34bcbf660a,c2,DROP,1011,?,i12,
1769500861.837833,FORWARDED,51c0486b-68eb-4d44-a0d8-eb63a22262c9,012f706b-a50e-418b-9a63-fa34bcbf660a,c2,DROP,1011,?,i12,
1769500861.8568628,RECEIVED,3b77d2f4-d34d-41cf-8302-5e3250596de7,c18bae6b-5610-4b0c-9b2e-7d607a5e0595,c1,DROP,1440,p1,?,
1769500861.8673983,SENT,fb77bbdc-0729-4fc5-929a-1ec4a1637b45,d123af3b-1543-4a33-b56f-989b67b4106e,c5,None,1600,?,i9,
1769500861.867444,FORWARDED,fb77bbdc-0729-4fc5-929a-1ec4a1637b45,d123af3b-1543-4a33-b56f-989b67b4106e,c5,None,1600,?,i9,
1769500861.8811216,SENT,73696359-e6ed-4618-a393-6a87c08f0a0a,5d734523-9ab9-42b7-877f-c3bb238f0ff6,c2,DROP,1020,?,i9,
1769500861.8811646,FORWARDED,73696359-e6ed-4618-a393-6a87c08f0a0a,5d734523-9ab9-42b7-877f-c3bb238f0ff6,c2,DROP,1020,?,i9,
1769500862.0350287,RECEIVED,a0a325ca-7040-4916-b006-9f5f1f8f57bc,738c97b5-3e79-48c8-ab25-de059d06ab38,c4,c3,2472,p1,?,
1769500862.2776964,SENT,a0a325ca-7040-4916-b006-9f5f1f8f57bc,738c97b5-3e79-48c8-ab25-de059d06ab38,c4,c3,1781,?,i5,
1769500862.277734,FORWARDED,a0a325ca-7040-4916-b006-9f5f1f8f57bc,738c97b5-3e79-48c8-ab25-de059d06ab38,c4,c3,1781,?,i5,
1769500862.2816906,SENT,3b77d2f4-d34d-41cf-8302-5e3250596de7,c18bae6b-5610-4b0c-9b2e-7d607a5e0595,c1,DROP,1008,?,i5,
1769500862.2817416,FORWARDED,3b77d2f4-d34d-41cf-8302-5e3250596de7,c18bae6b-5610-4b0c-9b2e-7d607a5e0595,c1,DROP,1008,?,i5,
1769500862.3363059,RECEIVED,7d8d5902-9d6a-4993-afa0-7f1a28c8f83b,a41ccec0-8001-4bd5-9023-159acc663a85,c2,DROP,1439,p2,?,
1769500862.4037967,RECEIVED,3c0342e0-872f-44b4-8071-a2628c3b5989,c6bf5370-adf1-470d-b9a1-942f29afc2db,c2,None,2238,p2,?,
1769500862.474866,RECEIVED,7688e54d-984f-4d2e-a11a-7b036873642e,718d8b3e-5210-44c9-ae03-ab3d592bb8d4,c5,DROP,1459,p2,?,
1769500862.4928067,RECEIVED,3dbc8da4-45e4-4b9a-83ea-b07f8916ac96,14e70661-de7f-4392-8e85-efccf5e8ae14,c2,DROP,1440,p2,?,
1769500862.5630112,RECEIVED,6e27b406-012b-4d7e-80f6-20fbe1b31664,5d18cf78-94e8-4a33-9ec8-f8a4ddbc8eee,c1,DROP,1439,p1,?,
1769500862.5891094,RECEIVED,144672c0-cfff-421b-aedf-ae859e8d3db6,517d4752-ba51-4a3c-96b5-833cde3eec49,c2,DROP,1439,p2,?,
1769500862.5975602,SENT,228226b3-e592-4149-b96f-fae841062564,72ad9851-437f-4460-9b7b-1464320675de,c3,DROP,1012,?,i7,
1769500862.5976028,FORWARDED,228226b3-e592-4149-b96f-fae841062564,72ad9851-437f-4460-9b7b-1464320675de,c3,DROP,1012,?,i7,
1769500862.6360364,RECEIVED,6728fce9-1be1-4b96-95b3-61c53a2a101e,b836af2c-a4c0-46c9-8648-d0bad78babd4,c4,DROP,442,x8,?,
1769500862.8483064,SENT,7d8d5902-9d6a-4993-afa0-7f1a28c8f83b,a41ccec0-8001-4bd5-9023-159acc663a85,c2,DROP,1008,?,i7,
1769500862.8483474,FORWARDED,7d8d5902-9d6a-4993-afa0-7f1a28c8f83b,a41ccec0-8001-4bd5-9023-159acc663a85,c2,DROP,1008,?,i7,
1769500862.8677802,RECEIVED,5c0d6c30-722c-4f01-9d49-8f1c5302a513,2544e8d9-87e0-4569-b010-92af865ad10c,c3,DROP,1447,p3,?,
1769500862.9387422,SENT,3dbc8da4-45e4-4b9a-83ea-b07f8916ac96,14e70661-de7f-4392-8e85-efccf5e8ae14,c2,DROP,1008,?,i9,
1769500862.938782,FORWARDED,3dbc8da4-45e4-4b9a-83ea-b07f8916ac96,14e70661-de7f-4392-8e85-efccf5e8ae14,c2,DROP,1008,?,i9,
1769500862.990143,SENT,144672c0-cfff-421b-aedf-ae859e8d3db6,517d4752-ba51-4a3c-96b5-833cde3eec49,c2,DROP,1008,?,i1,
1769500862.990185,FORWARDED,144672c0-cfff-421b-aedf-ae859e8d3db6,517d4752-ba51-4a3c-96b5-833cde3eec49,c2,DROP,1008,?,i1,
1769500863.010101,RECEIVED,8b2ebea3-137d-41b9-b032-be74121d55f9,a2b05812-40a3-42f7-8dc9-47e48d16cd57,c2,None,2236,p2,?,
1769500863.0224752,SENT,5c0d6c30-722c-4f01-9d49-8f1c5302a513,2544e8d9-87e0-4569-b010-92af865ad10c,c3,DROP,1012,?,i1,
1769500863.0225186,FORWARDED,5c0d6c30-722c-4f01-9d49-8f1c5302a513,2544e8d9-87e0-4569-b010-92af865ad10c,c3,DROP,1012,?,i1,
1769500863.092333,RECEIVED,85517636-a193-415e-9e16-dea4b380e920,ad84b879-fe95-4387-a911-8645b07347ae,c3,c4,2472,p3,?,
1769500863.218261,RECEIVED,46550735-a469-4e9c-9256-23ad1a3add4a,c3ce72d5-1ce0-479e-8d53-e447f99b687e,c4,None,2231,p1,?,
1769500863.2187502,RECEIVED,c413eac1-f79e-4d2d-947d-f12ee1ceb12a,f7c758b6-1b33-4afc-b48e-1a48346160b4,c2,c1,2449,p2,?,
1769500863.3020997,SENT,8b2ebea3-137d-41b9-b032-be74121d55f9,a2b05812-40a3-42f7-8dc9-47e48d16cd57,c2,None,1603,?,i3,
1769500863.3021421,FORWARDED,8b2ebea3-137d-41b9-b032-be74121d55f9,a2b05812-40a3-42f7-8dc9-47e48d16cd57,c2,None,1603,?,i3,
1769500863.3706803,SENT,c413eac1-f79e-4d2d-947d-f12ee1ceb12a,f7c758b6-1b33-4afc-b48e-1a48346160b4,c2,c1,1762,?,i10,
1769500863.3707154,FORWARDED,c413eac1-f79e-4d2d-947d-f12ee1ceb12a,f7c758b6-1b33-4afc-b48e-1a48346160b4,c2,c1,1762,?,i10,
1769500863.4294121,SENT,6e27b406-012b-4d7e-80f6-20fbe1b31664,5d18cf78-94e8-4a33-9ec8-f8a4ddbc8eee,c1,DROP,1007,?,i8,
1769500863.4294572,FORWARDED,6e27b406-012b-4d7e-80f6-20fbe1b31664,5d18cf78-94e8-4a33-9ec8-f8a4ddbc8eee,c1,DROP,1007,?,i8,
1769500863.5272214,RECEIVED,3d109e50-4018-4a4e-8deb-32c923f7b717,ce7c09a1-541b-4e7d-abd6-695ce1e8fa5e,c5,DROP,437,x6,?,
1769500863.6050184,RECEIVED,2da89e81-4193-4098-91d4-8c73c1a79c31,5c4a2d04-5a72-499b-8282-b451d7e0308b,c3,DROP,1445,p3,?,
1769500863.6121235,RECEIVED,fdbc1c5f-b4ed-4641-a0e3-eced628b2be8,6b8c77e9-665f-4842-81d6-733431de8992,c3,DROP,1451,p3,?,
1769500863.664994,SENT,85517636-a193-415e-9e16-dea4b380e920,ad84b879-fe95-4387-a911-8645b07347ae,c3,c4,1780,?,i12,
1769500863.6650372,FORWARDED,85517636-a193-415e-9e16-dea4b380e920,ad84b879-fe95-4387-a911-8645b07347ae,c3,c4,1780,?,i12,
1769500863.6782238,SENT,7688e54d-984f-4d2e-a11a-7b036873642e,718d8b3e-5210-44c9-ae03-ab3d592bb8d4,c5,DROP,1021,?,i3,
1769500863.6782653,FORWARDED,7688e54d-984f-4d2e-a11a-7b036873642e,718d8b3e-5210-44c9-ae03-ab3d592bb8d4,c5,DROP,1021,?,i3,
1769500863.704321,RECEIVED,609991b5-71c1-4de5-a2bc-3a30c5ffc4aa,47578d8a-b2cb-4091-8833-11b192781f91,c3,DROP,1447,p3,?,
1769500863.8977563,SENT,3c0342e0-872f-44b4-8071-a2628c3b5989,c6bf5370-adf1-470d-b9a1-942f29afc2db,c2,None,1607,?,i7,
1769500863.8977978,FORWARDED,3c0342e0-872f-44b4-8071-a2628c3b5989,c6bf5370-adf1-470d-b9a1-942f29afc2db,c2,None,1607,?,i7,
1769500863.920299,SENT,fdbc1c5f-b4ed-4641-a0e3-eced628b2be8,6b8c77e9-665f-4842-81d6-733431de8992,c3,DROP,1016,?,i8,
1769500863.9203398,FORWARDED,fdbc1c5f-b4ed-4641-a0e3-eced628b2be8,6b8c77e9-665f-4842-81d6-733431de8992,c3,DROP,1016,?,i8,
1769500863.9486759,RECEIVED,8c0724c1-03e0-4018-b634-eb48fc40b177,5e9288ef-0ee0-4d7f-b5fe-695888223632,c2,c1,2451,p2,?,
1769500864.0659502,SENT,2da89e81-4193-4098-91d4-8c73c1a79c31,5c4a2d04-5a72-499b-8282-b451d7e0308b,c3,DROP,1011,?,i11,
1769500864.0659873,FORWARDED,2da89e81-4193-4098-91d4-8c73c1a79c31,5c4a2d04-5a72-499b-8282-b451d7e0308b,c3,DROP,1011,?,i11,
1769500864.2508395,RECEIVED,0b93b97d-5fb4-4a8b-afab-8e10f1295ec0,7274ddab-5c1b-4e31-9b60-ed07846a1626,c4,DROP,1439,p1,?,
1769500864.2915452,RECEIVED,9f40e778-ba02-46a5-9367-3ced301898a9,73da40fe-4ec1-4ba7-8ba1-3e49f9f6defd,c5,None,2235,p2,?,
1769500864.453164,RECEIVED,e47358b4-6431-4c85-b7b1-709829170d8c,822af2f4-7a52-4456-bce1-9bccaa16b15d,c3,DROP,1447,p3,?,
1769500864.47944,RECEIVED,00a3a6c1-a244-4229-a346-e9162fb02e68,796d30b6-a0e9-43b4-a464-2bd3462622f4,c2,c1,2451,p2,?,
1769500864.50758,SENT,0b93b97d-5fb4-4a8b-afab-8e10f1295ec0,7274ddab-5c1b-4e31-9b60-ed07846a1626,c4,DROP,1008,?,i1,
1769500864.5076199,FORWARDED,0b93b97d-5fb4-4a8b-afab-8e10f1295ec0,7274ddab-5c1b-4e31-9b60-ed07846a1626,c4,DROP,1008,?,i1,
1769500864.524033,RECEIVED,8d1e8bef-36ff-4007-8719-7962e55d088f,a1e62bdd-79a6-49b4-bb43-b0f7a1d35e5e,c4,DROP,442,x8,?,
1769500864.5481756,SENT,609991b5-71c1-4de5-a2bc-3a30c5ffc4aa,47578d8a-b2cb-4091-8833-11b192781f91,c3,DROP,1014,?,i1,
1769500864.5482197,FORWARDED,609991b5-71c1-4de5-a2bc-3a30c5ffc4aa,47578d8a-b2cb-4091-8833-11b192781f91,c3,DROP,1014,?,i1,
1769500864.5635834,SENT,9f40e778-ba02-46a5-9367-3ced301898a9,73da40fe-4ec1-4ba7-8ba1-3e49f9f6defd,c5,None,1603,?,i7,
1769500864.563625,FORWARDED,9f40e778-ba02-46a5-9367-3ced301898a9,73da40fe-4ec1-4ba7-8ba1-3e49f9f6defd,c5,None,1603,?,i7,
1769500864.619281,SENT,46550735-a469-4e9c-9256-23ad1a3add4a,c3ce72d5-1ce0-479e-8d53-e447f99b687e,c4,None,1602,?,i6,
1769500864.6193244,FORWARDED,46550735-a469-4e9c-9256-23ad1a3add4a,c3ce72d5-1ce0-479e-8d53-e447f99b687e,c4,None,1602,?,i6,
1769500864.8729656,SENT,8c0724c1-03e0-4018-b634-eb48fc40b177,5e9288ef-0ee0-4d7f-b5fe-695888223632,c2,c1,1765,?,i11,
1769500864.8730066,FORWARDED,8c0724c1-03e0-4018-b634-eb48fc40b177,5e9288ef-0ee0-4d7f-b5fe-695888223632,c2,c1,1765,?,i11,
1769500864.9468153,RECEIVED,ecb03ae4-c755-4f5e-b0b4-4d7d3d7f7dde,3c024a7d-b0ba-4ee9-8056-807cd6ec07fc,c3,DROP,1448,p3,?,
1769500864.9918275,RECEIVED,c2932c65-d3a4-40e1-9f00-ec2410d3a2b8,8dafd212-df76-4114-8286-4b5c86f7ea6d,c5,c2,2459,p2,?,
1769500865.017571,SENT,ecb03ae4-c755-4f5e-b0b4-4d7d3d7f7dde,3c024a7d-b0ba-4ee9-8056-807cd6ec07fc,c3,DROP,1012,?,i4,
1769500865.017611,FORWARDED,ecb03ae4-c755-4f5e-b0b4-4d7d3d7f7dde,3c024a7d-b0ba-4ee9-8056-807cd6ec07fc,c3,DROP,1012,?,i4,
1769500865.033647,RECEIVED,705e29c3-7085-4f42-b88e-165a115e7f8d,a58088d5-a9de-4734-bca4-c14d8e0329df,c1,DROP,1459,p1,?,
1769500865.0509026,SENT,c2932c65-d3a4-40e1-9f00-ec2410d3a2b8,8dafd212-df76-4114-8286-4b5c86f7ea6d,c5,c2,1771,?,i8,
1769500865.0509467,FORWARDED,c2932c65-d3a4-40e1-9f00-ec2410d3a2b8,8dafd212-df76-4114-8286-4b5c86f7ea6d,c5,c2,1771,?,i8,
1769500865.1448712,RECEIVED,64d066e1-7a32-4cd1-b84d-f36785c5e238,a36a1afc-f08e-4fa1-838c-eab81781b40d,c3,DROP,445,x6,?,
1769500865.1795812,SENT,e47358b4-6431-4c85-b7b1-709829170d8c,822af2f4-7a52-4456-bce1-9bccaa16b15d,c3,DROP,1012,?,i1,
1769500865.179632,FORWARDED,e47358b4-6431-4c85-b7b1-709829170d8c,822af2f4-7a52-4456-bce1-9bccaa16b15d,c3,DROP,1012,?,i1,
1769500865.2658124,RECEIVED,aafac6cc-5587-409b-955a-86dbd922e693,7ca182f1-14aa-4129-a2cc-c06a716db325,c3,c4,2467,p3,?,
1769500865.6320264,RECEIVED,ad0d304a-0b6c-4245-bf7a-52d668c3e372,4e48147f-e399-4e4e-bc32-a9cd13aae73a,c1,c5,2476,p1,?,
1769500865.7043684,SENT,705e29c3-7085-4f42-b88e-165a115e7f8d,a58088d5-a9de-4734-bca4-c14d8e0329df,c1,DROP,1021,?,i3,
1769500865.704787,FORWARDED,705e29c3-7085-4f42-b88e-165a115e7f8d,a58088d5-a9de-4734-bca4-c14d8e0329df,c1,DROP,1021,?,i3,
1769500865.7694356,SENT,ad0d304a-0b6c-4245-bf7a-52d668c3e372,4e48147f-e399-4e4e-bc32-a9cd13aae73a,c1,c5,1784,?,i12,
1769500865.76948,FORWARDED,ad0d304a-0b6c-4245-bf7a-52d668c3e372,4e48147f-e399-4e4e-bc32-a9cd13aae73a,c1,c5,1784,?,i12,
1769500865.7888796,RECEIVED,4ecc7acf-3482-44d2-9359-318470aa3f22,cbf6ba8d-05ed-494e-a043-362c75b22d6f,c2,None,2230,p2,?,
1769500865.8155248,SENT,00a3a6c1-a244-4229-a346-e9162fb02e68,796d30b6-a0e9-43b4-a464-2bd3462622f4,c2,c1,1767,?,i1,
1769500865.8155663,FORWARDED,00a3a6c1-a244-4229-a346-e9162fb02e68,796d30b6-a0e9-43b4-a464-2bd3462622f4,c2,c1,1767,?,i1,
1769500865.9036183,RECEIVED,bba2fef9-e9d2-4ad0-9bdd-3ceaa9c7c3e6,d7724aea-faff-4047-b509-6f2cf1affff1,c3,DROP,1440,p3,?,
1769500865.931372,RECEIVED,775dcb81-5613-4597-8950-b820c12f07c3,cdfd2aeb-22b7-4568-8b10-4b7965eecdec,c3,DROP,1444,p3,?,
1769500865.974288,SENT,bba2fef9-e9d2-4ad0-9bdd-3ceaa9c7c3e6,d7724aea-faff-4047-b509-6f2cf1affff1,c3,DROP,1008,?,i4,
1769500865.9743288,FORWARDED,bba2fef9-e9d2-4ad0-9bdd-3ceaa9c7c3e6,d7724aea-faff-4047-b509-6f2cf1affff1,c3,DROP,1008,?,i4,
1769500866.0505793,RECEIVED,6efcd920-f310-452f-8ca2-03f794ca2935,9b89667e-d410-46bc-9405-f66c7521daa1,c5,DROP,1459,p2,?,
1769500866.0751753,RECEIVED,3cbdb3da-6e9d-4b03-b755-e5c78312f2cc,4c1d4320-858e-4a47-9788-715bb9793414,c4,None,2234,p1,?,
1769500866.0780964,RECEIVED,74d10e1c-4ad7-47bd-aec5-796146d15756,83745b2d-1adc-4f10-aa67-e8876dd02da0,c3,c4,2462,p3,?,
1769500866.0966556,RECEIVED,5b3b7dd8-797d-4826-8913-730462e00b26,4b642dc9-3bf0-4910-8f4b-ff2575620933,c2,DROP,1436,p2,?,
1769500866.1054237,RECEIVED,ff51258d-b279-47b2-9140-ec059ff619de,90a8316b-049a-4944-b232-55714dd8fddb,c4,DROP,1440,p1,?,
1769500866.1074924,RECEIVED,88879819-f615-4ada-9687-d7615998c2e0,d34e899a-5e83-489c-bca0-cb265a943096,c3,DROP,1447,p3,?,
1769500866.1771393,SENT,74d10e1c-4ad7-47bd-aec5-796146d15756,83745b2d-1adc-4f10-aa67-e8876dd02da0,c3,c4,1771,?,i8,
1769500866.1771824,FORWARDED,74d10e1c-4ad7-47bd-aec5-796146d15756,83745b2d-1adc-4f10-aa67-e8876dd02da0,c3,c4,1771,?,i8,
1769500866.1797009,SENT,3cbdb3da-6e9d-4b03-b755-e5c78312f2cc,4c1d4320-858e-4a47-9788-715bb9793414,c4,None,1600,?,i11,
1769500866.179741,FORWARDED,3cbdb3da-6e9d-4b03-b755-e5c78312f2cc,4c1d4320-858e-4a47-9788-715bb9793414,c4,None,1600,?,i11,
1769500866.1828775,SENT,5b3b7dd8-797d-4826-8913-730462e00b26,4b642dc9-3bf0-4910-8f4b-ff2575620933,c2,DROP,1004,?,i2,
1769500866.1829197,FORWARDED,5b3b7dd8-797d-4826-8913-730462e00b26,4b642dc9-3bf0-4910-8f4b-ff2575620933,c2,DROP,1004,?,i2,
1769500866.3892677,SENT,aafac6cc-5587-409b-955a-86dbd922e693,7ca182f1-14aa-4129-a2cc-c06a716db325,c3,c4,1777,?,i1,
1769500866.3893075,FORWARDED,aafac6cc-5587-409b-955a-86dbd922e693,7ca182f1-14aa-4129-a2cc-c06a716db325,c3,c4,1777,?,i1,
1769500866.4673693,SENT,4ecc7acf-3482-44d2-9359-318470aa3f22,cbf6ba8d-05ed-494e-a043-362c75b22d6f,c2,None,1601,?,i6,
1769500866.4674113,FORWARDED,4ecc7acf-3482-44d2-9359-318470aa3f22,cbf6ba8d-05ed-494e-a043-362c75b22d6f,c2,None,1601,?,i6,
1769500866.4911788,RECEIVED,e6e8fa1d-8c58-4bff-8359-96189099d391,1955c07d-4a84-4b99-bd55-51fcc70d096b,c3,DROP,1444,p3,?,
1769500866.53371,SENT,ff51258d-b279-47b2-9140-ec059ff619de,90a8316b-049a-4944-b232-55714dd8fddb,c4,DROP,1007,?,i9,
1769500866.5337517,FORWARDED,ff51258d-b279-47b2-9140-ec059ff619de,90a8316b-049a-4944-b232-55714dd8fddb,c4,DROP,1007,?,i9,
1769500866.5627437,RECEIVED,0c9503d0-2789-481e-9ec0-d8f679fe3301,dab13e09-1249-4a5e-a400-7bc04ac76c5a,c3,DROP,1448,p3,?,
1769500866.6056006,SENT,e6e8fa1d-8c58-4bff-8359-96189099d391,1955c07d-4a84-4b99-bd55-51fcc70d096b,c3,DROP,1010,?,i9,
1769500866.6056507,FORWARDED,e6e8fa1d-8c58-4bff-8359-96189099d391,1955c07d-4a84-4b99-bd55-51fcc70d096b,c3,DROP,1010,?,i9,
1769500866.6486018,RECEIVED,32d83198-0003-4353-86e9-cd23350bae2d,9441d6ed-b58e-42c8-a5c3-5e3b7dcbeccf,c5,DROP,1438,p2,?,
1769500866.6880052,SENT,775dcb81-5613-4597-8950-b820c12f07c3,cdfd2aeb-22b7-4568-8b10-4b7965eecdec,c3,DROP,1011,?,i11,
1769500866.688057,FORWARDED,775dcb81-5613-4597-8950-b820c12f07c3,cdfd2aeb-22b7-4568-8b10-4b7965eecdec,c3,DROP,1011,?,i11,
1769500866.6920638,SENT,88879819-f615-4ada-9687-d7615998c2e0,d34e899a-5e83-489c-bca0-cb265a943096,c3,DROP,1012,?,i3,
1769500866.6920998,FORWARDED,88879819-f615-4ada-9687-d7615998c2e0,d34e899a-5e83-489c-bca0-cb265a943096,c3,DROP,1012,?,i3,
1769500866.8356342,RECEIVED,743e0f3f-8cdf-4f34-b0b6-ee2ede3b5d47,6e03d8d3-2130-4f0b-8b2d-16ca17f2719a,c5,c2,2465,p2,?,
1769500866.879331,SENT,743e0f3f-8cdf-4f34-b0b6-ee2ede3b5d47,6e03d8d3-2130-4f0b-8b2d-16ca17f2719a,c5,c2,1775,?,i2,
1769500866.8793724,FORWARDED,743e0f3f-8cdf-4f34-b0b6-ee2ede3b5d47,6e03d8d3-2130-4f0b-8b2d-16ca17f2719a,c5,c2,1775,?,i2,
1769500866.8843067,SENT,0c9503d0-2789-481e-9ec0-d8f679fe3301,dab13e09-1249-4a5e-a400-7bc04ac76c5a,c3,DROP,1012,?,i4,
1769500866.884345,FORWARDED,0c9503d0-2789-481e-9ec0-d8f679fe3301,dab13e09-1249-4a5e-a400-7bc04ac76c5a,c3,DROP,1012,?,i4,
1769500866.905807,RECEIVED,bb09a873-3e37-4484-805f-51fe95808b6a,e2b56454-f20b-47d8-acda-8bd0231f244b,c5,DROP,1451,p2,?,
1769500866.9223282,RECEIVED,6058437d-b45d-44fd-9157-bc9c22d02d06,51157b99-8a30-46e9-a51a-ccaf942108f7,c5,None,2224,p2,?,
1769500866.9264479,RECEIVED,96fd186b-b8a1-49e5-a126-ffb95974b661,9a87026b-7882-45f3-8417-fb1c29ad84d4,c2,DROP,1439,p2,?,
1769500866.9698174,RECEIVED,70c8fa3a-1b31-449c-9754-668bfb25c82b,bfd611fd-6b4d-4899-ae79-c15f1689a86b,c5,DROP,1440,p2,?,
1769500866.9953153,RECEIVED,83366094-c10b-419d-a2c7-8611f6744b39,14d551ae-6718-4a80-8c13-fb1b4af8aeea,c3,None,2227,p3,?,
1769500867.1088245,RECEIVED,5f747215-1203-4826-a1e3-67d01ca052ce,653c9621-9774-4c66-bc65-d718e732de46,c2,DROP,440,x10,?,
1769500867.1867442,RECEIVED,53a8ec27-3845-4da0-9cfe-d0fdb6638b83,cc372a31-7725-4ad1-a8c4-7d443a0e2402,c5,DROP,1439,p2,?,
1769500867.2138999,SENT,70c8fa3a-1b31-449c-9754-668bfb25c82b,bfd611fd-6b4d-4899-ae79-c15f1689a86b,c5,DROP,1008,?,i2,
1769500867.213939,FORWARDED,70c8fa3a-1b31-449c-9754-668bfb25c82b,bfd611fd-6b4d-4899-ae79-c15f1689a86b,c5,DROP,1008,?,i2,
1769500867.223775,RECEIVED,8aafdb27-5d8f-4edd-9958-482c1cc3c000,49581753-42b3-4d76-9fbd-9bdf92afc519,c2,DROP,1439,p2,?,
1769500867.2579112,RECEIVED,85786d9e-db9f-4da2-b606-c64aab280e1d,d95f56fd-f159-4f69-93f8-b4cdd567dcda,c2,c1,2464,p2,?,
1769500867.3087537,SENT,85786d9e-db9f-4da2-b606-c64aab280e1d,d95f56fd-f159-4f69-93f8-b4cdd567dcda,c2,c1,1776,?,i9,
1769500867.3087964,FORWARDED,85786d9e-db9f-4da2-b606-c64aab280e1d,d95f56fd-f159-4f69-93f8-b4cdd567dcda,c2,c1,1776,?,i9,
1769500867.3119905,SENT,6058437d-b45d-44fd-9157-bc9c22d02d06,51157b99-8a30-46e9-a51a-ccaf942108f7,c5,None,1596,?,i9,
1769500867.3120332,FORWARDED,6058437d-b45d-44fd-9157-bc9c22d02d06,51157b99-8a30-46e9-a51a-ccaf942108f7,c5,None,1596,?,i9,
1769500867.3221712,SENT,bb09a873-3e37-4484-805f-51fe95808b6a,e2b56454-f20b-47d8-acda-8bd0231f244b,c5,DROP,1015,?,i3,
1769500867.3222136,FORWARDED,bb09a873-3e37-4484-805f-51fe95808b6a,e2b56454-f20b-47d8-acda-8bd0231f244b,c5,DROP,1015,?,i3,
1769500867.4856234,SENT,83366094-c10b-419d-a2c7-8611f6744b39,14d551ae-6718-4a80-8c13-fb1b4af8aeea,c3,None,1599,?,i1,
1769500867.485663,FORWARDED,83366094-c10b-419d-a2c7-8611f6744b39,14d551ae-6718-4a80-8c13-fb1b4af8aeea,c3,None,1599,?,i1,
1769500867.6255383,RECEIVED,b35d09c5-4587-4664-bd6b-46af42233a3b,229329a3-0ff7-4f79-af27-8ecb864878d5,c3,DROP,442,x6,?,
1769500867.7223094,SENT,53a8ec27-3845-4da0-9cfe-d0fdb6638b83,cc372a31-7725-4ad1-a8c4-7d443a0e2402,c5,DROP,1007,?,i1,
1769500867.722352,FORWARDED,53a8ec27-3845-4da0-9cfe-d0fdb6638b83,cc372a31-7725-4ad1-a8c4-7d443a0e2402,c5,DROP,1007,?,i1,
1769500867.803448,RECEIVED,f2af774a-e311-4a5d-bcbd-4e62ea2c78b5,89fd6ea5-092d-4324-b797-de21a024b868,c4,None,2223,p1,?,
1769500867.8059597,SENT,96fd186b-b8a1-49e5-a126-ffb95974b661,9a87026b-7882-45f3-8417-fb1c29ad84d4,c2,DROP,1008,?,i3,
1769500867.806016,FORWARDED,96fd186b-b8a1-49e5-a126-ffb95974b661,9a87026b-7882-45f3-8417-fb1c29ad84d4,c2,DROP,1008,?,i3,
1769500867.9296806,RECEIVED,be911499-583c-43c6-b5c8-1616fde3d7b5,3d237aee-40a9-44e9-865d-d70f10a96cd9,c4,DROP,1448,p1,?,
1769500867.9861627,SENT,6efcd920-f310-452f-8ca2-03f794ca2935,9b89667e-d410-46bc-9405-f66c7521daa1,c5,DROP,1021,?,i4,
1769500867.9861999,FORWARDED,6efcd920-f310-452f-8ca2-03f794ca2935,9b89667e-d410-46bc-9405-f66c7521daa1,c5,DROP,1021,?,i4,
1769500868.129294,SENT,be911499-583c-43c6-b5c8-1616fde3d7b5,3d237aee-40a9-44e9-865d-d70f10a96cd9,c4,DROP,1012,?,i7,
1769500868.1293342,FORWARDED,be911499-583c-43c6-b5c8-1616fde3d7b5,3d237aee-40a9-44e9-865d-d70f10a96cd9,c4,DROP,1012,?,i7,
1769500868.2793179,RECEIVED,1f29a749-2dec-436c-b66e-3cd65d8ccf2c,2f12bb01-4aa6-45ad-a72c-a6ee30b188d7,c4,None,2228,p1,?,
1769500868.2965066,SENT,8aafdb27-5d8f-4edd-9958-482c1cc3c000,49581753-42b3-4d76-9fbd-9bdf92afc519,c2,DROP,1008,?,i9,
1769500868.2965457,FORWARDED,8aafdb27-5d8f-4edd-9958-482c1cc3c000,49581753-42b3-4d76-9fbd-9bdf92afc519,c2,DROP,1008,?,i9,
1769500868.365554,SENT,1f29a749-2dec-436c-b66e-3cd65d8ccf2c,2f12bb01-4aa6-45ad-a72c-a6ee30b188d7,c4,None,1599,?,i3,
1769500868.3656006,FORWARDED,1f29a749-2dec-436c-b66e-3cd65d8ccf2c,2f12bb01-4aa6-45ad-a72c-a6ee30b188d7,c4,None,1599,?,i3,
1769500868.7956583,SENT,f2af774a-e311-4a5d-bcbd-4e62ea2c78b5,89fd6ea5-092d-4324-b797-de21a024b868,c4,None,1596,?,i4,
1769500868.7957022,FORWARDED,f2af774a-e311-4a5d-bcbd-4e62ea2c78b5,89fd6ea5-092d-4324-b797-de21a024b868,c4,None,1596,?,i4,
1769500868.9872131,RECEIVED,c52df4b7-f5b9-461e-9189-3770e46d7481,ce077693-46c4-45f4-a3a6-0dcce6691bd3,c5,DROP,1444,p2,?,
1769500869.0161302,RECEIVED,61fc9a3c-55be-4edd-8edb-41b8643d1caf,7362704c-402a-4a77-9bf6-9f066a30296c,c5,c2,2463,p2,?,
1769500869.069478,RECEIVED,a194be53-bdc4-47c9-85d6-7e179246fc49,20114f7c-23a9-43a9-93d9-20a44bf59c1e,c3,DROP,1440,p3,?,
1769500869.0710924,RECEIVED,3d09113a-5e25-44de-8c9c-13c24687f4ec,f1ba0ae6-4ac3-4121-a084-007d238c664e,c4,DROP,441,x3,?,
1769500869.0998504,RECEIVED,715d6a15-1584-4200-a7ad-a1cb460f26c8,f4b98ee9-074b-4b7f-8310-6bc91bff5e3a,c3,c4,2451,p3,?,
1769500869.1178005,SENT,a194be53-bdc4-47c9-85d6-7e179246fc49,20114f7c-23a9-43a9-93d9-20a44bf59c1e,c3,DROP,1008,?,i7,
1769500869.1178398,FORWARDED,a194be53-bdc4-47c9-85d6-7e179246fc49,20114f7c-23a9-43a9-93d9-20a44bf59c1e,c3,DROP,1008,?,i7,
1769500869.1438055,RECEIVED,12bc3e9b-b69e-4d9a-bbce-33b61bbc865a,b7f00c0c-9ab7-4d56-9db8-c1a9dd471d5d,c2,DROP,442,x5,?,
1769500869.2009206,RECEIVED,3d42a534-2d0f-4168-894d-3442feafff96,df5123f8-657c-46cf-96c7-362652dda59d,c5,DROP,1440,p2,?,
1769500869.2419019,SENT,c52df4b7-f5b9-461e-9189-3770e46d7481,ce077693-46c4-45f4-a3a6-0dcce6691bd3,c5,DROP,1009,?,i6,
1769500869.2419412,FORWARDED,c52df4b7-f5b9-461e-9189-3770e46d7481,ce077693-46c4-45f4-a3a6-0dcce6691bd3,c5,DROP,1009,?,i6,
1769500869.3896046,RECEIVED,3630bb67-f7fd-40cc-814d-1d1d8441883f,22ef3aa9-ff41-40e0-a57b-03254be252fb,c5,DROP,1439,p2,?,
1769500869.4466102,SENT,3d42a534-2d0f-4168-894d-3442feafff96,df5123f8-657c-46cf-96c7-362652dda59d,c5,DROP,1008,?,i5,
1769500869.4466512,FORWARDED,3d42a534-2d0f-4168-894d-3442feafff96,df5123f8-657c-46cf-96c7-362652dda59d,c5,DROP,1008,?,i5,
1769500869.4654965,SENT,32d83198-0003-4353-86e9-cd23350bae2d,9441d6ed-b58e-42c8-a5c3-5e3b7dcbeccf,c5,DROP,1007,?,i2,
1769500869.4655437,FORWARDED,32d83198-0003-4353-86e9-cd23350bae2d,9441d6ed-b58e-42c8-a5c3-5e3b7dcbeccf,c5,DROP,1007,?,i2,
1769500869.481034,SENT,3630bb67-f7fd-40cc-814d-1d1d8441883f,22ef3aa9-ff41-40e0-a57b-03254be252fb,c5,DROP,1006,?,i4,
1769500869.481228,FORWARDED,3630bb67-f7fd-40cc-814d-1d1d8441883f,22ef3aa9-ff41-40e0-a57b-03254be252fb,c5,DROP,1006,?,i4,
1769500869.5418913,RECEIVED,3f896dd1-1d21-47fa-bba2-cdf860c706eb,c6519516-264e-4ab2-85f7-676f78c0accb,c5,DROP,445,x12,?,
1769500869.5428503,RECEIVED,5edf3855-732d-4412-8739-faa20e333209,7ab292f2-fdb5-4139-bed8-9d0abe395fa0,c3,DROP,443,x7,?,
1769500869.7249062,SENT,61fc9a3c-55be-4edd-8edb-41b8643d1caf,7362704c-402a-4a77-9bf6-9f066a30296c,c5,c2,1775,?,i1,
1769500869.724948,FORWARDED,61fc9a3c-55be-4edd-8edb-41b8643d1caf,7362704c-402a-4a77-9bf6-9f066a30296c,c5,c2,1775,?,i1,
1769500869.9999537,RECEIVED,2f896846-eee4-4205-9e11-bc29800a10b8,70eac779-93d8-4c8e-b1be-57bad952fe14,c4,DROP,1463,p1,?,
1769500870.042485,SENT,715d6a15-1584-4200-a7ad-a1cb460f26c8,f4b98ee9-074b-4b7f-8310-6bc91bff5e3a,c3,c4,1767,?,i4,
1769500870.0425262,FORWARDED,715d6a15-1584-4200-a7ad-a1cb460f26c8,f4b98ee9-074b-4b7f-8310-6bc91bff5e3a,c3,c4,1767,?,i4,
1769500870.0455983,RECEIVED,1a23d2d9-ea2a-4cad-b2c6-d715e42f54ab,47127a75-9b0c-4586-8d4a-1e5be4bba84a,c2,None,2234,p2,?,
1769500870.3583517,SENT,2f896846-eee4-4205-9e11-bc29800a10b8,70eac779-93d8-4c8e-b1be-57bad952fe14,c4,DROP,1024,?,i9,
1769500870.358395,FORWARDED,2f896846-eee4-4205-9e11-bc29800a10b8,70eac779-93d8-4c8e-b1be-57bad952fe14,c4,DROP,1024,?,i9,
1769500870.4567907,RECEIVED,bffa09fb-b6ea-4adb-8a02-3b3173aa71a9,5216c636-0386-431b-879f-b7e63eadcf2f,c1,None,2220,p1,?,
1769500870.5218613,RECEIVED,5694d317-c259-4817-a7ed-bf9d9bbb8ece,c047ad83-38a1-47b0-b66e-6f148634c878,c3,DROP,1448,p3,?,
1769500870.5373056,SENT,bffa09fb-b6ea-4adb-8a02-3b3173aa71a9,5216c636-0386-431b-879f-b7e63eadcf2f,c1,None,1593,?,i4,
1769500870.5373502,FORWARDED,bffa09fb-b6ea-4adb-8a02-3b3173aa71a9,5216c636-0386-431b-879f-b7e63eadcf2f,c1,None,1593,?,i4,
1769500870.648211,RECEIVED,57f95c4e-b7b0-4f93-8c4d-c47513b9f474,b2dda388-32a5-440f-8eab-98b892c9b8c3,c1,DROP,442,x7,?,
1769500870.7919338,SENT,5694d317-c259-4817-a7ed-bf9d9bbb8ece,c047ad83-38a1-47b0-b66e-6f148634c878,c3,DROP,1012,?,i5,
1769500870.7919774,FORWARDED,5694d317-c259-4817-a7ed-bf9d9bbb8ece,c047ad83-38a1-47b0-b66e-6f148634c878,c3,DROP,1012,?,i5,
1769500870.857463,RECEIVED,2f4bd56c-052d-40c2-b775-8174e58cf216,e7129187-2c40-47de-8a41-e540f3eecdc6,c5,DROP,441,x5,?,
1769500871.1430376,RECEIVED,c71e4cab-3153-4cb7-9990-d21f2d43807c,888612a3-d5e0-4c78-b6ab-cc121a82828a,c2,DROP,1447,p2,?,
1769500871.1842568,SENT,1a23d2d9-ea2a-4cad-b2c6-d715e42f54ab,47127a75-9b0c-4586-8d4a-1e5be4bba84a,c2,None,1605,?,i3,
1769500871.1842952,FORWARDED,1a23d2d9-ea2a-4cad-b2c6-d715e42f54ab,47127a75-9b0c-4586-8d4a-1e5be4bba84a,c2,None,1605,?,i3,
1769500871.3388734,RECEIVED,810f4809-c8ed-4662-b17e-d606a38e1b13,24fc2767-7c5b-45fa-a865-71350765c313,c5,DROP,1444,p2,?,
1769500871.3832853,RECEIVED,c960e578-38ce-4b26-a5bc-be411d8b82fd,7d8d36eb-b98e-450f-acc5-48f7707ce408,c1,DROP,1453,p1,?,
1769500871.4477587,SENT,810f4809-c8ed-4662-b17e-d606a38e1b13,24fc2767-7c5b-45fa-a865-71350765c313,c5,DROP,1009,?,i8,
1769500871.4478016,FORWARDED,810f4809-c8ed-4662-b17e-d606a38e1b13,24fc2767-7c5b-45fa-a865-71350765c313,c5,DROP,1009,?,i8,
1769500871.4779491,SENT,c960e578-38ce-4b26-a5bc-be411d8b82fd,7d8d36eb-b98e-450f-acc5-48f7707ce408,c1,DROP,1017,?,i11,
1769500871.4779944,FORWARDED,c960e578-38ce-4b26-a5bc-be411d8b82fd,7d8d36eb-b98e-450f-acc5-48f7707ce408,c1,DROP,1017,?,i11,
1769500871.509579,RECEIVED,a05547ab-d049-4b3c-ad60-03807254cbb9,6262170d-95c2-4198-aa70-1fdc1790d2e5,c3,DROP,437,x8,?,
1769500871.5356827,SENT,c71e4cab-3153-4cb7-9990-d21f2d43807c,888612a3-d5e0-4c78-b6ab-cc121a82828a,c2,DROP,1012,?,i8,
1769500871.5357249,FORWARDED,c71e4cab-3153-4cb7-9990-d21f2d43807c,888612a3-d5e0-4c78-b6ab-cc121a82828a,c2,DROP,1012,?,i8,
1769500871.5534742,RECEIVED,ea45b503-6bec-45f7-b588-66eb854c584d,1ab67386-20e5-4267-9b87-aad3352da9ce,c1,DROP,1443,p1,?,
1769500871.576119,RECEIVED,498a45a3-1248-4ede-8b9b-766b12096ffc,bc57182e-cab1-45a6-aa29-71934c0adaf0,c2,None,2232,p2,?,
1769500871.7107387,SENT,498a45a3-1248-4ede-8b9b-766b12096ffc,bc57182e-cab1-45a6-aa29-71934c0adaf0,c2,None,1601,?,i4,
1769500871.710781,FORWARDED,498a45a3-1248-4ede-8b9b-766b12096ffc,bc57182e-cab1-45a6-aa29-71934c0adaf0,c2,None,1601,?,i4,
1769500871.7261095,RECEIVED,82da330a-16d8-4480-ad97-25cc579dd8ca,0d5bcd50-1dac-476e-8320-d0b008ea1808,c4,DROP,1439,p1,?,
1769500871.726947,SENT,ea45b503-6bec-45f7-b588-66eb854c584d,1ab67386-20e5-4267-9b87-aad3352da9ce,c1,DROP,1011,?,i1,
1769500871.7269948,FORWARDED,ea45b503-6bec-45f7-b588-66eb854c584d,1ab67386-20e5-4267-9b87-aad3352da9ce,c1,DROP,1011,?,i1,
1769500871.7393594,RECEIVED,e4816ca5-4a34-4310-8f8b-b3496a6a14fd,148cb3d7-3685-4aef-acb3-c74b7a16cdcc,c5,DROP,442,x4,?,
1769500871.7575517,RECEIVED,d35a4e4b-8f6a-4fcf-a877-7a4d5367c6b3,5c185a5d-57f7-48dc-ab70-9ebecfc57e61,c3,DROP,1444,p3,?,
1769500871.7580245,RECEIVED,c8d41bc1-09a7-4c05-8c96-0ee0ba70026e,f5a895b5-f016-4edf-b501-1ab2e52815c0,c5,DROP,1441,p2,?,
1769500871.775749,RECEIVED,050fa21f-d7d3-4650-9382-9efdfd579424,778e3832-5a8f-4138-906d-f25446b5d6d1,c4,None,2223,p1,?,
1769500871.8723257,RECEIVED,7da33763-10c9-424a-b55a-79ad3f8971c3,d16403d1-3972-462c-b035-6d5e094494b3,c1,DROP,1443,p1,?,
1769500871.952873,SENT,d35a4e4b-8f6a-4fcf-a877-7a4d5367c6b3,5c185a5d-57f7-48dc-ab70-9ebecfc57e61,c3,DROP,1011,?,i6,
1769500871.9529142,FORWARDED,d35a4e4b-8f6a-4fcf-a877-7a4d5367c6b3,5c185a5d-57f7-48dc-ab70-9ebecfc57e61,c3,DROP,1011,?,i6,
1769500871.9679377,RECEIVED,ac230974-2cc5-4fc0-8bfb-fd17a759a622,c00a3562-8112-4aee-ba19-99a0952cccbb,c4,c3,2465,p1,?,
1769500871.9959776,SENT,c8d41bc1-09a7-4c05-8c96-0ee0ba70026e,f5a895b5-f016-4edf-b501-1ab2e52815c0,c5,DROP,1007,?,i10,
1769500871.9960177,FORWARDED,c8d41bc1-09a7-4c05-8c96-0ee0ba70026e,f5a895b5-f016-4edf-b501-1ab2e52815c0,c5,DROP,1007,?,i10,
1769500872.0086699,SENT,ac230974-2cc5-4fc0-8bfb-fd17a759a622,c00a3562-8112-4aee-ba19-99a0952cccbb,c4,c3,1775,?,i6,
1769500872.0087101,FORWARDED,ac230974-2cc5-4fc0-8bfb-fd17a759a622,c00a3562-8112-4aee-ba19-99a0952cccbb,c4,c3,1775,?,i6,
1769500872.1131594,RECEIVED,867b233d-d2b7-4c2c-a68d-c39c93131a8c,865e9305-c365-450a-b729-c72bb4635b42,c2,None,2223,p2,?,
1769500872.1146092,SENT,82da330a-16d8-4480-ad97-25cc579dd8ca,0d5bcd50-1dac-476e-8320-d0b008ea1808,c4,DROP,1007,?,i9,
1769500872.1146488,FORWARDED,82da330a-16d8-4480-ad97-25cc579dd8ca,0d5bcd50-1dac-476e-8320-d0b008ea1808,c4,DROP,1007,?,i9,
1769500872.2946784,RECEIVED,916856f6-fa5d-41ec-8115-687fb97874cf,b7683dfd-7db4-4c1e-b07e-a03020ca213c,c1,DROP,1440,p1,?,
1769500872.3076105,SENT,050fa21f-d7d3-4650-9382-9efdfd579424,778e3832-5a8f-4138-906d-f25446b5d6d1,c4,None,1596,?,i5,
1769500872.3076544,FORWARDED,050fa21f-d7d3-4650-9382-9efdfd579424,778e3832-5a8f-4138-906d-f25446b5d6d1,c4,None,1596,?,i5,
1769500872.3781638,SENT,7da33763-10c9-424a-b55a-79ad3f8971c3,d16403d1-3972-462c-b035-6d5e094494b3,c1,DROP,1010,?,i2,
1769500872.3782039,FORWARDED,7da33763-10c9-424a-b55a-79ad3f8971c3,d16403d1-3972-462c-b035-6d5e094494b3,c1,DROP,1010,?,i2,
1769500872.406836,RECEIVED,235490bb-fefb-42e0-b7bc-81676a17652b,16e347bd-8c89-4e5f-a708-4b75088a73e4,c1,None,2238,p1,?,
1769500872.4857237,RECEIVED,383e8a9d-5961-450c-9bd7-d2122ebb28ea,836c1f6e-4a1a-4f3d-82f2-172ed094d790,c3,DROP,1430,p3,?,
1769500872.5998435,SENT,916856f6-fa5d-41ec-8115-687fb97874cf,b7683dfd-7db4-4c1e-b07e-a03020ca213c,c1,DROP,1008,?,i9,
1769500872.5998862,FORWARDED,916856f6-fa5d-41ec-8115-687fb97874cf,b7683dfd-7db4-4c1e-b07e-a03020ca213c,c1,DROP,1008,?,i9,
1769500872.673294,RECEIVED,e97f5375-6acb-47e5-a7e0-7cca55021483,bb05c8b2-7b36-45e8-a27c-17547761fa9a,c1,c5,2465,p1,?,
1769500872.7024515,SENT,e97f5375-6acb-47e5-a7e0-7cca55021483,bb05c8b2-7b36-45e8-a27c-17547761fa9a,c1,c5,1775,?,i6,
1769500872.7024946,FORWARDED,e97f5375-6acb-47e5-a7e0-7cca55021483,bb05c8b2-7b36-45e8-a27c-17547761fa9a,c1,c5,1775,?,i6,
1769500872.8473206,SENT,867b233d-d2b7-4c2c-a68d-c39c93131a8c,865e9305-c365-450a-b729-c72bb4635b42,c2,None,1596,?,i2,
1769500872.847364,FORWARDED,867b233d-d2b7-4c2c-a68d-c39c93131a8c,865e9305-c365-450a-b729-c72bb4635b42,c2,None,1596,?,i2,
1769500872.9517431,SENT,235490bb-fefb-42e0-b7bc-81676a17652b,16e347bd-8c89-4e5f-a708-4b75088a73e4,c1,None,1607,?,i8,
1769500872.9517825,FORWARDED,235490bb-fefb-42e0-b7bc-81676a17652b,16e347bd-8c89-4e5f-a708-4b75088a73e4,c1,None,1607,?,i8,
1769500873.2295868,RECEIVED,62bac010-a940-40b7-8a06-07c44a65f248,205522d6-124c-464b-a6a4-ae3cfa742626,c4,c3,2485,p1,?,
1769500873.2843103,RECEIVED,79b4bd11-e126-45b8-8933-8a34bdd0a7f0,0168e269-c569-4409-887d-62fdfd6086c7,c5,c2,2462,p2,?,
1769500873.2875373,RECEIVED,efbc2c02-27d2-479e-9dea-63e63a8977b7,ef7b08b4-3313-48d1-a961-b71a41f5a0bb,c2,DROP,441,x8,?,
1769500873.3707478,SENT,383e8a9d-5961-450c-9bd7-d2122ebb28ea,836c1f6e-4a1a-4f3d-82f2-172ed094d790,c3,DROP,1000,?,i1,
1769500873.370789,FORWARDED,383e8a9d-5961-450c-9bd7-d2122ebb28ea,836c1f6e-4a1a-4f3d-82f2-172ed094d790,c3,DROP,1000,?,i1,
1769500873.4291508,SENT,62bac010-a940-40b7-8a06-07c44a65f248,205522d6-124c-464b-a6a4-ae3cfa742626,c4,c3,1790,?,i10,
1769500873.4291925,FORWARDED,62bac010-a940-40b7-8a06-07c44a65f248,205522d6-124c-464b-a6a4-ae3cfa742626,c4,c3,1790,?,i10,
1769500873.7506652,SENT,79b4bd11-e126-45b8-8933-8a34bdd0a7f0,0168e269-c569-4409-887d-62fdfd6086c7,c5,c2,1776,?,i8,
1769500873.750705,FORWARDED,79b4bd11-e126-45b8-8933-8a34bdd0a7f0,0168e269-c569-4409-887d-62fdfd6086c7,c5,c2,1776,?,i8,
1769500873.776573,RECEIVED,ea0bf26f-8323-4b18-b6cc-58251966b046,b646c440-d20a-4735-8af0-c65390c27eb9,c3,DROP,1440,p3,?,
1769500873.8482544,SENT,ea0bf26f-8323-4b18-b6cc-58251966b046,b646c440-d20a-4735-8af0-c65390c27eb9,c3,DROP,1008,?,i4,
1769500873.8482966,FORWARDED,ea0bf26f-8323-4b18-b6cc-58251966b046,b646c440-d20a-4735-8af0-c65390c27eb9,c3,DROP,1008,?,i4,
1769500874.0645492,RECEIVED,7403742b-ffbb-4371-a253-d78d6197373d,4f99e2b5-d5cc-4111-9947-6c4b4a737e56,c4,DROP,443,x4,?,
1769500874.5694377,RECEIVED,99d7bb4e-3619-4148-ba55-3625383a328a,bc469c3c-3646-4aa4-8b31-465df9f9aaa8,c5,DROP,443,x5,?,
1769500874.6285212,RECEIVED,571227e1-ee16-4e69-98e6-b54e6dcb8297,ce54df84-11a7-4dcd-9c78-ce234c9620e6,c4,DROP,1440,p1,?,
1769500874.7178082,RECEIVED,948be52d-954e-4c03-aef1-665858627752,705bfa2d-1e08-4607-b1f2-c0da80cd8171,c5,None,2252,p2,?,
1769500874.8212106,RECEIVED,eac29db5-357c-43af-8cf5-deb03a43338a,6c2b69a5-8201-4a9e-8836-dae8fd0208a3,c3,c4,2456,p3,?,
1769500874.821537,RECEIVED,38e1d9bd-83cc-4e70-89a8-24cfc87f7b5d,1b19b07e-bf6e-42ef-af35-60d23b0e6d9f,c2,None,2235,p2,?,
1769500874.849585,RECEIVED,ad8fd07b-e6e6-462c-825e-353655a56118,f459f20e-acb3-40d4-98bd-b5be6aaca761,c5,DROP,1453,p2,?,
1769500874.9042745,SENT,571227e1-ee16-4e69-98e6-b54e6dcb8297,ce54df84-11a7-4dcd-9c78-ce234c9620e6,c4,DROP,1008,?,i9,
1769500874.9043174,FORWARDED,571227e1-ee16-4e69-98e6-b54e6dcb8297,ce54df84-11a7-4dcd-9c78-ce234c9620e6,c4,DROP,1008,?,i9,
1769500874.9504929,RECEIVED,43d711f2-f175-4269-b672-cfa6699f38e6,ea5dc5e2-765f-4463-b177-14ad7472b6f9,c2,c1,2472,p2,?,
1769500874.9580274,SENT,ad8fd07b-e6e6-462c-825e-353655a56118,f459f20e-acb3-40d4-98bd-b5be6aaca761,c5,DROP,1016,?,i11,
1769500874.9581993,FORWARDED,ad8fd07b-e6e6-462c-825e-353655a56118,f459f20e-acb3-40d4-98bd-b5be6aaca761,c5,DROP,1016,?,i11,
1769500874.969458,RECEIVED,d8a6cbd5-82a8-48d1-9493-dc167d7603d1,ec7d6efc-9da5-4d20-87b6-db90c202e69a,c3,DROP,1448,p3,?,
1769500875.0568824,RECEIVED,416b47e6-b6bf-4b18-ace4-a883dc95ba31,99ca5266-cc43-4424-9752-3d1e6e10eaf9,c5,c2,2455,p2,?,
1769500875.057439,RECEIVED,dc68792a-32ec-4f9b-9619-51fd64c5ccc0,4f18fa4f-4a7b-41c6-8b2c-2a8702455e5a,c3,DROP,441,x5,?,
1769500875.0625298,RECEIVED,50cc7a53-1c8e-4723-8c75-cfd4fd04af90,da37f727-edc0-4366-add1-88bfc74b03b4,c1,DROP,1439,p1,?,
1769500875.0659275,SENT,d8a6cbd5-82a8-48d1-9493-dc167d7603d1,ec7d6efc-9da5-4d20-87b6-db90c202e69a,c3,DROP,1012,?,i7,
1769500875.0659673,FORWARDED,d8a6cbd5-82a8-48d1-9493-dc167d7603d1,ec7d6efc-9da5-4d20-87b6-db90c202e69a,c3,DROP,1012,?,i7,
1769500875.1702404,SENT,50cc7a53-1c8e-4723-8c75-cfd4fd04af90,da37f727-edc0-4366-add1-88bfc74b03b4,c1,DROP,1007,?,i4,
1769500875.170282,FORWARDED,50cc7a53-1c8e-4723-8c75-cfd4fd04af90,da37f727-edc0-4366-add1-88bfc74b03b4,c1,DROP,1007,?,i4,
1769500875.2842255,SENT,948be52d-954e-4c03-aef1-665858627752,705bfa2d-1e08-4607-b1f2-c0da80cd8171,c5,None,1616,?,i12,
1769500875.2842689,FORWARDED,948be52d-954e-4c03-aef1-665858627752,705bfa2d-1e08-4607-b1f2-c0da80cd8171,c5,None,1616,?,i12,
1769500875.3052506,SENT,eac29db5-357c-43af-8cf5-deb03a43338a,6c2b69a5-8201-4a9e-8836-dae8fd0208a3,c3,c4,1768,?,i5,
1769500875.3052936,FORWARDED,eac29db5-357c-43af-8cf5-deb03a43338a,6c2b69a5-8201-4a9e-8836-dae8fd0208a3,c3,c4,1768,?,i5,
1769500875.320616,RECEIVED,a7185f9c-0c0c-4ab3-abe8-6c8d22500969,9e889de5-5092-4e71-a28f-7919fcfe6d1b,c4,DROP,1437,p1,?,
1769500875.3316357,RECEIVED,5d1a4a04-0472-4d73-a699-c82c70564b84,38fbfe77-d9b7-406f-93c8-7c9f0f99d4eb,c1,c5,2448,p1,?,
1769500875.342472,SENT,43d711f2-f175-4269-b672-cfa6699f38e6,ea5dc5e2-765f-4463-b177-14ad7472b6f9,c2,c1,1780,?,i8,
1769500875.3425143,FORWARDED,43d711f2-f175-4269-b672-cfa6699f38e6,ea5dc5e2-765f-4463-b177-14ad7472b6f9,c2,c1,1780,?,i8,
1769500875.5752575,RECEIVED,f244497f-9360-475b-9317-1632d0e79eb2,6ea31e5d-2a6f-4376-8c79-11c116437f0e,c5,None,2235,p2,?,
1769500875.7553787,SENT,416b47e6-b6bf-4b18-ace4-a883dc95ba31,99ca5266-cc43-4424-9752-3d1e6e10eaf9,c5,c2,1770,?,i2,
1769500875.7556386,FORWARDED,416b47e6-b6bf-4b18-ace4-a883dc95ba31,99ca5266-cc43-4424-9752-3d1e6e10eaf9,c5,c2,1770,?,i2,
1769500875.7873309,RECEIVED,fd269cc0-06b1-47ae-a534-ad17bde443c5,5fc1ab60-f41d-420b-97f4-bc4b82194bb9,c4,DROP,1446,p1,?,
1769500875.7974975,RECEIVED,4f5edfb3-a1d3-4e03-9a94-83bb1e789960,49969d20-3864-418e-8ac5-d03a732e1c64,c1,DROP,1451,p1,?,
1769500875.8576627,SENT,fd269cc0-06b1-47ae-a534-ad17bde443c5,5fc1ab60-f41d-420b-97f4-bc4b82194bb9,c4,DROP,1011,?,i10,
1769500875.8577044,FORWARDED,fd269cc0-06b1-47ae-a534-ad17bde443c5,5fc1ab60-f41d-420b-97f4-bc4b82194bb9,c4,DROP,1011,?,i10,
1769500876.0125916,SENT,38e1d9bd-83cc-4e70-89a8-24cfc87f7b5d,1b19b07e-bf6e-42ef-af35-60d23b0e6d9f,c2,None,1603,?,i7,
1769500876.012628,FORWARDED,38e1d9bd-83cc-4e70-89a8-24cfc87f7b5d,1b19b07e-bf6e-42ef-af35-60d23b0e6d9f,c2,None,1603,?,i7,
1769500876.046291,RECEIVED,0b9aa0f1-6180-4052-a203-8efbfcba4f41,aa4e7685-df95-47b2-bb98-c5aa39e886ae,c1,DROP,1440,p1,?,
1769500876.1099744,RECEIVED,4c4b757e-83c8-4f30-8005-feaf31eee071,b8ed651d-6904-46f2-960a-e87bf684bede,c3,None,2240,p3,?,
1769500876.114825,SENT,f244497f-9360-475b-9317-1632d0e79eb2,6ea31e5d-2a6f-4376-8c79-11c116437f0e,c5,None,1603,?,i2,
1769500876.1148665,FORWARDED,f244497f-9360-475b-9317-1632d0e79eb2,6ea31e5d-2a6f-4376-8c79-11c116437f0e,c5,None,1603,?,i2,
1769500876.3465154,SENT,0b9aa0f1-6180-4052-a203-8efbfcba4f41,aa4e7685-df95-47b2-bb98-c5aa39e886ae,c1,DROP,1008,?,i2,
1769500876.3465571,FORWARDED,0b9aa0f1-6180-4052-a203-8efbfcba4f41,aa4e7685-df95-47b2-bb98-c5aa39e886ae,c1,DROP,1008,?,i2,
1769500876.3512316,RECEIVED,f4b9f622-3117-422e-8c55-18055904f4ff,b8f714db-8e49-44f6-9e9e-0d9a39526e98,c1,c5,2456,p1,?,
1769500876.4371154,SENT,4c4b757e-83c8-4f30-8005-feaf31eee071,b8ed651d-6904-46f2-960a-e87bf684bede,c3,None,1608,?,i9,
1769500876.4371572,FORWARDED,4c4b757e-83c8-4f30-8005-feaf31eee071,b8ed651d-6904-46f2-960a-e87bf684bede,c3,None,1608,?,i9,
1769500876.4610605,RECEIVED,9f6d77e8-a733-48de-a0b1-a842ebf5f56e,d5f3e4c0-69cd-4bbe-8af1-9ecfb01b76ef,c1,c5,2462,p1,?,
1769500876.477164,SENT,f4b9f622-3117-422e-8c55-18055904f4ff,b8f714db-8e49-44f6-9e9e-0d9a39526e98,c1,c5,1768,?,i3,
1769500876.477204,FORWARDED,f4b9f622-3117-422e-8c55-18055904f4ff,b8f714db-8e49-44f6-9e9e-0d9a39526e98,c1,c5,1768,?,i3,
1769500876.4802525,RECEIVED,11febc98-ae15-4397-a953-55f340111e12,63806cd7-aaac-4360-84f0-795e01c8bf10,c5,c2,2468,p2,?,
1769500876.4822958,SENT,4f5edfb3-a1d3-4e03-9a94-83bb1e789960,49969d20-3864-418e-8ac5-d03a732e1c64,c1,DROP,1015,?,i3,
1769500876.4823346,FORWARDED,4f5edfb3-a1d3-4e03-9a94-83bb1e789960,49969d20-3864-418e-8ac5-d03a732e1c64,c1,DROP,1015,?,i3,
1769500876.4925597,SENT,a7185f9c-0c0c-4ab3-abe8-6c8d22500969,9e889de5-5092-4e71-a28f-7919fcfe6d1b,c4,DROP,1007,?,i2,
1769500876.4926,FORWARDED,a7185f9c-0c0c-4ab3-abe8-6c8d22500969,9e889de5-5092-4e71-a28f-7919fcfe6d1b,c4,DROP,1007,?,i2,
1769500876.5219023,RECEIVED,7b5fd1bc-d176-41ae-8fe9-d89bb4e31482,9302edfd-a429-4f12-bd6f-01abe61c4da3,c2,DROP,441,x5,?,
1769500876.5557632,RECEIVED,5cf88f4f-b1c2-45ae-9a38-ad9b1659fa46,5f655d24-0ede-4480-a63c-e95b8e4699d3,c4,c3,2463,p1,?,
1769500876.7399468,RECEIVED,52b522ea-3fed-4e75-aee8-7bba95bbd3ea,f8d1c6cd-e8ea-471c-b513-396f011dc64a,c2,DROP,1440,p2,?,
1769500876.8371139,RECEIVED,dd95eea0-2d5d-481e-b98e-9f5f53438dc7,e2237310-206e-4436-8f89-380a8dd8dc7a,c3,DROP,1446,p3,?,
1769500876.837643,SENT,5cf88f4f-b1c2-45ae-9a38-ad9b1659fa46,5f655d24-0ede-4480-a63c-e95b8e4699d3,c4,c3,1776,?,i4,
1769500876.8376894,FORWARDED,5cf88f4f-b1c2-45ae-9a38-ad9b1659fa46,5f655d24-0ede-4480-a63c-e95b8e4699d3,c4,c3,1776,?,i4,
1769500876.8835678,SENT,11febc98-ae15-4397-a953-55f340111e12,63806cd7-aaac-4360-84f0-795e01c8bf10,c5,c2,1779,?,i5,
1769500876.8836105,FORWARDED,11febc98-ae15-4397-a953-55f340111e12,63806cd7-aaac-4360-84f0-795e01c8bf10,c5,c2,1779,?,i5,
1769500876.9822867,RECEIVED,107c13ac-b23a-4834-9cf7-2989bc3f71aa,e1c2e3b5-c20b-41ee-857b-af41b0c7171d,c3,c4,2464,p3,?,
1769500877.0435033,SENT,9f6d77e8-a733-48de-a0b1-a842ebf5f56e,d5f3e4c0-69cd-4bbe-8af1-9ecfb01b76ef,c1,c5,1775,?,i4,
1769500877.0435472,FORWARDED,9f6d77e8-a733-48de-a0b1-a842ebf5f56e,d5f3e4c0-69cd-4bbe-8af1-9ecfb01b76ef,c1,c5,1775,?,i4,
1769500877.0884874,RECEIVED,88193a49-5060-45ff-9af4-c653e9d920ae,7cc1b630-7c9f-4346-bfb8-671cf53c65a5,c1,DROP,1440,p1,?,
1769500877.0936968,RECEIVED,fcc53a18-74d4-4f2b-9016-a043748b5dfb,67595552-54a8-46e3-8d67-3d2424ef642a,c4,DROP,1439,p1,?,
1769500877.1743834,SENT,5d1a4a04-0472-4d73-a699-c82c70564b84,38fbfe77-d9b7-406f-93c8-7c9f0f99d4eb,c1,c5,1762,?,i11,
1769500877.174418,FORWARDED,5d1a4a04-0472-4d73-a699-c82c70564b84,38fbfe77-d9b7-406f-93c8-7c9f0f99d4eb,c1,c5,1762,?,i11,
1769500877.208401,SENT,52b522ea-3fed-4e75-aee8-7bba95bbd3ea,f8d1c6cd-e8ea-471c-b513-396f011dc64a,c2,DROP,1008,?,i12,
1769500877.2084446,FORWARDED,52b522ea-3fed-4e75-aee8-7bba95bbd3ea,f8d1c6cd-e8ea-471c-b513-396f011dc64a,c2,DROP,1008,?,i12,
1769500877.2245994,RECEIVED,ac07b62c-6424-4d8c-9f08-c211d405c9df,54f3347b-b758-4aae-a319-afc7757899fc,c1,DROP,1440,p1,?,
1769500877.2353446,RECEIVED,8bafe82f-0ea4-4c36-89e1-886a70f37b2f,2f342f73-2386-4786-958a-33c2bbc5b608,c4,DROP,1444,p1,?,
1769500877.2742352,SENT,88193a49-5060-45ff-9af4-c653e9d920ae,7cc1b630-7c9f-4346-bfb8-671cf53c65a5,c1,DROP,1007,?,i2,
1769500877.2742815,FORWARDED,88193a49-5060-45ff-9af4-c653e9d920ae,7cc1b630-7c9f-4346-bfb8-671cf53c65a5,c1,DROP,1007,?,i2,
1769500877.4417117,SENT,8bafe82f-0ea4-4c36-89e1-886a70f37b2f,2f342f73-2386-4786-958a-33c2bbc5b608,c4,DROP,1009,?,i7,
1769500877.4417548,FORWARDED,8bafe82f-0ea4-4c36-89e1-886a70f37b2f,2f342f73-2386-4786-958a-33c2bbc5b608,c4,DROP,1009,?,i7,
1769500877.4871507,RECEIVED,21d46df7-aacb-4592-af91-408d63579aa9,4e1c8a2a-d241-4c00-8504-fa6d40093c53,c1,DROP,446,x10,?,
1769500877.5272682,SENT,107c13ac-b23a-4834-9cf7-2989bc3f71aa,e1c2e3b5-c20b-41ee-857b-af41b0c7171d,c3,c4,1775,?,i10,
1769500877.5273094,FORWARDED,107c13ac-b23a-4834-9cf7-2989bc3f71aa,e1c2e3b5-c20b-41ee-857b-af41b0c7171d,c3,c4,1775,?,i10,
1769500877.6383135,SENT,ac07b62c-6424-4d8c-9f08-c211d405c9df,54f3347b-b758-4aae-a319-afc7757899fc,c1,DROP,1007,?,i7,
1769500877.638357,FORWARDED,ac07b62c-6424-4d8c-9f08-c211d405c9df,54f3347b-b758-4aae-a319-afc7757899fc,c1,DROP,1007,?,i7,
1769500877.7505038,RECEIVED,e55cdaf6-121c-4504-af3a-ebf026046c49,da3f603b-933f-41fe-8950-b6b6911e2ef4,c4,c3,2464,p1,?,
1769500877.840184,SENT,e55cdaf6-121c-4504-af3a-ebf026046c49,da3f603b-933f-41fe-8950-b6b6911e2ef4,c4,c3,1775,?,i2,
1769500877.8402252,FORWARDED,e55cdaf6-121c-4504-af3a-ebf026046c49,da3f603b-933f-41fe-8950-b6b6911e2ef4,c4,c3,1775,?,i2,
1769500877.8586953,RECEIVED,85784248-7c65-488a-9e7d-3993ddc3dc3b,e96a8ff8-2ca4-4164-ac71-d35765dde51f,c4,None,2239,p1,?,
1769500878.0571456,RECEIVED,d711dc06-f2e0-4bb4-8fe2-61deeb5db856,f61a009e-ef93-4c32-959e-ee02dd0b2868,c1,c5,2464,p1,?,
1769500878.1001854,RECEIVED,7b074829-e47a-4e62-8fec-7d0448d4e723,cf34e25c-0d17-41b7-bd49-26f58410ae8a,c4,DROP,1441,p1,?,
1769500878.155169,RECEIVED,1664108e-c6e6-4147-b60d-ce784bed3cc8,b0626f97-20e1-40d5-a717-7d01420e2e71,c4,DROP,442,x6,?,
1769500878.156841,RECEIVED,aec8c23d-4466-4ad5-9e9c-fb0274f73ee9,fd6bd40f-80c9-435e-a6e5-cda8d6983067,c2,DROP,1445,p2,?,
1769500878.166682,RECEIVED,86191264-dfed-4240-96bb-46723b9850d3,2e98d060-92a5-48e7-9a47-b434ce2e3b9f,c4,DROP,1439,p1,?,
1769500878.3020744,SENT,7b074829-e47a-4e62-8fec-7d0448d4e723,cf34e25c-0d17-41b7-bd49-26f58410ae8a,c4,DROP,1008,?,i11,
1769500878.3021169,FORWARDED,7b074829-e47a-4e62-8fec-7d0448d4e723,cf34e25c-0d17-41b7-bd49-26f58410ae8a,c4,DROP,1008,?,i11,
1769500878.379273,SENT,86191264-dfed-4240-96bb-46723b9850d3,2e98d060-92a5-48e7-9a47-b434ce2e3b9f,c4,DROP,1008,?,i6,
1769500878.3793252,FORWARDED,86191264-dfed-4240-96bb-46723b9850d3,2e98d060-92a5-48e7-9a47-b434ce2e3b9f,c4,DROP,1008,?,i6,
1769500878.3916407,RECEIVED,1807dd63-d99e-4fff-8a17-d51640b7782c,172a3d3f-09d2-47ef-88ea-e67afd1a6f24,c4,DROP,1438,p1,?,
1769500878.405087,SENT,1807dd63-d99e-4fff-8a17-d51640b7782c,172a3d3f-09d2-47ef-88ea-e67afd1a6f24,c4,DROP,1004,?,i6,
1769500878.405145,FORWARDED,1807dd63-d99e-4fff-8a17-d51640b7782c,172a3d3f-09d2-47ef-88ea-e67afd1a6f24,c4,DROP,1004,?,i6,
1769500878.409001,SENT,d711dc06-f2e0-4bb4-8fe2-61deeb5db856,f61a009e-ef93-4c32-959e-ee02dd0b2868,c1,c5,1775,?,i6,
1769500878.4090426,FORWARDED,d711dc06-f2e0-4bb4-8fe2-61deeb5db856,f61a009e-ef93-4c32-959e-ee02dd0b2868,c1,c5,1775,?,i6,
1769500878.4385304,RECEIVED,8040e343-24ce-4c50-80ae-385276c9ab0e,ea9b46e8-37b4-4440-8e8e-10dc048765f3,c4,DROP,1451,p1,?,
1769500878.4739554,SENT,85784248-7c65-488a-9e7d-3993ddc3dc3b,e96a8ff8-2ca4-4164-ac71-d35765dde51f,c4,None,1607,?,i2,
1769500878.474001,FORWARDED,85784248-7c65-488a-9e7d-3993ddc3dc3b,e96a8ff8-2ca4-4164-ac71-d35765dde51f,c4,None,1607,?,i2,
1769500878.6203928,SENT,aec8c23d-4466-4ad5-9e9c-fb0274f73ee9,fd6bd40f-80c9-435e-a6e5-cda8d6983067,c2,DROP,1011,?,i12,
1769500878.6204371,FORWARDED,aec8c23d-4466-4ad5-9e9c-fb0274f73ee9,fd6bd40f-80c9-435e-a6e5-cda8d6983067,c2,DROP,1011,?,i12,
1769500878.6680965,SENT,fcc53a18-74d4-4f2b-9016-a043748b5dfb,67595552-54a8-46e3-8d67-3d2424ef642a,c4,DROP,1007,?,i6,
1769500878.6681395,FORWARDED,fcc53a18-74d4-4f2b-9016-a043748b5dfb,67595552-54a8-46e3-8d67-3d2424ef642a,c4,DROP,1007,?,i6,
1769500878.7986536,SENT,dd95eea0-2d5d-481e-b98e-9f5f53438dc7,e2237310-206e-4436-8f89-380a8dd8dc7a,c3,DROP,1012,?,i8,
1769500878.7988176,FORWARDED,dd95eea0-2d5d-481e-b98e-9f5f53438dc7,e2237310-206e-4436-8f89-380a8dd8dc7a,c3,DROP,1012,?,i8,
1769500878.8119936,RECEIVED,82846241-c0e7-4f2a-864a-3d1187205bd7,00ad3509-4f2c-45ad-abd7-34cb5a956ec4,c2,DROP,1456,p2,?,
1769500878.8359659,RECEIVED,275618a6-cf2b-4c1a-983a-ee91ef5c6732,b3b6bda6-b86e-4b7c-8198-05223c518561,c2,DROP,1441,p2,?,
1769500879.0160928,SENT,8040e343-24ce-4c50-80ae-385276c9ab0e,ea9b46e8-37b4-4440-8e8e-10dc048765f3,c4,DROP,1015,?,i3,
1769500879.0161302,FORWARDED,8040e343-24ce-4c50-80ae-385276c9ab0e,ea9b46e8-37b4-4440-8e8e-10dc048765f3,c4,DROP,1015,?,i3,
1769500879.0523117,RECEIVED,63441086-cb9f-4678-bc07-adf1cc401cdd,deffdbd6-d4f0-4270-88a5-129d5aef236e,c2,DROP,1444,p2,?,
1769500879.0708764,RECEIVED,7065309c-f495-4cfe-abbc-23ba0a9a3695,555cd3ec-a991-45e4-b679-c7c569075148,c4,DROP,1446,p1,?,
1769500879.0720026,SENT,275618a6-cf2b-4c1a-983a-ee91ef5c6732,b3b6bda6-b86e-4b7c-8198-05223c518561,c2,DROP,1008,?,i11,
1769500879.0720417,FORWARDED,275618a6-cf2b-4c1a-983a-ee91ef5c6732,b3b6bda6-b86e-4b7c-8198-05223c518561,c2,DROP,1008,?,i11,
1769500879.1147838,RECEIVED,b83dbe2b-16c6-44af-8871-16ccf496cc08,59baa16d-d306-4f01-a7d2-dafbd208cf30,c4,None,2228,p1,?,
1769500879.2165742,RECEIVED,274ac678-7d66-4191-95dd-c55376cd1f65,5f8aa2cf-9693-4780-9da9-0e80465228d0,c1,DROP,1453,p1,?,
1769500879.2728608,SENT,274ac678-7d66-4191-95dd-c55376cd1f65,5f8aa2cf-9693-4780-9da9-0e80465228d0,c1,DROP,1016,?,i6,
1769500879.2729008,FORWARDED,274ac678-7d66-4191-95dd-c55376cd1f65,5f8aa2cf-9693-4780-9da9-0e80465228d0,c1,DROP,1016,?,i6,
1769500879.274518,SENT,63441086-cb9f-4678-bc07-adf1cc401cdd,deffdbd6-d4f0-4270-88a5-129d5aef236e,c2,DROP,1011,?,i8,
1769500879.2745552,FORWARDED,63441086-cb9f-4678-bc07-adf1cc401cdd,deffdbd6-d4f0-4270-88a5-129d5aef236e,c2,DROP,1011,?,i8,
1769500879.312522,RECEIVED,46921c2f-4d05-4b46-ae77-025428fd77a7,522e7edc-cbae-4e7a-8b76-898e9d1f99a1,c2,DROP,1439,p2,?,
1769500879.4455302,SENT,b83dbe2b-16c6-44af-8871-16ccf496cc08,59baa16d-d306-4f01-a7d2-dafbd208cf30,c4,None,1599,?,i5,
1769500879.445574,FORWARDED,b83dbe2b-16c6-44af-8871-16ccf496cc08,59baa16d-d306-4f01-a7d2-dafbd208cf30,c4,None,1599,?,i5,
1769500879.5200303,SENT,82846241-c0e7-4f2a-864a-3d1187205bd7,00ad3509-4f2c-45ad-abd7-34cb5a956ec4,c2,DROP,1019,?,i12,
1769500879.5200796,FORWARDED,82846241-c0e7-4f2a-864a-3d1187205bd7,00ad3509-4f2c-45ad-abd7-34cb5a956ec4,c2,DROP,1019,?,i12,
1769500879.7142503,RECEIVED,54c981f6-d3a6-4978-9973-d687e343e969,3beec34e-7742-4e0b-a3a7-bfb66524b808,c4,c3,2451,p1,?,
1769500879.7448983,RECEIVED,508b0cff-f873-484b-956d-e3c133a7a321,838957e1-355a-4a1f-8aaa-3104f6682137,c2,DROP,1453,p2,?,
1769500879.814276,SENT,508b0cff-f873-484b-956d-e3c133a7a321,838957e1-355a-4a1f-8aaa-3104f6682137,c2,DROP,1016,?,i3,
1769500879.8143172,FORWARDED,508b0cff-f873-484b-956d-e3c133a7a321,838957e1-355a-4a1f-8aaa-3104f6682137,c2,DROP,1016,?,i3,
1769500879.81799,SENT,46921c2f-4d05-4b46-ae77-025428fd77a7,522e7edc-cbae-4e7a-8b76-898e9d1f99a1,c2,DROP,1008,?,i2,
1769500879.8180332,FORWARDED,46921c2f-4d05-4b46-ae77-025428fd77a7,522e7edc-cbae-4e7a-8b76-898e9d1f99a1,c2,DROP,1008,?,i2,
1769500879.8525875,RECEIVED,a0aaa1dd-d169-4116-a5d1-e80df81edde8,1e7c165e-7a11-4899-9534-1443e3422952,c1,DROP,1440,p1,?,
1769500880.0955725,RECEIVED,06a328a4-d2bd-4a30-b110-e0845e1c16a4,9b47d906-d8ad-490d-9eca-0ebaf3b16e74,c2,c1,2449,p2,?,
1769500880.1380236,RECEIVED,f1c8713a-a768-43d1-b85d-33595f93a665,42c7e313-3b0f-4965-b329-206916c86eae,c4,DROP,1446,p1,?,
1769500880.1683443,SENT,06a328a4-d2bd-4a30-b110-e0845e1c16a4,9b47d906-d8ad-490d-9eca-0ebaf3b16e74,c2,c1,1763,?,i12,
1769500880.168386,FORWARDED,06a328a4-d2bd-4a30-b110-e0845e1c16a4,9b47d906-d8ad-490d-9eca-0ebaf3b16e74,c2,c1,1763,?,i12,
1769500880.1819465,RECEIVED,4e35f728-8819-4d06-8f2b-92ea7dbeacf3,f70a036a-580d-475c-bc66-3624f3233bb6,c2,DROP,1443,p2,?,
1769500880.2412372,SENT,a0aaa1dd-d169-4116-a5d1-e80df81edde8,1e7c165e-7a11-4899-9534-1443e3422952,c1,DROP,1007,?,i5,
1769500880.2412744,FORWARDED,a0aaa1dd-d169-4116-a5d1-e80df81edde8,1e7c165e-7a11-4899-9534-1443e3422952,c1,DROP,1007,?,i5,
1769500880.3278563,RECEIVED,96c9b1ec-e902-4f3a-8257-6ddfb73e97e4,dec31da0-e514-40ff-b701-7bf78af7d84e,c1,DROP,1440,p1,?,
1769500880.3575156,RECEIVED,8d5d4801-ebbc-48cd-8b99-3d4eee453f2a,ad48b582-84e6-42a5-85fe-3265b6a59f2b,c5,DROP,1439,p2,?,
1769500880.3618724,SENT,7065309c-f495-4cfe-abbc-23ba0a9a3695,555cd3ec-a991-45e4-b679-c7c569075148,c4,DROP,1014,?,i4,
1769500880.3619163,FORWARDED,7065309c-f495-4cfe-abbc-23ba0a9a3695,555cd3ec-a991-45e4-b679-c7c569075148,c4,DROP,1014,?,i4,
1769500880.3874106,RECEIVED,df048b09-5e21-4389-bbef-3f8567e29740,1faf861c-1dfc-46e2-bfbb-5da48c37886c,c1,None,2240,p1,?,
1769500880.4258225,RECEIVED,eaf852c7-13dd-4276-afd0-84d2d596148e,6c48be75-b460-489d-9e66-1afddb34e943,c2,DROP,1448,p2,?,
1769500880.5177274,RECEIVED,124f75bf-2477-4a3c-9083-1635c422e0f4,f1846545-7712-4242-8467-d3b2d39f7828,c4,DROP,1440,p1,?,
1769500880.624001,SENT,eaf852c7-13dd-4276-afd0-84d2d596148e,6c48be75-b460-489d-9e66-1afddb34e943,c2,DROP,1012,?,i8,
1769500880.6240432,FORWARDED,eaf852c7-13dd-4276-afd0-84d2d596148e,6c48be75-b460-489d-9e66-1afddb34e943,c2,DROP,1012,?,i8,
1769500880.6528893,SENT,96c9b1ec-e902-4f3a-8257-6ddfb73e97e4,dec31da0-e514-40ff-b701-7bf78af7d84e,c1,DROP,1008,?,i7,
1769500880.652932,FORWARDED,96c9b1ec-e902-4f3a-8257-6ddfb73e97e4,dec31da0-e514-40ff-b701-7bf78af7d84e,c1,DROP,1008,?,i7,
1769500880.6597273,SENT,54c981f6-d3a6-4978-9973-d687e343e969,3beec34e-7742-4e0b-a3a7-bfb66524b808,c4,c3,1766,?,i8,
1769500880.6597693,FORWARDED,54c981f6-d3a6-4978-9973-d687e343e969,3beec34e-7742-4e0b-a3a7-bfb66524b808,c4,c3,1766,?,i8,
1769500880.7125235,RECEIVED,592be689-c266-4538-91e4-8e032e1a7eea,ca681966-c091-4351-9834-c8de1b84fc74,c3,None,2233,p3,?,
1769500880.7334797,SENT,124f75bf-2477-4a3c-9083-1635c422e0f4,f1846545-7712-4242-8467-d3b2d39f7828,c4,DROP,1007,?,i3,
1769500880.733529,FORWARDED,124f75bf-2477-4a3c-9083-1635c422e0f4,f1846545-7712-4242-8467-d3b2d39f7828,c4,DROP,1007,?,i3,
1769500880.761547,RECEIVED,62523305-65a7-4d9e-9403-ec965616cc52,939066bb-654d-4518-8abe-3f1b2955ac93,c2,DROP,1452,p2,?,
1769500880.859103,SENT,592be689-c266-4538-91e4-8e032e1a7eea,ca681966-c091-4351-9834-c8de1b84fc74,c3,None,1601,?,i11,
1769500880.8591394,FORWARDED,592be689-c266-4538-91e4-8e032e1a7eea,ca681966-c091-4351-9834-c8de1b84fc74,c3,None,1601,?,i11,
1769500880.8756537,SENT,f1c8713a-a768-43d1-b85d-33595f93a665,42c7e313-3b0f-4965-b329-206916c86eae,c4,DROP,1012,?,i9,
1769500880.8757064,FORWARDED,f1c8713a-a768-43d1-b85d-33595f93a665,42c7e313-3b0f-4965-b329-206916c86eae,c4,DROP,1012,?,i9,
1769500880.9086587,SENT,df048b09-5e21-4389-bbef-3f8567e29740,1faf861c-1dfc-46e2-bfbb-5da48c37886c,c1,None,1608,?,i12,
1769500880.9087005,FORWARDED,df048b09-5e21-4389-bbef-3f8567e29740,1faf861c-1dfc-46e2-bfbb-5da48c37886c,c1,None,1608,?,i12,
1769500880.945099,SENT,4e35f728-8819-4d06-8f2b-92ea7dbeacf3,f70a036a-580d-475c-bc66-3624f3233bb6,c2,DROP,1009,?,i6,
1769500880.9451423,FORWARDED,4e35f728-8819-4d06-8f2b-92ea7dbeacf3,f70a036a-580d-475c-bc66-3624f3233bb6,c2,DROP,1009,?,i6,
1769500881.0034683,SENT,8d5d4801-ebbc-48cd-8b99-3d4eee453f2a,ad48b582-84e6-42a5-85fe-3265b6a59f2b,c5,DROP,1007,?,i2,
1769500881.003504,FORWARDED,8d5d4801-ebbc-48cd-8b99-3d4eee453f2a,ad48b582-84e6-42a5-85fe-3265b6a59f2b,c5,DROP,1007,?,i2,
1769500881.0060868,RECEIVED,b96ccc7b-e7b1-478a-b751-c66387841957,bcdaae72-0899-49a4-ad62-d90a4c13b519,c5,DROP,1445,p2,?,
1769500881.0358102,RECEIVED,8f1d90d5-fe4b-42ac-ae17-705c6d05205f,ed7f0762-9ae3-47cf-bf73-0ce342e78816,c5,DROP,1436,p2,?,
1769500881.1092584,SENT,b96ccc7b-e7b1-478a-b751-c66387841957,bcdaae72-0899-49a4-ad62-d90a4c13b519,c5,DROP,1009,?,i7,
1769500881.1092954,FORWARDED,b96ccc7b-e7b1-478a-b751-c66387841957,bcdaae72-0899-49a4-ad62-d90a4c13b519,c5,DROP,1009,?,i7,
1769500881.1168187,SENT,62523305-65a7-4d9e-9403-ec965616cc52,939066bb-654d-4518-8abe-3f1b2955ac93,c2,DROP,1016,?,i11,
1769500881.1168566,FORWARDED,62523305-65a7-4d9e-9403-ec965616cc52,939066bb-654d-4518-8abe-3f1b2955ac93,c2,DROP,1016,?,i11,
1769500881.1187317,RECEIVED,416309e2-823f-44cc-8c9b-aa32c18bfbcd,b5762def-6cdd-47dc-b621-15eeee8b81c0,c2,DROP,1440,p2,?,
1769500881.1275036,RECEIVED,f7d21743-53a0-456e-82b8-a0fbbd9ff940,42805250-b370-4fd3-ad64-17fcc63329d9,c1,DROP,1444,p1,?,
1769500881.132837,SENT,8f1d90d5-fe4b-42ac-ae17-705c6d05205f,ed7f0762-9ae3-47cf-bf73-0ce342e78816,c5,DROP,1005,?,i5,
1769500881.132877,FORWARDED,8f1d90d5-fe4b-42ac-ae17-705c6d05205f,ed7f0762-9ae3-47cf-bf73-0ce342e78816,c5,DROP,1005,?,i5,
1769500881.172213,RECEIVED,b97d529d-73c4-4b8e-8f1f-8d6ad69c8c7a,ed030ac4-14ca-43f9-bc69-d06237b166d0,c4,DROP,1440,p1,?,
1769500881.2349076,SENT,b97d529d-73c4-4b8e-8f1f-8d6ad69c8c7a,ed030ac4-14ca-43f9-bc69-d06237b166d0,c4,DROP,1008,?,i1,
1769500881.234947,FORWARDED,b97d529d-73c4-4b8e-8f1f-8d6ad69c8c7a,ed030ac4-14ca-43f9-bc69-d06237b166d0,c4,DROP,1008,?,i1,
1769500881.238201,SENT,f7d21743-53a0-456e-82b8-a0fbbd9ff940,42805250-b370-4fd3-ad64-17fcc63329d9,c1,DROP,1009,?,i4,
1769500881.2382414,FORWARDED,f7d21743-53a0-456e-82b8-a0fbbd9ff940,42805250-b370-4fd3-ad64-17fcc63329d9,c1,DROP,1009,?,i4,
1769500881.2678976,RECEIVED,c35bd32b-8fb8-44c4-9354-181550f2f3bb,1d3ee045-bffe-4a19-bc28-7a5af0d07a33,c3,c4,2469,p3,?,
1769500881.3439252,SENT,c35bd32b-8fb8-44c4-9354-181550f2f3bb,1d3ee045-bffe-4a19-bc28-7a5af0d07a33,c3,c4,1777,?,i1,
1769500881.3439672,FORWARDED,c35bd32b-8fb8-44c4-9354-181550f2f3bb,1d3ee045-bffe-4a19-bc28-7a5af0d07a33,c3,c4,1777,?,i1,
1769500881.3945687,RECEIVED,f7b641fe-b917-4e95-8a3c-511118d7d2cf,ca73fa7b-97ff-43ec-bdc4-d20675b28406,c5,c2,2455,p2,?,
1769500881.412314,SENT,416309e2-823f-44cc-8c9b-aa32c18bfbcd,b5762def-6cdd-47dc-b621-15eeee8b81c0,c2,DROP,1008,?,i11,
1769500881.4123566,FORWARDED,416309e2-823f-44cc-8c9b-aa32c18bfbcd,b5762def-6cdd-47dc-b621-15eeee8b81c0,c2,DROP,1008,?,i11,
1769500881.6601143,SENT,f7b641fe-b917-4e95-8a3c-511118d7d2cf,ca73fa7b-97ff-43ec-bdc4-d20675b28406,c5,c2,1768,?,i9,
1769500881.6601543,FORWARDED,f7b641fe-b917-4e95-8a3c-511118d7d2cf,ca73fa7b-97ff-43ec-bdc4-d20675b28406,c5,c2,1768,?,i9,
1769500881.6672695,RECEIVED,c8ab538d-c1cc-4241-b756-538e78248a53,6f51060b-e922-444d-9f4f-2687e0b49ea5,c5,DROP,1439,p2,?,
1769500881.683648,RECEIVED,95041b9d-b5a9-42f7-93ad-0dc3c6f1a02d,050d532c-3c7d-488e-88d6-abdd770b14cb,c5,None,2225,p2,?,
1769500881.773656,SENT,95041b9d-b5a9-42f7-93ad-0dc3c6f1a02d,050d532c-3c7d-488e-88d6-abdd770b14cb,c5,None,1595,?,i11,
1769500881.7736998,FORWARDED,95041b9d-b5a9-42f7-93ad-0dc3c6f1a02d,050d532c-3c7d-488e-88d6-abdd770b14cb,c5,None,1595,?,i11,
1769500881.827178,SENT,c8ab538d-c1cc-4241-b756-538e78248a53,6f51060b-e922-444d-9f4f-2687e0b49ea5,c5,DROP,1007,?,i12,
1769500881.827217,FORWARDED,c8ab538d-c1cc-4241-b756-538e78248a53,6f51060b-e922-444d-9f4f-2687e0b49ea5,c5,DROP,1007,?,i12,
1769500881.828497,RECEIVED,d1af409c-d83e-4796-89fe-c4f043b9e5be,a9d69b0b-a171-42e0-87da-46e2783c7f06,c5,DROP,1444,p2,?,
1769500881.9095273,RECEIVED,6b3342e5-4c65-4b4e-a147-4ddf84c6d9a5,247348d6-1891-4f32-8e2c-a06d8a16b6b5,c3,c4,2447,p3,?,
1769500881.9415574,RECEIVED,c6722cbc-170a-4be3-9af3-cf979ab02a3f,e3aac702-c815-494a-a541-9a40e13d2798,c4,DROP,1448,p1,?,
1769500882.092418,SENT,c6722cbc-170a-4be3-9af3-cf979ab02a3f,e3aac702-c815-494a-a541-9a40e13d2798,c4,DROP,1013,?,i2,
1769500882.0924587,FORWARDED,c6722cbc-170a-4be3-9af3-cf979ab02a3f,e3aac702-c815-494a-a541-9a40e13d2798,c4,DROP,1013,?,i2,
1769500882.0962641,RECEIVED,0dad93b2-5987-4388-a4b4-5ae93b6091f7,b63599d9-f399-408b-bb61-292071938d17,c5,DROP,441,x10,?,
1769500882.180408,SENT,d1af409c-d83e-4796-89fe-c4f043b9e5be,a9d69b0b-a171-42e0-87da-46e2783c7f06,c5,DROP,1011,?,i3,
1769500882.1804516,FORWARDED,d1af409c-d83e-4796-89fe-c4f043b9e5be,a9d69b0b-a171-42e0-87da-46e2783c7f06,c5,DROP,1011,?,i3,
1769500882.2950113,RECEIVED,f6707ece-b9a1-4ccd-b6fe-c36a10371238,ac9f93e1-03e4-4220-a58f-2d61707bdf03,c3,DROP,1452,p3,?,
1769500882.3853607,RECEIVED,d9074efe-216f-4d1f-833f-820e5d688263,c1fb88b0-9756-4094-a333-0fcac6aeb1ff,c2,DROP,1452,p2,?,
1769500882.429132,SENT,6b3342e5-4c65-4b4e-a147-4ddf84c6d9a5,247348d6-1891-4f32-8e2c-a06d8a16b6b5,c3,c4,1763,?,i8,
1769500882.4291718,FORWARDED,6b3342e5-4c65-4b4e-a147-4ddf84c6d9a5,247348d6-1891-4f32-8e2c-a06d8a16b6b5,c3,c4,1763,?,i8,
1769500882.5684443,SENT,d9074efe-216f-4d1f-833f-820e5d688263,c1fb88b0-9756-4094-a333-0fcac6aeb1ff,c2,DROP,1016,?,i10,
1769500882.5684817,FORWARDED,d9074efe-216f-4d1f-833f-820e5d688263,c1fb88b0-9756-4094-a333-0fcac6aeb1ff,c2,DROP,1016,?,i10,
1769500882.656482,RECEIVED,3a986c89-5c73-4c73-83f4-6bc644edeff8,893ae0f4-e161-48bf-8829-79e08675ffcd,c1,DROP,1447,p1,?,
1769500882.7838979,RECEIVED,1ce453b1-b74a-4a4a-8e75-85dadee6d8dc,4debca06-0fb2-4e16-b467-d6720d623cda,c4,DROP,1440,p1,?,
1769500882.81866,SENT,1ce453b1-b74a-4a4a-8e75-85dadee6d8dc,4debca06-0fb2-4e16-b467-d6720d623cda,c4,DROP,1007,?,i7,
1769500882.8186972,FORWARDED,1ce453b1-b74a-4a4a-8e75-85dadee6d8dc,4debca06-0fb2-4e16-b467-d6720d623cda,c4,DROP,1007,?,i7,
1769500882.9452248,RECEIVED,8bde7bd7-c5c6-404c-baee-336f6b856b98,0c5c193d-150e-4e62-bf01-1a43166874d8,c2,None,2231,p2,?,
1769500882.9844556,RECEIVED,8345984b-de05-47df-8ff3-68734ce4f2a2,ad5744b3-8a2c-40fd-81a6-3515a51dbec7,c1,None,2240,p1,?,
1769500883.0911279,SENT,3a986c89-5c73-4c73-83f4-6bc644edeff8,893ae0f4-e161-48bf-8829-79e08675ffcd,c1,DROP,1014,?,i3,
1769500883.091165,FORWARDED,3a986c89-5c73-4c73-83f4-6bc644edeff8,893ae0f4-e161-48bf-8829-79e08675ffcd,c1,DROP,1014,?,i3,
1769500883.206971,RECEIVED,494d2cfe-12df-468b-8c43-fffff6479c8c,dd779e9b-f13f-4cfd-8a6f-5f640e5849b3,c5,DROP,1445,p2,?,
1769500883.2080204,RECEIVED,063875d8-9557-4a2b-a088-93b518417b17,34490a72-ace7-4b89-8318-291506a36b93,c1,DROP,1439,p1,?,
1769500883.231306,RECEIVED,f4405828-db70-4a6e-9c11-d10764b639dc,05ed20cc-ae35-4447-8b83-10db2d89d892,c3,None,2236,p3,?,
1769500883.2437074,RECEIVED,4da61ecd-ea75-4a57-91b7-ee476a70dd95,fd2bcc0a-7e05-4e4f-92e5-ef23153cd3c9,c3,DROP,1452,p3,?,
1769500883.2848587,RECEIVED,25af973e-d649-4ed4-8a53-b79f4475eb1c,af7e719c-2c28-480d-95ee-55c5220dd6a9,c4,DROP,1439,p1,?,
1769500883.2849712,RECEIVED,dae00bda-9f78-4aaa-ac95-ccbefb0715a6,08a124bf-a028-46d4-b184-e6e1f8d319ba,c2,c1,2458,p2,?,
1769500883.2971778,SENT,494d2cfe-12df-468b-8c43-fffff6479c8c,dd779e9b-f13f-4cfd-8a6f-5f640e5849b3,c5,DROP,1009,?,i10,
1769500883.297213,FORWARDED,494d2cfe-12df-468b-8c43-fffff6479c8c,dd779e9b-f13f-4cfd-8a6f-5f640e5849b3,c5,DROP,1009,?,i10,
1769500883.4054663,RECEIVED,57443f23-e5a5-48ad-8009-b57509d4ef6d,6c6458a6-04d5-4fb5-9fe9-1087e9e04100,c3,c4,2447,p3,?,
1769500883.4193263,SENT,8345984b-de05-47df-8ff3-68734ce4f2a2,ad5744b3-8a2c-40fd-81a6-3515a51dbec7,c1,None,1608,?,i3,
1769500883.4193697,FORWARDED,8345984b-de05-47df-8ff3-68734ce4f2a2,ad5744b3-8a2c-40fd-81a6-3515a51dbec7,c1,None,1608,?,i3,
1769500883.4644861,SENT,f4405828-db70-4a6e-9c11-d10764b639dc,05ed20cc-ae35-4447-8b83-10db2d89d892,c3,None,1605,?,i4,
1769500883.4645302,FORWARDED,f4405828-db70-4a6e-9c11-d10764b639dc,05ed20cc-ae35-4447-8b83-10db2d89d892,c3,None,1605,?,i4,
1769500883.5187843,RECEIVED,fce91eff-1e29-4ee5-9d51-d389c2441c86,6cbf394a-3190-4426-b384-83018decbc26,c4,None,2220,p1,?,
1769500883.5275633,RECEIVED,a3282c13-081f-4653-9b6c-926659b322ca,0c499e2a-ecae-4789-84bf-d21e68ae63c2,c3,c4,2451,p3,?,
1769500883.551597,SENT,4da61ecd-ea75-4a57-91b7-ee476a70dd95,fd2bcc0a-7e05-4e4f-92e5-ef23153cd3c9,c3,DROP,1015,?,i6,
1769500883.5516365,FORWARDED,4da61ecd-ea75-4a57-91b7-ee476a70dd95,fd2bcc0a-7e05-4e4f-92e5-ef23153cd3c9,c3,DROP,1015,?,i6,
1769500883.5595958,SENT,fce91eff-1e29-4ee5-9d51-d389c2441c86,6cbf394a-3190-4426-b384-83018decbc26,c4,None,1592,?,i6,
1769500883.5596373,FORWARDED,fce91eff-1e29-4ee5-9d51-d389c2441c86,6cbf394a-3190-4426-b384-83018decbc26,c4,None,1592,?,i6,
1769500883.651792,RECEIVED,55b9f61f-8280-40ff-a97f-027586b5229e,8e946965-18c6-44e1-b1ad-bc03e0d7013b,c4,DROP,441,x9,?,
1769500883.678608,SENT,dae00bda-9f78-4aaa-ac95-ccbefb0715a6,08a124bf-a028-46d4-b184-e6e1f8d319ba,c2,c1,1771,?,i1,
1769500883.678646,FORWARDED,dae00bda-9f78-4aaa-ac95-ccbefb0715a6,08a124bf-a028-46d4-b184-e6e1f8d319ba,c2,c1,1771,?,i1,
1769500883.736553,SENT,a3282c13-081f-4653-9b6c-926659b322ca,0c499e2a-ecae-4789-84bf-d21e68ae63c2,c3,c4,1765,?,i9,
1769500883.736596,FORWARDED,a3282c13-081f-4653-9b6c-926659b322ca,0c499e2a-ecae-4789-84bf-d21e68ae63c2,c3,c4,1765,?,i9,
1769500883.7597208,SENT,063875d8-9557-4a2b-a088-93b518417b17,34490a72-ace7-4b89-8318-291506a36b93,c1,DROP,1008,?,i1,
1769500883.759761,FORWARDED,063875d8-9557-4a2b-a088-93b518417b17,34490a72-ace7-4b89-8318-291506a36b93,c1,DROP,1008,?,i1,
1769500883.7726574,SENT,25af973e-d649-4ed4-8a53-b79f4475eb1c,af7e719c-2c28-480d-95ee-55c5220dd6a9,c4,DROP,1007,?,i1,
1769500883.772698,FORWARDED,25af973e-d649-4ed4-8a53-b79f4475eb1c,af7e719c-2c28-480d-95ee-55c5220dd6a9,c4,DROP,1007,?,i1,
1769500883.818998,SENT,8bde7bd7-c5c6-404c-baee-336f6b856b98,0c5c193d-150e-4e62-bf01-1a43166874d8,c2,None,1600,?,i9,
1769500883.8190422,FORWARDED,8bde7bd7-c5c6-404c-baee-336f6b856b98,0c5c193d-150e-4e62-bf01-1a43166874d8,c2,None,1600,?,i9,
1769500883.8386524,RECEIVED,991c9a9f-dfc7-4098-8637-41d121ba76e6,9ef6b268-693c-4182-bc71-3dc42e57cad0,c4,None,2232,p1,?,
1769500883.8921072,SENT,f6707ece-b9a1-4ccd-b6fe-c36a10371238,ac9f93e1-03e4-4220-a58f-2d61707bdf03,c3,DROP,1016,?,i10,
1769500883.8921494,FORWARDED,f6707ece-b9a1-4ccd-b6fe-c36a10371238,ac9f93e1-03e4-4220-a58f-2d61707bdf03,c3,DROP,1016,?,i10,
1769500883.9232736,SENT,57443f23-e5a5-48ad-8009-b57509d4ef6d,6c6458a6-04d5-4fb5-9fe9-1087e9e04100,c3,c4,1763,?,i8,
1769500883.923316,FORWARDED,57443f23-e5a5-48ad-8009-b57509d4ef6d,6c6458a6-04d5-4fb5-9fe9-1087e9e04100,c3,c4,1763,?,i8,
1769500884.0776236,RECEIVED,e3cf642f-a562-4527-80e6-23605077db05,b55d2e01-aaa7-49da-b02f-214e246a3ae1,c5,DROP,441,x1,?,
1769500884.1626585,RECEIVED,e21737fd-8b31-4370-9653-b6982c3bc828,87ecf121-a385-4027-8c0b-1aa35dfa65b2,c3,DROP,1444,p3,?,
1769500884.294418,RECEIVED,54b2b5a4-5886-4864-9158-0d6fadfb0755,86026def-7b88-4b0b-9de3-26200ecd1008,c5,DROP,1452,p2,?,
1769500884.3122795,RECEIVED,57ca535a-52c5-450e-9334-a90f950a2103,408f11ca-d299-4544-9201-21a18a15ac50,c3,c4,2451,p3,?,
1769500884.3442798,RECEIVED,0a494c02-a1c5-4eac-bdf1-77fbde9be05e,8758cadd-51d5-4377-bb4c-8d794b56c394,c1,DROP,1448,p1,?,
1769500884.3534997,RECEIVED,172e94b5-42a3-4149-b721-557cd890d8dc,d854228c-8b3c-4788-9ad1-db934cf34df7,c2,None,2224,p2,?,
1769500884.4140916,SENT,54b2b5a4-5886-4864-9158-0d6fadfb0755,86026def-7b88-4b0b-9de3-26200ecd1008,c5,DROP,1016,?,i4,
1769500884.4141302,FORWARDED,54b2b5a4-5886-4864-9158-0d6fadfb0755,86026def-7b88-4b0b-9de3-26200ecd1008,c5,DROP,1016,?,i4,
1769500884.4592266,SENT,e21737fd-8b31-4370-9653-b6982c3bc828,87ecf121-a385-4027-8c0b-1aa35dfa65b2,c3,DROP,1009,?,i5,
1769500884.459269,FORWARDED,e21737fd-8b31-4370-9653-b6982c3bc828,87ecf121-a385-4027-8c0b-1aa35dfa65b2,c3,DROP,1009,?,i5,
1769500884.6291485,SENT,0a494c02-a1c5-4eac-bdf1-77fbde9be05e,8758cadd-51d5-4377-bb4c-8d794b56c394,c1,DROP,1012,?,i6,
1769500884.6291935,FORWARDED,0a494c02-a1c5-4eac-bdf1-77fbde9be05e,8758cadd-51d5-4377-bb4c-8d794b56c394,c1,DROP,1012,?,i6,
1769500884.6736264,SENT,172e94b5-42a3-4149-b721-557cd890d8dc,d854228c-8b3c-4788-9ad1-db934cf34df7,c2,None,1594,?,i1,
1769500884.673671,FORWARDED,172e94b5-42a3-4149-b721-557cd890d8dc,d854228c-8b3c-4788-9ad1-db934cf34df7,c2,None,1594,?,i1,
1769500884.7102473,RECEIVED,8f39f26b-e4d0-44e7-9cd2-701b8e3d5682,d69344da-e50b-437f-8feb-9881167d68e5,c4,None,2227,p1,?,
1769500884.8781064,SENT,57ca535a-52c5-450e-9334-a90f950a2103,408f11ca-d299-4544-9201-21a18a15ac50,c3,c4,1767,?,i4,
1769500884.8781397,FORWARDED,57ca535a-52c5-450e-9334-a90f950a2103,408f11ca-d299-4544-9201-21a18a15ac50,c3,c4,1767,?,i4,
1769500884.9493978,RECEIVED,d193e8d4-55d9-4e39-867d-e2da1db89fb0,ec08d0c7-935d-4756-8b8f-1172dc2ad766,c5,DROP,442,x8,?,
1769500885.2014937,RECEIVED,ca83af20-6018-4007-ae4e-512410642fef,73e20a67-35c8-41c7-8c01-7104814d1399,c3,DROP,1443,p3,?,
1769500885.2384703,RECEIVED,96b44945-4757-40a1-b7c3-e0791266aceb,4a7bfd3a-db7b-40a6-83db-3eac56456d17,c2,DROP,1451,p2,?,
1769500885.2719536,RECEIVED,f43fdc66-acc7-4960-bdd2-5a1c17767357,479c20e0-8e8a-4fa5-9ba0-0872b72e7409,c5,DROP,1452,p2,?,
1769500885.448606,RECEIVED,b5c36411-384d-4e42-81b0-597e94113378,d22f3077-7b1c-4e1b-9934-4fba26e1479e,c4,DROP,1452,p1,?,
1769500885.555164,SENT,f43fdc66-acc7-4960-bdd2-5a1c17767357,479c20e0-8e8a-4fa5-9ba0-0872b72e7409,c5,DROP,1017,?,i11,
1769500885.5552194,FORWARDED,f43fdc66-acc7-4960-bdd2-5a1c17767357,479c20e0-8e8a-4fa5-9ba0-0872b72e7409,c5,DROP,1017,?,i11,
1769500885.5958478,SENT,b5c36411-384d-4e42-81b0-597e94113378,d22f3077-7b1c-4e1b-9934-4fba26e1479e,c4,DROP,1015,?,i5,
1769500885.5958898,FORWARDED,b5c36411-384d-4e42-81b0-597e94113378,d22f3077-7b1c-4e1b-9934-4fba26e1479e,c4,DROP,1015,?,i5,
1769500885.615933,RECEIVED,2990e005-8e91-423a-9017-fec37086d433,32d20cf5-74ca-4159-89cb-d1b6443189b8,c3,DROP,437,x4,?,
1769500885.7146344,RECEIVED,1e951ea2-f8f7-408e-83e6-a1f9215c3cfe,529b3b45-ee24-48fe-bfe9-a1ae12736561,c4,DROP,1449,p1,?,
1769500885.7181792,SENT,ca83af20-6018-4007-ae4e-512410642fef,73e20a67-35c8-41c7-8c01-7104814d1399,c3,DROP,1009,?,i2,
1769500885.7182214,FORWARDED,ca83af20-6018-4007-ae4e-512410642fef,73e20a67-35c8-41c7-8c01-7104814d1399,c3,DROP,1009,?,i2,
1769500885.7717917,RECEIVED,ba7ccca7-d4e1-437b-b266-3afdb99d9ae3,3d95816b-ce33-4dc5-b8e3-fc59eb00e5d4,c3,DROP,440,x3,?,
1769500885.8478684,SENT,991c9a9f-dfc7-4098-8637-41d121ba76e6,9ef6b268-693c-4182-bc71-3dc42e57cad0,c4,None,1601,?,i11,
1769500885.8479118,FORWARDED,991c9a9f-dfc7-4098-8637-41d121ba76e6,9ef6b268-693c-4182-bc71-3dc42e57cad0,c4,None,1601,?,i11,
1769500885.9575288,SENT,8f39f26b-e4d0-44e7-9cd2-701b8e3d5682,d69344da-e50b-437f-8feb-9881167d68e5,c4,None,1599,?,i7,
1769500885.9575696,FORWARDED,8f39f26b-e4d0-44e7-9cd2-701b8e3d5682,d69344da-e50b-437f-8feb-9881167d68e5,c4,None,1599,?,i7,
1769500886.0576391,SENT,96b44945-4757-40a1-b7c3-e0791266aceb,4a7bfd3a-db7b-40a6-83db-3eac56456d17,c2,DROP,1017,?,i8,
1769500886.0576782,FORWARDED,96b44945-4757-40a1-b7c3-e0791266aceb,4a7bfd3a-db7b-40a6-83db-3eac56456d17,c2,DROP,1017,?,i8,
1769500886.090717,RECEIVED,34c58e27-fcc6-46a6-89d2-0740b911385f,9944b2f4-6a41-493f-bef3-a1bf1476fa37,c5,None,2236,p2,?,
1769500886.0931234,SENT,1e951ea2-f8f7-408e-83e6-a1f9215c3cfe,529b3b45-ee24-48fe-bfe9-a1ae12736561,c4,DROP,1012,?,i10,
1769500886.0933692,FORWARDED,1e951ea2-f8f7-408e-83e6-a1f9215c3cfe,529b3b45-ee24-48fe-bfe9-a1ae12736561,c4,DROP,1012,?,i10,
1769500886.221563,RECEIVED,1084294e-80c8-4012-a6e0-503a3b4ce991,d486e1c0-4935-4f7a-b838-6dc861cd9db7,c5,c2,2464,p2,?,
1769500886.2629654,RECEIVED,7210a4b8-95cc-4703-9d1f-0c91ca3c8d49,f5ccfd0b-0f25-4e93-bb66-baa07567d8ff,c3,None,2232,p3,?,
1769500886.311696,SENT,7210a4b8-95cc-4703-9d1f-0c91ca3c8d49,f5ccfd0b-0f25-4e93-bb66-baa07567d8ff,c3,None,1600,?,i2,
1769500886.3117392,FORWARDED,7210a4b8-95cc-4703-9d1f-0c91ca3c8d49,f5ccfd0b-0f25-4e93-bb66-baa07567d8ff,c3,None,1600,?,i2,
1769500886.4782228,RECEIVED,031538d6-200f-4d25-976c-b2cb066e5f9d,ec8d7b5e-128a-42ed-ad60-e99f9f99dbca,c4,DROP,1453,p1,?,
1769500886.5382926,SENT,031538d6-200f-4d25-976c-b2cb066e5f9d,ec8d7b5e-128a-42ed-ad60-e99f9f99dbca,c4,DROP,1015,?,i3,
1769500886.5383286,FORWARDED,031538d6-200f-4d25-976c-b2cb066e5f9d,ec8d7b5e-128a-42ed-ad60-e99f9f99dbca,c4,DROP,1015,?,i3,
1769500886.6022692,RECEIVED,f3e0b133-6fb4-41f7-9d7f-ffb7d7991cd8,e753d420-33bc-4b25-a59c-ac8f761119f5,c5,c2,2460,p2,?,
1769500886.629025,RECEIVED,2dc8013b-293b-4ec6-a8df-b6d831d6daed,4f54620d-febb-4f74-b7b1-48abdd74bbeb,c3,c4,2469,p3,?,
1769500886.662585,RECEIVED,bcc5cbdb-d658-48f6-96d4-94a6a0632680,9a70ad62-15f1-4327-8ffc-6dd8415d55c2,c3,DROP,1439,p3,?,
1769500886.6931763,RECEIVED,db39cba4-68da-429d-ab0e-e6ff5dbe6852,73a5b772-d193-4225-9729-d2c3a00197ba,c5,DROP,441,x4,?,
1769500886.8435917,SENT,34c58e27-fcc6-46a6-89d2-0740b911385f,9944b2f4-6a41-493f-bef3-a1bf1476fa37,c5,None,1603,?,i11,
1769500886.8438368,FORWARDED,34c58e27-fcc6-46a6-89d2-0740b911385f,9944b2f4-6a41-493f-bef3-a1bf1476fa37,c5,None,1603,?,i11,
1769500886.8492827,SENT,2dc8013b-293b-4ec6-a8df-b6d831d6daed,4f54620d-febb-4f74-b7b1-48abdd74bbeb,c3,c4,1779,?,i11,
1769500886.8493261,FORWARDED,2dc8013b-293b-4ec6-a8df-b6d831d6daed,4f54620d-febb-4f74-b7b1-48abdd74bbeb,c3,c4,1779,?,i11,
1769500886.9585598,SENT,f3e0b133-6fb4-41f7-9d7f-ffb7d7991cd8,e753d420-33bc-4b25-a59c-ac8f761119f5,c5,c2,1772,?,i7,
1769500886.958602,FORWARDED,f3e0b133-6fb4-41f7-9d7f-ffb7d7991cd8,e753d420-33bc-4b25-a59c-ac8f761119f5,c5,c2,1772,?,i7,
1769500886.9867449,SENT,1084294e-80c8-4012-a6e0-503a3b4ce991,d486e1c0-4935-4f7a-b838-6dc861cd9db7,c5,c2,1776,?,i12,
1769500886.986788,FORWARDED,1084294e-80c8-4012-a6e0-503a3b4ce991,d486e1c0-4935-4f7a-b838-6dc861cd9db7,c5,c2,1776,?,i12,
1769500887.1364272,RECEIVED,67d9e248-ba07-4375-b710-a3eec2641632,2de3afdd-1de3-46f1-bb1c-1f4255f411a8,c3,DROP,1432,p3,?,
1769500887.6064038,RECEIVED,200ef080-0549-45e2-84dd-b6e0345a4851,df202575-97e4-46f3-bfb3-8eb0cf54dced,c4,DROP,1448,p1,?,
1769500887.636842,SENT,67d9e248-ba07-4375-b710-a3eec2641632,2de3afdd-1de3-46f1-bb1c-1f4255f411a8,c3,DROP,1000,?,i2,
1769500887.6368833,FORWARDED,67d9e248-ba07-4375-b710-a3eec2641632,2de3afdd-1de3-46f1-bb1c-1f4255f411a8,c3,DROP,1000,?,i2,
1769500887.7357147,RECEIVED,5b4fc22a-f0dd-4077-8131-c11969498071,06b5014f-e7d4-410d-a01b-dda2960926a2,c4,None,2227,p1,?,
1769500887.8002627,RECEIVED,31c15009-ae0a-47d0-b444-1871f6837d0d,43aa01b3-015d-4071-8042-dd044cd9fec6,c5,None,2224,p2,?,
1769500887.813923,SENT,200ef080-0549-45e2-84dd-b6e0345a4851,df202575-97e4-46f3-bfb3-8eb0cf54dced,c4,DROP,1013,?,i4,
1769500887.8141146,FORWARDED,200ef080-0549-45e2-84dd-b6e0345a4851,df202575-97e4-46f3-bfb3-8eb0cf54dced,c4,DROP,1013,?,i4,
1769500887.8401947,RECEIVED,d5a99cb1-c23c-4ec7-b4a3-4ebf6661fe2e,5b63afe3-d0bf-4302-adb0-d3e337fcce2b,c3,DROP,1440,p3,?,
1769500887.847829,SENT,31c15009-ae0a-47d0-b444-1871f6837d0d,43aa01b3-015d-4071-8042-dd044cd9fec6,c5,None,1594,?,i8,
1769500887.847871,FORWARDED,31c15009-ae0a-47d0-b444-1871f6837d0d,43aa01b3-015d-4071-8042-dd044cd9fec6,c5,None,1594,?,i8,
1769500887.9344823,RECEIVED,6983a803-c76d-4818-b38a-7ab72d2258c4,2358b6c8-d203-47ab-a3d9-e53fbcefb7f7,c3,DROP,1443,p3,?,
1769500887.9845626,RECEIVED,d03c8e90-0b1f-40f3-88b5-1d56f16cde95,7140c237-b5b0-49dc-a239-31192a61531a,c1,c5,2475,p1,?,
1769500888.0197349,SENT,d5a99cb1-c23c-4ec7-b4a3-4ebf6661fe2e,5b63afe3-d0bf-4302-adb0-d3e337fcce2b,c3,DROP,1007,?,i3,
1769500888.0197732,FORWARDED,d5a99cb1-c23c-4ec7-b4a3-4ebf6661fe2e,5b63afe3-d0bf-4302-adb0-d3e337fcce2b,c3,DROP,1007,?,i3,
1769500888.0585146,SENT,d03c8e90-0b1f-40f3-88b5-1d56f16cde95,7140c237-b5b0-49dc-a239-31192a61531a,c1,c5,1785,?,i6,
1769500888.0585558,FORWARDED,d03c8e90-0b1f-40f3-88b5-1d56f16cde95,7140c237-b5b0-49dc-a239-31192a61531a,c1,c5,1785,?,i6,
1769500888.3423176,RECEIVED,088bc997-022f-43cb-b3e7-96b81f0f20d5,b9b93310-85e8-4c46-a080-3a3e42c47554,c3,DROP,1449,p3,?,
1769500888.3690312,RECEIVED,0422299e-980e-482f-8090-5f29c905f574,4227f852-ec4e-4ba7-82ad-ebdd9b8552b7,c5,DROP,441,x4,?,
1769500888.4487724,SENT,088bc997-022f-43cb-b3e7-96b81f0f20d5,b9b93310-85e8-4c46-a080-3a3e42c47554,c3,DROP,1013,?,i10,
1769500888.4488108,FORWARDED,088bc997-022f-43cb-b3e7-96b81f0f20d5,b9b93310-85e8-4c46-a080-3a3e42c47554,c3,DROP,1013,?,i10,
1769500888.4660034,SENT,5b4fc22a-f0dd-4077-8131-c11969498071,06b5014f-e7d4-410d-a01b-dda2960926a2,c4,None,1599,?,i6,
1769500888.4660573,FORWARDED,5b4fc22a-f0dd-4077-8131-c11969498071,06b5014f-e7d4-410d-a01b-dda2960926a2,c4,None,1599,?,i6,
1769500888.6034033,SENT,bcc5cbdb-d658-48f6-96d4-94a6a0632680,9a70ad62-15f1-4327-8ffc-6dd8415d55c2,c3,DROP,1007,?,i6,
1769500888.6034458,FORWARDED,bcc5cbdb-d658-48f6-96d4-94a6a0632680,9a70ad62-15f1-4327-8ffc-6dd8415d55c2,c3,DROP,1007,?,i6,
1769500888.6072037,SENT,6983a803-c76d-4818-b38a-7ab72d2258c4,2358b6c8-d203-47ab-a3d9-e53fbcefb7f7,c3,DROP,1009,?,i2,
1769500888.607627,FORWARDED,6983a803-c76d-4818-b38a-7ab72d2258c4,2358b6c8-d203-47ab-a3d9-e53fbcefb7f7,c3,DROP,1009,?,i2,
1769500888.8871071,RECEIVED,49cea92e-dc48-4e95-888b-f2cd8fe9bc2d,4e6dde53-a39d-4f7f-8a30-1b0da1c1b7be,c3,DROP,1443,p3,?,
1769500889.1257553,RECEIVED,d7b03134-136b-4de1-87f1-1ed2877735f4,9e48d6c6-8443-44c2-bafc-3914e1ca1014,c4,DROP,443,x8,?,
1769500889.1349688,RECEIVED,9930e623-429e-4866-b453-0c2e20c078f5,bc2f6548-0c17-423f-9d02-dcd47bee4d3f,c3,c4,2446,p3,?,
1769500889.1937041,SENT,9930e623-429e-4866-b453-0c2e20c078f5,bc2f6548-0c17-423f-9d02-dcd47bee4d3f,c3,c4,1764,?,i5,
1769500889.193744,FORWARDED,9930e623-429e-4866-b453-0c2e20c078f5,bc2f6548-0c17-423f-9d02-dcd47bee4d3f,c3,c4,1764,?,i5,
1769500889.4679255,RECEIVED,98c88f3c-b756-43ae-babb-ce0e38b54751,47ca603c-5c70-4813-aaee-329b01a5dc5d,c2,None,2222,p2,?,
1769500889.4686694,RECEIVED,4f59dee4-b727-4c3a-8486-54eed9c3d64d,49a8fb05-7846-4331-ba20-da9b07ce121f,c2,DROP,441,x1,?,
1769500889.5379915,RECEIVED,78012aa2-8ab4-49b1-896a-070271a5a788,8e66d5ea-19de-442a-a42e-1e1cfab81903,c1,c5,2449,p1,?,
1769500889.7477045,RECEIVED,461cbed3-0aa8-496b-ad1f-754a5c2fe101,17218ce1-315c-4a61-8e7f-a37762e219f7,c3,DROP,1435,p3,?,
1769500889.7998445,SENT,49cea92e-dc48-4e95-888b-f2cd8fe9bc2d,4e6dde53-a39d-4f7f-8a30-1b0da1c1b7be,c3,DROP,1009,?,i12,
1769500889.7998848,FORWARDED,49cea92e-dc48-4e95-888b-f2cd8fe9bc2d,4e6dde53-a39d-4f7f-8a30-1b0da1c1b7be,c3,DROP,1009,?,i12,
1769500889.9846795,SENT,78012aa2-8ab4-49b1-896a-070271a5a788,8e66d5ea-19de-442a-a42e-1e1cfab81903,c1,c5,1763,?,i11,
1769500889.9847248,FORWARDED,78012aa2-8ab4-49b1-896a-070271a5a788,8e66d5ea-19de-442a-a42e-1e1cfab81903,c1,c5,1763,?,i11,
1769500890.0503128,RECEIVED,804dcd4e-6a18-4a51-9894-45b189c8c524,fbc7a253-b59e-4791-973e-48b1ee9e8cfc,c4,DROP,1439,p1,?,
1769500890.05198,RECEIVED,71fa29b9-4c6a-48ba-8c41-7a576c34eebf,ee94353d-32e5-4543-ae06-0cd9af3ddcec,c1,DROP,1441,p1,?,
1769500890.0626006,SENT,98c88f3c-b756-43ae-babb-ce0e38b54751,47ca603c-5c70-4813-aaee-329b01a5dc5d,c2,None,1596,?,i9,
1769500890.0626423,FORWARDED,98c88f3c-b756-43ae-babb-ce0e38b54751,47ca603c-5c70-4813-aaee-329b01a5dc5d,c2,None,1596,?,i9,
1769500890.2428029,SENT,71fa29b9-4c6a-48ba-8c41-7a576c34eebf,ee94353d-32e5-4543-ae06-0cd9af3ddcec,c1,DROP,1008,?,i10,
1769500890.2428446,FORWARDED,71fa29b9-4c6a-48ba-8c41-7a576c34eebf,ee94353d-32e5-4543-ae06-0cd9af3ddcec,c1,DROP,1008,?,i10,
1769500890.5254645,RECEIVED,80f250d3-ed4a-40cf-b938-3771280938aa,be610193-e002-4403-bacb-135e19cbd8f5,c2,c1,2463,p2,?,
1769500890.8117607,RECEIVED,d11d44fd-01f0-4415-8bbd-3cd96217fb8b,b9897d87-f968-41f2-bc54-98937d4a4cf8,c1,DROP,1443,p1,?,
1769500890.9373636,SENT,461cbed3-0aa8-496b-ad1f-754a5c2fe101,17218ce1-315c-4a61-8e7f-a37762e219f7,c3,DROP,1003,?,i3,
1769500890.9374065,FORWARDED,461cbed3-0aa8-496b-ad1f-754a5c2fe101,17218ce1-315c-4a61-8e7f-a37762e219f7,c3,DROP,1003,?,i3,
1769500891.000059,RECEIVED,3f9636bf-9c76-46a5-98c6-99f8ef5090ce,a74ba915-67df-4e70-8cd0-b522e5c8c01a,c4,DROP,1439,p1,?,
1769500891.0343695,RECEIVED,f68f9c0e-48fa-4b81-8f83-611123fbfae6,0564e295-2349-4e7e-aed9-3edc8e9ffa57,c5,c2,2460,p2,?,
1769500891.077851,SENT,f68f9c0e-48fa-4b81-8f83-611123fbfae6,0564e295-2349-4e7e-aed9-3edc8e9ffa57,c5,c2,1772,?,i9,
1769500891.077892,FORWARDED,f68f9c0e-48fa-4b81-8f83-611123fbfae6,0564e295-2349-4e7e-aed9-3edc8e9ffa57,c5,c2,1772,?,i9,
1769500891.188799,SENT,3f9636bf-9c76-46a5-98c6-99f8ef5090ce,a74ba915-67df-4e70-8cd0-b522e5c8c01a,c4,DROP,1008,?,i1,
1769500891.1888409,FORWARDED,3f9636bf-9c76-46a5-98c6-99f8ef5090ce,a74ba915-67df-4e70-8cd0-b522e5c8c01a,c4,DROP,1008,?,i1,
1769500891.1922517,SENT,804dcd4e-6a18-4a51-9894-45b189c8c524,fbc7a253-b59e-4791-973e-48b1ee9e8cfc,c4,DROP,1007,?,i6,
1769500891.1922927,FORWARDED,804dcd4e-6a18-4a51-9894-45b189c8c524,fbc7a253-b59e-4791-973e-48b1ee9e8cfc,c4,DROP,1007,?,i6,
1769500891.2288857,RECEIVED,343b41fb-5eab-443c-b99f-a1efab119fd9,8cab0795-0ec0-48aa-b464-2a1ce32cd0f9,c3,None,2229,p3,?,
1769500891.2747357,RECEIVED,cba7fe54-ed4b-4cf3-9c05-27787caf8cb4,863f0b40-ceb0-40a0-a0b6-81dc279184ef,c4,None,2239,p1,?,
1769500891.3327043,RECEIVED,1f482927-51b5-44a1-b0a6-944f0d6bd8f7,bf4d8484-4c2b-4fc1-b65b-496ba61defcf,c5,DROP,1444,p2,?,
1769500891.3799434,RECEIVED,819adc44-0e82-4796-8f9f-e785349580ae,08e8c886-8ac1-40bb-bba1-36c7d1a3dbc6,c2,None,2224,p2,?,
1769500891.447262,SENT,d11d44fd-01f0-4415-8bbd-3cd96217fb8b,b9897d87-f968-41f2-bc54-98937d4a4cf8,c1,DROP,1011,?,i6,
1769500891.4473023,FORWARDED,d11d44fd-01f0-4415-8bbd-3cd96217fb8b,b9897d87-f968-41f2-bc54-98937d4a4cf8,c1,DROP,1011,?,i6,
1769500891.4608114,SENT,343b41fb-5eab-443c-b99f-a1efab119fd9,8cab0795-0ec0-48aa-b464-2a1ce32cd0f9,c3,None,1599,?,i10,
1769500891.460854,FORWARDED,343b41fb-5eab-443c-b99f-a1efab119fd9,8cab0795-0ec0-48aa-b464-2a1ce32cd0f9,c3,None,1599,?,i10,
1769500891.477655,SENT,80f250d3-ed4a-40cf-b938-3771280938aa,be610193-e002-4403-bacb-135e19cbd8f5,c2,c1,1776,?,i4,
1769500891.4776986,FORWARDED,80f250d3-ed4a-40cf-b938-3771280938aa,be610193-e002-4403-bacb-135e19cbd8f5,c2,c1,1776,?,i4,
1769500891.4791145,RECEIVED,d8403d2f-3c6a-4746-b910-907b1623c5d1,efa6f747-a829-4d41-806e-5c901b5cbd90,c2,DROP,442,x1,?,
1769500891.7521408,SENT,1f482927-51b5-44a1-b0a6-944f0d6bd8f7,bf4d8484-4c2b-4fc1-b65b-496ba61defcf,c5,DROP,1011,?,i9,
1769500891.7521791,FORWARDED,1f482927-51b5-44a1-b0a6-944f0d6bd8f7,bf4d8484-4c2b-4fc1-b65b-496ba61defcf,c5,DROP,1011,?,i9,
1769500891.859942,SENT,819adc44-0e82-4796-8f9f-e785349580ae,08e8c886-8ac1-40bb-bba1-36c7d1a3dbc6,c2,None,1596,?,i9,
1769500891.859982,FORWARDED,819adc44-0e82-4796-8f9f-e785349580ae,08e8c886-8ac1-40bb-bba1-36c7d1a3dbc6,c2,None,1596,?,i9,
1769500891.861966,RECEIVED,679cc4e2-2325-4edc-9c40-3c8a4035d4c1,fde5d81b-b266-4fdf-be75-7d4406e52699,c1,DROP,1440,p1,?,
1769500892.0217412,SENT,679cc4e2-2325-4edc-9c40-3c8a4035d4c1,fde5d81b-b266-4fdf-be75-7d4406e52699,c1,DROP,1008,?,i2,
1769500892.0217757,FORWARDED,679cc4e2-2325-4edc-9c40-3c8a4035d4c1,fde5d81b-b266-4fdf-be75-7d4406e52699,c1,DROP,1008,?,i2,
1769500892.126402,SENT,cba7fe54-ed4b-4cf3-9c05-27787caf8cb4,863f0b40-ceb0-40a0-a0b6-81dc279184ef,c4,None,1607,?,i4,
1769500892.1264424,FORWARDED,cba7fe54-ed4b-4cf3-9c05-27787caf8cb4,863f0b40-ceb0-40a0-a0b6-81dc279184ef,c4,None,1607,?,i4,
1769500892.4638605,RECEIVED,b3609684-bb3b-4858-b6e9-ac38d04847d5,9e52ea84-3435-4de1-b025-0e23852370c3,c4,DROP,1451,p1,?,
1769500892.557551,RECEIVED,3b8a1f34-7909-4db1-9adf-02c30989d9ff,aae8573c-b3a2-4e06-b819-8fb2ca385bac,c4,DROP,1436,p1,?,
1769500892.569288,RECEIVED,624437b2-c746-425a-8aa5-ba4adfeda275,ce7b4417-0ca5-469a-abed-669cf4895a0c,c5,DROP,1452,p2,?,
1769500892.6285605,SENT,624437b2-c746-425a-8aa5-ba4adfeda275,ce7b4417-0ca5-469a-abed-669cf4895a0c,c5,DROP,1015,?,i8,
1769500892.6286,FORWARDED,624437b2-c746-425a-8aa5-ba4adfeda275,ce7b4417-0ca5-469a-abed-669cf4895a0c,c5,DROP,1015,?,i8,
1769500892.63634,RECEIVED,177462a1-0bb9-4a3e-babe-c0d8b0518ede,d0e079f1-1f4a-40eb-a58d-34e7cd104321,c5,None,2228,p2,?,
1769500892.6449327,RECEIVED,1c50cab8-a807-46ad-abb6-61ac0db6d917,1802417f-dc60-41fb-99c2-7724f4a8c5aa,c5,DROP,1456,p2,?,
1769500892.6961696,RECEIVED,cc368b48-46d1-4793-9701-336eb0bce0ff,e281c968-734c-4016-b557-404f9cc02de7,c4,DROP,1447,p1,?,
1769500892.7017288,RECEIVED,b9b6d5f5-0339-4ebc-925a-45c788f22b06,a6a19c9b-b684-46d7-a3db-b955713aea39,c1,DROP,441,x7,?,
1769500892.7177904,RECEIVED,b2217d96-f699-47e6-9b0b-cf0273c3025a,437a659b-2b8d-41e3-b5df-db0cf43a6f71,c3,DROP,1436,p3,?,
1769500892.7192082,SENT,3b8a1f34-7909-4db1-9adf-02c30989d9ff,aae8573c-b3a2-4e06-b819-8fb2ca385bac,c4,DROP,1003,?,i5,
1769500892.7192457,FORWARDED,3b8a1f34-7909-4db1-9adf-02c30989d9ff,aae8573c-b3a2-4e06-b819-8fb2ca385bac,c4,DROP,1003,?,i5,
1769500892.870591,SENT,cc368b48-46d1-4793-9701-336eb0bce0ff,e281c968-734c-4016-b557-404f9cc02de7,c4,DROP,1012,?,i1,
1769500892.870631,FORWARDED,cc368b48-46d1-4793-9701-336eb0bce0ff,e281c968-734c-4016-b557-404f9cc02de7,c4,DROP,1012,?,i1,
1769500892.8846602,SENT,b2217d96-f699-47e6-9b0b-cf0273c3025a,437a659b-2b8d-41e3-b5df-db0cf43a6f71,c3,DROP,1004,?,i7,
1769500892.884701,FORWARDED,b2217d96-f699-47e6-9b0b-cf0273c3025a,437a659b-2b8d-41e3-b5df-db0cf43a6f71,c3,DROP,1004,?,i7,
1769500893.0077496,SENT,177462a1-0bb9-4a3e-babe-c0d8b0518ede,d0e079f1-1f4a-40eb-a58d-34e7cd104321,c5,None,1599,?,i2,
1769500893.0077949,FORWARDED,177462a1-0bb9-4a3e-babe-c0d8b0518ede,d0e079f1-1f4a-40eb-a58d-34e7cd104321,c5,None,1599,?,i2,
1769500893.036626,RECEIVED,32c0d28c-9109-49f7-8752-62c1ee5dfcca,2a086c8c-25b0-4bee-adf6-383922bb9aef,c3,DROP,1440,p3,?,
1769500893.109219,SENT,32c0d28c-9109-49f7-8752-62c1ee5dfcca,2a086c8c-25b0-4bee-adf6-383922bb9aef,c3,DROP,1007,?,i1,
1769500893.1092632,FORWARDED,32c0d28c-9109-49f7-8752-62c1ee5dfcca,2a086c8c-25b0-4bee-adf6-383922bb9aef,c3,DROP,1007,?,i1,
1769500893.367227,RECEIVED,f9626d6b-22f3-47d5-b231-b12b19882124,aef602f8-af08-4c08-aecb-2a43efa488ac,c2,DROP,1440,p2,?,
1769500893.4278898,SENT,f9626d6b-22f3-47d5-b231-b12b19882124,aef602f8-af08-4c08-aecb-2a43efa488ac,c2,DROP,1007,?,i1,
1769500893.4279327,FORWARDED,f9626d6b-22f3-47d5-b231-b12b19882124,aef602f8-af08-4c08-aecb-2a43efa488ac,c2,DROP,1007,?,i1,
1769500893.4411464,RECEIVED,a0ce918e-5650-46b4-9852-0e1861c5c03f,c7380a7f-79dc-43d3-827b-5ca376b5c61c,c3,DROP,1440,p3,?,
1769500893.4908535,RECEIVED,603b746a-16b8-423b-9ab9-be98542440fd,f8c20a99-b8eb-4556-9baf-5926ae26d604,c1,DROP,1443,p1,?,
1769500893.5306847,RECEIVED,472a7a6a-61a5-41ba-a275-33df229dc3aa,a897a3b8-8235-4fbc-8f68-82349b4437fb,c1,DROP,1441,p1,?,
1769500893.532099,SENT,a0ce918e-5650-46b4-9852-0e1861c5c03f,c7380a7f-79dc-43d3-827b-5ca376b5c61c,c3,DROP,1007,?,i1,
1769500893.5321386,FORWARDED,a0ce918e-5650-46b4-9852-0e1861c5c03f,c7380a7f-79dc-43d3-827b-5ca376b5c61c,c3,DROP,1007,?,i1,
1769500893.536408,RECEIVED,71101a37-acf7-4e2c-86f7-2bf0fd99dd4d,4c82cb40-d115-468e-903f-7a652a766cb3,c1,DROP,441,x9,?,
1769500893.5470285,SENT,472a7a6a-61a5-41ba-a275-33df229dc3aa,a897a3b8-8235-4fbc-8f68-82349b4437fb,c1,DROP,1008,?,i8,
1769500893.5470796,FORWARDED,472a7a6a-61a5-41ba-a275-33df229dc3aa,a897a3b8-8235-4fbc-8f68-82349b4437fb,c1,DROP,1008,?,i8,
1769500893.5915763,RECEIVED,c499d160-7908-4baa-9719-08a33173decd,437f9f80-7aca-4e9a-a7bb-a96288199a4a,c1,DROP,1453,p1,?,
1769500893.6082063,RECEIVED,4af35d06-199d-4ce4-8255-3d0b89f18f54,f09387ce-4a67-4b77-afb7-3364dad43947,c1,None,2232,p1,?,
1769500893.6519547,SENT,c499d160-7908-4baa-9719-08a33173decd,437f9f80-7aca-4e9a-a7bb-a96288199a4a,c1,DROP,1016,?,i1,
1769500893.6519988,FORWARDED,c499d160-7908-4baa-9719-08a33173decd,437f9f80-7aca-4e9a-a7bb-a96288199a4a,c1,DROP,1016,?,i1,
1769500893.820402,SENT,1c50cab8-a807-46ad-abb6-61ac0db6d917,1802417f-dc60-41fb-99c2-7724f4a8c5aa,c5,DROP,1019,?,i11,
1769500893.8204443,FORWARDED,1c50cab8-a807-46ad-abb6-61ac0db6d917,1802417f-dc60-41fb-99c2-7724f4a8c5aa,c5,DROP,1019,?,i11,
1769500893.9577541,SENT,b3609684-bb3b-4858-b6e9-ac38d04847d5,9e52ea84-3435-4de1-b025-0e23852370c3,c4,DROP,1015,?,i5,
1769500893.9577873,FORWARDED,b3609684-bb3b-4858-b6e9-ac38d04847d5,9e52ea84-3435-4de1-b025-0e23852370c3,c4,DROP,1015,?,i5,
1769500894.05852,RECEIVED,12af4a96-afc2-4d14-9286-eb04b2c09c0b,5dd95d21-6b2f-4f86-bb4c-e1a1cc42b1b0,c4,DROP,1452,p1,?,
1769500894.119424,RECEIVED,ef191f22-11dd-471e-8d72-5f800aadb1a9,351e1461-f4f2-4d4e-a661-5c13439e654d,c4,None,2223,p1,?,
1769500894.1797638,SENT,603b746a-16b8-423b-9ab9-be98542440fd,f8c20a99-b8eb-4556-9baf-5926ae26d604,c1,DROP,1009,?,i7,
1769500894.1798043,FORWARDED,603b746a-16b8-423b-9ab9-be98542440fd,f8c20a99-b8eb-4556-9baf-5926ae26d604,c1,DROP,1009,?,i7,
1769500894.3767,RECEIVED,bf4960a2-394a-44c5-a623-fe1b96338dd6,e46fada2-985a-4835-9a4b-15d14f542971,c1,DROP,1452,p1,?,
1769500894.4177594,SENT,12af4a96-afc2-4d14-9286-eb04b2c09c0b,5dd95d21-6b2f-4f86-bb4c-e1a1cc42b1b0,c4,DROP,1016,?,i1,
1769500894.4177957,FORWARDED,12af4a96-afc2-4d14-9286-eb04b2c09c0b,5dd95d21-6b2f-4f86-bb4c-e1a1cc42b1b0,c4,DROP,1016,?,i1,
1769500894.4527917,RECEIVED,f5da6b98-f502-4913-bfb1-042aa6c208db,2a72236e-99b5-475f-b0f1-cffcbb7a20d8,c2,c1,2473,p2,?,
1769500894.4573212,SENT,ef191f22-11dd-471e-8d72-5f800aadb1a9,351e1461-f4f2-4d4e-a661-5c13439e654d,c4,None,1595,?,i1,
1769500894.457361,FORWARDED,ef191f22-11dd-471e-8d72-5f800aadb1a9,351e1461-f4f2-4d4e-a661-5c13439e654d,c4,None,1595,?,i1,
1769500894.4704595,SENT,bf4960a2-394a-44c5-a623-fe1b96338dd6,e46fada2-985a-4835-9a4b-15d14f542971,c1,DROP,1016,?,i4,
1769500894.4704967,FORWARDED,bf4960a2-394a-44c5-a623-fe1b96338dd6,e46fada2-985a-4835-9a4b-15d14f542971,c1,DROP,1016,?,i4,
1769500894.4991815,RECEIVED,3f22fb17-455f-44c4-9f00-5d1ab251cae1,5e13de82-f97f-4681-90af-64f6c91a393b,c3,DROP,1439,p3,?,
1769500894.658589,RECEIVED,713a5a0b-65c2-45dd-8d29-cfadfdcaf3a4,c4baba4c-fe73-4ba3-a7ee-9f01ebcc3bbd,c2,DROP,1444,p2,?,
1769500894.6731188,RECEIVED,363d8395-8388-4b2a-8388-4862d749c38c,b865cd75-b318-4bf8-aa7c-372bbb6a6198,c3,DROP,1450,p3,?,
1769500894.6914988,SENT,4af35d06-199d-4ce4-8255-3d0b89f18f54,f09387ce-4a67-4b77-afb7-3364dad43947,c1,None,1602,?,i10,
1769500894.6915424,FORWARDED,4af35d06-199d-4ce4-8255-3d0b89f18f54,f09387ce-4a67-4b77-afb7-3364dad43947,c1,None,1602,?,i10,
1769500894.6931837,RECEIVED,2e74e93e-9f01-4e14-a2eb-a8d55b841c3d,7142bf29-e3ca-4f1a-9ab0-09173b640c99,c4,None,2240,p1,?,
1769500894.7494023,SENT,713a5a0b-65c2-45dd-8d29-cfadfdcaf3a4,c4baba4c-fe73-4ba3-a7ee-9f01ebcc3bbd,c2,DROP,1009,?,i3,
1769500894.7494416,FORWARDED,713a5a0b-65c2-45dd-8d29-cfadfdcaf3a4,c4baba4c-fe73-4ba3-a7ee-9f01ebcc3bbd,c2,DROP,1009,?,i3,
1769500894.7704186,RECEIVED,fa537478-dbb1-492d-91ea-21dd93fa3e3e,d4401664-104a-4157-97c5-4b8f8d7bfbee,c3,DROP,1456,p3,?,
1769500894.7854931,RECEIVED,7916bcb8-2f9a-4c13-9a68-faf5ba826ba4,c79aa4a6-6d3a-4d55-9d6d-862b38b6c0d9,c5,None,2211,p2,?,
1769500894.8217964,RECEIVED,7a39dd92-5cbe-46bb-b7ad-8243a6fbdca2,4c903f47-1fa1-49c2-9a3a-9c615668f942,c1,DROP,1447,p1,?,
1769500894.8498044,SENT,f5da6b98-f502-4913-bfb1-042aa6c208db,2a72236e-99b5-475f-b0f1-cffcbb7a20d8,c2,c1,1780,?,i11,
1769500894.8498476,FORWARDED,f5da6b98-f502-4913-bfb1-042aa6c208db,2a72236e-99b5-475f-b0f1-cffcbb7a20d8,c2,c1,1780,?,i11,
1769500894.888457,SENT,2e74e93e-9f01-4e14-a2eb-a8d55b841c3d,7142bf29-e3ca-4f1a-9ab0-09173b640c99,c4,None,1608,?,i6,
1769500894.8885002,FORWARDED,2e74e93e-9f01-4e14-a2eb-a8d55b841c3d,7142bf29-e3ca-4f1a-9ab0-09173b640c99,c4,None,1608,?,i6,
1769500894.9005635,SENT,3f22fb17-455f-44c4-9f00-5d1ab251cae1,5e13de82-f97f-4681-90af-64f6c91a393b,c3,DROP,1007,?,i7,
1769500894.900604,FORWARDED,3f22fb17-455f-44c4-9f00-5d1ab251cae1,5e13de82-f97f-4681-90af-64f6c91a393b,c3,DROP,1007,?,i7,
1769500895.0287712,RECEIVED,fdea114f-733e-410a-b72d-5ab73c7e92b9,bc3d16e4-8bdb-4678-8bb7-f6edad7de28f,c2,DROP,1439,p2,?,
1769500895.032885,SENT,7916bcb8-2f9a-4c13-9a68-faf5ba826ba4,c79aa4a6-6d3a-4d55-9d6d-862b38b6c0d9,c5,None,1587,?,i2,
1769500895.0329275,FORWARDED,7916bcb8-2f9a-4c13-9a68-faf5ba826ba4,c79aa4a6-6d3a-4d55-9d6d-862b38b6c0d9,c5,None,1587,?,i2,
1769500895.0402737,SENT,fa537478-dbb1-492d-91ea-21dd93fa3e3e,d4401664-104a-4157-97c5-4b8f8d7bfbee,c3,DROP,1020,?,i11,
1769500895.040316,FORWARDED,fa537478-dbb1-492d-91ea-21dd93fa3e3e,d4401664-104a-4157-97c5-4b8f8d7bfbee,c3,DROP,1020,?,i11,
1769500895.0565257,RECEIVED,771c9168-ab0c-4aab-9f4e-cb1a1dc030bf,0b75ecb2-0ce6-4c6f-b107-1d80ec620fb1,c1,c5,2463,p1,?,
1769500895.3830082,RECEIVED,1c6464a6-1812-4f06-ad7e-a26598c04aa4,add93724-3d21-48ae-a5e7-2d53bcafb87f,c5,DROP,1436,p2,?,
1769500895.3832467,SENT,363d8395-8388-4b2a-8388-4862d749c38c,b865cd75-b318-4bf8-aa7c-372bbb6a6198,c3,DROP,1016,?,i7,
1769500895.3832924,FORWARDED,363d8395-8388-4b2a-8388-4862d749c38c,b865cd75-b318-4bf8-aa7c-372bbb6a6198,c3,DROP,1016,?,i7,
1769500895.427121,RECEIVED,f43f2416-2146-4074-8704-33aa305954aa,9593d05b-311c-4215-87e5-3b30eb2f93f8,c5,DROP,1440,p2,?,
1769500895.4845734,SENT,f43f2416-2146-4074-8704-33aa305954aa,9593d05b-311c-4215-87e5-3b30eb2f93f8,c5,DROP,1008,?,i2,
1769500895.4846141,FORWARDED,f43f2416-2146-4074-8704-33aa305954aa,9593d05b-311c-4215-87e5-3b30eb2f93f8,c5,DROP,1008,?,i2,
1769500895.5047426,SENT,7a39dd92-5cbe-46bb-b7ad-8243a6fbdca2,4c903f47-1fa1-49c2-9a3a-9c615668f942,c1,DROP,1012,?,i6,
1769500895.5047853,FORWARDED,7a39dd92-5cbe-46bb-b7ad-8243a6fbdca2,4c903f47-1fa1-49c2-9a3a-9c615668f942,c1,DROP,1012,?,i6,
1769500895.5352328,RECEIVED,fd21361c-4d56-4331-9065-2444497d37f1,449d823e-b172-45e0-a7d5-13854ff5c2f1,c1,DROP,1442,p1,?,
1769500895.6522934,SENT,fdea114f-733e-410a-b72d-5ab73c7e92b9,bc3d16e4-8bdb-4678-8bb7-f6edad7de28f,c2,DROP,1008,?,i7,
1769500895.6523385,FORWARDED,fdea114f-733e-410a-b72d-5ab73c7e92b9,bc3d16e4-8bdb-4678-8bb7-f6edad7de28f,c2,DROP,1008,?,i7,
1769500895.7114604,SENT,1c6464a6-1812-4f06-ad7e-a26598c04aa4,add93724-3d21-48ae-a5e7-2d53bcafb87f,c5,DROP,1003,?,i1,
1769500895.7115066,FORWARDED,1c6464a6-1812-4f06-ad7e-a26598c04aa4,add93724-3d21-48ae-a5e7-2d53bcafb87f,c5,DROP,1003,?,i1,
1769500895.7135446,RECEIVED,cb5ec9be-5c0f-4803-bcbe-042db548d83f,7abae2af-5d0a-4dd5-8c5f-da5153eaf9f9,c4,DROP,1456,p1,?,
1769500895.7556636,SENT,771c9168-ab0c-4aab-9f4e-cb1a1dc030bf,0b75ecb2-0ce6-4c6f-b107-1d80ec620fb1,c1,c5,1775,?,i2,
1769500895.7557032,FORWARDED,771c9168-ab0c-4aab-9f4e-cb1a1dc030bf,0b75ecb2-0ce6-4c6f-b107-1d80ec620fb1,c1,c5,1775,?,i2,
1769500895.7825885,RECEIVED,96d76779-177d-4d07-b56f-a3f7e119b189,f49d2c7b-c925-4ab2-9c26-133ea1be79b3,c2,DROP,1443,p2,?,
1769500895.848577,SENT,cb5ec9be-5c0f-4803-bcbe-042db548d83f,7abae2af-5d0a-4dd5-8c5f-da5153eaf9f9,c4,DROP,1020,?,i10,
1769500895.8486202,FORWARDED,cb5ec9be-5c0f-4803-bcbe-042db548d83f,7abae2af-5d0a-4dd5-8c5f-da5153eaf9f9,c4,DROP,1020,?,i10,
1769500895.8513305,RECEIVED,c4fa1a07-1df7-48d0-8483-7b3228b47bd9,0d7cee9f-59b2-481b-8dd0-07b4a0b34c68,c2,DROP,1451,p2,?,
1769500895.8841255,RECEIVED,03db9f84-c852-4765-8cf1-1a02f4bc580e,e6e12ced-ff63-42f6-a799-9cf7ad008ea5,c3,DROP,1444,p3,?,
1769500895.9794714,RECEIVED,f43dd450-8207-4556-99c1-88fa2f1df9d9,299a87e0-6b84-4785-874b-bac856d04161,c1,None,2223,p1,?,
1769500896.0390034,SENT,03db9f84-c852-4765-8cf1-1a02f4bc580e,e6e12ced-ff63-42f6-a799-9cf7ad008ea5,c3,DROP,1011,?,i4,
1769500896.0390427,FORWARDED,03db9f84-c852-4765-8cf1-1a02f4bc580e,e6e12ced-ff63-42f6-a799-9cf7ad008ea5,c3,DROP,1011,?,i4,
1769500896.048869,RECEIVED,2dd0837d-41d9-43e2-8676-db0aad5fd7a0,e48640eb-b948-48cd-98cc-3fabcc961f89,c4,DROP,1448,p1,?,
1769500896.146847,RECEIVED,ae3f1dcc-d468-4ea4-b671-f11b156fdc69,14122fa7-c97f-45ad-a60a-3258b3d6a0c2,c2,DROP,1466,p2,?,
1769500896.2411203,SENT,ae3f1dcc-d468-4ea4-b671-f11b156fdc69,14122fa7-c97f-45ad-a60a-3258b3d6a0c2,c2,DROP,1024,?,i11,
1769500896.2411604,FORWARDED,ae3f1dcc-d468-4ea4-b671-f11b156fdc69,14122fa7-c97f-45ad-a60a-3258b3d6a0c2,c2,DROP,1024,?,i11,
1769500896.2688727,RECEIVED,68fe8ea4-3c08-4234-ac24-a7c4afc4fa83,0b6d1dc9-d827-41e5-adcd-5199713e791a,c3,DROP,1439,p3,?,
1769500896.4101126,RECEIVED,828c705e-3df1-4d8b-9b43-1d77082e8f78,3f323256-b27d-4402-89d0-08d92d2fdd64,c5,c2,2463,p2,?,
1769500896.4124367,SENT,2dd0837d-41d9-43e2-8676-db0aad5fd7a0,e48640eb-b948-48cd-98cc-3fabcc961f89,c4,DROP,1012,?,i7,
1769500896.4124756,FORWARDED,2dd0837d-41d9-43e2-8676-db0aad5fd7a0,e48640eb-b948-48cd-98cc-3fabcc961f89,c4,DROP,1012,?,i7,
1769500896.4362342,RECEIVED,46cf86cb-236a-4184-a715-056c1d992532,a762e163-d2ca-434e-92a9-651c22c91888,c5,DROP,1440,p2,?,
1769500896.5172405,SENT,46cf86cb-236a-4184-a715-056c1d992532,a762e163-d2ca-434e-92a9-651c22c91888,c5,DROP,1007,?,i8,
1769500896.5172846,FORWARDED,46cf86cb-236a-4184-a715-056c1d992532,a762e163-d2ca-434e-92a9-651c22c91888,c5,DROP,1007,?,i8,
1769500896.5254629,RECEIVED,22f7e639-d360-4d69-889b-351093ee0eac,08c13de7-9668-4519-8e7a-1962f6b379e9,c2,DROP,1436,p2,?,
1769500896.5724654,SENT,c4fa1a07-1df7-48d0-8483-7b3228b47bd9,0d7cee9f-59b2-481b-8dd0-07b4a0b34c68,c2,DROP,1015,?,i2,
1769500896.572505,FORWARDED,c4fa1a07-1df7-48d0-8483-7b3228b47bd9,0d7cee9f-59b2-481b-8dd0-07b4a0b34c68,c2,DROP,1015,?,i2,
1769500896.5909555,SENT,96d76779-177d-4d07-b56f-a3f7e119b189,f49d2c7b-c925-4ab2-9c26-133ea1be79b3,c2,DROP,1010,?,i1,
1769500896.5909975,FORWARDED,96d76779-177d-4d07-b56f-a3f7e119b189,f49d2c7b-c925-4ab2-9c26-133ea1be79b3,c2,DROP,1010,?,i1,
1769500896.6377573,RECEIVED,217015c4-7e03-4e97-8211-89ff0b16f615,112ae372-ff90-4766-9e25-4e6b079f1ca1,c1,DROP,1444,p1,?,
1769500896.6569285,SENT,828c705e-3df1-4d8b-9b43-1d77082e8f78,3f323256-b27d-4402-89d0-08d92d2fdd64,c5,c2,1775,?,i3,
1769500896.6569698,FORWARDED,828c705e-3df1-4d8b-9b43-1d77082e8f78,3f323256-b27d-4402-89d0-08d92d2fdd64,c5,c2,1775,?,i3,
1769500896.8053625,SENT,22f7e639-d360-4d69-889b-351093ee0eac,08c13de7-9668-4519-8e7a-1962f6b379e9,c2,DROP,1005,?,i5,
1769500896.8054025,FORWARDED,22f7e639-d360-4d69-889b-351093ee0eac,08c13de7-9668-4519-8e7a-1962f6b379e9,c2,DROP,1005,?,i5,
1769500896.8168921,SENT,fd21361c-4d56-4331-9065-2444497d37f1,449d823e-b172-45e0-a7d5-13854ff5c2f1,c1,DROP,1011,?,i3,
1769500896.8169365,FORWARDED,fd21361c-4d56-4331-9065-2444497d37f1,449d823e-b172-45e0-a7d5-13854ff5c2f1,c1,DROP,1011,?,i3,
1769500896.8490834,RECEIVED,26696a4d-6805-427b-a099-5f5085e6e501,491d4747-a711-4222-92d2-52cdefd719ab,c3,c4,2456,p3,?,
1769500896.9169543,RECEIVED,17aaa5cb-f235-4cae-ac64-17bf3799c8bd,056eb39a-ac23-45a0-b829-7c8e1a483475,c1,DROP,441,x11,?,
1769500896.9466012,RECEIVED,d6397430-5720-4d0f-8fc2-b2ce24d8c3b3,f6b5ed4f-e26b-4a20-b308-fc24f6153604,c1,DROP,1443,p1,?,
1769500896.9563982,RECEIVED,cb8c9deb-e399-4dc8-b346-3f535c7535e7,1a99d60b-1ff7-4ca7-a6dd-bf29b177e789,c1,DROP,1448,p1,?,
1769500896.970754,SENT,68fe8ea4-3c08-4234-ac24-a7c4afc4fa83,0b6d1dc9-d827-41e5-adcd-5199713e791a,c3,DROP,1008,?,i8,
1769500896.9707932,FORWARDED,68fe8ea4-3c08-4234-ac24-a7c4afc4fa83,0b6d1dc9-d827-41e5-adcd-5199713e791a,c3,DROP,1008,?,i8,
1769500896.9935856,SENT,217015c4-7e03-4e97-8211-89ff0b16f615,112ae372-ff90-4766-9e25-4e6b079f1ca1,c1,DROP,1011,?,i1,
1769500896.993626,FORWARDED,217015c4-7e03-4e97-8211-89ff0b16f615,112ae372-ff90-4766-9e25-4e6b079f1ca1,c1,DROP,1011,?,i1,
1769500897.02759,RECEIVED,d39011da-b777-4420-ad04-c2375237895d,08171073-bbcd-443b-8ffc-455bdd50b24a,c3,DROP,442,x12,?,
1769500897.1859708,RECEIVED,7c4bbae5-ca67-4640-b594-5799f1709988,31f5cdca-b43e-469c-8ad0-0ff17332fd0d,c1,DROP,1448,p1,?,
1769500897.2133508,RECEIVED,58429d78-174d-4669-9bd5-a092f1b6017d,6e521916-3638-4e38-8281-96991404d23c,c1,DROP,1445,p1,?,
1769500897.2398663,SENT,7c4bbae5-ca67-4640-b594-5799f1709988,31f5cdca-b43e-469c-8ad0-0ff17332fd0d,c1,DROP,1013,?,i7,
1769500897.239909,FORWARDED,7c4bbae5-ca67-4640-b594-5799f1709988,31f5cdca-b43e-469c-8ad0-0ff17332fd0d,c1,DROP,1013,?,i7,
1769500897.2537558,SENT,cb8c9deb-e399-4dc8-b346-3f535c7535e7,1a99d60b-1ff7-4ca7-a6dd-bf29b177e789,c1,DROP,1012,?,i9,
1769500897.2537982,FORWARDED,cb8c9deb-e399-4dc8-b346-3f535c7535e7,1a99d60b-1ff7-4ca7-a6dd-bf29b177e789,c1,DROP,1012,?,i9,
1769500897.362334,SENT,f43dd450-8207-4556-99c1-88fa2f1df9d9,299a87e0-6b84-4785-874b-bac856d04161,c1,None,1596,?,i8,
1769500897.3624527,FORWARDED,f43dd450-8207-4556-99c1-88fa2f1df9d9,299a87e0-6b84-4785-874b-bac856d04161,c1,None,1596,?,i8,
1769500897.3807495,RECEIVED,814a52a1-976e-436a-a1ca-2451ba0ce1e1,f7eaf6a3-a7ae-41c8-9255-120372e7c8c9,c1,c5,2467,p1,?,
1769500897.4296708,SENT,58429d78-174d-4669-9bd5-a092f1b6017d,6e521916-3638-4e38-8281-96991404d23c,c1,DROP,1011,?,i11,
1769500897.4297123,FORWARDED,58429d78-174d-4669-9bd5-a092f1b6017d,6e521916-3638-4e38-8281-96991404d23c,c1,DROP,1011,?,i11,
1769500897.4757843,SENT,26696a4d-6805-427b-a099-5f5085e6e501,491d4747-a711-4222-92d2-52cdefd719ab,c3,c4,1769,?,i11,
1769500897.475826,FORWARDED,26696a4d-6805-427b-a099-5f5085e6e501,491d4747-a711-4222-92d2-52cdefd719ab,c3,c4,1769,?,i11,
1769500897.6344645,RECEIVED,93ce55d5-5c24-4355-b23b-dd658e404344,40b17354-d958-4999-b95c-4f7590b4b856,c3,None,2227,p3,?,
1769500897.8259296,SENT,d6397430-5720-4d0f-8fc2-b2ce24d8c3b3,f6b5ed4f-e26b-4a20-b308-fc24f6153604,c1,DROP,1011,?,i4,
1769500897.8259745,FORWARDED,d6397430-5720-4d0f-8fc2-b2ce24d8c3b3,f6b5ed4f-e26b-4a20-b308-fc24f6153604,c1,DROP,1011,?,i4,
1769500897.9746122,SENT,93ce55d5-5c24-4355-b23b-dd658e404344,40b17354-d958-4999-b95c-4f7590b4b856,c3,None,1599,?,i2,
1769500897.974656,FORWARDED,93ce55d5-5c24-4355-b23b-dd658e404344,40b17354-d958-4999-b95c-4f7590b4b856,c3,None,1599,?,i2,
1769500898.0011663,SENT,814a52a1-976e-436a-a1ca-2451ba0ce1e1,f7eaf6a3-a7ae-41c8-9255-120372e7c8c9,c1,c5,1777,?,i4,
1769500898.001209,FORWARDED,814a52a1-976e-436a-a1ca-2451ba0ce1e1,f7eaf6a3-a7ae-41c8-9255-120372e7c8c9,c1,c5,1777,?,i4,
1769500898.2215292,RECEIVED,cc3be59d-0b11-43ce-9523-c67e5f1f0c57,8f3e56cc-d0b7-43f3-9eb9-d5819d6fbbba,c3,None,2239,p3,?,
1769500898.359389,RECEIVED,9ae327bb-f26b-4a3c-82c3-85062e0ad8cf,d71dabab-f987-4276-9e12-09ec27f199fe,c4,DROP,1443,p1,?,
1769500898.4727786,RECEIVED,598580ba-3385-46a9-99ea-a6acffaf532d,07f61640-46c2-416d-b5fd-2ca2d0a98c88,c5,DROP,1440,p2,?,
1769500898.5677903,SENT,cc3be59d-0b11-43ce-9523-c67e5f1f0c57,8f3e56cc-d0b7-43f3-9eb9-d5819d6fbbba,c3,None,1607,?,i1,
1769500898.567835,FORWARDED,cc3be59d-0b11-43ce-9523-c67e5f1f0c57,8f3e56cc-d0b7-43f3-9eb9-d5819d6fbbba,c3,None,1607,?,i1,
1769500898.700257,RECEIVED,70994a5f-2a1c-4905-8750-f60127f64599,58d47f52-86b4-449f-ab5f-7bb34e827005,c3,DROP,1447,p3,?,
1769500898.7383814,SENT,598580ba-3385-46a9-99ea-a6acffaf532d,07f61640-46c2-416d-b5fd-2ca2d0a98c88,c5,DROP,1008,?,i8,
1769500898.7384205,FORWARDED,598580ba-3385-46a9-99ea-a6acffaf532d,07f61640-46c2-416d-b5fd-2ca2d0a98c88,c5,DROP,1008,?,i8,
1769500898.7623696,SENT,9ae327bb-f26b-4a3c-82c3-85062e0ad8cf,d71dabab-f987-4276-9e12-09ec27f199fe,c4,DROP,1009,?,i7,
1769500898.7624114,FORWARDED,9ae327bb-f26b-4a3c-82c3-85062e0ad8cf,d71dabab-f987-4276-9e12-09ec27f199fe,c4,DROP,1009,?,i7,
1769500898.8115075,RECEIVED,17fbffc4-d769-4f04-9f8c-499e2dc0a60f,f441aff7-2da9-4570-86e6-1640d59da8a0,c5,c2,2462,p2,?,
1769500898.8395016,RECEIVED,ff5c71c6-aa84-43e9-91cb-2fa4ad7a5efb,a2c82d05-b7ae-4950-8ce3-f2a831a21fa4,c1,DROP,1439,p1,?,
1769500898.9101243,RECEIVED,6f2a7b36-04d1-45af-9ea8-6401c0d8d3d1,3251eca1-4717-4b01-a401-0eb619383991,c5,DROP,1435,p2,?,
1769500898.951673,RECEIVED,601b408d-a4cf-4bf8-bfdf-52bbd247ecbc,472de1de-e8b1-4e78-b85e-f44979d3cfb3,c3,DROP,1444,p3,?,
1769500899.0464315,SENT,601b408d-a4cf-4bf8-bfdf-52bbd247ecbc,472de1de-e8b1-4e78-b85e-f44979d3cfb3,c3,DROP,1011,?,i4,
1769500899.0464735,FORWARDED,601b408d-a4cf-4bf8-bfdf-52bbd247ecbc,472de1de-e8b1-4e78-b85e-f44979d3cfb3,c3,DROP,1011,?,i4,
1769500899.1640203,RECEIVED,0b979dd0-5ec2-4681-95cb-ac4284ac902c,89228322-0392-42be-a338-5c32e7cfebd9,c2,DROP,441,x1,?,
1769500899.2903852,SENT,70994a5f-2a1c-4905-8750-f60127f64599,58d47f52-86b4-449f-ab5f-7bb34e827005,c3,DROP,1012,?,i9,
1769500899.2904263,FORWARDED,70994a5f-2a1c-4905-8750-f60127f64599,58d47f52-86b4-449f-ab5f-7bb34e827005,c3,DROP,1012,?,i9,
1769500899.421164,RECEIVED,9da74ae3-fcbc-4463-93bb-47ac3db37f25,095d0b58-e3e0-41b1-8881-09441da0bf37,c4,c3,2468,p1,?,
1769500899.5242078,RECEIVED,66a93d8b-50fd-4548-9be3-ea98698761e5,09a94274-0152-4194-a714-65e2fe9531da,c4,DROP,1444,p1,?,
1769500899.5260012,RECEIVED,c84bd6cd-d46b-4067-8614-c8fb5cd3e6aa,51f99ecf-516c-4a05-8213-a83c77778fda,c5,DROP,1439,p2,?,
1769500899.6032655,RECEIVED,0d6d5add-7e00-4d1f-b5a0-83f88b364544,e132210b-de59-428c-aead-3a2b58a3586c,c3,None,2232,p3,?,
1769500899.6059623,SENT,9da74ae3-fcbc-4463-93bb-47ac3db37f25,095d0b58-e3e0-41b1-8881-09441da0bf37,c4,c3,1777,?,i2,
1769500899.6060047,FORWARDED,9da74ae3-fcbc-4463-93bb-47ac3db37f25,095d0b58-e3e0-41b1-8881-09441da0bf37,c4,c3,1777,?,i2,
1769500899.6210673,RECEIVED,be5beda8-b4c4-4e35-9501-849e5a2fb5e8,149d1b17-4b00-4cb4-b62c-66354e6a9163,c3,None,2227,p3,?,
1769500899.662823,SENT,c84bd6cd-d46b-4067-8614-c8fb5cd3e6aa,51f99ecf-516c-4a05-8213-a83c77778fda,c5,DROP,1008,?,i7,
1769500899.6628656,FORWARDED,c84bd6cd-d46b-4067-8614-c8fb5cd3e6aa,51f99ecf-516c-4a05-8213-a83c77778fda,c5,DROP,1008,?,i7,
1769500899.6811857,RECEIVED,a4d7c741-75da-406a-988b-111a6cdd7ec0,0babc771-b0ae-40b4-82ae-8ae2bccbd1ba,c3,DROP,1448,p3,?,
1769500899.7072866,RECEIVED,7e896427-66e6-4e36-aa0c-6462cbb9e2ed,6b7cd968-3cc6-436b-8dd3-157ce3bd808c,c4,DROP,1436,p1,?,
1769500899.757749,SENT,6f2a7b36-04d1-45af-9ea8-6401c0d8d3d1,3251eca1-4717-4b01-a401-0eb619383991,c5,DROP,1005,?,i2,
1769500899.7578988,FORWARDED,6f2a7b36-04d1-45af-9ea8-6401c0d8d3d1,3251eca1-4717-4b01-a401-0eb619383991,c5,DROP,1005,?,i2,
1769500899.7737234,SENT,66a93d8b-50fd-4548-9be3-ea98698761e5,09a94274-0152-4194-a714-65e2fe9531da,c4,DROP,1011,?,i8,
1769500899.7737656,FORWARDED,66a93d8b-50fd-4548-9be3-ea98698761e5,09a94274-0152-4194-a714-65e2fe9531da,c4,DROP,1011,?,i8,
1769500899.8183966,SENT,7e896427-66e6-4e36-aa0c-6462cbb9e2ed,6b7cd968-3cc6-436b-8dd3-157ce3bd808c,c4,DROP,1005,?,i6,
1769500899.818433,FORWARDED,7e896427-66e6-4e36-aa0c-6462cbb9e2ed,6b7cd968-3cc6-436b-8dd3-157ce3bd808c,c4,DROP,1005,?,i6,
1769500899.841707,SENT,be5beda8-b4c4-4e35-9501-849e5a2fb5e8,149d1b17-4b00-4cb4-b62c-66354e6a9163,c3,None,1599,?,i1,
1769500899.8417556,FORWARDED,be5beda8-b4c4-4e35-9501-849e5a2fb5e8,149d1b17-4b00-4cb4-b62c-66354e6a9163,c3,None,1599,?,i1,
1769500899.9604175,SENT,0d6d5add-7e00-4d1f-b5a0-83f88b364544,e132210b-de59-428c-aead-3a2b58a3586c,c3,None,1600,?,i12,
1769500899.9604619,FORWARDED,0d6d5add-7e00-4d1f-b5a0-83f88b364544,e132210b-de59-428c-aead-3a2b58a3586c,c3,None,1600,?,i12,
1769500899.9801445,RECEIVED,77b8e938-b97e-4ec7-9cdc-9924df782c72,43749988-a895-4891-958c-26bf3dc55921,c2,DROP,1455,p2,?,
1769500899.9838433,RECEIVED,1a729aab-2daf-42b9-b7ba-806be01b69c6,346aa578-af58-48af-b279-def8e4baf9d9,c2,None,2227,p2,?,
1769500900.0462344,SENT,a4d7c741-75da-406a-988b-111a6cdd7ec0,0babc771-b0ae-40b4-82ae-8ae2bccbd1ba,c3,DROP,1014,?,i1,
1769500900.0462801,FORWARDED,a4d7c741-75da-406a-988b-111a6cdd7ec0,0babc771-b0ae-40b4-82ae-8ae2bccbd1ba,c3,DROP,1014,?,i1,
1769500900.2380314,RECEIVED,342713c2-bf43-495c-8122-57d080958ea3,5cbc595b-06d1-4df7-9b7b-1df3a81f7e26,c3,DROP,1439,p3,?,
1769500900.5100017,SENT,17fbffc4-d769-4f04-9f8c-499e2dc0a60f,f441aff7-2da9-4570-86e6-1640d59da8a0,c5,c2,1775,?,i3,
1769500900.5100436,FORWARDED,17fbffc4-d769-4f04-9f8c-499e2dc0a60f,f441aff7-2da9-4570-86e6-1640d59da8a0,c5,c2,1775,?,i3,
1769500900.5714335,RECEIVED,a83b38b5-8628-4a6d-a270-4bacece143fd,e8bbb7ab-e742-4492-b202-ba0189eb36d1,c4,None,2223,p1,?,
1769500900.8023243,RECEIVED,e19d5d23-e25f-4d3e-b823-fa72c68c7843,14fe89ca-8113-40b4-b438-68086bc98fc5,c1,DROP,1443,p1,?,
1769500900.8462992,SENT,342713c2-bf43-495c-8122-57d080958ea3,5cbc595b-06d1-4df7-9b7b-1df3a81f7e26,c3,DROP,1008,?,i7,
1769500900.8463447,FORWARDED,342713c2-bf43-495c-8122-57d080958ea3,5cbc595b-06d1-4df7-9b7b-1df3a81f7e26,c3,DROP,1008,?,i7,
1769500900.862304,SENT,a83b38b5-8628-4a6d-a270-4bacece143fd,e8bbb7ab-e742-4492-b202-ba0189eb36d1,c4,None,1595,?,i8,
1769500900.8623502,FORWARDED,a83b38b5-8628-4a6d-a270-4bacece143fd,e8bbb7ab-e742-4492-b202-ba0189eb36d1,c4,None,1595,?,i8,
1769500900.8654702,RECEIVED,27ac9492-1ffd-4cff-8263-65972426a228,f736cc73-e45f-42a4-b34f-1ea43c058bb1,c1,DROP,1438,p1,?,
1769500900.8717208,RECEIVED,d5d7a2aa-66da-4bb4-807e-496aa1bcaf78,77021ea6-f32f-4fa1-b3b5-1e6c5676d537,c2,DROP,441,x11,?,
1769500900.877344,SENT,1a729aab-2daf-42b9-b7ba-806be01b69c6,346aa578-af58-48af-b279-def8e4baf9d9,c2,None,1599,?,i4,
1769500900.8773901,FORWARDED,1a729aab-2daf-42b9-b7ba-806be01b69c6,346aa578-af58-48af-b279-def8e4baf9d9,c2,None,1599,?,i4,
1769500900.9330873,RECEIVED,f2c1f0b6-f67a-4061-ba64-daf774a4b41b,42d913c1-7b20-45ae-ab6f-f29155e35376,c4,DROP,1452,p1,?,
1769500901.060708,SENT,27ac9492-1ffd-4cff-8263-65972426a228,f736cc73-e45f-42a4-b34f-1ea43c058bb1,c1,DROP,1008,?,i6,
1769500901.0607522,FORWARDED,27ac9492-1ffd-4cff-8263-65972426a228,f736cc73-e45f-42a4-b34f-1ea43c058bb1,c1,DROP,1008,?,i6,
1769500901.1033063,SENT,f2c1f0b6-f67a-4061-ba64-daf774a4b41b,42d913c1-7b20-45ae-ab6f-f29155e35376,c4,DROP,1015,?,i8,
1769500901.1033473,FORWARDED,f2c1f0b6-f67a-4061-ba64-daf774a4b41b,42d913c1-7b20-45ae-ab6f-f29155e35376,c4,DROP,1015,?,i8,
1769500901.1179724,RECEIVED,ef4c358f-3403-4443-863e-0700bd2b41cf,3e032509-246b-4afe-8b90-e894ee28f2e4,c4,DROP,1443,p1,?,
1769500901.1491208,RECEIVED,bfff0aa5-d470-4657-93f4-91cd8132ed4a,74ec21f3-10d6-408d-91ec-a585877287da,c5,c2,2464,p2,?,
1769500901.1542406,RECEIVED,587c1147-4010-4b16-9e5c-a786ab492f97,04e64649-5a87-4aef-ba72-c2fa7eafa9e4,c5,DROP,1452,p2,?,
1769500901.193059,RECEIVED,2bc3f770-b855-4e22-b502-c8981b461fd0,fe04a4af-55ce-4e8b-b569-2afab4e58de0,c4,DROP,1445,p1,?,
1769500901.2700975,RECEIVED,313f0be2-0a4c-443e-8417-452ed8d5b59b,c8fea637-0220-4be1-b8e3-4cd6050efc72,c5,DROP,1440,p2,?,
1769500901.2777798,SENT,2bc3f770-b855-4e22-b502-c8981b461fd0,fe04a4af-55ce-4e8b-b569-2afab4e58de0,c4,DROP,1009,?,i10,
1769500901.2778225,FORWARDED,2bc3f770-b855-4e22-b502-c8981b461fd0,fe04a4af-55ce-4e8b-b569-2afab4e58de0,c4,DROP,1009,?,i10,
1769500901.2866082,SENT,587c1147-4010-4b16-9e5c-a786ab492f97,04e64649-5a87-4aef-ba72-c2fa7eafa9e4,c5,DROP,1015,?,i5,
1769500901.2866492,FORWARDED,587c1147-4010-4b16-9e5c-a786ab492f97,04e64649-5a87-4aef-ba72-c2fa7eafa9e4,c5,DROP,1015,?,i5,
1769500901.3745215,RECEIVED,25d864ac-dc17-4592-b835-f53b275ae8f3,53ce88d4-c6d1-401f-ad91-0b75d5950348,c3,DROP,441,x5,?,
1769500901.7126236,SENT,77b8e938-b97e-4ec7-9cdc-9924df782c72,43749988-a895-4891-958c-26bf3dc55921,c2,DROP,1020,?,i10,
1769500901.712665,FORWARDED,77b8e938-b97e-4ec7-9cdc-9924df782c72,43749988-a895-4891-958c-26bf3dc55921,c2,DROP,1020,?,i10,
1769500901.7322688,SENT,ef4c358f-3403-4443-863e-0700bd2b41cf,3e032509-246b-4afe-8b90-e894ee28f2e4,c4,DROP,1011,?,i7,
1769500901.7323122,FORWARDED,ef4c358f-3403-4443-863e-0700bd2b41cf,3e032509-246b-4afe-8b90-e894ee28f2e4,c4,DROP,1011,?,i7,
1769500901.796275,SENT,ff5c71c6-aa84-43e9-91cb-2fa4ad7a5efb,a2c82d05-b7ae-4950-8ce3-f2a831a21fa4,c1,DROP,1008,?,i1,
1769500901.7963169,FORWARDED,ff5c71c6-aa84-43e9-91cb-2fa4ad7a5efb,a2c82d05-b7ae-4950-8ce3-f2a831a21fa4,c1,DROP,1008,?,i1,
1769500901.8169217,SENT,e19d5d23-e25f-4d3e-b823-fa72c68c7843,14fe89ca-8113-40b4-b438-68086bc98fc5,c1,DROP,1011,?,i10,
1769500901.8169615,FORWARDED,e19d5d23-e25f-4d3e-b823-fa72c68c7843,14fe89ca-8113-40b4-b438-68086bc98fc5,c1,DROP,1011,?,i10,
1769500901.887225,RECEIVED,ca6c63f7-f0a0-47ac-8af4-d0f5883f9358,4e81bcd1-764c-46c6-b0ef-da08d217e867,c2,DROP,442,x11,?,
1769500901.9651234,RECEIVED,03438f6d-d74b-4990-a1e7-ea33c1377075,dfd254da-88f9-47d6-8d03-92b8a80d0cce,c2,DROP,1448,p2,?,
1769500902.0346417,SENT,bfff0aa5-d470-4657-93f4-91cd8132ed4a,74ec21f3-10d6-408d-91ec-a585877287da,c5,c2,1776,?,i10,
1769500902.0346863,FORWARDED,bfff0aa5-d470-4657-93f4-91cd8132ed4a,74ec21f3-10d6-408d-91ec-a585877287da,c5,c2,1776,?,i10,
1769500902.129436,RECEIVED,78449891-9ef1-404a-9cae-5e69e609820a,8e4b4aa3-6aee-49b5-8392-7a19e32cb132,c4,c3,2447,p1,?,
1769500902.1777022,RECEIVED,dd98399e-468f-48f1-8d2f-2a43cef8c5c4,78629021-d689-4d22-b82f-d239964f3a99,c5,DROP,1438,p2,?,
1769500902.1818633,SENT,313f0be2-0a4c-443e-8417-452ed8d5b59b,c8fea637-0220-4be1-b8e3-4cd6050efc72,c5,DROP,1008,?,i11,
1769500902.1819034,FORWARDED,313f0be2-0a4c-443e-8417-452ed8d5b59b,c8fea637-0220-4be1-b8e3-4cd6050efc72,c5,DROP,1008,?,i11,
1769500902.3558679,SENT,03438f6d-d74b-4990-a1e7-ea33c1377075,dfd254da-88f9-47d6-8d03-92b8a80d0cce,c2,DROP,1012,?,i1,
1769500902.355908,FORWARDED,03438f6d-d74b-4990-a1e7-ea33c1377075,dfd254da-88f9-47d6-8d03-92b8a80d0cce,c2,DROP,1012,?,i1,
1769500902.4634502,RECEIVED,b4e82b70-52cc-46a3-bb00-e76f8f9e7c6b,ecbec481-822a-432c-8061-178eddba4d8e,c5,DROP,442,x2,?,
1769500902.7808175,RECEIVED,7dbb8381-c10c-4f93-a9ef-f5cf35d57510,7ea40f46-1000-466b-8cfd-9fdcddda5cde,c5,DROP,1440,p2,?,
1769500902.8450959,RECEIVED,757cfdb4-8861-4e66-a9af-16fab96bf630,0b0546a9-018a-4336-8337-60a57c853309,c2,DROP,441,x7,?,
1769500902.8766606,SENT,7dbb8381-c10c-4f93-a9ef-f5cf35d57510,7ea40f46-1000-466b-8cfd-9fdcddda5cde,c5,DROP,1007,?,i9,
1769500902.8767016,FORWARDED,7dbb8381-c10c-4f93-a9ef-f5cf35d57510,7ea40f46-1000-466b-8cfd-9fdcddda5cde,c5,DROP,1007,?,i9,
1769500902.8784063,SENT,78449891-9ef1-404a-9cae-5e69e609820a,8e4b4aa3-6aee-49b5-8392-7a19e32cb132,c4,c3,1763,?,i6,
1769500902.8784425,FORWARDED,78449891-9ef1-404a-9cae-5e69e609820a,8e4b4aa3-6aee-49b5-8392-7a19e32cb132,c4,c3,1763,?,i6,
1769500902.891417,SENT,dd98399e-468f-48f1-8d2f-2a43cef8c5c4,78629021-d689-4d22-b82f-d239964f3a99,c5,DROP,1007,?,i4,
1769500902.8914568,FORWARDED,dd98399e-468f-48f1-8d2f-2a43cef8c5c4,78629021-d689-4d22-b82f-d239964f3a99,c5,DROP,1007,?,i4,
1769500903.105385,RECEIVED,6707c7ec-e8b0-453c-84f9-157c67b416f6,422ccf62-11eb-4e7d-9f56-57bd17a02c87,c4,DROP,1441,p1,?,
1769500903.1933637,SENT,6707c7ec-e8b0-453c-84f9-157c67b416f6,422ccf62-11eb-4e7d-9f56-57bd17a02c87,c4,DROP,1007,?,i1,
1769500903.193406,FORWARDED,6707c7ec-e8b0-453c-84f9-157c67b416f6,422ccf62-11eb-4e7d-9f56-57bd17a02c87,c4,DROP,1007,?,i1,
1769500903.2178357,RECEIVED,a2be330d-8380-439d-a146-e3d619d20899,144e8c8f-aa2e-49e1-bde4-5c6e4a37decd,c1,c5,2475,p1,?,
1769500903.44129,RECEIVED,2e5d1616-365c-4c39-b74b-7712ac2a0e2d,b8ff36cd-8e06-41d6-8625-71227c37d440,c1,None,2236,p1,?,
1769500903.5829144,RECEIVED,9e2f37fe-bf90-4933-b555-89ce3a11273f,10e39d64-b58b-4cb6-bb05-2e07af2bcbf2,c5,DROP,1452,p2,?,
1769500903.5995202,RECEIVED,7dac1ff5-0a4d-4475-93e2-0424ef935483,8fb54a64-dec2-4237-8d62-3d6a82eced06,c3,None,2232,p3,?,
1769500903.6870937,RECEIVED,57506183-de93-460d-b97d-f35a5c162212,f4ece7c4-68b8-4d0a-b80a-c16f394e9c31,c2,DROP,1437,p2,?,
1769500903.709395,SENT,9e2f37fe-bf90-4933-b555-89ce3a11273f,10e39d64-b58b-4cb6-bb05-2e07af2bcbf2,c5,DROP,1016,?,i10,
1769500903.7094321,FORWARDED,9e2f37fe-bf90-4933-b555-89ce3a11273f,10e39d64-b58b-4cb6-bb05-2e07af2bcbf2,c5,DROP,1016,?,i10,
1769500903.7250426,RECEIVED,a024365c-c428-4b91-9c47-8b9c7309e3e8,5a780982-3dfa-4406-b5b0-b5b90f4d380b,c5,DROP,1453,p2,?,
1769500903.7883403,RECEIVED,26277685-ea3f-4e9e-ba29-562c9492f28a,fef12522-b3cd-4986-911d-b1032a93e91e,c3,None,2228,p3,?,
1769500903.8041928,SENT,57506183-de93-460d-b97d-f35a5c162212,f4ece7c4-68b8-4d0a-b80a-c16f394e9c31,c2,DROP,1005,?,i12,
1769500903.8042276,FORWARDED,57506183-de93-460d-b97d-f35a5c162212,f4ece7c4-68b8-4d0a-b80a-c16f394e9c31,c2,DROP,1005,?,i12,
1769500903.930469,RECEIVED,4386af3d-5ff5-47b0-9e87-33494f39f86a,802908f7-53ab-4f0b-a0fe-eacf6ab6827d,c3,DROP,1445,p3,?,
1769500903.9322727,SENT,26277685-ea3f-4e9e-ba29-562c9492f28a,fef12522-b3cd-4986-911d-b1032a93e91e,c3,None,1599,?,i11,
1769500903.9323158,FORWARDED,26277685-ea3f-4e9e-ba29-562c9492f28a,fef12522-b3cd-4986-911d-b1032a93e91e,c3,None,1599,?,i11,
1769500903.9501216,RECEIVED,2746841c-d17f-4440-9779-d95c6f6e24a2,6b3bfab0-9c9b-4905-8530-7fc227041f14,c5,DROP,1445,p2,?,
1769500903.963168,SENT,2e5d1616-365c-4c39-b74b-7712ac2a0e2d,b8ff36cd-8e06-41d6-8625-71227c37d440,c1,None,1603,?,i12,
1769500903.9632106,FORWARDED,2e5d1616-365c-4c39-b74b-7712ac2a0e2d,b8ff36cd-8e06-41d6-8625-71227c37d440,c1,None,1603,?,i12,
1769500903.9804318,SENT,7dac1ff5-0a4d-4475-93e2-0424ef935483,8fb54a64-dec2-4237-8d62-3d6a82eced06,c3,None,1602,?,i10,
1769500903.980749,FORWARDED,7dac1ff5-0a4d-4475-93e2-0424ef935483,8fb54a64-dec2-4237-8d62-3d6a82eced06,c3,None,1602,?,i10,
1769500904.010811,RECEIVED,a890eb3f-5d1c-4216-81d1-66954f5ce937,abc0f6eb-9abe-4228-8b3e-368c245671aa,c1,None,2231,p1,?,
1769500904.0467966,SENT,a2be330d-8380-439d-a146-e3d619d20899,144e8c8f-aa2e-49e1-bde4-5c6e4a37decd,c1,c5,1784,?,i7,
1769500904.0468369,FORWARDED,a2be330d-8380-439d-a146-e3d619d20899,144e8c8f-aa2e-49e1-bde4-5c6e4a37decd,c1,c5,1784,?,i7,
1769500904.0726361,SENT,a024365c-c428-4b91-9c47-8b9c7309e3e8,5a780982-3dfa-4406-b5b0-b5b90f4d380b,c5,DROP,1016,?,i10,
1769500904.072678,FORWARDED,a024365c-c428-4b91-9c47-8b9c7309e3e8,5a780982-3dfa-4406-b5b0-b5b90f4d380b,c5,DROP,1016,?,i10,
1769500904.110823,RECEIVED,65ca2f01-e487-4422-951a-6f3fa43f4fb9,8d55b6ca-c01b-4017-93b3-0883e289c756,c5,None,2224,p2,?,
1769500904.1834085,RECEIVED,b634658d-d576-4882-8ea9-e727dcd11381,29441d31-b7fc-4236-9655-b79a52906cc2,c2,DROP,1452,p2,?,
1769500904.1961374,SENT,4386af3d-5ff5-47b0-9e87-33494f39f86a,802908f7-53ab-4f0b-a0fe-eacf6ab6827d,c3,DROP,1009,?,i11,
1769500904.196181,FORWARDED,4386af3d-5ff5-47b0-9e87-33494f39f86a,802908f7-53ab-4f0b-a0fe-eacf6ab6827d,c3,DROP,1009,?,i11,
1769500904.2108939,SENT,2746841c-d17f-4440-9779-d95c6f6e24a2,6b3bfab0-9c9b-4905-8530-7fc227041f14,c5,DROP,1009,?,i10,
1769500904.2109456,FORWARDED,2746841c-d17f-4440-9779-d95c6f6e24a2,6b3bfab0-9c9b-4905-8530-7fc227041f14,c5,DROP,1009,?,i10,
1769500904.2121623,RECEIVED,88a6bbb0-7bc1-4b59-957d-499b6ba1d041,dbf41276-57b3-42e3-ab02-454b8ffb1641,c2,DROP,1440,p2,?,
1769500904.2763991,SENT,65ca2f01-e487-4422-951a-6f3fa43f4fb9,8d55b6ca-c01b-4017-93b3-0883e289c756,c5,None,1596,?,i9,
1769500904.2764452,FORWARDED,65ca2f01-e487-4422-951a-6f3fa43f4fb9,8d55b6ca-c01b-4017-93b3-0883e289c756,c5,None,1596,?,i9,
1769500904.6181073,RECEIVED,5c9de3f9-b199-4cd4-a1e0-da0fd5fd5cfd,84a4bf75-a246-4653-904f-a6e715047576,c3,DROP,1445,p3,?,
1769500904.6702147,SENT,5c9de3f9-b199-4cd4-a1e0-da0fd5fd5cfd,84a4bf75-a246-4653-904f-a6e715047576,c3,DROP,1011,?,i9,
1769500904.6702569,FORWARDED,5c9de3f9-b199-4cd4-a1e0-da0fd5fd5cfd,84a4bf75-a246-4653-904f-a6e715047576,c3,DROP,1011,?,i9,
1769500904.6764612,SENT,88a6bbb0-7bc1-4b59-957d-499b6ba1d041,dbf41276-57b3-42e3-ab02-454b8ffb1641,c2,DROP,1007,?,i10,
1769500904.6765018,FORWARDED,88a6bbb0-7bc1-4b59-957d-499b6ba1d041,dbf41276-57b3-42e3-ab02-454b8ffb1641,c2,DROP,1007,?,i10,
1769500904.7021317,RECEIVED,dc78c488-f862-41bf-a7b8-17458be25ae0,a4b812bf-7a84-48e5-bad4-955b65648a28,c4,DROP,1447,p1,?,
1769500904.760179,SENT,b634658d-d576-4882-8ea9-e727dcd11381,29441d31-b7fc-4236-9655-b79a52906cc2,c2,DROP,1016,?,i11,
1769500904.760219,FORWARDED,b634658d-d576-4882-8ea9-e727dcd11381,29441d31-b7fc-4236-9655-b79a52906cc2,c2,DROP,1016,?,i11,
1769500904.761975,RECEIVED,e1bc92a7-bdac-434f-9141-32cae51b32c8,9e2ff79e-fdc3-4b17-827d-86622e209273,c5,DROP,1441,p2,?,
1769500904.7812655,SENT,a890eb3f-5d1c-4216-81d1-66954f5ce937,abc0f6eb-9abe-4228-8b3e-368c245671aa,c1,None,1600,?,i2,
1769500904.7813153,FORWARDED,a890eb3f-5d1c-4216-81d1-66954f5ce937,abc0f6eb-9abe-4228-8b3e-368c245671aa,c1,None,1600,?,i2,
1769500904.7835565,RECEIVED,a82c09ef-702d-40ad-b8fb-54e96c2e79ff,643885a2-12b5-4927-b0e2-609c3d05a980,c4,DROP,1439,p1,?,
1769500904.8382435,SENT,e1bc92a7-bdac-434f-9141-32cae51b32c8,9e2ff79e-fdc3-4b17-827d-86622e209273,c5,DROP,1007,?,i12,
1769500904.838297,FORWARDED,e1bc92a7-bdac-434f-9141-32cae51b32c8,9e2ff79e-fdc3-4b17-827d-86622e209273,c5,DROP,1007,?,i12,
1769500904.9501019,RECEIVED,20f9ef8f-7139-44fb-91c8-553aaac262f9,37e051fe-7198-4a4e-adf3-ff96cfb0f5d2,c3,c4,2448,p3,?,
1769500904.9996393,SENT,dc78c488-f862-41bf-a7b8-17458be25ae0,a4b812bf-7a84-48e5-bad4-955b65648a28,c4,DROP,1012,?,i9,
1769500904.9998739,FORWARDED,dc78c488-f862-41bf-a7b8-17458be25ae0,a4b812bf-7a84-48e5-bad4-955b65648a28,c4,DROP,1012,?,i9,
1769500905.09383,RECEIVED,06de5dad-dd73-4c65-8457-bea60b2c790b,d2ed489c-d493-4bb1-b6f2-036677b3d915,c3,DROP,441,x11,?,
1769500905.135517,RECEIVED,e576578b-d1f1-483d-8620-f77556f68852,8c8dfedb-787b-41b7-aafb-ffe72fd4263b,c3,DROP,1450,p3,?,
1769500905.1998513,RECEIVED,55df1f84-9fc5-4820-b26a-ed39e6f14afe,e1a4933c-fa88-45f0-8034-d045b1201ef2,c1,DROP,1447,p1,?,
1769500905.2674727,SENT,20f9ef8f-7139-44fb-91c8-553aaac262f9,37e051fe-7198-4a4e-adf3-ff96cfb0f5d2,c3,c4,1763,?,i8,
1769500905.2675133,FORWARDED,20f9ef8f-7139-44fb-91c8-553aaac262f9,37e051fe-7198-4a4e-adf3-ff96cfb0f5d2,c3,c4,1763,?,i8,
1769500905.3388083,SENT,55df1f84-9fc5-4820-b26a-ed39e6f14afe,e1a4933c-fa88-45f0-8034-d045b1201ef2,c1,DROP,1012,?,i9,
1769500905.3388507,FORWARDED,55df1f84-9fc5-4820-b26a-ed39e6f14afe,e1a4933c-fa88-45f0-8034-d045b1201ef2,c1,DROP,1012,?,i9,
1769500905.4845016,SENT,a82c09ef-702d-40ad-b8fb-54e96c2e79ff,643885a2-12b5-4927-b0e2-609c3d05a980,c4,DROP,1008,?,i7,
1769500905.4845433,FORWARDED,a82c09ef-702d-40ad-b8fb-54e96c2e79ff,643885a2-12b5-4927-b0e2-609c3d05a980,c4,DROP,1008,?,i7,
1769500905.504479,RECEIVED,2fa25633-82c7-48ff-88f8-ef386760c2bc,35b9e1c0-a2ee-4f09-a15d-5421eef9c2cd,c4,DROP,1447,p1,?,
1769500905.5757437,RECEIVED,35fe5fe7-89a3-429e-860f-cdf305dc1272,6534447c-5d50-41e0-b24f-12e77ffc8318,c5,DROP,443,x8,?,
1769500905.662332,RECEIVED,b2d0927c-9872-4499-a978-9799f8f62cef,e2d9d573-975e-434d-919d-3ae1037bc177,c3,DROP,441,x2,?,
1769500905.7123144,SENT,e576578b-d1f1-483d-8620-f77556f68852,8c8dfedb-787b-41b7-aafb-ffe72fd4263b,c3,DROP,1016,?,i2,
1769500905.7123628,FORWARDED,e576578b-d1f1-483d-8620-f77556f68852,8c8dfedb-787b-41b7-aafb-ffe72fd4263b,c3,DROP,1016,?,i2,
1769500905.8789496,RECEIVED,8fda58f7-827f-4627-b2b5-180ae68dc529,7c8845cf-3442-465c-9783-89de3b8ec537,c2,DROP,1439,p2,?,
1769500905.9171314,RECEIVED,f06f6fef-39d9-4418-b523-107e2a4e1cbb,898f50dd-45d5-4c7b-8300-a4855fe97e00,c5,None,2223,p2,?,
1769500906.1105037,SENT,2fa25633-82c7-48ff-88f8-ef386760c2bc,35b9e1c0-a2ee-4f09-a15d-5421eef9c2cd,c4,DROP,1012,?,i4,
1769500906.110549,FORWARDED,2fa25633-82c7-48ff-88f8-ef386760c2bc,35b9e1c0-a2ee-4f09-a15d-5421eef9c2cd,c4,DROP,1012,?,i4,
1769500906.1520648,RECEIVED,93095a9e-35b5-4714-a3c7-cb4fb831ec92,2d1fec3b-a309-44b9-bddc-fb194806e5c7,c1,None,2212,p1,?,
1769500906.2087915,RECEIVED,c7a9bed5-475f-4c4a-a21e-275460805d36,20aa9a5c-ba26-4b7e-9100-c42a87072737,c1,DROP,1440,p1,?,
1769500906.4442728,RECEIVED,edaa22cd-ad22-48cd-b588-f518a32ae4d9,87666021-dbf7-442e-85da-2fcee123f7f9,c5,DROP,1447,p2,?,
1769500906.475518,SENT,c7a9bed5-475f-4c4a-a21e-275460805d36,20aa9a5c-ba26-4b7e-9100-c42a87072737,c1,DROP,1008,?,i10,
1769500906.476118,FORWARDED,c7a9bed5-475f-4c4a-a21e-275460805d36,20aa9a5c-ba26-4b7e-9100-c42a87072737,c1,DROP,1008,?,i10,
1769500906.492261,SENT,93095a9e-35b5-4714-a3c7-cb4fb831ec92,2d1fec3b-a309-44b9-bddc-fb194806e5c7,c1,None,1587,?,i1,
1769500906.492305,FORWARDED,93095a9e-35b5-4714-a3c7-cb4fb831ec92,2d1fec3b-a309-44b9-bddc-fb194806e5c7,c1,None,1587,?,i1,
1769500906.5520377,RECEIVED,36bc4eb5-ab31-4d7b-8ef5-be35a726f668,f79c7b66-ed3a-4f08-9605-3bac492f8a29,c3,DROP,1445,p3,?,
1769500906.6010816,RECEIVED,ddb24a2f-41a3-4c91-960c-3b65d97e938c,c1f89303-f01c-4864-9f09-44ce48d89b84,c2,DROP,1448,p2,?,
1769500906.6672094,SENT,f06f6fef-39d9-4418-b523-107e2a4e1cbb,898f50dd-45d5-4c7b-8300-a4855fe97e00,c5,None,1595,?,i6,
1769500906.6672502,FORWARDED,f06f6fef-39d9-4418-b523-107e2a4e1cbb,898f50dd-45d5-4c7b-8300-a4855fe97e00,c5,None,1595,?,i6,
1769500906.680438,SENT,8fda58f7-827f-4627-b2b5-180ae68dc529,7c8845cf-3442-465c-9783-89de3b8ec537,c2,DROP,1007,?,i2,
1769500906.6804771,FORWARDED,8fda58f7-827f-4627-b2b5-180ae68dc529,7c8845cf-3442-465c-9783-89de3b8ec537,c2,DROP,1007,?,i2,
1769500906.721435,SENT,ddb24a2f-41a3-4c91-960c-3b65d97e938c,c1f89303-f01c-4864-9f09-44ce48d89b84,c2,DROP,1012,?,i7,
1769500906.721486,FORWARDED,ddb24a2f-41a3-4c91-960c-3b65d97e938c,c1f89303-f01c-4864-9f09-44ce48d89b84,c2,DROP,1012,?,i7,
1769500906.7710128,SENT,36bc4eb5-ab31-4d7b-8ef5-be35a726f668,f79c7b66-ed3a-4f08-9605-3bac492f8a29,c3,DROP,1009,?,i10,
1769500906.7710822,FORWARDED,36bc4eb5-ab31-4d7b-8ef5-be35a726f668,f79c7b66-ed3a-4f08-9605-3bac492f8a29,c3,DROP,1009,?,i10,
1769500906.9371943,RECEIVED,a4d0645d-1b24-4e3d-9d3f-9b59383a6c0d,d4ecdf66-b491-4ddc-b2ad-04d93dcb5ca6,c4,None,2240,p1,?,
1769500907.080168,RECEIVED,d66ef158-ee68-4426-ae9f-4573937c0b1c,edad5549-2e37-4f30-9de0-0082f93f6a26,c4,DROP,1440,p1,?,
1769500907.210158,RECEIVED,8dd460a3-82ce-440a-84bc-2bb846c74253,0bdc7143-0d11-47d2-90c0-c78f01c25eea,c2,DROP,1444,p2,?,
1769500907.2170005,SENT,a4d0645d-1b24-4e3d-9d3f-9b59383a6c0d,d4ecdf66-b491-4ddc-b2ad-04d93dcb5ca6,c4,None,1608,?,i3,
1769500907.2170436,FORWARDED,a4d0645d-1b24-4e3d-9d3f-9b59383a6c0d,d4ecdf66-b491-4ddc-b2ad-04d93dcb5ca6,c4,None,1608,?,i3,
1769500907.2752771,SENT,d66ef158-ee68-4426-ae9f-4573937c0b1c,edad5549-2e37-4f30-9de0-0082f93f6a26,c4,DROP,1008,?,i8,
1769500907.2753165,FORWARDED,d66ef158-ee68-4426-ae9f-4573937c0b1c,edad5549-2e37-4f30-9de0-0082f93f6a26,c4,DROP,1008,?,i8,
1769500907.3024037,SENT,8dd460a3-82ce-440a-84bc-2bb846c74253,0bdc7143-0d11-47d2-90c0-c78f01c25eea,c2,DROP,1010,?,i7,
1769500907.3024433,FORWARDED,8dd460a3-82ce-440a-84bc-2bb846c74253,0bdc7143-0d11-47d2-90c0-c78f01c25eea,c2,DROP,1010,?,i7,
1769500907.3661036,RECEIVED,849b634e-6af5-4c3a-ba93-d794e8bbc07c,a6454c39-13ed-4d28-b3d2-aeacbc35f30f,c3,DROP,1440,p3,?,
1769500907.4062903,SENT,edaa22cd-ad22-48cd-b588-f518a32ae4d9,87666021-dbf7-442e-85da-2fcee123f7f9,c5,DROP,1013,?,i4,
1769500907.4063406,FORWARDED,edaa22cd-ad22-48cd-b588-f518a32ae4d9,87666021-dbf7-442e-85da-2fcee123f7f9,c5,DROP,1013,?,i4,
1769500907.4518793,SENT,849b634e-6af5-4c3a-ba93-d794e8bbc07c,a6454c39-13ed-4d28-b3d2-aeacbc35f30f,c3,DROP,1008,?,i5,
1769500907.4519231,FORWARDED,849b634e-6af5-4c3a-ba93-d794e8bbc07c,a6454c39-13ed-4d28-b3d2-aeacbc35f30f,c3,DROP,1008,?,i5,
1769500907.7706993,RECEIVED,95abc7c2-7bc4-4786-beac-b6582ce9a37e,a5310138-4ccd-40d7-a63e-5109c6cf812a,c5,None,2242,p2,?,
1769500907.8279343,SENT,95abc7c2-7bc4-4786-beac-b6582ce9a37e,a5310138-4ccd-40d7-a63e-5109c6cf812a,c5,None,1608,?,i10,
1769500907.8279793,FORWARDED,95abc7c2-7bc4-4786-beac-b6582ce9a37e,a5310138-4ccd-40d7-a63e-5109c6cf812a,c5,None,1608,?,i10,
1769500907.9743292,RECEIVED,927f3fc1-2870-4ed5-9cdf-763b8afc20dd,339ed9f1-63be-4422-99cc-3571c27ad3dd,c1,DROP,1448,p1,?,
1769500908.175495,RECEIVED,ce5eed40-92df-45b2-9dfa-0a3ace1067ac,5ebf4ed6-5acf-4829-955e-fd127cba2b50,c3,DROP,1443,p3,?,
1769500908.2183683,RECEIVED,7c3ffb28-8bfd-4bcd-bfc2-7d806730b6b3,81997859-1d11-4f5e-bb00-8c9b1b8de9c4,c4,DROP,442,x4,?,
1769500908.2300065,RECEIVED,721c8f82-542b-41b4-a081-2a88e791b3a4,34ae0928-018f-4d5f-95ba-ce95119c895c,c1,None,2236,p1,?,
1769500908.3622851,RECEIVED,332c8395-6bac-45ec-b891-72c0f5784d8d,6c23dd69-625d-485f-9a66-aeb01f079f96,c5,DROP,442,x5,?,
1769500908.4398732,SENT,927f3fc1-2870-4ed5-9cdf-763b8afc20dd,339ed9f1-63be-4422-99cc-3571c27ad3dd,c1,DROP,1012,?,i1,
1769500908.439917,FORWARDED,927f3fc1-2870-4ed5-9cdf-763b8afc20dd,339ed9f1-63be-4422-99cc-3571c27ad3dd,c1,DROP,1012,?,i1,
1769500908.4919345,RECEIVED,76b3f1fc-85a5-4b2c-ac59-bcb3efb509fc,3bd6c5a4-126e-4fa6-b302-fbdcffeb8ff6,c2,DROP,1448,p2,?,
1769500908.531742,RECEIVED,d64ae560-aa21-403f-9305-46ec48f6823f,7edf828b-f1f2-41ad-9ba7-f5e25880471f,c2,DROP,1439,p2,?,
1769500908.537101,RECEIVED,0578c7e4-2943-40fe-82fc-2940c0873b9f,3ebbcdf7-e0b1-43a4-8605-c9f7b061cfd2,c3,DROP,1435,p3,?,
1769500908.5678368,SENT,76b3f1fc-85a5-4b2c-ac59-bcb3efb509fc,3bd6c5a4-126e-4fa6-b302-fbdcffeb8ff6,c2,DROP,1012,?,i2,
1769500908.5678804,FORWARDED,76b3f1fc-85a5-4b2c-ac59-bcb3efb509fc,3bd6c5a4-126e-4fa6-b302-fbdcffeb8ff6,c2,DROP,1012,?,i2,
1769500908.638662,RECEIVED,227a439f-580b-469f-aa4a-03a88db96e56,c31fdb5b-771b-432f-aa72-65cb326bee40,c3,DROP,1441,p3,?,
1769500908.6596797,RECEIVED,d7647797-2c7c-4eb0-9291-599907acc807,9ef5ff0c-a43f-4207-80b4-88dd74198f74,c4,DROP,441,x11,?,
1769500908.687151,RECEIVED,a67e6d63-5770-4c28-9cc1-82d1e2e7cb3c,262014cc-2cd7-4955-bef0-d92230a7a878,c3,DROP,442,x7,?,
1769500908.712907,SENT,227a439f-580b-469f-aa4a-03a88db96e56,c31fdb5b-771b-432f-aa72-65cb326bee40,c3,DROP,1007,?,i11,
1769500908.71295,FORWARDED,227a439f-580b-469f-aa4a-03a88db96e56,c31fdb5b-771b-432f-aa72-65cb326bee40,c3,DROP,1007,?,i11,
1769500908.7520442,RECEIVED,b2cb7a44-650b-4fbb-88d4-08caabd0eae2,35583a0f-8039-4e7d-abb1-1b4a247857a0,c5,DROP,1440,p2,?,
1769500908.77923,RECEIVED,10478c2c-8398-42d7-91ff-9e3ed9569b26,8c1b4efe-deb0-4967-bc2f-ca1d5fd6d6b7,c1,DROP,1443,p1,?,
1769500909.0637796,RECEIVED,f5f957ad-866f-4e3c-9405-c112b505a166,e659a6a7-e7fb-4016-bbd2-244d205c23e4,c4,DROP,1461,p1,?,
1769500909.0780232,SENT,d64ae560-aa21-403f-9305-46ec48f6823f,7edf828b-f1f2-41ad-9ba7-f5e25880471f,c2,DROP,1006,?,i6,
1769500909.0780816,FORWARDED,d64ae560-aa21-403f-9305-46ec48f6823f,7edf828b-f1f2-41ad-9ba7-f5e25880471f,c2,DROP,1006,?,i6,
1769500909.1091166,SENT,f5f957ad-866f-4e3c-9405-c112b505a166,e659a6a7-e7fb-4016-bbd2-244d205c23e4,c4,DROP,1022,?,i12,
1769500909.1091616,FORWARDED,f5f957ad-866f-4e3c-9405-c112b505a166,e659a6a7-e7fb-4016-bbd2-244d205c23e4,c4,DROP,1022,?,i12,
1769500909.1126168,RECEIVED,edf82352-4a1d-408b-9b90-2dee52a71875,41af5d63-d438-4128-965e-c8f6d38b1658,c4,None,2235,p1,?,
1769500909.117749,RECEIVED,44e570a8-5370-409a-b93d-602d5a47a636,586b1f71-b772-4c3e-aca4-ef76589d18f4,c3,DROP,1443,p3,?,
1769500909.1839514,SENT,0578c7e4-2943-40fe-82fc-2940c0873b9f,3ebbcdf7-e0b1-43a4-8605-c9f7b061cfd2,c3,DROP,1003,?,i5,
1769500909.183996,FORWARDED,0578c7e4-2943-40fe-82fc-2940c0873b9f,3ebbcdf7-e0b1-43a4-8605-c9f7b061cfd2,c3,DROP,1003,?,i5,
1769500909.217747,SENT,10478c2c-8398-42d7-91ff-9e3ed9569b26,8c1b4efe-deb0-4967-bc2f-ca1d5fd6d6b7,c1,DROP,1009,?,i9,
1769500909.217788,FORWARDED,10478c2c-8398-42d7-91ff-9e3ed9569b26,8c1b4efe-deb0-4967-bc2f-ca1d5fd6d6b7,c1,DROP,1009,?,i9,
1769500909.2305958,RECEIVED,6f6f7a39-8836-4907-9e31-9d0473b13429,60c6ee4d-494d-40df-8e2e-c13bf9f970e7,c1,None,2227,p1,?,
1769500909.25744,SENT,721c8f82-542b-41b4-a081-2a88e791b3a4,34ae0928-018f-4d5f-95ba-ce95119c895c,c1,None,1603,?,i11,
1769500909.2574837,FORWARDED,721c8f82-542b-41b4-a081-2a88e791b3a4,34ae0928-018f-4d5f-95ba-ce95119c895c,c1,None,1603,?,i11,
1769500909.3007221,RECEIVED,da0d2f88-0644-439c-bad1-8685bdf7a7cd,e845b747-1299-4926-be3c-629d0a8a8b31,c5,c2,2467,p2,?,
1769500909.3674562,RECEIVED,09a71791-ff36-4820-9f80-f286f73b55a4,3b46da94-0118-49f5-acb1-eba18d1abe20,c5,DROP,1439,p2,?,
1769500909.5125165,RECEIVED,20422f79-6f55-4eb3-b06e-82a37c2410c1,724e9f35-0d0e-4a06-a76c-ce7a3975e136,c5,None,2231,p2,?,
1769500909.5879207,RECEIVED,eb9b8f3d-bba4-4202-952e-bd3ce36be2c2,7f513440-4c31-47eb-94e5-5103cfd20c1f,c3,DROP,441,x1,?,
1769500909.5894709,SENT,da0d2f88-0644-439c-bad1-8685bdf7a7cd,e845b747-1299-4926-be3c-629d0a8a8b31,c5,c2,1777,?,i6,
1769500909.5895054,FORWARDED,da0d2f88-0644-439c-bad1-8685bdf7a7cd,e845b747-1299-4926-be3c-629d0a8a8b31,c5,c2,1777,?,i6,
1769500909.6870797,SENT,b2cb7a44-650b-4fbb-88d4-08caabd0eae2,35583a0f-8039-4e7d-abb1-1b4a247857a0,c5,DROP,1008,?,i12,
1769500909.6871238,FORWARDED,b2cb7a44-650b-4fbb-88d4-08caabd0eae2,35583a0f-8039-4e7d-abb1-1b4a247857a0,c5,DROP,1008,?,i12,
1769500909.695368,SENT,44e570a8-5370-409a-b93d-602d5a47a636,586b1f71-b772-4c3e-aca4-ef76589d18f4,c3,DROP,1009,?,i6,
1769500909.6954112,FORWARDED,44e570a8-5370-409a-b93d-602d5a47a636,586b1f71-b772-4c3e-aca4-ef76589d18f4,c3,DROP,1009,?,i6,
1769500909.786977,RECEIVED,b8a9db7b-1a8d-4c44-8e2f-f26343cbc9d9,5a2d076b-50b6-40e4-8cad-b2e9b50a919b,c5,c2,2459,p2,?,
1769500909.7908142,SENT,ce5eed40-92df-45b2-9dfa-0a3ace1067ac,5ebf4ed6-5acf-4829-955e-fd127cba2b50,c3,DROP,1011,?,i6,
1769500909.790857,FORWARDED,ce5eed40-92df-45b2-9dfa-0a3ace1067ac,5ebf4ed6-5acf-4829-955e-fd127cba2b50,c3,DROP,1011,?,i6,
1769500909.8366704,RECEIVED,8e38d203-36a1-43b1-8e80-3d52559698e8,1a5628a4-691b-4625-aac8-6e01bf059230,c5,DROP,1457,p2,?,
1769500909.8897603,RECEIVED,31472ff2-77ca-4021-afa5-e08e23ce6c92,3b53430c-ff50-4139-bec7-4b1eb2a7b01b,c4,DROP,1453,p1,?,
1769500909.9049797,RECEIVED,50c94ab1-9d27-40e0-9678-42f74b804602,bc1ce27d-7076-42cb-97aa-7179dd8529e6,c2,c1,2468,p2,?,
1769500909.9464338,RECEIVED,d07f83b0-7f2b-4b96-af52-cc1b7009cd7a,49b96ea3-b560-453f-8409-54dd832e562e,c4,DROP,1443,p1,?,
1769500910.0030863,RECEIVED,42c913f9-2121-4dfb-9414-2caeba839afb,18bad4af-f571-4897-97c3-6e982442112e,c3,DROP,1443,p3,?,
1769500910.058076,RECEIVED,2ba5bdb3-030f-46c4-9485-e8d06ae6d425,e7bac87a-1f3c-421d-ac4a-9b35024993f6,c3,c4,2459,p3,?,
1769500910.091992,RECEIVED,eab656de-9318-4583-9ba7-b29f2493303b,e9c27515-9f6b-47e4-bada-3311cbbc7f26,c1,DROP,1443,p1,?,
1769500910.1008518,SENT,edf82352-4a1d-408b-9b90-2dee52a71875,41af5d63-d438-4128-965e-c8f6d38b1658,c4,None,1604,?,i7,
1769500910.1008952,FORWARDED,edf82352-4a1d-408b-9b90-2dee52a71875,41af5d63-d438-4128-965e-c8f6d38b1658,c4,None,1604,?,i7,
1769500910.1313224,RECEIVED,2ffcb7fb-f718-4c62-9e78-f74be278a19b,70426860-ded5-468c-bfe0-9e3b764afc60,c5,DROP,442,x8,?,
1769500910.188353,SENT,50c94ab1-9d27-40e0-9678-42f74b804602,bc1ce27d-7076-42cb-97aa-7179dd8529e6,c2,c1,1777,?,i6,
1769500910.1883955,FORWARDED,50c94ab1-9d27-40e0-9678-42f74b804602,bc1ce27d-7076-42cb-97aa-7179dd8529e6,c2,c1,1777,?,i6,
1769500910.2281308,SENT,d07f83b0-7f2b-4b96-af52-cc1b7009cd7a,49b96ea3-b560-453f-8409-54dd832e562e,c4,DROP,1009,?,i2,
1769500910.2281694,FORWARDED,d07f83b0-7f2b-4b96-af52-cc1b7009cd7a,49b96ea3-b560-453f-8409-54dd832e562e,c4,DROP,1009,?,i2,
1769500910.2457743,SENT,20422f79-6f55-4eb3-b06e-82a37c2410c1,724e9f35-0d0e-4a06-a76c-ce7a3975e136,c5,None,1600,?,i7,
1769500910.2458155,FORWARDED,20422f79-6f55-4eb3-b06e-82a37c2410c1,724e9f35-0d0e-4a06-a76c-ce7a3975e136,c5,None,1600,?,i7,
1769500910.2628558,SENT,8e38d203-36a1-43b1-8e80-3d52559698e8,1a5628a4-691b-4625-aac8-6e01bf059230,c5,DROP,1020,?,i12,
1769500910.2628975,FORWARDED,8e38d203-36a1-43b1-8e80-3d52559698e8,1a5628a4-691b-4625-aac8-6e01bf059230,c5,DROP,1020,?,i12,
1769500910.2997224,SENT,42c913f9-2121-4dfb-9414-2caeba839afb,18bad4af-f571-4897-97c3-6e982442112e,c3,DROP,1009,?,i6,
1769500910.2997603,FORWARDED,42c913f9-2121-4dfb-9414-2caeba839afb,18bad4af-f571-4897-97c3-6e982442112e,c3,DROP,1009,?,i6,
1769500910.315531,SENT,6f6f7a39-8836-4907-9e31-9d0473b13429,60c6ee4d-494d-40df-8e2e-c13bf9f970e7,c1,None,1599,?,i6,
1769500910.3155754,FORWARDED,6f6f7a39-8836-4907-9e31-9d0473b13429,60c6ee4d-494d-40df-8e2e-c13bf9f970e7,c1,None,1599,?,i6,
1769500910.3328357,SENT,31472ff2-77ca-4021-afa5-e08e23ce6c92,3b53430c-ff50-4139-bec7-4b1eb2a7b01b,c4,DROP,1016,?,i10,
1769500910.3328798,FORWARDED,31472ff2-77ca-4021-afa5-e08e23ce6c92,3b53430c-ff50-4139-bec7-4b1eb2a7b01b,c4,DROP,1016,?,i10,
1769500910.4036937,SENT,b8a9db7b-1a8d-4c44-8e2f-f26343cbc9d9,5a2d076b-50b6-40e4-8cad-b2e9b50a919b,c5,c2,1772,?,i3,
1769500910.4037359,FORWARDED,b8a9db7b-1a8d-4c44-8e2f-f26343cbc9d9,5a2d076b-50b6-40e4-8cad-b2e9b50a919b,c5,c2,1772,?,i3,
1769500910.479404,SENT,eab656de-9318-4583-9ba7-b29f2493303b,e9c27515-9f6b-47e4-bada-3311cbbc7f26,c1,DROP,1011,?,i2,
1769500910.4794405,FORWARDED,eab656de-9318-4583-9ba7-b29f2493303b,e9c27515-9f6b-47e4-bada-3311cbbc7f26,c1,DROP,1011,?,i2,
1769500910.5838594,SENT,2ba5bdb3-030f-46c4-9485-e8d06ae6d425,e7bac87a-1f3c-421d-ac4a-9b35024993f6,c3,c4,1771,?,i9,
1769500910.5839005,FORWARDED,2ba5bdb3-030f-46c4-9485-e8d06ae6d425,e7bac87a-1f3c-421d-ac4a-9b35024993f6,c3,c4,1771,?,i9,
1769500910.6432576,RECEIVED,bc4559f1-ae08-40ae-8cb3-27e2b708ea65,0266fd4a-132e-4901-820f-5d533f07a399,c3,DROP,1444,p3,?,
1769500910.7253618,SENT,09a71791-ff36-4820-9f80-f286f73b55a4,3b46da94-0118-49f5-acb1-eba18d1abe20,c5,DROP,1008,?,i4,
1769500910.7254052,FORWARDED,09a71791-ff36-4820-9f80-f286f73b55a4,3b46da94-0118-49f5-acb1-eba18d1abe20,c5,DROP,1008,?,i4,
1769500910.7420237,RECEIVED,65fec97a-1612-47bd-baca-208a5436cd80,541ea8d2-60a9-4577-b8e1-88535ee30758,c4,DROP,1447,p1,?,
1769500910.812219,RECEIVED,e9366ba1-a8ad-4683-b43c-3d097cf72398,5e1958a5-1acf-4531-bb51-03aea3fc55fa,c5,None,2219,p2,?,
1769500910.8182688,RECEIVED,15792f0f-4a10-4a53-82ab-584f50cbbe5e,f790584a-cf5b-4a36-8938-82c9341a6893,c2,DROP,1448,p2,?,
1769500910.98923,SENT,65fec97a-1612-47bd-baca-208a5436cd80,541ea8d2-60a9-4577-b8e1-88535ee30758,c4,DROP,1012,?,i8,
1769500910.9892752,FORWARDED,65fec97a-1612-47bd-baca-208a5436cd80,541ea8d2-60a9-4577-b8e1-88535ee30758,c4,DROP,1012,?,i8,
1769500911.0834985,SENT,bc4559f1-ae08-40ae-8cb3-27e2b708ea65,0266fd4a-132e-4901-820f-5d533f07a399,c3,DROP,1011,?,i7,
1769500911.083537,FORWARDED,bc4559f1-ae08-40ae-8cb3-27e2b708ea65,0266fd4a-132e-4901-820f-5d533f07a399,c3,DROP,1011,?,i7,
1769500911.1489441,RECEIVED,945de80a-2b46-4f8a-87d8-5fd8d36e3694,74a582ea-a77d-416b-95ff-0e972ece3506,c5,None,2237,p2,?,
1769500911.18543,SENT,945de80a-2b46-4f8a-87d8-5fd8d36e3694,74a582ea-a77d-416b-95ff-0e972ece3506,c5,None,1603,?,i4,
1769500911.1854706,FORWARDED,945de80a-2b46-4f8a-87d8-5fd8d36e3694,74a582ea-a77d-416b-95ff-0e972ece3506,c5,None,1603,?,i4,
1769500911.2717023,RECEIVED,dd0e02ca-b72c-476d-9d4c-b18e53bff30f,22cc3dbd-976b-43a2-9c4d-7c8b31d826ea,c2,DROP,1452,p2,?,
1769500911.2838812,RECEIVED,ae77cbad-43fc-4bca-9530-817878c9b506,d9a7d21c-a84a-408a-bbd2-ec73cf0610cf,c1,DROP,1440,p1,?,
1769500911.3696485,SENT,ae77cbad-43fc-4bca-9530-817878c9b506,d9a7d21c-a84a-408a-bbd2-ec73cf0610cf,c1,DROP,1008,?,i9,
1769500911.3696873,FORWARDED,ae77cbad-43fc-4bca-9530-817878c9b506,d9a7d21c-a84a-408a-bbd2-ec73cf0610cf,c1,DROP,1008,?,i9,
1769500911.399686,SENT,dd0e02ca-b72c-476d-9d4c-b18e53bff30f,22cc3dbd-976b-43a2-9c4d-7c8b31d826ea,c2,DROP,1015,?,i7,
1769500911.3997278,FORWARDED,dd0e02ca-b72c-476d-9d4c-b18e53bff30f,22cc3dbd-976b-43a2-9c4d-7c8b31d826ea,c2,DROP,1015,?,i7,
1769500911.430971,RECEIVED,d4a1fecc-c893-46db-8162-27514f68d740,0c9b6ddf-1c97-4248-a050-6e89a502fe3c,c3,DROP,1448,p3,?,
1769500911.457508,SENT,15792f0f-4a10-4a53-82ab-584f50cbbe5e,f790584a-cf5b-4a36-8938-82c9341a6893,c2,DROP,1012,?,i10,
1769500911.4575503,FORWARDED,15792f0f-4a10-4a53-82ab-584f50cbbe5e,f790584a-cf5b-4a36-8938-82c9341a6893,c2,DROP,1012,?,i10,
1769500911.4899719,RECEIVED,176c1b99-a2ac-4e64-86d1-24b3304ee0a0,8d6dfe65-6bf6-4dd7-afae-fdd88fdc4ac8,c4,DROP,1451,p1,?,
1769500911.5044456,RECEIVED,658015d0-f413-4cbd-b6fa-915a420fd7ce,516bc8c3-bca8-4228-ac76-518a8dd5d945,c4,DROP,1450,p1,?,
1769500911.5265067,RECEIVED,720aec92-e9f2-499c-a607-e1f49f31a9f4,6ff71e04-a581-4888-aa58-55f9d65694b6,c3,DROP,1439,p3,?,
1769500911.5378306,RECEIVED,73bea571-3f9e-4df2-82d7-6f0fd8e64ca2,d5f588e6-0061-4d34-8f6c-1c5da6538769,c3,DROP,1453,p3,?,
1769500911.5502987,RECEIVED,fd937bff-2f98-4215-b089-50fc01336cad,b04da755-13e3-4df0-8ea4-528f43d09783,c1,DROP,1455,p1,?,
1769500911.6248653,SENT,176c1b99-a2ac-4e64-86d1-24b3304ee0a0,8d6dfe65-6bf6-4dd7-afae-fdd88fdc4ac8,c4,DROP,1016,?,i6,
1769500911.6249065,FORWARDED,176c1b99-a2ac-4e64-86d1-24b3304ee0a0,8d6dfe65-6bf6-4dd7-afae-fdd88fdc4ac8,c4,DROP,1016,?,i6,
1769500911.66799,SENT,d4a1fecc-c893-46db-8162-27514f68d740,0c9b6ddf-1c97-4248-a050-6e89a502fe3c,c3,DROP,1012,?,i4,
1769500911.6680331,FORWARDED,d4a1fecc-c893-46db-8162-27514f68d740,0c9b6ddf-1c97-4248-a050-6e89a502fe3c,c3,DROP,1012,?,i4,
1769500911.7502873,RECEIVED,541accb0-c693-43f3-9c74-4f3c12155df1,d662fe20-b7fb-4f54-a4b4-b6c99d6b86f1,c3,DROP,1444,p3,?,
1769500911.790011,SENT,720aec92-e9f2-499c-a607-e1f49f31a9f4,6ff71e04-a581-4888-aa58-55f9d65694b6,c3,DROP,1006,?,i2,
1769500911.7900631,FORWARDED,720aec92-e9f2-499c-a607-e1f49f31a9f4,6ff71e04-a581-4888-aa58-55f9d65694b6,c3,DROP,1006,?,i2,
1769500911.8216126,SENT,73bea571-3f9e-4df2-82d7-6f0fd8e64ca2,d5f588e6-0061-4d34-8f6c-1c5da6538769,c3,DROP,1015,?,i12,
1769500911.8216536,FORWARDED,73bea571-3f9e-4df2-82d7-6f0fd8e64ca2,d5f588e6-0061-4d34-8f6c-1c5da6538769,c3,DROP,1015,?,i12,
1769500911.9237716,RECEIVED,892b7570-5282-455c-a1f5-136aa0e9e36e,3bcae57b-d39f-4d82-9793-c6c075c58060,c3,None,2232,p3,?,
1769500911.9346397,SENT,541accb0-c693-43f3-9c74-4f3c12155df1,d662fe20-b7fb-4f54-a4b4-b6c99d6b86f1,c3,DROP,1011,?,i2,
1769500911.9346817,FORWARDED,541accb0-c693-43f3-9c74-4f3c12155df1,d662fe20-b7fb-4f54-a4b4-b6c99d6b86f1,c3,DROP,1011,?,i2,
1769500911.9694552,SENT,658015d0-f413-4cbd-b6fa-915a420fd7ce,516bc8c3-bca8-4228-ac76-518a8dd5d945,c4,DROP,1015,?,i1,
1769500911.9694953,FORWARDED,658015d0-f413-4cbd-b6fa-915a420fd7ce,516bc8c3-bca8-4228-ac76-518a8dd5d945,c4,DROP,1015,?,i1,
1769500911.9954746,SENT,892b7570-5282-455c-a1f5-136aa0e9e36e,3bcae57b-d39f-4d82-9793-c6c075c58060,c3,None,1600,?,i5,
1769500911.9955978,FORWARDED,892b7570-5282-455c-a1f5-136aa0e9e36e,3bcae57b-d39f-4d82-9793-c6c075c58060,c3,None,1600,?,i5,
1769500912.010123,SENT,e9366ba1-a8ad-4683-b43c-3d097cf72398,5e1958a5-1acf-4531-bb51-03aea3fc55fa,c5,None,1591,?,i3,
1769500912.0101612,FORWARDED,e9366ba1-a8ad-4683-b43c-3d097cf72398,5e1958a5-1acf-4531-bb51-03aea3fc55fa,c5,None,1591,?,i3,
1769500912.0841205,RECEIVED,22182ff7-3ebd-4faf-ad31-d2f5415fee18,44c7991d-a749-48aa-97c2-a168d843167f,c4,DROP,443,x3,?,
1769500912.276317,RECEIVED,0d6655ea-6743-4a6c-bfa0-db46a6df391f,866b5761-cab8-495c-80eb-bf8d09b1b12a,c1,DROP,445,x7,?,
1769500912.306468,SENT,fd937bff-2f98-4215-b089-50fc01336cad,b04da755-13e3-4df0-8ea4-528f43d09783,c1,DROP,1020,?,i10,
1769500912.3065097,FORWARDED,fd937bff-2f98-4215-b089-50fc01336cad,b04da755-13e3-4df0-8ea4-528f43d09783,c1,DROP,1020,?,i10,
1769500912.3782096,RECEIVED,2565fd41-cd8c-4fb8-81ca-bdf880a220c0,b22719f6-73f5-4725-9781-7629cceef38d,c1,DROP,1440,p1,?,
1769500912.420012,SENT,2565fd41-cd8c-4fb8-81ca-bdf880a220c0,b22719f6-73f5-4725-9781-7629cceef38d,c1,DROP,1008,?,i4,
1769500912.4200637,FORWARDED,2565fd41-cd8c-4fb8-81ca-bdf880a220c0,b22719f6-73f5-4725-9781-7629cceef38d,c1,DROP,1008,?,i4,
1769500912.73876,RECEIVED,5f31b0ff-199e-427b-99af-75bb3784083a,aa91d16b-6872-4dc7-8236-735a4d3ccc43,c4,DROP,1446,p1,?,
1769500912.7598934,RECEIVED,f383c27e-125b-4b39-962a-e989e93ff1ec,f324c16c-76ee-426a-90a4-96aabbe28516,c1,DROP,1456,p1,?,
1769500912.7980318,RECEIVED,04321e70-2685-4794-b49f-251ba94bb079,e350670b-4a4a-463b-80a2-dfae445f6ad3,c1,DROP,445,x1,?,
1769500912.848336,RECEIVED,47b0d1a6-17a5-4af7-8ec5-4cc08a4bc266,d171d0ef-1939-48ec-88ff-940116f201ca,c3,DROP,1439,p3,?,
1769500912.9916146,RECEIVED,137ad5fb-20f3-4289-8f07-1ee1b37fca97,9d0cb8cf-e777-4622-8642-95ec9bdf2df3,c4,None,2225,p1,?,
1769500913.1741304,SENT,5f31b0ff-199e-427b-99af-75bb3784083a,aa91d16b-6872-4dc7-8236-735a4d3ccc43,c4,DROP,1012,?,i5,
1769500913.1741884,FORWARDED,5f31b0ff-199e-427b-99af-75bb3784083a,aa91d16b-6872-4dc7-8236-735a4d3ccc43,c4,DROP,1012,?,i5,
1769500913.200618,RECEIVED,ba4e9c74-e3eb-4044-917c-af1817f793f6,770171ff-0d55-4c3a-94e6-5d1a1cf01291,c3,DROP,444,x10,?,
1769500913.2288876,SENT,137ad5fb-20f3-4289-8f07-1ee1b37fca97,9d0cb8cf-e777-4622-8642-95ec9bdf2df3,c4,None,1596,?,i11,
1769500913.2289305,FORWARDED,137ad5fb-20f3-4289-8f07-1ee1b37fca97,9d0cb8cf-e777-4622-8642-95ec9bdf2df3,c4,None,1596,?,i11,
1769500913.4230924,RECEIVED,41949068-ea4b-49fd-858a-e859ea61ae93,4cc60b98-418f-44bf-bdb5-5e4bc0028985,c2,DROP,1459,p2,?,
1769500913.504255,SENT,f383c27e-125b-4b39-962a-e989e93ff1ec,f324c16c-76ee-426a-90a4-96aabbe28516,c1,DROP,1020,?,i12,
1769500913.5042965,FORWARDED,f383c27e-125b-4b39-962a-e989e93ff1ec,f324c16c-76ee-426a-90a4-96aabbe28516,c1,DROP,1020,?,i12,
1769500913.5608366,RECEIVED,2f96d479-415b-4736-9058-35b6654c10a3,b343daf3-b3df-435a-a475-ec69cd528a7b,c3,DROP,1452,p3,?,
1769500913.5931365,RECEIVED,e664853f-769a-479a-8584-014e875c9fdd,6409443d-e2c4-4972-a0bd-0fffcd01154c,c1,DROP,1431,p1,?,
1769500913.6731737,SENT,41949068-ea4b-49fd-858a-e859ea61ae93,4cc60b98-418f-44bf-bdb5-5e4bc0028985,c2,DROP,1021,?,i9,
1769500913.673217,FORWARDED,41949068-ea4b-49fd-858a-e859ea61ae93,4cc60b98-418f-44bf-bdb5-5e4bc0028985,c2,DROP,1021,?,i9,
1769500913.6774538,RECEIVED,c518e650-0194-4362-8fa8-da995edcc5e9,98c4aa4a-30de-48b5-a11d-0898650ebb82,c4,DROP,1440,p1,?,
1769500913.7107298,RECEIVED,e29f461a-4e8b-408e-938d-4f9a985d6c11,efbec971-e0e7-4c53-ac69-08a8da0b5fbe,c2,DROP,1440,p2,?,
1769500913.7856734,SENT,2f96d479-415b-4736-9058-35b6654c10a3,b343daf3-b3df-435a-a475-ec69cd528a7b,c3,DROP,1016,?,i6,
1769500913.7857163,FORWARDED,2f96d479-415b-4736-9058-35b6654c10a3,b343daf3-b3df-435a-a475-ec69cd528a7b,c3,DROP,1016,?,i6,
1769500913.873078,RECEIVED,8d402967-6245-40ec-bf94-9cb3b218dd9b,5cdbe2c0-495c-49b8-ae9d-cd0d00317682,c4,DROP,1451,p1,?,
1769500913.9385078,SENT,c518e650-0194-4362-8fa8-da995edcc5e9,98c4aa4a-30de-48b5-a11d-0898650ebb82,c4,DROP,1007,?,i3,
1769500913.9385512,FORWARDED,c518e650-0194-4362-8fa8-da995edcc5e9,98c4aa4a-30de-48b5-a11d-0898650ebb82,c4,DROP,1007,?,i3,
1769500913.953989,SENT,e29f461a-4e8b-408e-938d-4f9a985d6c11,efbec971-e0e7-4c53-ac69-08a8da0b5fbe,c2,DROP,1008,?,i6,
1769500913.9540315,FORWARDED,e29f461a-4e8b-408e-938d-4f9a985d6c11,efbec971-e0e7-4c53-ac69-08a8da0b5fbe,c2,DROP,1008,?,i6,
1769500913.9615421,RECEIVED,f1c620e8-0839-4f4e-8c02-f2a31bb17594,779ae647-0602-4f6d-8aa3-eac786856b0f,c4,DROP,1455,p1,?,
1769500914.0573423,RECEIVED,237c4c4c-93dc-4890-9fdc-21e45d7b7084,b2b70f3c-6294-456b-9a08-3e30f694e25f,c1,c5,2471,p1,?,
1769500914.0616982,RECEIVED,68bdc8bf-5266-4c84-a2c4-126c62e45df2,eb69b750-8c10-47fd-bb20-fb248c474aec,c4,DROP,1439,p1,?,
1769500914.1088798,RECEIVED,8c759213-4b3a-4f42-bace-e19ed37d1187,2a0ae60b-8521-478b-91c5-8b566c7fc71d,c2,DROP,445,x11,?,
1769500914.203832,SENT,8d402967-6245-40ec-bf94-9cb3b218dd9b,5cdbe2c0-495c-49b8-ae9d-cd0d00317682,c4,DROP,1015,?,i3,
1769500914.2038708,FORWARDED,8d402967-6245-40ec-bf94-9cb3b218dd9b,5cdbe2c0-495c-49b8-ae9d-cd0d00317682,c4,DROP,1015,?,i3,
1769500914.3122158,RECEIVED,1d36dc42-48e4-4293-a828-8c65da96bfaf,87674a9a-08be-4a7c-bbb1-5424a21bd89f,c4,c3,2447,p1,?,
1769500914.340311,SENT,47b0d1a6-17a5-4af7-8ec5-4cc08a4bc266,d171d0ef-1939-48ec-88ff-940116f201ca,c3,DROP,1006,?,i3,
1769500914.3403473,FORWARDED,47b0d1a6-17a5-4af7-8ec5-4cc08a4bc266,d171d0ef-1939-48ec-88ff-940116f201ca,c3,DROP,1006,?,i3,
1769500914.4627116,SENT,237c4c4c-93dc-4890-9fdc-21e45d7b7084,b2b70f3c-6294-456b-9a08-3e30f694e25f,c1,c5,1781,?,i3,
1769500914.4627545,FORWARDED,237c4c4c-93dc-4890-9fdc-21e45d7b7084,b2b70f3c-6294-456b-9a08-3e30f694e25f,c1,c5,1781,?,i3,
1769500914.6349828,SENT,68bdc8bf-5266-4c84-a2c4-126c62e45df2,eb69b750-8c10-47fd-bb20-fb248c474aec,c4,DROP,1006,?,i5,
1769500914.6350238,FORWARDED,68bdc8bf-5266-4c84-a2c4-126c62e45df2,eb69b750-8c10-47fd-bb20-fb248c474aec,c4,DROP,1006,?,i5,
1769500914.7601461,RECEIVED,4b1b9397-fd69-4181-9269-45070a8ec7ee,1dae2a66-2315-44a4-ace7-f845772c8d5d,c4,DROP,1447,p1,?,
1769500914.8474114,RECEIVED,e0d6d62d-1832-4a55-a992-f2ea1411f697,9f88a091-418b-4017-899e-2ffa8655d4be,c3,DROP,1444,p3,?,
1769500914.8557186,SENT,f1c620e8-0839-4f4e-8c02-f2a31bb17594,779ae647-0602-4f6d-8aa3-eac786856b0f,c4,DROP,1020,?,i1,
1769500914.8557608,FORWARDED,f1c620e8-0839-4f4e-8c02-f2a31bb17594,779ae647-0602-4f6d-8aa3-eac786856b0f,c4,DROP,1020,?,i1,
1769500914.9330335,RECEIVED,ef337e8a-aebb-47bc-9843-1f27cb45c90e,e5194998-923d-4104-9732-3ed33af40263,c4,DROP,1439,p1,?,
1769500915.1979575,RECEIVED,8110b558-c97d-4799-a80a-0ae53e1b322c,93c8fd7a-68cd-49fa-9e32-13dc9c0150bf,c1,None,2244,p1,?,
1769500915.2115161,RECEIVED,c87175ef-f465-4bf2-8ee4-1a64eb9fc562,cc6f1bfb-2807-432f-ad13-d46063212134,c4,DROP,1440,p1,?,
1769500915.2136896,SENT,ef337e8a-aebb-47bc-9843-1f27cb45c90e,e5194998-923d-4104-9732-3ed33af40263,c4,DROP,1008,?,i5,
1769500915.2137265,FORWARDED,ef337e8a-aebb-47bc-9843-1f27cb45c90e,e5194998-923d-4104-9732-3ed33af40263,c4,DROP,1008,?,i5,
1769500915.2259245,SENT,1d36dc42-48e4-4293-a828-8c65da96bfaf,87674a9a-08be-4a7c-bbb1-5424a21bd89f,c4,c3,1764,?,i6,
1769500915.2259653,FORWARDED,1d36dc42-48e4-4293-a828-8c65da96bfaf,87674a9a-08be-4a7c-bbb1-5424a21bd89f,c4,c3,1764,?,i6,
1769500915.2575696,SENT,e0d6d62d-1832-4a55-a992-f2ea1411f697,9f88a091-418b-4017-899e-2ffa8655d4be,c3,DROP,1011,?,i12,
1769500915.257609,FORWARDED,e0d6d62d-1832-4a55-a992-f2ea1411f697,9f88a091-418b-4017-899e-2ffa8655d4be,c3,DROP,1011,?,i12,
1769500915.4908857,SENT,e664853f-769a-479a-8584-014e875c9fdd,6409443d-e2c4-4972-a0bd-0fffcd01154c,c1,DROP,1000,?,i3,
1769500915.4909277,FORWARDED,e664853f-769a-479a-8584-014e875c9fdd,6409443d-e2c4-4972-a0bd-0fffcd01154c,c1,DROP,1000,?,i3,
1769500915.617643,RECEIVED,8c42f445-5ff9-44b8-844d-2a07f6c213cb,a1be051d-6ff8-447c-8e03-97b894371a08,c5,DROP,1445,p2,?,
1769500915.6267676,SENT,c87175ef-f465-4bf2-8ee4-1a64eb9fc562,cc6f1bfb-2807-432f-ad13-d46063212134,c4,DROP,1008,?,i7,
1769500915.6268096,FORWARDED,c87175ef-f465-4bf2-8ee4-1a64eb9fc562,cc6f1bfb-2807-432f-ad13-d46063212134,c4,DROP,1008,?,i7,
1769500915.668575,SENT,8110b558-c97d-4799-a80a-0ae53e1b322c,93c8fd7a-68cd-49fa-9e32-13dc9c0150bf,c1,None,1609,?,i4,
1769500915.668612,FORWARDED,8110b558-c97d-4799-a80a-0ae53e1b322c,93c8fd7a-68cd-49fa-9e32-13dc9c0150bf,c1,None,1609,?,i4,
1769500915.717209,SENT,8c42f445-5ff9-44b8-844d-2a07f6c213cb,a1be051d-6ff8-447c-8e03-97b894371a08,c5,DROP,1009,?,i12,
1769500915.7172523,FORWARDED,8c42f445-5ff9-44b8-844d-2a07f6c213cb,a1be051d-6ff8-447c-8e03-97b894371a08,c5,DROP,1009,?,i12,
1769500915.75915,RECEIVED,4660cd9d-baeb-4c36-b10b-993496120106,33835cc1-58e5-4a9a-9ceb-51a247c77494,c4,c3,2476,p1,?,
1769500915.7888036,RECEIVED,5fff016b-1788-4931-81c6-00bcf18f1189,74d24e87-81b1-4ce9-81af-eeb00aaa3faa,c1,DROP,1440,p1,?,
1769500915.878525,RECEIVED,b5516592-e8d6-4cfe-a85a-d6135a61287e,88eb66a7-c19a-4276-8488-0aff22b4d66b,c1,None,2219,p1,?,
1769500915.884558,SENT,4660cd9d-baeb-4c36-b10b-993496120106,33835cc1-58e5-4a9a-9ceb-51a247c77494,c4,c3,1783,?,i2,
1769500915.8846076,FORWARDED,4660cd9d-baeb-4c36-b10b-993496120106,33835cc1-58e5-4a9a-9ceb-51a247c77494,c4,c3,1783,?,i2,
1769500915.9818938,RECEIVED,05379660-6ed4-4ac5-a384-71f0b8749fc5,59b29b6d-1c12-4b0b-b3d9-ed8bc7d68384,c3,DROP,440,x1,?,
1769500916.2169847,RECEIVED,81ab674c-6b13-491f-b10c-8ddd3f3aed38,c9d01802-eff5-46c3-825b-ca372d7dc389,c1,None,2233,p1,?,
1769500916.2498686,RECEIVED,75fa37d3-d376-46b6-9ad7-ffdcaea7f3cc,20df4f56-da06-473f-a498-2a0114890b81,c5,DROP,1440,p2,?,
1769500916.2592704,SENT,81ab674c-6b13-491f-b10c-8ddd3f3aed38,c9d01802-eff5-46c3-825b-ca372d7dc389,c1,None,1600,?,i3,
1769500916.2593205,FORWARDED,81ab674c-6b13-491f-b10c-8ddd3f3aed38,c9d01802-eff5-46c3-825b-ca372d7dc389,c1,None,1600,?,i3,
1769500916.2632713,SENT,5fff016b-1788-4931-81c6-00bcf18f1189,74d24e87-81b1-4ce9-81af-eeb00aaa3faa,c1,DROP,1007,?,i1,
1769500916.2633088,FORWARDED,5fff016b-1788-4931-81c6-00bcf18f1189,74d24e87-81b1-4ce9-81af-eeb00aaa3faa,c1,DROP,1007,?,i1,
1769500916.4402678,SENT,75fa37d3-d376-46b6-9ad7-ffdcaea7f3cc,20df4f56-da06-473f-a498-2a0114890b81,c5,DROP,1007,?,i3,
1769500916.4403095,FORWARDED,75fa37d3-d376-46b6-9ad7-ffdcaea7f3cc,20df4f56-da06-473f-a498-2a0114890b81,c5,DROP,1007,?,i3,
1769500916.447174,SENT,4b1b9397-fd69-4181-9269-45070a8ec7ee,1dae2a66-2315-44a4-ace7-f845772c8d5d,c4,DROP,1012,?,i4,
1769500916.447211,FORWARDED,4b1b9397-fd69-4181-9269-45070a8ec7ee,1dae2a66-2315-44a4-ace7-f845772c8d5d,c4,DROP,1012,?,i4,
1769500916.4871106,RECEIVED,add5a6fe-219f-4ec0-914c-4c03da896ecf,da8f59e3-93e2-4187-9e56-4484aac73061,c5,DROP,441,x1,?,
1769500916.7892437,RECEIVED,2cfd35b4-4556-41e2-bd60-87f385e79310,7faffe5a-32e5-4c09-8ca1-dd1ad1e33bf1,c4,DROP,1439,p1,?,
1769500916.8383832,SENT,b5516592-e8d6-4cfe-a85a-d6135a61287e,88eb66a7-c19a-4276-8488-0aff22b4d66b,c1,None,1592,?,i8,
1769500916.838428,FORWARDED,b5516592-e8d6-4cfe-a85a-d6135a61287e,88eb66a7-c19a-4276-8488-0aff22b4d66b,c1,None,1592,?,i8,
1769500916.8711348,RECEIVED,cb35ab74-f680-481d-9c5f-23ef87ff3f65,1d437127-cb93-4713-9997-9b6886e91996,c4,DROP,1439,p1,?,
1769500917.1019595,RECEIVED,9554d6f5-8d0a-4695-a10b-a9fabe9119f9,5c45fb6f-e005-4427-9eab-f0c2db11b5cf,c2,c1,2476,p2,?,
1769500917.2745,RECEIVED,be13a89a-943b-4bd5-a670-4fd5aaf0db80,38044014-586c-46d5-902a-929c7898bf60,c4,c3,2463,p1,?,
1769500917.275188,SENT,cb35ab74-f680-481d-9c5f-23ef87ff3f65,1d437127-cb93-4713-9997-9b6886e91996,c4,DROP,1007,?,i7,
1769500917.2752268,FORWARDED,cb35ab74-f680-481d-9c5f-23ef87ff3f65,1d437127-cb93-4713-9997-9b6886e91996,c4,DROP,1007,?,i7,
1769500917.5681129,SENT,9554d6f5-8d0a-4695-a10b-a9fabe9119f9,5c45fb6f-e005-4427-9eab-f0c2db11b5cf,c2,c1,1783,?,i12,
1769500917.5681632,FORWARDED,9554d6f5-8d0a-4695-a10b-a9fabe9119f9,5c45fb6f-e005-4427-9eab-f0c2db11b5cf,c2,c1,1783,?,i12,
1769500917.7732832,RECEIVED,3897e733-5cc0-4575-989c-dcd4d8dca067,ac5e5aae-ba2e-4c0f-8f01-5320a0ab097d,c1,c5,2461,p1,?,
1769500917.8757048,RECEIVED,dccfdfe8-67cf-4591-b748-a93a3d8ee933,6bcd3619-b0ec-487b-bc3e-ba6aea0819da,c4,c3,2461,p1,?,
1769500917.9471767,RECEIVED,2791cef9-e25d-448e-84bb-810626051202,4366f38d-bd9b-468a-9278-bbe8d3638515,c3,DROP,1453,p3,?,
1769500917.9705427,SENT,dccfdfe8-67cf-4591-b748-a93a3d8ee933,6bcd3619-b0ec-487b-bc3e-ba6aea0819da,c4,c3,1772,?,i6,
1769500917.970585,FORWARDED,dccfdfe8-67cf-4591-b748-a93a3d8ee933,6bcd3619-b0ec-487b-bc3e-ba6aea0819da,c4,c3,1772,?,i6,
1769500917.9736564,SENT,2791cef9-e25d-448e-84bb-810626051202,4366f38d-bd9b-468a-9278-bbe8d3638515,c3,DROP,1015,?,i12,
1769500917.9736986,FORWARDED,2791cef9-e25d-448e-84bb-810626051202,4366f38d-bd9b-468a-9278-bbe8d3638515,c3,DROP,1015,?,i12,
1769500917.985196,SENT,be13a89a-943b-4bd5-a670-4fd5aaf0db80,38044014-586c-46d5-902a-929c7898bf60,c4,c3,1774,?,i2,
1769500917.9852395,FORWARDED,be13a89a-943b-4bd5-a670-4fd5aaf0db80,38044014-586c-46d5-902a-929c7898bf60,c4,c3,1774,?,i2,
1769500918.1943867,SENT,2cfd35b4-4556-41e2-bd60-87f385e79310,7faffe5a-32e5-4c09-8ca1-dd1ad1e33bf1,c4,DROP,1007,?,i5,
1769500918.1944273,FORWARDED,2cfd35b4-4556-41e2-bd60-87f385e79310,7faffe5a-32e5-4c09-8ca1-dd1ad1e33bf1,c4,DROP,1007,?,i5,
1769500918.1955872,RECEIVED,4692dd60-15ed-4e1b-8715-916e04095371,5cbf6534-90f8-4303-8f0f-c4b1286812ce,c3,DROP,1443,p3,?,
1769500918.378192,RECEIVED,afef622b-b4d9-4a5e-a613-5cd27d2eb974,c10432a7-ae97-4499-96ff-c55c54d1887f,c2,None,2227,p2,?,
1769500918.3906431,RECEIVED,e295ec9d-5dd6-42c0-822d-4acdcf402f82,88473e9a-f706-4509-a093-c7b9ce52b783,c1,DROP,1445,p1,?,
1769500918.4028487,SENT,e295ec9d-5dd6-42c0-822d-4acdcf402f82,88473e9a-f706-4509-a093-c7b9ce52b783,c1,DROP,1009,?,i6,
1769500918.4028935,FORWARDED,e295ec9d-5dd6-42c0-822d-4acdcf402f82,88473e9a-f706-4509-a093-c7b9ce52b783,c1,DROP,1009,?,i6,
1769500918.5749032,SENT,4692dd60-15ed-4e1b-8715-916e04095371,5cbf6534-90f8-4303-8f0f-c4b1286812ce,c3,DROP,1011,?,i9,
1769500918.5749476,FORWARDED,4692dd60-15ed-4e1b-8715-916e04095371,5cbf6534-90f8-4303-8f0f-c4b1286812ce,c3,DROP,1011,?,i9,
1769500918.6604912,RECEIVED,22c28c2b-dde4-4572-b751-9e0aa07951ae,54777176-f1ed-458e-a508-090713540e29,c3,DROP,442,x2,?,
1769500918.7214687,RECEIVED,0b3d8474-82be-4324-a3b4-a525dc7eb2b6,b2ce25c5-6fbe-4e55-9e1c-419369921695,c5,c2,2473,p2,?,
1769500918.7648275,RECEIVED,d3dcf9b0-fbc9-46a6-8744-d80064dc4c51,5ceb4e20-8d1c-4f1a-a96f-2054fdd473e3,c1,c5,2464,p1,?,
1769500918.778071,RECEIVED,bac50701-c109-43bf-8fcc-e1b898bcfcf4,c2c7f84d-9a47-4628-9ee2-e4817ad55b1b,c3,c4,2448,p3,?,
1769500918.7902198,SENT,0b3d8474-82be-4324-a3b4-a525dc7eb2b6,b2ce25c5-6fbe-4e55-9e1c-419369921695,c5,c2,1780,?,i11,
1769500918.79026,FORWARDED,0b3d8474-82be-4324-a3b4-a525dc7eb2b6,b2ce25c5-6fbe-4e55-9e1c-419369921695,c5,c2,1780,?,i11,
1769500918.8229675,RECEIVED,43cce9ba-c651-46cd-8b25-3137bffe933d,5dfdafb3-b11a-437f-b5a6-543dd39d61a0,c4,DROP,1450,p1,?,
1769500918.908765,RECEIVED,2b890188-3ce4-4717-8d42-ffd0288b6b15,0de1f1f7-b43f-4412-b439-e7abd22772a3,c5,DROP,1453,p2,?,
1769500918.919751,SENT,d3dcf9b0-fbc9-46a6-8744-d80064dc4c51,5ceb4e20-8d1c-4f1a-a96f-2054fdd473e3,c1,c5,1776,?,i11,
1769500918.9197924,FORWARDED,d3dcf9b0-fbc9-46a6-8744-d80064dc4c51,5ceb4e20-8d1c-4f1a-a96f-2054fdd473e3,c1,c5,1776,?,i11,
1769500918.9362278,SENT,2b890188-3ce4-4717-8d42-ffd0288b6b15,0de1f1f7-b43f-4412-b439-e7abd22772a3,c5,DROP,1015,?,i8,
1769500918.93627,FORWARDED,2b890188-3ce4-4717-8d42-ffd0288b6b15,0de1f1f7-b43f-4412-b439-e7abd22772a3,c5,DROP,1015,?,i8,
1769500918.9602406,SENT,bac50701-c109-43bf-8fcc-e1b898bcfcf4,c2c7f84d-9a47-4628-9ee2-e4817ad55b1b,c3,c4,1764,?,i4,
1769500918.960289,FORWARDED,bac50701-c109-43bf-8fcc-e1b898bcfcf4,c2c7f84d-9a47-4628-9ee2-e4817ad55b1b,c3,c4,1764,?,i4,
1769500919.2427788,SENT,afef622b-b4d9-4a5e-a613-5cd27d2eb974,c10432a7-ae97-4499-96ff-c55c54d1887f,c2,None,1598,?,i2,
1769500919.242818,FORWARDED,afef622b-b4d9-4a5e-a613-5cd27d2eb974,c10432a7-ae97-4499-96ff-c55c54d1887f,c2,None,1598,?,i2,
1769500919.3733277,RECEIVED,4f469c78-f9ee-43f3-8459-77c2f6b4f135,275750a3-7781-4f05-a2e9-2ec416ad2037,c1,DROP,442,x10,?,
1769500919.4003663,RECEIVED,40170116-0c8a-4e28-828e-220cf0ab4370,e926eeaf-71dd-4e0b-aca3-e0bd0f0ca898,c1,None,2240,p1,?,
1769500919.48524,SENT,40170116-0c8a-4e28-828e-220cf0ab4370,e926eeaf-71dd-4e0b-aca3-e0bd0f0ca898,c1,None,1608,?,i9,
1769500919.4852796,FORWARDED,40170116-0c8a-4e28-828e-220cf0ab4370,e926eeaf-71dd-4e0b-aca3-e0bd0f0ca898,c1,None,1608,?,i9,
1769500919.6049852,RECEIVED,35146008-6088-40a1-910a-f4b7bdd691d7,839cfbf1-ad3e-44e6-b61c-b8560478532b,c4,c3,2458,p1,?,
1769500919.6519604,RECEIVED,a95c47f4-1490-484d-84e4-9ca986143f04,9ae29be3-4869-45a4-9a00-c35cda512703,c5,DROP,1449,p2,?,
1769500919.7387917,SENT,a95c47f4-1490-484d-84e4-9ca986143f04,9ae29be3-4869-45a4-9a00-c35cda512703,c5,DROP,1012,?,i4,
1769500919.7388327,FORWARDED,a95c47f4-1490-484d-84e4-9ca986143f04,9ae29be3-4869-45a4-9a00-c35cda512703,c5,DROP,1012,?,i4,
1769500919.9002864,SENT,3897e733-5cc0-4575-989c-dcd4d8dca067,ac5e5aae-ba2e-4c0f-8f01-5320a0ab097d,c1,c5,1776,?,i3,
1769500919.9003315,FORWARDED,3897e733-5cc0-4575-989c-dcd4d8dca067,ac5e5aae-ba2e-4c0f-8f01-5320a0ab097d,c1,c5,1776,?,i3,
1769500920.0578291,SENT,43cce9ba-c651-46cd-8b25-3137bffe933d,5dfdafb3-b11a-437f-b5a6-543dd39d61a0,c4,DROP,1016,?,i3,
1769500920.05787,FORWARDED,43cce9ba-c651-46cd-8b25-3137bffe933d,5dfdafb3-b11a-437f-b5a6-543dd39d61a0,c4,DROP,1016,?,i3,
1769500920.4948156,RECEIVED,2c2711cc-1e62-4ea2-a439-360a20e16cd3,6e5e389d-dc6f-4b29-9dd1-c0928a61ca5e,c1,DROP,1441,p1,?,
1769500920.5093324,RECEIVED,f2ca4a8c-769d-4710-b1d4-ce05b4b332e4,998c1906-9380-472d-bf12-cee6ab767742,c2,DROP,1440,p2,?,
1769500920.7508004,SENT,f2ca4a8c-769d-4710-b1d4-ce05b4b332e4,998c1906-9380-472d-bf12-cee6ab767742,c2,DROP,1007,?,i9,
1769500920.750841,FORWARDED,f2ca4a8c-769d-4710-b1d4-ce05b4b332e4,998c1906-9380-472d-bf12-cee6ab767742,c2,DROP,1007,?,i9,
1769500920.7820163,RECEIVED,8cf5d14c-04a5-4d14-8404-6c52a9d2a495,907af993-48e6-4b3d-a68d-f9580bc2e557,c2,DROP,1440,p2,?,
1769500920.8131874,RECEIVED,8ce34800-2d82-4c17-98dc-a76298df8c9f,8b525b1e-cf06-4bf4-bd2c-506a594fb910,c1,DROP,441,x7,?,
1769500920.8548362,SENT,8cf5d14c-04a5-4d14-8404-6c52a9d2a495,907af993-48e6-4b3d-a68d-f9580bc2e557,c2,DROP,1007,?,i6,
1769500920.8548818,FORWARDED,8cf5d14c-04a5-4d14-8404-6c52a9d2a495,907af993-48e6-4b3d-a68d-f9580bc2e557,c2,DROP,1007,?,i6,
1769500920.858335,RECEIVED,d8eee5a2-cccb-4f87-95f9-7a477cb38bb2,6dff2f99-ef5b-439c-831b-f09abb62ddde,c3,DROP,1448,p3,?,
1769500920.8822021,RECEIVED,39e81087-c200-4fac-be57-582a061c223b,ee2b144b-c131-4d81-8fa6-f4a7905d3db6,c1,DROP,1439,p1,?,
1769500920.9425669,SENT,2c2711cc-1e62-4ea2-a439-360a20e16cd3,6e5e389d-dc6f-4b29-9dd1-c0928a61ca5e,c1,DROP,1008,?,i12,
1769500920.9426095,FORWARDED,2c2711cc-1e62-4ea2-a439-360a20e16cd3,6e5e389d-dc6f-4b29-9dd1-c0928a61ca5e,c1,DROP,1008,?,i12,
1769500920.9561152,RECEIVED,79767808-464f-491b-b285-118bc06581fc,fb4af446-c9ec-4f22-93f6-852837efebd7,c1,DROP,1452,p1,?,
1769500920.9627862,RECEIVED,cee57fc5-9ca1-4aca-97be-9e8404d77a1f,b43c6bda-231a-4463-9f61-e18dc192494c,c2,c1,2465,p2,?,
1769500921.0499918,RECEIVED,21a2ee8b-2e6b-44cf-80ea-8424663aa0dc,6613cc3a-12a3-4ad2-a21c-d03122a999e9,c5,DROP,1439,p2,?,
1769500921.0707526,SENT,79767808-464f-491b-b285-118bc06581fc,fb4af446-c9ec-4f22-93f6-852837efebd7,c1,DROP,1016,?,i8,
1769500921.0707958,FORWARDED,79767808-464f-491b-b285-118bc06581fc,fb4af446-c9ec-4f22-93f6-852837efebd7,c1,DROP,1016,?,i8,
1769500921.1944118,RECEIVED,c488bece-f7a1-446a-ba8a-dca431c99255,839082e9-c218-4d6c-9cda-7026053b27c5,c1,DROP,1435,p1,?,
1769500921.3664217,RECEIVED,0f9b62b2-4ebb-4422-b27d-333f4ae538db,d8f51d32-6de2-4d31-bd9c-b582c1483aff,c1,c5,2451,p1,?,
1769500921.397781,SENT,cee57fc5-9ca1-4aca-97be-9e8404d77a1f,b43c6bda-231a-4463-9f61-e18dc192494c,c2,c1,1776,?,i11,
1769500921.3978226,FORWARDED,cee57fc5-9ca1-4aca-97be-9e8404d77a1f,b43c6bda-231a-4463-9f61-e18dc192494c,c2,c1,1776,?,i11,
1769500921.6720016,RECEIVED,2cfee906-eeb7-4c83-b8c6-a8c5c4612560,df07d54c-a140-4c5f-bb6b-8003d1c10bb4,c5,DROP,445,x10,?,
1769500921.7593822,SENT,21a2ee8b-2e6b-44cf-80ea-8424663aa0dc,6613cc3a-12a3-4ad2-a21c-d03122a999e9,c5,DROP,1008,?,i6,
1769500921.7594244,FORWARDED,21a2ee8b-2e6b-44cf-80ea-8424663aa0dc,6613cc3a-12a3-4ad2-a21c-d03122a999e9,c5,DROP,1008,?,i6,
1769500921.7699656,SENT,0f9b62b2-4ebb-4422-b27d-333f4ae538db,d8f51d32-6de2-4d31-bd9c-b582c1483aff,c1,c5,1767,?,i5,
1769500921.7700076,FORWARDED,0f9b62b2-4ebb-4422-b27d-333f4ae538db,d8f51d32-6de2-4d31-bd9c-b582c1483aff,c1,c5,1767,?,i5,
1769500921.778058,RECEIVED,2bdf0111-b9f8-4004-9c15-89911bfa0056,e07707b5-71b6-4f39-9296-9f95d82fc400,c1,c5,2467,p1,?,
1769500921.8608603,SENT,d8eee5a2-cccb-4f87-95f9-7a477cb38bb2,6dff2f99-ef5b-439c-831b-f09abb62ddde,c3,DROP,1013,?,i10,
1769500921.8608987,FORWARDED,d8eee5a2-cccb-4f87-95f9-7a477cb38bb2,6dff2f99-ef5b-439c-831b-f09abb62ddde,c3,DROP,1013,?,i10,
1769500922.013642,SENT,35146008-6088-40a1-910a-f4b7bdd691d7,839cfbf1-ad3e-44e6-b61c-b8560478532b,c4,c3,1773,?,i7,
1769500922.0136828,FORWARDED,35146008-6088-40a1-910a-f4b7bdd691d7,839cfbf1-ad3e-44e6-b61c-b8560478532b,c4,c3,1773,?,i7,
1769500922.140681,SENT,39e81087-c200-4fac-be57-582a061c223b,ee2b144b-c131-4d81-8fa6-f4a7905d3db6,c1,DROP,1007,?,i8,
1769500922.140719,FORWARDED,39e81087-c200-4fac-be57-582a061c223b,ee2b144b-c131-4d81-8fa6-f4a7905d3db6,c1,DROP,1007,?,i8,
1769500922.2772422,SENT,c488bece-f7a1-446a-ba8a-dca431c99255,839082e9-c218-4d6c-9cda-7026053b27c5,c1,DROP,1004,?,i3,
1769500922.2772863,FORWARDED,c488bece-f7a1-446a-ba8a-dca431c99255,839082e9-c218-4d6c-9cda-7026053b27c5,c1,DROP,1004,?,i3,
1769500922.3402479,RECEIVED,cb65d8f5-6d01-47a7-8a38-71f3d008e268,ccbf6f87-78f7-4ff7-8172-6958c355e799,c5,DROP,443,x3,?,
1769500922.7589014,RECEIVED,371f6774-2c4c-465c-a7e1-5c9a99ee9f09,096d91ba-1187-4731-9bd0-d6b142186f2a,c5,DROP,441,x4,?,
1769500922.8028622,RECEIVED,561c3bbb-1229-42a6-a215-fe04698f4690,33b8a4b2-c1b4-4bcd-a2de-a441f4b7f323,c1,DROP,1447,p1,?,
1769500922.8470979,RECEIVED,bca88837-57a5-4be8-a1d4-6b87b51505d6,63e73bd1-b7a9-4f17-a26b-5d04dc7d5848,c2,DROP,1451,p2,?,
1769500923.0093408,RECEIVED,5c5a7405-7129-4e2a-9ebf-b596e1470f78,59144fd6-0958-464a-bb92-c85852154d63,c3,c4,2465,p3,?,
1769500923.0159402,RECEIVED,50510c12-01bf-4913-924a-31762817d97a,1c49a6ec-659a-4b1a-b36c-8e8910da05ac,c1,DROP,1447,p1,?,
1769500923.068945,SENT,5c5a7405-7129-4e2a-9ebf-b596e1470f78,59144fd6-0958-464a-bb92-c85852154d63,c3,c4,1776,?,i7,
1769500923.0689807,FORWARDED,5c5a7405-7129-4e2a-9ebf-b596e1470f78,59144fd6-0958-464a-bb92-c85852154d63,c3,c4,1776,?,i7,
1769500923.0981054,RECEIVED,bd7c821d-e6b1-4398-b9d0-91eb075505a7,6adb52e2-d33a-4c11-b645-4d975fbb4c1b,c1,None,2232,p1,?,
1769500923.1216843,RECEIVED,d9dd9474-4a33-4740-92be-b141cabfbb87,f2f7b173-c3b9-4e02-bde4-3732d8c91cf3,c2,DROP,1444,p2,?,
1769500923.1721773,RECEIVED,7feddb1a-caf7-4e24-a12e-b7f765d75fa2,cccd5792-4e82-45b9-a7ca-54ee77e6f7db,c3,DROP,441,x7,?,
1769500923.2038922,RECEIVED,d1eddb1f-ccfd-4da2-bb00-f8976c9569ef,5d1960a5-55cf-49b8-9a2e-76da57a6b4b1,c5,DROP,442,x8,?,
1769500923.2709603,RECEIVED,32eb0824-9c57-49a2-9564-563901bcf177,38bdabd6-57b0-4a65-9536-ef3b9d8973b0,c4,None,2224,p1,?,
1769500923.361114,SENT,32eb0824-9c57-49a2-9564-563901bcf177,38bdabd6-57b0-4a65-9536-ef3b9d8973b0,c4,None,1595,?,i6,
1769500923.361155,FORWARDED,32eb0824-9c57-49a2-9564-563901bcf177,38bdabd6-57b0-4a65-9536-ef3b9d8973b0,c4,None,1595,?,i6,
1769500923.375437,RECEIVED,cb61a7bb-cd8a-49a1-a5f9-347178a529ed,514e8c9f-a260-4a85-96e0-a92e44a2f77b,c5,None,2232,p2,?,
1769500923.3887954,SENT,d9dd9474-4a33-4740-92be-b141cabfbb87,f2f7b173-c3b9-4e02-bde4-3732d8c91cf3,c2,DROP,1009,?,i3,
1769500923.3888392,FORWARDED,d9dd9474-4a33-4740-92be-b141cabfbb87,f2f7b173-c3b9-4e02-bde4-3732d8c91cf3,c2,DROP,1009,?,i3,
1769500923.4605274,SENT,50510c12-01bf-4913-924a-31762817d97a,1c49a6ec-659a-4b1a-b36c-8e8910da05ac,c1,DROP,1013,?,i8,
1769500923.46057,FORWARDED,50510c12-01bf-4913-924a-31762817d97a,1c49a6ec-659a-4b1a-b36c-8e8910da05ac,c1,DROP,1013,?,i8,
1769500923.5087276,SENT,bca88837-57a5-4be8-a1d4-6b87b51505d6,63e73bd1-b7a9-4f17-a26b-5d04dc7d5848,c2,DROP,1016,?,i6,
1769500923.5087702,FORWARDED,bca88837-57a5-4be8-a1d4-6b87b51505d6,63e73bd1-b7a9-4f17-a26b-5d04dc7d5848,c2,DROP,1016,?,i6,
1769500923.5240428,SENT,561c3bbb-1229-42a6-a215-fe04698f4690,33b8a4b2-c1b4-4bcd-a2de-a441f4b7f323,c1,DROP,1012,?,i7,
1769500923.5240922,FORWARDED,561c3bbb-1229-42a6-a215-fe04698f4690,33b8a4b2-c1b4-4bcd-a2de-a441f4b7f323,c1,DROP,1012,?,i7,
1769500923.542585,SENT,cb61a7bb-cd8a-49a1-a5f9-347178a529ed,514e8c9f-a260-4a85-96e0-a92e44a2f77b,c5,None,1601,?,i8,
1769500923.542629,FORWARDED,cb61a7bb-cd8a-49a1-a5f9-347178a529ed,514e8c9f-a260-4a85-96e0-a92e44a2f77b,c5,None,1601,?,i8,
1769500923.7400882,RECEIVED,beadc198-7cd9-4263-a6e8-c7fa1da8e68a,ee6af7bc-7a79-4940-93d0-8c03bf65e133,c3,c4,2459,p3,?,
1769500923.831125,SENT,2bdf0111-b9f8-4004-9c15-89911bfa0056,e07707b5-71b6-4f39-9296-9f95d82fc400,c1,c5,1779,?,i6,
1769500923.83117,FORWARDED,2bdf0111-b9f8-4004-9c15-89911bfa0056,e07707b5-71b6-4f39-9296-9f95d82fc400,c1,c5,1779,?,i6,
1769500923.8428988,RECEIVED,4c8ac5a5-4a8d-498e-b8e0-0882bc27343a,167911ef-a64e-436d-848e-c1f26c88bd82,c2,DROP,1440,p2,?,
1769500924.0153632,SENT,4c8ac5a5-4a8d-498e-b8e0-0882bc27343a,167911ef-a64e-436d-848e-c1f26c88bd82,c2,DROP,1007,?,i1,
1769500924.0154026,FORWARDED,4c8ac5a5-4a8d-498e-b8e0-0882bc27343a,167911ef-a64e-436d-848e-c1f26c88bd82,c2,DROP,1007,?,i1,
1769500924.0731459,RECEIVED,9807db01-f9d5-477d-ac5d-1ed62c70b13c,f7b8fe47-5915-4289-abb7-ee14745cd943,c1,c5,2448,p1,?,
1769500924.1837838,RECEIVED,65e82680-9b32-4b46-9ebf-bc7fa67e3999,3ae1f478-8b47-41a9-a705-02be991defc8,c3,DROP,1442,p3,?,
1769500924.2090132,SENT,9807db01-f9d5-477d-ac5d-1ed62c70b13c,f7b8fe47-5915-4289-abb7-ee14745cd943,c1,c5,1762,?,i2,
1769500924.209067,FORWARDED,9807db01-f9d5-477d-ac5d-1ed62c70b13c,f7b8fe47-5915-4289-abb7-ee14745cd943,c1,c5,1762,?,i2,
1769500924.2132623,RECEIVED,b6d3c1ac-1c89-4a1e-aacc-acff80489548,ce87991a-79e0-4dfc-897d-6d2951931fec,c2,DROP,1441,p2,?,
1769500924.2880075,RECEIVED,b8cb9dfc-e506-43aa-b3c2-6a968c0ecea9,96146772-6e81-4544-86c3-a225051c312b,c3,c4,2473,p3,?,
1769500924.3309033,RECEIVED,6a13b94f-4f10-4aad-a36b-36fd481f6fdf,b8d7aaae-b0ea-473b-b7e6-4b5407e1736f,c2,c1,2463,p2,?,
1769500924.4790723,RECEIVED,69e69acc-e16b-46d4-8595-0fbdadd21a32,d7d4f902-039f-49cf-842c-a9a8103d6011,c4,DROP,1440,p1,?,
1769500924.485835,RECEIVED,95e86679-9c6a-445d-a32f-ab8e3f47f1f6,05416f8b-a561-4b27-9b9e-3e075fdec6b6,c1,DROP,1460,p1,?,
1769500924.4880226,SENT,6a13b94f-4f10-4aad-a36b-36fd481f6fdf,b8d7aaae-b0ea-473b-b7e6-4b5407e1736f,c2,c1,1776,?,i2,
1769500924.4884942,FORWARDED,6a13b94f-4f10-4aad-a36b-36fd481f6fdf,b8d7aaae-b0ea-473b-b7e6-4b5407e1736f,c2,c1,1776,?,i2,
1769500924.5083935,SENT,b6d3c1ac-1c89-4a1e-aacc-acff80489548,ce87991a-79e0-4dfc-897d-6d2951931fec,c2,DROP,1006,?,i12,
1769500924.508434,FORWARDED,b6d3c1ac-1c89-4a1e-aacc-acff80489548,ce87991a-79e0-4dfc-897d-6d2951931fec,c2,DROP,1006,?,i12,
1769500924.5174665,SENT,bd7c821d-e6b1-4398-b9d0-91eb075505a7,6adb52e2-d33a-4c11-b645-4d975fbb4c1b,c1,None,1600,?,i10,
1769500924.5175037,FORWARDED,bd7c821d-e6b1-4398-b9d0-91eb075505a7,6adb52e2-d33a-4c11-b645-4d975fbb4c1b,c1,None,1600,?,i10,
1769500924.5183635,RECEIVED,e4e86532-ec41-4dd7-b6a3-e4a95a5e2e12,ddbe2925-3870-4f9d-92af-e313c697c3cb,c3,c4,2464,p3,?,
1769500924.5206366,RECEIVED,5299164e-720f-4c95-be10-0a42f4086417,cf849500-3aed-440b-a49e-7466160fa63f,c1,c5,2463,p1,?,
1769500924.523288,RECEIVED,a9c45e23-d0f4-45bc-8baf-40f196db5c2b,25113f9b-fa7a-4c62-a7ec-03bed814972b,c3,DROP,1440,p3,?,
1769500924.5627897,SENT,69e69acc-e16b-46d4-8595-0fbdadd21a32,d7d4f902-039f-49cf-842c-a9a8103d6011,c4,DROP,1008,?,i3,
1769500924.5628324,FORWARDED,69e69acc-e16b-46d4-8595-0fbdadd21a32,d7d4f902-039f-49cf-842c-a9a8103d6011,c4,DROP,1008,?,i3,
1769500924.6139407,SENT,a9c45e23-d0f4-45bc-8baf-40f196db5c2b,25113f9b-fa7a-4c62-a7ec-03bed814972b,c3,DROP,1008,?,i1,
1769500924.6139827,FORWARDED,a9c45e23-d0f4-45bc-8baf-40f196db5c2b,25113f9b-fa7a-4c62-a7ec-03bed814972b,c3,DROP,1008,?,i1,
1769500924.6586044,SENT,beadc198-7cd9-4263-a6e8-c7fa1da8e68a,ee6af7bc-7a79-4940-93d0-8c03bf65e133,c3,c4,1772,?,i2,
1769500924.6586468,FORWARDED,beadc198-7cd9-4263-a6e8-c7fa1da8e68a,ee6af7bc-7a79-4940-93d0-8c03bf65e133,c3,c4,1772,?,i2,
1769500924.7203774,SENT,b8cb9dfc-e506-43aa-b3c2-6a968c0ecea9,96146772-6e81-4544-86c3-a225051c312b,c3,c4,1781,?,i10,
1769500924.7204165,FORWARDED,b8cb9dfc-e506-43aa-b3c2-6a968c0ecea9,96146772-6e81-4544-86c3-a225051c312b,c3,c4,1781,?,i10,
1769500924.780085,SENT,5299164e-720f-4c95-be10-0a42f4086417,cf849500-3aed-440b-a49e-7466160fa63f,c1,c5,1775,?,i6,
1769500924.7801278,FORWARDED,5299164e-720f-4c95-be10-0a42f4086417,cf849500-3aed-440b-a49e-7466160fa63f,c1,c5,1775,?,i6,
1769500924.952336,RECEIVED,b5575af4-37a3-4a26-91db-a9c761e67ef5,cd07593f-f5c9-4e36-8549-26b110484ac9,c5,c2,2475,p2,?,
1769500925.0601177,SENT,95e86679-9c6a-445d-a32f-ab8e3f47f1f6,05416f8b-a561-4b27-9b9e-3e075fdec6b6,c1,DROP,1021,?,i11,
1769500925.0601542,FORWARDED,95e86679-9c6a-445d-a32f-ab8e3f47f1f6,05416f8b-a561-4b27-9b9e-3e075fdec6b6,c1,DROP,1021,?,i11,
1769500925.1597884,RECEIVED,972469b1-9ab2-4487-bcbf-cf0a87295639,4639d2ae-86e7-488d-952c-adb4534a0193,c2,DROP,1451,p2,?,
1769500925.1870089,SENT,e4e86532-ec41-4dd7-b6a3-e4a95a5e2e12,ddbe2925-3870-4f9d-92af-e313c697c3cb,c3,c4,1775,?,i11,
1769500925.1870608,FORWARDED,e4e86532-ec41-4dd7-b6a3-e4a95a5e2e12,ddbe2925-3870-4f9d-92af-e313c697c3cb,c3,c4,1775,?,i11,
1769500925.2884793,RECEIVED,5f038857-8031-4112-9dd9-5480138785cc,b4768936-d53b-49fe-9817-1f9c5a931ab8,c1,DROP,1451,p1,?,
1769500925.2908769,RECEIVED,292f6fd1-38c3-4c8e-aba2-07255673e42b,23c7762d-68a1-441d-a85c-3fa13680b65b,c4,DROP,1452,p1,?,
1769500925.4102955,SENT,65e82680-9b32-4b46-9ebf-bc7fa67e3999,3ae1f478-8b47-41a9-a705-02be991defc8,c3,DROP,1011,?,i9,
1769500925.410342,FORWARDED,65e82680-9b32-4b46-9ebf-bc7fa67e3999,3ae1f478-8b47-41a9-a705-02be991defc8,c3,DROP,1011,?,i9,
1769500925.4485724,RECEIVED,0dac8594-64b8-4b8e-81ac-5cbc3923c68e,47ea7029-dcad-4a28-9c58-d45aac0851f6,c4,DROP,1439,p1,?,
1769500925.585723,RECEIVED,63b87a5c-3886-44dc-b5d4-61aae6c948e9,1d7cea88-ac31-4906-9c9e-98d626d771a8,c5,c2,2456,p2,?,
1769500925.630641,RECEIVED,fe5bd739-17bd-4f0f-8ba8-d520dac2a6e5,8dab1e3a-f54d-44f4-9151-9f315d0ec02e,c4,c3,2447,p1,?,
1769500925.7371352,SENT,0dac8594-64b8-4b8e-81ac-5cbc3923c68e,47ea7029-dcad-4a28-9c58-d45aac0851f6,c4,DROP,1008,?,i5,
1769500925.7371776,FORWARDED,0dac8594-64b8-4b8e-81ac-5cbc3923c68e,47ea7029-dcad-4a28-9c58-d45aac0851f6,c4,DROP,1008,?,i5,
1769500925.7756355,SENT,fe5bd739-17bd-4f0f-8ba8-d520dac2a6e5,8dab1e3a-f54d-44f4-9151-9f315d0ec02e,c4,c3,1763,?,i8,
1769500925.7756763,FORWARDED,fe5bd739-17bd-4f0f-8ba8-d520dac2a6e5,8dab1e3a-f54d-44f4-9151-9f315d0ec02e,c4,c3,1763,?,i8,
1769500925.782141,SENT,292f6fd1-38c3-4c8e-aba2-07255673e42b,23c7762d-68a1-441d-a85c-3fa13680b65b,c4,DROP,1016,?,i2,
1769500925.7821777,FORWARDED,292f6fd1-38c3-4c8e-aba2-07255673e42b,23c7762d-68a1-441d-a85c-3fa13680b65b,c4,DROP,1016,?,i2,
1769500925.8313243,SENT,63b87a5c-3886-44dc-b5d4-61aae6c948e9,1d7cea88-ac31-4906-9c9e-98d626d771a8,c5,c2,1768,?,i8,
1769500925.8313677,FORWARDED,63b87a5c-3886-44dc-b5d4-61aae6c948e9,1d7cea88-ac31-4906-9c9e-98d626d771a8,c5,c2,1768,?,i8,
1769500926.0251842,RECEIVED,58220eb5-a1d1-4d8c-8f5f-a65ad26ab4df,89d37cdc-ce5d-4d85-8c8a-4e23608760b4,c2,DROP,1448,p2,?,
1769500926.077842,SENT,58220eb5-a1d1-4d8c-8f5f-a65ad26ab4df,89d37cdc-ce5d-4d85-8c8a-4e23608760b4,c2,DROP,1014,?,i1,
1769500926.0778854,FORWARDED,58220eb5-a1d1-4d8c-8f5f-a65ad26ab4df,89d37cdc-ce5d-4d85-8c8a-4e23608760b4,c2,DROP,1014,?,i1,
1769500926.1369004,SENT,5f038857-8031-4112-9dd9-5480138785cc,b4768936-d53b-49fe-9817-1f9c5a931ab8,c1,DROP,1016,?,i6,
1769500926.1369424,FORWARDED,5f038857-8031-4112-9dd9-5480138785cc,b4768936-d53b-49fe-9817-1f9c5a931ab8,c1,DROP,1016,?,i6,
1769500926.3314586,RECEIVED,a3747d5c-81c1-4489-8eef-a263364e9b0b,7d9a37c5-edfd-49eb-bf08-ceb3b9b3e3b6,c2,DROP,1448,p2,?,
1769500926.378018,RECEIVED,f194f9ef-9530-4d3d-8b52-2b8100e28a8d,263cfbff-f596-4aa0-8b9c-cd5ad3594771,c3,DROP,1447,p3,?,
1769500926.395206,RECEIVED,8b14b56f-6574-4fd0-86ec-96a2dd9f1891,5afe8e24-8372-42c8-8b08-11b96faef374,c4,DROP,1457,p1,?,
1769500926.4548614,SENT,a3747d5c-81c1-4489-8eef-a263364e9b0b,7d9a37c5-edfd-49eb-bf08-ceb3b9b3e3b6,c2,DROP,1012,?,i6,
1769500926.454902,FORWARDED,a3747d5c-81c1-4489-8eef-a263364e9b0b,7d9a37c5-edfd-49eb-bf08-ceb3b9b3e3b6,c2,DROP,1012,?,i6,
1769500926.4876404,SENT,b5575af4-37a3-4a26-91db-a9c761e67ef5,cd07593f-f5c9-4e36-8549-26b110484ac9,c5,c2,1784,?,i7,
1769500926.487682,FORWARDED,b5575af4-37a3-4a26-91db-a9c761e67ef5,cd07593f-f5c9-4e36-8549-26b110484ac9,c5,c2,1784,?,i7,
1769500926.4954145,RECEIVED,5fea454c-696a-4ce8-a96d-84891fef7fc0,ff126bdb-bb76-4fb3-be42-9f539a49c6fb,c1,DROP,440,x4,?,
1769500926.5284603,SENT,972469b1-9ab2-4487-bcbf-cf0a87295639,4639d2ae-86e7-488d-952c-adb4534a0193,c2,DROP,1016,?,i7,
1769500926.5284991,FORWARDED,972469b1-9ab2-4487-bcbf-cf0a87295639,4639d2ae-86e7-488d-952c-adb4534a0193,c2,DROP,1016,?,i7,
1769500926.5679955,RECEIVED,b52a21b2-0ffa-4b6a-a67d-c0367f693102,b20cd404-cd28-4c1a-976c-ba0b0995ba6a,c2,DROP,1441,p2,?,
1769500926.5719569,SENT,8b14b56f-6574-4fd0-86ec-96a2dd9f1891,5afe8e24-8372-42c8-8b08-11b96faef374,c4,DROP,1020,?,i10,
1769500926.5719955,FORWARDED,8b14b56f-6574-4fd0-86ec-96a2dd9f1891,5afe8e24-8372-42c8-8b08-11b96faef374,c4,DROP,1020,?,i10,
1769500926.7285817,SENT,f194f9ef-9530-4d3d-8b52-2b8100e28a8d,263cfbff-f596-4aa0-8b9c-cd5ad3594771,c3,DROP,1012,?,i9,
1769500926.7286224,FORWARDED,f194f9ef-9530-4d3d-8b52-2b8100e28a8d,263cfbff-f596-4aa0-8b9c-cd5ad3594771,c3,DROP,1012,?,i9,
1769500926.7674747,RECEIVED,8481dc5c-13c0-42e4-bf50-028ce8e4fac2,cc996ff3-9804-46f2-9865-323b87671894,c1,None,2223,p1,?,
1769500926.9064336,RECEIVED,09452a6a-bb36-499b-bba7-af770b86dd9f,cb5459a6-c602-4924-83ed-e98deb4d0d83,c4,None,2235,p1,?,
1769500926.9782763,RECEIVED,7bd1ffb9-f9a3-4420-aaa3-4c5608e58617,b4eb159f-bd83-4d60-a70a-e38ebf190f8a,c5,DROP,1439,p2,?,
1769500926.9830449,SENT,b52a21b2-0ffa-4b6a-a67d-c0367f693102,b20cd404-cd28-4c1a-976c-ba0b0995ba6a,c2,DROP,1008,?,i12,
1769500926.9831357,FORWARDED,b52a21b2-0ffa-4b6a-a67d-c0367f693102,b20cd404-cd28-4c1a-976c-ba0b0995ba6a,c2,DROP,1008,?,i12,
1769500927.197726,RECEIVED,e07e8192-a5da-4fec-9d44-62e38fd61be7,fea2e0ad-0fa3-4075-ae47-8d80698b4985,c5,DROP,1440,p2,?,
1769500927.273588,RECEIVED,7b020c0c-d8af-41dc-a964-057ecc69cee9,99420bdd-8bfd-425f-a422-592783292dd1,c4,DROP,1452,p1,?,
1769500927.3208086,RECEIVED,f1dd6f0d-dad4-483d-a6d8-ec6b0bc73631,7bd994b6-6843-4f04-a27f-096f57069927,c2,DROP,1452,p2,?,
1769500927.3593304,RECEIVED,5974b4b6-b3c0-4760-945f-ac81a7281210,ac826545-010c-4006-bfa7-de21297e56c6,c5,None,2229,p2,?,
1769500927.3838003,RECEIVED,bc96f996-40e4-489c-938e-850879eee1e3,3c93db6e-7ea3-4bfa-8828-6dcb2a46d43b,c1,DROP,435,x1,?,
1769500927.4243236,SENT,7bd1ffb9-f9a3-4420-aaa3-4c5608e58617,b4eb159f-bd83-4d60-a70a-e38ebf190f8a,c5,DROP,1007,?,i6,
1769500927.4243767,FORWARDED,7bd1ffb9-f9a3-4420-aaa3-4c5608e58617,b4eb159f-bd83-4d60-a70a-e38ebf190f8a,c5,DROP,1007,?,i6,
1769500927.4410446,SENT,09452a6a-bb36-499b-bba7-af770b86dd9f,cb5459a6-c602-4924-83ed-e98deb4d0d83,c4,None,1603,?,i2,
1769500927.4410899,FORWARDED,09452a6a-bb36-499b-bba7-af770b86dd9f,cb5459a6-c602-4924-83ed-e98deb4d0d83,c4,None,1603,?,i2,
1769500927.4463062,SENT,f1dd6f0d-dad4-483d-a6d8-ec6b0bc73631,7bd994b6-6843-4f04-a27f-096f57069927,c2,DROP,1016,?,i9,
1769500927.446347,FORWARDED,f1dd6f0d-dad4-483d-a6d8-ec6b0bc73631,7bd994b6-6843-4f04-a27f-096f57069927,c2,DROP,1016,?,i9,
1769500927.4545467,RECEIVED,bfc8a326-a17e-4bfb-93fd-d9382f74758f,56b7d4f5-aa0a-4d89-abe3-1423d07d2eb3,c4,c3,2459,p1,?,
1769500927.4644039,SENT,5974b4b6-b3c0-4760-945f-ac81a7281210,ac826545-010c-4006-bfa7-de21297e56c6,c5,None,1599,?,i10,
1769500927.4644477,FORWARDED,5974b4b6-b3c0-4760-945f-ac81a7281210,ac826545-010c-4006-bfa7-de21297e56c6,c5,None,1599,?,i10,
1769500927.474978,SENT,8481dc5c-13c0-42e4-bf50-028ce8e4fac2,cc996ff3-9804-46f2-9865-323b87671894,c1,None,1595,?,i6,
1769500927.475023,FORWARDED,8481dc5c-13c0-42e4-bf50-028ce8e4fac2,cc996ff3-9804-46f2-9865-323b87671894,c1,None,1595,?,i6,
1769500927.5222986,RECEIVED,5d1c7db4-98f5-4c0f-b574-702c173aafe0,f5a3bdce-5df0-4da4-809f-dba76059c5aa,c2,DROP,1447,p2,?,
1769500927.544232,RECEIVED,4b28f8e5-2fa5-441b-ac53-03159f6e7b25,f8239588-4e06-4012-bf34-62051bde8dab,c5,c2,2453,p2,?,
1769500927.6556535,RECEIVED,db7703dd-87d7-4141-9d25-2e1dedd9327a,f4317470-8444-4cca-ba12-101be59cd8b9,c3,DROP,1448,p3,?,
1769500927.7061698,SENT,bfc8a326-a17e-4bfb-93fd-d9382f74758f,56b7d4f5-aa0a-4d89-abe3-1423d07d2eb3,c4,c3,1772,?,i6,
1769500927.7062147,FORWARDED,bfc8a326-a17e-4bfb-93fd-d9382f74758f,56b7d4f5-aa0a-4d89-abe3-1423d07d2eb3,c4,c3,1772,?,i6,
1769500927.7418537,RECEIVED,c8aa5d36-f77b-4bff-bb1a-fd7dbd159a95,ece6558d-dca8-4758-be33-2fe64072d8d9,c4,DROP,441,x8,?,
1769500927.7679763,SENT,7b020c0c-d8af-41dc-a964-057ecc69cee9,99420bdd-8bfd-425f-a422-592783292dd1,c4,DROP,1016,?,i2,
1769500927.7680178,FORWARDED,7b020c0c-d8af-41dc-a964-057ecc69cee9,99420bdd-8bfd-425f-a422-592783292dd1,c4,DROP,1016,?,i2,
1769500927.7875636,SENT,4b28f8e5-2fa5-441b-ac53-03159f6e7b25,f8239588-4e06-4012-bf34-62051bde8dab,c5,c2,1767,?,i11,
1769500927.787599,FORWARDED,4b28f8e5-2fa5-441b-ac53-03159f6e7b25,f8239588-4e06-4012-bf34-62051bde8dab,c5,c2,1767,?,i11,
1769500927.8444564,SENT,db7703dd-87d7-4141-9d25-2e1dedd9327a,f4317470-8444-4cca-ba12-101be59cd8b9,c3,DROP,1012,?,i6,
1769500927.8444958,FORWARDED,db7703dd-87d7-4141-9d25-2e1dedd9327a,f4317470-8444-4cca-ba12-101be59cd8b9,c3,DROP,1012,?,i6,
1769500927.8485959,RECEIVED,61db8dcd-1163-4be3-802d-414f0bcbc546,8862d0b3-f65d-48e6-ac4f-f845e4260ef0,c5,DROP,1438,p2,?,
1769500927.9526603,SENT,e07e8192-a5da-4fec-9d44-62e38fd61be7,fea2e0ad-0fa3-4075-ae47-8d80698b4985,c5,DROP,1008,?,i11,
1769500927.9526975,FORWARDED,e07e8192-a5da-4fec-9d44-62e38fd61be7,fea2e0ad-0fa3-4075-ae47-8d80698b4985,c5,DROP,1008,?,i11,
1769500928.0559883,RECEIVED,3ebfb42e-eac1-42a1-afbe-47540d7c65b9,b45b3a56-49d5-4a7d-87c9-f18cc1ea38c0,c2,c1,2464,p2,?,
1769500928.154509,SENT,3ebfb42e-eac1-42a1-afbe-47540d7c65b9,b45b3a56-49d5-4a7d-87c9-f18cc1ea38c0,c2,c1,1775,?,i8,
1769500928.154549,FORWARDED,3ebfb42e-eac1-42a1-afbe-47540d7c65b9,b45b3a56-49d5-4a7d-87c9-f18cc1ea38c0,c2,c1,1775,?,i8,
1769500928.2750075,RECEIVED,afbf7b62-dd99-4d09-8284-d7258b5bddc9,fb01286e-4c7e-4c21-a5f3-7d82725d4ebe,c5,DROP,442,x12,?,
1769500928.2810264,RECEIVED,9e57cb9f-a50e-45f8-9d5d-626b6e743cdd,5101b65b-5ade-4dd0-bee9-fabdadc331d0,c2,None,2228,p2,?,
1769500928.30623,RECEIVED,b460c3ec-f0b7-4d7e-9a86-d5eb6e91207d,92b45227-c28b-41c3-88c1-42df07a3b499,c5,DROP,442,x11,?,
1769500928.335919,RECEIVED,c54c297b-1979-4606-827d-14e5c756b1b9,6ca37aad-eac6-4057-a81c-74cb330d7871,c5,c2,2464,p2,?,
1769500928.3440392,SENT,5d1c7db4-98f5-4c0f-b574-702c173aafe0,f5a3bdce-5df0-4da4-809f-dba76059c5aa,c2,DROP,1013,?,i5,
1769500928.3440845,FORWARDED,5d1c7db4-98f5-4c0f-b574-702c173aafe0,f5a3bdce-5df0-4da4-809f-dba76059c5aa,c2,DROP,1013,?,i5,
1769500928.38689,SENT,c54c297b-1979-4606-827d-14e5c756b1b9,6ca37aad-eac6-4057-a81c-74cb330d7871,c5,c2,1776,?,i4,
1769500928.3869274,FORWARDED,c54c297b-1979-4606-827d-14e5c756b1b9,6ca37aad-eac6-4057-a81c-74cb330d7871,c5,c2,1776,?,i4,
1769500928.4952648,RECEIVED,f3d0132a-2548-436b-b81d-dd45ad6dca8a,70f00068-0228-4874-946b-6e66a0822d2d,c5,DROP,1451,p2,?,
1769500928.634137,SENT,9e57cb9f-a50e-45f8-9d5d-626b6e743cdd,5101b65b-5ade-4dd0-bee9-fabdadc331d0,c2,None,1599,?,i12,
1769500928.6341753,FORWARDED,9e57cb9f-a50e-45f8-9d5d-626b6e743cdd,5101b65b-5ade-4dd0-bee9-fabdadc331d0,c2,None,1599,?,i12,
1769500928.7935312,RECEIVED,8c1817a1-a3ca-46b1-90a9-8df38af5ba2b,70768dd3-ce1d-40f7-81f3-bdfc099eb41e,c2,None,2249,p2,?,
1769500928.8707054,SENT,8c1817a1-a3ca-46b1-90a9-8df38af5ba2b,70768dd3-ce1d-40f7-81f3-bdfc099eb41e,c2,None,1612,?,i9,
1769500928.8707511,FORWARDED,8c1817a1-a3ca-46b1-90a9-8df38af5ba2b,70768dd3-ce1d-40f7-81f3-bdfc099eb41e,c2,None,1612,?,i9,
1769500929.0098503,RECEIVED,d64704d3-f02e-4098-9edc-2efaf0210190,e4c770a9-a224-4406-896d-82cdd0b0e711,c5,None,2225,p2,?,
1769500929.0740368,SENT,d64704d3-f02e-4098-9edc-2efaf0210190,e4c770a9-a224-4406-896d-82cdd0b0e711,c5,None,1594,?,i4,
1769500929.0740938,FORWARDED,d64704d3-f02e-4098-9edc-2efaf0210190,e4c770a9-a224-4406-896d-82cdd0b0e711,c5,None,1594,?,i4,
1769500929.087928,RECEIVED,a5ac1be4-540b-4f73-9519-a9c374f4d331,79b19e11-52d2-4e41-9047-1cdd791edcac,c1,DROP,1453,p1,?,
1769500929.1531217,RECEIVED,ff5df076-a587-460c-adc4-bb53b4c09873,37881fe8-5223-48e9-86b6-e63ab315fcab,c4,c3,2461,p1,?,
1769500929.1770148,SENT,a5ac1be4-540b-4f73-9519-a9c374f4d331,79b19e11-52d2-4e41-9047-1cdd791edcac,c1,DROP,1016,?,i10,
1769500929.1770835,FORWARDED,a5ac1be4-540b-4f73-9519-a9c374f4d331,79b19e11-52d2-4e41-9047-1cdd791edcac,c1,DROP,1016,?,i10,
1769500929.2157671,RECEIVED,a6451a93-8c3a-4d24-9781-5ca090aa1737,ae596e8d-561f-4485-a2d0-80a6352ff006,c5,DROP,1438,p2,?,
1769500929.2746966,SENT,ff5df076-a587-460c-adc4-bb53b4c09873,37881fe8-5223-48e9-86b6-e63ab315fcab,c4,c3,1773,?,i12,
1769500929.2747386,FORWARDED,ff5df076-a587-460c-adc4-bb53b4c09873,37881fe8-5223-48e9-86b6-e63ab315fcab,c4,c3,1773,?,i12,
1769500929.308649,RECEIVED,abb9c962-ce1e-49c0-8271-5a2b124ea8e4,3abf90cf-0377-4acf-b81c-252b7117d35d,c4,DROP,1440,p1,?,
1769500929.4096093,RECEIVED,e678f580-1aa8-432c-8b22-bebd3edb80fc,1f45febd-eeff-4fc8-b283-108a8d8eb889,c4,None,2232,p1,?,
1769500929.4412236,RECEIVED,4692eded-1892-40e0-899a-01fc10400909,7809ac01-342c-4663-8e2e-2debf0d168c7,c3,DROP,1452,p3,?,
1769500929.5107207,RECEIVED,86f3510b-e980-4755-9d44-65e6564b5c63,164f3d6c-acd4-4d34-9d43-f0fd1665c600,c2,None,2212,p2,?,
1769500929.5449502,RECEIVED,ed9fdbb9-5882-4753-bf1f-723cc2bb78ba,f2ffd275-2824-437a-bc9f-a777d8ad2b23,c2,None,2235,p2,?,
1769500929.5896509,SENT,86f3510b-e980-4755-9d44-65e6564b5c63,164f3d6c-acd4-4d34-9d43-f0fd1665c600,c2,None,1586,?,i9,
1769500929.589691,FORWARDED,86f3510b-e980-4755-9d44-65e6564b5c63,164f3d6c-acd4-4d34-9d43-f0fd1665c600,c2,None,1586,?,i9,
1769500929.6044955,SENT,abb9c962-ce1e-49c0-8271-5a2b124ea8e4,3abf90cf-0377-4acf-b81c-252b7117d35d,c4,DROP,1008,?,i5,
1769500929.6045387,FORWARDED,abb9c962-ce1e-49c0-8271-5a2b124ea8e4,3abf90cf-0377-4acf-b81c-252b7117d35d,c4,DROP,1008,?,i5,
1769500929.6506774,RECEIVED,9c3e6215-56f0-48fa-a3ea-2d487ad2bd3a,29c9fa9e-29a7-4a7b-9da8-b3e005b1376f,c5,DROP,1452,p2,?,
1769500929.672618,SENT,61db8dcd-1163-4be3-802d-414f0bcbc546,8862d0b3-f65d-48e6-ac4f-f845e4260ef0,c5,DROP,1008,?,i8,
1769500929.6727698,FORWARDED,61db8dcd-1163-4be3-802d-414f0bcbc546,8862d0b3-f65d-48e6-ac4f-f845e4260ef0,c5,DROP,1008,?,i8,
1769500929.6819892,SENT,e678f580-1aa8-432c-8b22-bebd3edb80fc,1f45febd-eeff-4fc8-b283-108a8d8eb889,c4,None,1600,?,i6,
1769500929.6820297,FORWARDED,e678f580-1aa8-432c-8b22-bebd3edb80fc,1f45febd-eeff-4fc8-b283-108a8d8eb889,c4,None,1600,?,i6,
1769500929.6835282,RECEIVED,5758694d-26a0-4ee6-aba6-02d31981d40d,5220e7c9-2e43-4e4c-bbd5-e7031c51e584,c2,None,2239,p2,?,
1769500929.6952217,RECEIVED,f1e5ec6f-208e-47ed-aafa-0c138b32cbbb,40be3388-12ce-4076-92db-b3b6581ca882,c5,c2,2449,p2,?,
1769500929.756516,SENT,f1e5ec6f-208e-47ed-aafa-0c138b32cbbb,40be3388-12ce-4076-92db-b3b6581ca882,c5,c2,1764,?,i4,
1769500929.7565536,FORWARDED,f1e5ec6f-208e-47ed-aafa-0c138b32cbbb,40be3388-12ce-4076-92db-b3b6581ca882,c5,c2,1764,?,i4,
1769500929.759436,SENT,9c3e6215-56f0-48fa-a3ea-2d487ad2bd3a,29c9fa9e-29a7-4a7b-9da8-b3e005b1376f,c5,DROP,1017,?,i5,
1769500929.759477,FORWARDED,9c3e6215-56f0-48fa-a3ea-2d487ad2bd3a,29c9fa9e-29a7-4a7b-9da8-b3e005b1376f,c5,DROP,1017,?,i5,
1769500929.8301396,SENT,4692eded-1892-40e0-899a-01fc10400909,7809ac01-342c-4663-8e2e-2debf0d168c7,c3,DROP,1015,?,i8,
1769500929.8301818,FORWARDED,4692eded-1892-40e0-899a-01fc10400909,7809ac01-342c-4663-8e2e-2debf0d168c7,c3,DROP,1015,?,i8,
1769500929.864355,RECEIVED,5a1bf4d1-7189-4a58-8dd7-791e1f3fcefc,66ef48e6-b458-4ea8-963f-d67b012b622e,c5,DROP,1443,p2,?,
1769500929.9544637,RECEIVED,d2a04317-3777-4ac4-b350-250dacc3e9b7,9640f271-3dae-4323-b0bb-440de0df04d2,c1,None,2233,p1,?,
1769500929.97033,RECEIVED,d4c5f7a2-174b-4265-b009-04758cf5eda8,2a0ae6e6-1f3f-4d83-a88c-b132ece7258d,c5,c2,2460,p2,?,
1769500929.9982412,SENT,5758694d-26a0-4ee6-aba6-02d31981d40d,5220e7c9-2e43-4e4c-bbd5-e7031c51e584,c2,None,1608,?,i8,
1769500929.9982853,FORWARDED,5758694d-26a0-4ee6-aba6-02d31981d40d,5220e7c9-2e43-4e4c-bbd5-e7031c51e584,c2,None,1608,?,i8,
1769500930.0149508,SENT,d2a04317-3777-4ac4-b350-250dacc3e9b7,9640f271-3dae-4323-b0bb-440de0df04d2,c1,None,1600,?,i5,
1769500930.014989,FORWARDED,d2a04317-3777-4ac4-b350-250dacc3e9b7,9640f271-3dae-4323-b0bb-440de0df04d2,c1,None,1600,?,i5,
1769500930.0381222,RECEIVED,e45bd19b-5f71-463c-afc8-b510f2974820,74a8ebfc-3cdd-483f-bf55-a2dcefad83bb,c1,DROP,1442,p1,?,
1769500930.0862339,RECEIVED,f84ad0c9-e1d1-46e4-a7c4-39c8c93b3727,e55704fd-9c5b-4452-ae19-9aaa2a90ce4a,c3,DROP,1439,p3,?,
1769500930.0976288,SENT,d4c5f7a2-174b-4265-b009-04758cf5eda8,2a0ae6e6-1f3f-4d83-a88c-b132ece7258d,c5,c2,1773,?,i1,
1769500930.0976703,FORWARDED,d4c5f7a2-174b-4265-b009-04758cf5eda8,2a0ae6e6-1f3f-4d83-a88c-b132ece7258d,c5,c2,1773,?,i1,
1769500930.1297805,RECEIVED,2fc34c56-fe45-4303-b525-5bf02d7c7493,b524f047-6943-41b4-ae7b-a7a5fbf02b15,c5,DROP,1441,p2,?,
1769500930.1461418,RECEIVED,97739dac-754b-41a0-8622-1585659063ae,8376724a-cdea-4d10-ba85-c89e2f1850a7,c1,DROP,1452,p1,?,
1769500930.1995623,SENT,2fc34c56-fe45-4303-b525-5bf02d7c7493,b524f047-6943-41b4-ae7b-a7a5fbf02b15,c5,DROP,1007,?,i7,
1769500930.1996028,FORWARDED,2fc34c56-fe45-4303-b525-5bf02d7c7493,b524f047-6943-41b4-ae7b-a7a5fbf02b15,c5,DROP,1007,?,i7,
1769500930.2689593,SENT,5a1bf4d1-7189-4a58-8dd7-791e1f3fcefc,66ef48e6-b458-4ea8-963f-d67b012b622e,c5,DROP,1009,?,i4,
1769500930.2690597,FORWARDED,5a1bf4d1-7189-4a58-8dd7-791e1f3fcefc,66ef48e6-b458-4ea8-963f-d67b012b622e,c5,DROP,1009,?,i4,
1769500930.3300645,RECEIVED,d5b52393-c2d4-4616-82a5-fe7e9f94e56e,d024523b-dd66-4a84-a2d7-6912606b43af,c4,None,2235,p1,?,
1769500930.3726254,RECEIVED,32e3c0a8-0c67-4968-9f9c-b3d61909bf49,b7c164ee-2eb4-4be1-ba8e-33354ddd8f8b,c2,c1,2464,p2,?,
1769500930.373464,SENT,d5b52393-c2d4-4616-82a5-fe7e9f94e56e,d024523b-dd66-4a84-a2d7-6912606b43af,c4,None,1600,?,i12,
1769500930.3735032,FORWARDED,d5b52393-c2d4-4616-82a5-fe7e9f94e56e,d024523b-dd66-4a84-a2d7-6912606b43af,c4,None,1600,?,i12,
1769500930.3896565,RECEIVED,74667d2e-6c0e-41cf-bb9d-e9fb75926410,9e01ba04-5652-4527-bdfb-8492a3c08cde,c1,None,2231,p1,?,
1769500930.3914263,RECEIVED,aa904b80-a07d-4822-9d37-a4f3c2f4dcc4,35735825-227e-44cf-b986-d3de455abdeb,c1,DROP,442,x4,?,
1769500930.4118676,SENT,f3d0132a-2548-436b-b81d-dd45ad6dca8a,70f00068-0228-4874-946b-6e66a0822d2d,c5,DROP,1016,?,i5,
1769500930.4119084,FORWARDED,f3d0132a-2548-436b-b81d-dd45ad6dca8a,70f00068-0228-4874-946b-6e66a0822d2d,c5,DROP,1016,?,i5,
1769500930.423189,SENT,32e3c0a8-0c67-4968-9f9c-b3d61909bf49,b7c164ee-2eb4-4be1-ba8e-33354ddd8f8b,c2,c1,1776,?,i6,
1769500930.4232285,FORWARDED,32e3c0a8-0c67-4968-9f9c-b3d61909bf49,b7c164ee-2eb4-4be1-ba8e-33354ddd8f8b,c2,c1,1776,?,i6,
1769500930.4317353,SENT,ed9fdbb9-5882-4753-bf1f-723cc2bb78ba,f2ffd275-2824-437a-bc9f-a777d8ad2b23,c2,None,1604,?,i4,
1769500930.4317882,FORWARDED,ed9fdbb9-5882-4753-bf1f-723cc2bb78ba,f2ffd275-2824-437a-bc9f-a777d8ad2b23,c2,None,1604,?,i4,
1769500930.4457314,SENT,97739dac-754b-41a0-8622-1585659063ae,8376724a-cdea-4d10-ba85-c89e2f1850a7,c1,DROP,1015,?,i12,
1769500930.4457743,FORWARDED,97739dac-754b-41a0-8622-1585659063ae,8376724a-cdea-4d10-ba85-c89e2f1850a7,c1,DROP,1015,?,i12,
1769500930.5185096,RECEIVED,e5e351cc-f458-4d22-9498-ff3196155ca3,d726ff5e-3f36-467d-b500-57f1fb87717e,c1,DROP,1435,p1,?,
1769500930.644161,SENT,e45bd19b-5f71-463c-afc8-b510f2974820,74a8ebfc-3cdd-483f-bf55-a2dcefad83bb,c1,DROP,1011,?,i8,
1769500930.6442027,FORWARDED,e45bd19b-5f71-463c-afc8-b510f2974820,74a8ebfc-3cdd-483f-bf55-a2dcefad83bb,c1,DROP,1011,?,i8,
1769500930.711094,SENT,a6451a93-8c3a-4d24-9781-5ca090aa1737,ae596e8d-561f-4485-a2d0-80a6352ff006,c5,DROP,1007,?,i3,
1769500930.7111425,FORWARDED,a6451a93-8c3a-4d24-9781-5ca090aa1737,ae596e8d-561f-4485-a2d0-80a6352ff006,c5,DROP,1007,?,i3,
1769500930.7862387,SENT,f84ad0c9-e1d1-46e4-a7c4-39c8c93b3727,e55704fd-9c5b-4452-ae19-9aaa2a90ce4a,c3,DROP,1007,?,i7,
1769500930.7862794,FORWARDED,f84ad0c9-e1d1-46e4-a7c4-39c8c93b3727,e55704fd-9c5b-4452-ae19-9aaa2a90ce4a,c3,DROP,1007,?,i7,
1769500930.8183286,RECEIVED,0e1a6e04-449d-4fe9-a208-49ba70e7f39b,2419096e-be98-45fd-92d6-1ac21f3ebdda,c1,DROP,1443,p1,?,
1769500930.8494668,RECEIVED,24bf0078-1d34-4768-bd62-f68508804235,f89c3704-2234-4eeb-a2c3-a69dcd87d768,c1,DROP,1448,p1,?,
1769500930.8562338,SENT,74667d2e-6c0e-41cf-bb9d-e9fb75926410,9e01ba04-5652-4527-bdfb-8492a3c08cde,c1,None,1600,?,i7,
1769500930.856276,FORWARDED,74667d2e-6c0e-41cf-bb9d-e9fb75926410,9e01ba04-5652-4527-bdfb-8492a3c08cde,c1,None,1600,?,i7,
1769500930.9578786,SENT,e5e351cc-f458-4d22-9498-ff3196155ca3,d726ff5e-3f36-467d-b500-57f1fb87717e,c1,DROP,1003,?,i5,
1769500930.9579208,FORWARDED,e5e351cc-f458-4d22-9498-ff3196155ca3,d726ff5e-3f36-467d-b500-57f1fb87717e,c1,DROP,1003,?,i5,
1769500931.045229,RECEIVED,eac7881c-b4d1-442b-939f-b49f14b64b3a,17996dea-9e65-45db-8e77-07a3c69fdfed,c4,c3,2472,p1,?,
1769500931.0596704,SENT,eac7881c-b4d1-442b-939f-b49f14b64b3a,17996dea-9e65-45db-8e77-07a3c69fdfed,c4,c3,1780,?,i4,
1769500931.0597122,FORWARDED,eac7881c-b4d1-442b-939f-b49f14b64b3a,17996dea-9e65-45db-8e77-07a3c69fdfed,c4,c3,1780,?,i4,
1769500931.0751746,RECEIVED,1f33179d-27ed-4731-bb6b-cdeeb6f8e4b3,1094a83c-b6aa-47d1-8b93-27ba1431b29d,c2,DROP,1439,p2,?,
1769500931.2182426,SENT,1f33179d-27ed-4731-bb6b-cdeeb6f8e4b3,1094a83c-b6aa-47d1-8b93-27ba1431b29d,c2,DROP,1007,?,i1,
1769500931.2182844,FORWARDED,1f33179d-27ed-4731-bb6b-cdeeb6f8e4b3,1094a83c-b6aa-47d1-8b93-27ba1431b29d,c2,DROP,1007,?,i1,
1769500931.2702856,RECEIVED,261abf5d-c130-4ab3-bc41-936f62a5302e,73648c3e-cf3e-4d33-960f-445ca0a1772d,c2,DROP,1439,p2,?,
1769500931.2896996,RECEIVED,47e61449-f126-4d47-adf6-9ee122cc529e,21787376-5920-4e39-a9b6-e6837d5bcefd,c2,DROP,1458,p2,?,
1769500931.3110783,RECEIVED,8a4db3f4-1ac4-447b-b100-cf250244fdcf,191eaa8b-7461-4b3d-a3a7-70650d4933f7,c2,c1,2477,p2,?,
1769500931.3430843,SENT,47e61449-f126-4d47-adf6-9ee122cc529e,21787376-5920-4e39-a9b6-e6837d5bcefd,c2,DROP,1020,?,i11,
1769500931.3431299,FORWARDED,47e61449-f126-4d47-adf6-9ee122cc529e,21787376-5920-4e39-a9b6-e6837d5bcefd,c2,DROP,1020,?,i11,
1769500931.3709812,SENT,0e1a6e04-449d-4fe9-a208-49ba70e7f39b,2419096e-be98-45fd-92d6-1ac21f3ebdda,c1,DROP,1011,?,i6,
1769500931.3710237,FORWARDED,0e1a6e04-449d-4fe9-a208-49ba70e7f39b,2419096e-be98-45fd-92d6-1ac21f3ebdda,c1,DROP,1011,?,i6,
1769500931.5437996,SENT,8a4db3f4-1ac4-447b-b100-cf250244fdcf,191eaa8b-7461-4b3d-a3a7-70650d4933f7,c2,c1,1783,?,i10,
1769500931.5438392,FORWARDED,8a4db3f4-1ac4-447b-b100-cf250244fdcf,191eaa8b-7461-4b3d-a3a7-70650d4933f7,c2,c1,1783,?,i10,
1769500931.5611057,RECEIVED,7acf4836-6a27-4781-bedb-5a529698331a,12add55e-d5fd-4c48-b327-0ab0db0b4092,c2,c1,2464,p2,?,
1769500931.6611094,RECEIVED,cdfb4310-42bf-49b6-adba-1e96b5abef21,7940544b-ded7-4d71-9b6c-a47c0be3d0e1,c3,c4,2451,p3,?,
1769500931.7124033,SENT,7acf4836-6a27-4781-bedb-5a529698331a,12add55e-d5fd-4c48-b327-0ab0db0b4092,c2,c1,1776,?,i10,
1769500931.7124493,FORWARDED,7acf4836-6a27-4781-bedb-5a529698331a,12add55e-d5fd-4c48-b327-0ab0db0b4092,c2,c1,1776,?,i10,
1769500931.7234027,RECEIVED,b69571b5-6748-4b4f-bbd8-4e8109c87908,5cd4199a-0a3a-4454-bf15-082374c42758,c4,c3,2475,p1,?,
1769500931.7662663,RECEIVED,ec296e7a-f143-42cd-88ab-5094a3ee7c8a,2296c82e-3f67-4070-b499-e17a9c7add83,c2,DROP,1444,p2,?,
1769500931.7869275,SENT,261abf5d-c130-4ab3-bc41-936f62a5302e,73648c3e-cf3e-4d33-960f-445ca0a1772d,c2,DROP,1008,?,i8,
1769500931.7869701,FORWARDED,261abf5d-c130-4ab3-bc41-936f62a5302e,73648c3e-cf3e-4d33-960f-445ca0a1772d,c2,DROP,1008,?,i8,
1769500931.8334653,RECEIVED,fb41e344-16c2-4550-9c98-ecdb6211e567,1d9fbaca-3e03-4c9c-9891-2bd7779eeb82,c3,DROP,441,x5,?,
1769500931.8414452,SENT,ec296e7a-f143-42cd-88ab-5094a3ee7c8a,2296c82e-3f67-4070-b499-e17a9c7add83,c2,DROP,1009,?,i5,
1769500931.8414874,FORWARDED,ec296e7a-f143-42cd-88ab-5094a3ee7c8a,2296c82e-3f67-4070-b499-e17a9c7add83,c2,DROP,1009,?,i5,
1769500931.8708098,SENT,cdfb4310-42bf-49b6-adba-1e96b5abef21,7940544b-ded7-4d71-9b6c-a47c0be3d0e1,c3,c4,1767,?,i3,
1769500931.8709211,FORWARDED,cdfb4310-42bf-49b6-adba-1e96b5abef21,7940544b-ded7-4d71-9b6c-a47c0be3d0e1,c3,c4,1767,?,i3,
1769500932.05878,RECEIVED,b00f4a36-c441-4485-822d-facf9e857b45,14d93399-e7c8-4a0c-9866-301e58645d87,c1,c5,2460,p1,?,
1769500932.2684517,SENT,24bf0078-1d34-4768-bd62-f68508804235,f89c3704-2234-4eeb-a2c3-a69dcd87d768,c1,DROP,1014,?,i11,
1769500932.2685192,FORWARDED,24bf0078-1d34-4768-bd62-f68508804235,f89c3704-2234-4eeb-a2c3-a69dcd87d768,c1,DROP,1014,?,i11,
1769500932.3754554,RECEIVED,ad979e18-3b97-4b4a-a80d-d9aa4315cfd3,859184a5-a1be-4813-81d4-9c280c772b33,c3,DROP,1451,p3,?,
1769500932.4445581,SENT,b69571b5-6748-4b4f-bbd8-4e8109c87908,5cd4199a-0a3a-4454-bf15-082374c42758,c4,c3,1785,?,i8,
1769500932.444598,FORWARDED,b69571b5-6748-4b4f-bbd8-4e8109c87908,5cd4199a-0a3a-4454-bf15-082374c42758,c4,c3,1785,?,i8,
1769500932.554898,SENT,ad979e18-3b97-4b4a-a80d-d9aa4315cfd3,859184a5-a1be-4813-81d4-9c280c772b33,c3,DROP,1015,?,i5,
1769500932.5549397,FORWARDED,ad979e18-3b97-4b4a-a80d-d9aa4315cfd3,859184a5-a1be-4813-81d4-9c280c772b33,c3,DROP,1015,?,i5,
1769500932.7719443,RECEIVED,e3259c25-5f7a-4e42-9f77-92749bd529c7,8eab395a-5af3-479b-9b23-c865b9e53008,c5,DROP,1439,p2,?,
1769500933.054958,SENT,b00f4a36-c441-4485-822d-facf9e857b45,14d93399-e7c8-4a0c-9866-301e58645d87,c1,c5,1772,?,i11,
1769500933.0549974,FORWARDED,b00f4a36-c441-4485-822d-facf9e857b45,14d93399-e7c8-4a0c-9866-301e58645d87,c1,c5,1772,?,i11,
1769500933.1145234,RECEIVED,09d10ef5-b337-4034-8601-e97dc714c9be,ca02d1a1-2057-48b8-b287-da9ae3ec1223,c1,None,2239,p1,?,
1769500933.1595752,RECEIVED,5ade9208-0e7e-4072-a496-c26976c0b2fb,371277b8-adc8-4ca1-9209-fa2cf3aaf164,c4,DROP,1440,p1,?,
1769500933.357534,RECEIVED,cb5a2eac-e84e-47ce-86a3-7a40980b10e7,768bb810-d87d-4e81-b38b-e481b3c656f2,c4,DROP,1436,p1,?,
1769500933.3626306,SENT,e3259c25-5f7a-4e42-9f77-92749bd529c7,8eab395a-5af3-479b-9b23-c865b9e53008,c5,DROP,1007,?,i5,
1769500933.3626719,FORWARDED,e3259c25-5f7a-4e42-9f77-92749bd529c7,8eab395a-5af3-479b-9b23-c865b9e53008,c5,DROP,1007,?,i5,
1769500933.4825017,RECEIVED,9763b7bc-216b-43b2-9bd0-775c0309b84b,3cbb9654-e1a7-4a9f-92ec-27904ec8e73e,c3,DROP,446,x2,?,
1769500933.5548766,RECEIVED,ceec96b4-0c0d-413b-9c5e-ead62ae469ca,0f261e2b-48fc-49c6-a798-3f6b99bfe8f1,c2,DROP,1451,p2,?,
1769500933.5753343,SENT,cb5a2eac-e84e-47ce-86a3-7a40980b10e7,768bb810-d87d-4e81-b38b-e481b3c656f2,c4,DROP,1005,?,i1,
1769500933.575376,FORWARDED,cb5a2eac-e84e-47ce-86a3-7a40980b10e7,768bb810-d87d-4e81-b38b-e481b3c656f2,c4,DROP,1005,?,i1,
1769500933.5888689,RECEIVED,b48882e2-6f6f-400f-a1cd-6da388883f40,c9a9134f-2722-4298-af29-147e5f22bba6,c4,DROP,1440,p1,?,
1769500933.602999,RECEIVED,507f841d-a828-4e45-b0e2-8eb11bcc7838,5e759a3c-0b94-4138-916a-d1ad72a6a398,c5,DROP,1438,p2,?,
1769500933.628293,SENT,5ade9208-0e7e-4072-a496-c26976c0b2fb,371277b8-adc8-4ca1-9209-fa2cf3aaf164,c4,DROP,1008,?,i1,
1769500933.6283357,FORWARDED,5ade9208-0e7e-4072-a496-c26976c0b2fb,371277b8-adc8-4ca1-9209-fa2cf3aaf164,c4,DROP,1008,?,i1,
1769500933.7236595,SENT,b48882e2-6f6f-400f-a1cd-6da388883f40,c9a9134f-2722-4298-af29-147e5f22bba6,c4,DROP,1008,?,i5,
1769500933.723708,FORWARDED,b48882e2-6f6f-400f-a1cd-6da388883f40,c9a9134f-2722-4298-af29-147e5f22bba6,c4,DROP,1008,?,i5,
1769500933.7549973,SENT,09d10ef5-b337-4034-8601-e97dc714c9be,ca02d1a1-2057-48b8-b287-da9ae3ec1223,c1,None,1608,?,i9,
1769500933.7550402,FORWARDED,09d10ef5-b337-4034-8601-e97dc714c9be,ca02d1a1-2057-48b8-b287-da9ae3ec1223,c1,None,1608,?,i9,
1769500933.8378246,RECEIVED,970b8dcc-8cf2-4749-b074-45fc19bca649,3d85682f-6f1d-47d1-9cf7-7b416fa9e538,c1,DROP,1444,p1,?,
1769500933.867179,RECEIVED,9a62faff-0467-43d8-9026-2a268931e6cb,637a07d6-47ba-4f47-a09c-6e66f88492f7,c3,None,2231,p3,?,
1769500933.896329,RECEIVED,a9c055a9-4873-4a3d-bc86-e00accb22448,b239d0f0-a213-4056-8ef8-ab9143f15921,c2,DROP,1440,p2,?,
1769500933.9269605,RECEIVED,ffbfd296-1028-4f8b-83a6-d8025ada1152,72b594f3-c15a-4ca0-a76b-c62cd63171f9,c4,DROP,441,x6,?,
1769500933.9662173,RECEIVED,e51a059f-d65d-420b-974c-b6db7c091276,a764878a-3483-44f1-9389-38367bc5ec15,c5,DROP,446,x12,?,
1769500933.9773703,SENT,970b8dcc-8cf2-4749-b074-45fc19bca649,3d85682f-6f1d-47d1-9cf7-7b416fa9e538,c1,DROP,1011,?,i5,
1769500933.9774091,FORWARDED,970b8dcc-8cf2-4749-b074-45fc19bca649,3d85682f-6f1d-47d1-9cf7-7b416fa9e538,c1,DROP,1011,?,i5,
1769500934.0231512,RECEIVED,d75f6a52-17f6-4382-8fe5-60e7873f5f95,3a8532a5-229a-4fc8-b721-8415ac1de624,c2,DROP,1456,p2,?,
1769500934.082001,RECEIVED,3c52f58a-5c67-4ccf-b9a7-a5a59993d279,333b85de-1e55-46d9-8eea-c9532e161076,c3,c4,2468,p3,?,
1769500934.1324217,SENT,a9c055a9-4873-4a3d-bc86-e00accb22448,b239d0f0-a213-4056-8ef8-ab9143f15921,c2,DROP,1007,?,i10,
1769500934.1324627,FORWARDED,a9c055a9-4873-4a3d-bc86-e00accb22448,b239d0f0-a213-4056-8ef8-ab9143f15921,c2,DROP,1007,?,i10,
1769500934.2031097,SENT,d75f6a52-17f6-4382-8fe5-60e7873f5f95,3a8532a5-229a-4fc8-b721-8415ac1de624,c2,DROP,1020,?,i3,
1769500934.203204,FORWARDED,d75f6a52-17f6-4382-8fe5-60e7873f5f95,3a8532a5-229a-4fc8-b721-8415ac1de624,c2,DROP,1020,?,i3,
1769500934.2292278,SENT,ceec96b4-0c0d-413b-9c5e-ead62ae469ca,0f261e2b-48fc-49c6-a798-3f6b99bfe8f1,c2,DROP,1015,?,i6,
1769500934.2292714,FORWARDED,ceec96b4-0c0d-413b-9c5e-ead62ae469ca,0f261e2b-48fc-49c6-a798-3f6b99bfe8f1,c2,DROP,1015,?,i6,
1769500934.520549,SENT,3c52f58a-5c67-4ccf-b9a7-a5a59993d279,333b85de-1e55-46d9-8eea-c9532e161076,c3,c4,1779,?,i12,
1769500934.520591,FORWARDED,3c52f58a-5c67-4ccf-b9a7-a5a59993d279,333b85de-1e55-46d9-8eea-c9532e161076,c3,c4,1779,?,i12,
1769500934.5482683,SENT,507f841d-a828-4e45-b0e2-8eb11bcc7838,5e759a3c-0b94-4138-916a-d1ad72a6a398,c5,DROP,1008,?,i2,
1769500934.548312,FORWARDED,507f841d-a828-4e45-b0e2-8eb11bcc7838,5e759a3c-0b94-4138-916a-d1ad72a6a398,c5,DROP,1008,?,i2,
1769500934.5534537,RECEIVED,356984ce-ed1b-4283-a806-c2d5110b7929,fcc9ee7a-49e1-4b2e-ab06-4f7258a1c6e5,c1,DROP,1448,p1,?,
1769500934.5688193,RECEIVED,fb13bc3b-57cc-4381-ad81-750a95ed9494,53df59fa-b4cf-4f62-956d-00c52d4a09f2,c3,None,2227,p3,?,
1769500934.5792625,RECEIVED,f71b8d0d-3b48-4741-b9c3-19944aae17d2,f79e53cd-17e8-407f-b6d1-b1605ae53fc4,c5,DROP,441,x5,?,
1769500934.6897342,SENT,356984ce-ed1b-4283-a806-c2d5110b7929,fcc9ee7a-49e1-4b2e-ab06-4f7258a1c6e5,c1,DROP,1014,?,i2,
1769500934.6897755,FORWARDED,356984ce-ed1b-4283-a806-c2d5110b7929,fcc9ee7a-49e1-4b2e-ab06-4f7258a1c6e5,c1,DROP,1014,?,i2,
1769500934.7816405,SENT,fb13bc3b-57cc-4381-ad81-750a95ed9494,53df59fa-b4cf-4f62-956d-00c52d4a09f2,c3,None,1599,?,i1,
1769500934.781682,FORWARDED,fb13bc3b-57cc-4381-ad81-750a95ed9494,53df59fa-b4cf-4f62-956d-00c52d4a09f2,c3,None,1599,?,i1,
1769500934.8276496,RECEIVED,26c333f0-a075-479f-9bf5-72f6c2d0333b,dfc12785-0d96-49bf-8075-066f808bd8a2,c4,c3,2463,p1,?,
1769500934.8755057,RECEIVED,96072cf5-6dd1-4bc7-8166-82008b4a7ce3,5da24582-476a-4bd1-892d-64e0612f3c60,c2,DROP,442,x10,?,
1769500934.9879262,SENT,26c333f0-a075-479f-9bf5-72f6c2d0333b,dfc12785-0d96-49bf-8075-066f808bd8a2,c4,c3,1775,?,i1,
1769500934.9879704,FORWARDED,26c333f0-a075-479f-9bf5-72f6c2d0333b,dfc12785-0d96-49bf-8075-066f808bd8a2,c4,c3,1775,?,i1,
1769500935.0053837,SENT,9a62faff-0467-43d8-9026-2a268931e6cb,637a07d6-47ba-4f47-a09c-6e66f88492f7,c3,None,1602,?,i7,
1769500935.005436,FORWARDED,9a62faff-0467-43d8-9026-2a268931e6cb,637a07d6-47ba-4f47-a09c-6e66f88492f7,c3,None,1602,?,i7,
1769500935.0199082,RECEIVED,92669451-6011-4899-98f4-3ef336dbbe58,ef50ded9-4332-4771-80ba-1cba7667edc8,c5,None,2223,p2,?,
1769500935.1235614,SENT,92669451-6011-4899-98f4-3ef336dbbe58,ef50ded9-4332-4771-80ba-1cba7667edc8,c5,None,1596,?,i9,
1769500935.124002,FORWARDED,92669451-6011-4899-98f4-3ef336dbbe58,ef50ded9-4332-4771-80ba-1cba7667edc8,c5,None,1596,?,i9,
1769500935.1398516,RECEIVED,ec246e97-c46b-4002-bc43-945935d8b316,c09631f3-7c7f-4632-89c3-8e3ba88c3165,c2,DROP,1441,p2,?,
1769500935.163727,SENT,ec246e97-c46b-4002-bc43-945935d8b316,c09631f3-7c7f-4632-89c3-8e3ba88c3165,c2,DROP,1007,?,i12,
1769500935.1637666,FORWARDED,ec246e97-c46b-4002-bc43-945935d8b316,c09631f3-7c7f-4632-89c3-8e3ba88c3165,c2,DROP,1007,?,i12,
1769500935.7712152,RECEIVED,ff325c10-641c-42c9-b338-ca580d34f330,fb4d23f7-1887-408c-a505-bab27806587b,c4,DROP,1443,p1,?,
1769500935.9507284,RECEIVED,6995d93c-e69e-4954-a963-c5c8447afa31,9328273b-77d2-41b4-9fd4-176a58fecd5c,c5,DROP,441,x8,?,
1769500935.966617,RECEIVED,8b939b47-1179-4dcd-a90d-175d8143de5d,fe4ec55f-1323-433a-bcda-b4bbaec3a6a1,c5,c2,2469,p2,?,
1769500936.022229,SENT,8b939b47-1179-4dcd-a90d-175d8143de5d,fe4ec55f-1323-433a-bcda-b4bbaec3a6a1,c5,c2,1777,?,i7,
1769500936.0222712,FORWARDED,8b939b47-1179-4dcd-a90d-175d8143de5d,fe4ec55f-1323-433a-bcda-b4bbaec3a6a1,c5,c2,1777,?,i7,
1769500936.076842,RECEIVED,23d0a0b3-3671-4617-8add-b6d47cf38b77,56448750-cc07-4b86-aea1-14d0729c980d,c4,DROP,1461,p1,?,
1769500936.1654053,RECEIVED,615ea366-aba0-4e28-ab3c-cb0e871fbb15,74e3712b-2cf2-4ead-a90e-7043f4d66a8d,c5,DROP,1439,p2,?,
1769500936.1786964,SENT,ff325c10-641c-42c9-b338-ca580d34f330,fb4d23f7-1887-408c-a505-bab27806587b,c4,DROP,1011,?,i2,
1769500936.1787403,FORWARDED,ff325c10-641c-42c9-b338-ca580d34f330,fb4d23f7-1887-408c-a505-bab27806587b,c4,DROP,1011,?,i2,
1769500936.2255766,RECEIVED,69d777c0-2b48-4fdb-b2c5-9c40e5078e3c,f73bad43-0563-4bc7-922d-801ed467d604,c4,DROP,1440,p1,?,
1769500936.3230212,SENT,23d0a0b3-3671-4617-8add-b6d47cf38b77,56448750-cc07-4b86-aea1-14d0729c980d,c4,DROP,1022,?,i10,
1769500936.3230822,FORWARDED,23d0a0b3-3671-4617-8add-b6d47cf38b77,56448750-cc07-4b86-aea1-14d0729c980d,c4,DROP,1022,?,i10,
1769500936.4120789,RECEIVED,c0c44ccd-3fa3-4912-951e-673f95f63ee0,ae8376bb-0e02-43a9-a778-d2f581f33222,c3,DROP,441,x9,?,
1769500936.4521978,RECEIVED,15751426-a6dd-4b45-9217-f34fc5b465d7,20ebad5f-0769-4ca0-9d09-d491aa3ba274,c2,c1,2460,p2,?,
1769500936.4621568,RECEIVED,0094db83-9b31-4d76-9a79-624526261f95,ac910e14-03ef-4d3c-8be6-0ba8ffa46826,c3,None,2239,p3,?,
1769500936.473139,RECEIVED,3bf159a2-f191-4a75-8245-df94929cb900,6d4a4adb-359c-445f-a01e-20f8cc1740d7,c3,DROP,442,x11,?,
1769500936.508584,RECEIVED,409e335e-027d-43b4-96bb-aeb912a1f554,b0c6c2fb-9bbb-4782-a359-026570713fae,c5,None,2231,p2,?,
1769500936.583358,SENT,69d777c0-2b48-4fdb-b2c5-9c40e5078e3c,f73bad43-0563-4bc7-922d-801ed467d604,c4,DROP,1008,?,i2,
1769500936.583399,FORWARDED,69d777c0-2b48-4fdb-b2c5-9c40e5078e3c,f73bad43-0563-4bc7-922d-801ed467d604,c4,DROP,1008,?,i2,
1769500936.7945757,SENT,15751426-a6dd-4b45-9217-f34fc5b465d7,20ebad5f-0769-4ca0-9d09-d491aa3ba274,c2,c1,1772,?,i6,
1769500936.7946181,FORWARDED,15751426-a6dd-4b45-9217-f34fc5b465d7,20ebad5f-0769-4ca0-9d09-d491aa3ba274,c2,c1,1772,?,i6,
1769500936.9079366,SENT,615ea366-aba0-4e28-ab3c-cb0e871fbb15,74e3712b-2cf2-4ead-a90e-7043f4d66a8d,c5,DROP,1008,?,i1,
1769500936.907979,FORWARDED,615ea366-aba0-4e28-ab3c-cb0e871fbb15,74e3712b-2cf2-4ead-a90e-7043f4d66a8d,c5,DROP,1008,?,i1,
1769500936.9610717,SENT,0094db83-9b31-4d76-9a79-624526261f95,ac910e14-03ef-4d3c-8be6-0ba8ffa46826,c3,None,1608,?,i4,
1769500936.9611158,FORWARDED,0094db83-9b31-4d76-9a79-624526261f95,ac910e14-03ef-4d3c-8be6-0ba8ffa46826,c3,None,1608,?,i4,
1769500936.9628854,RECEIVED,3d193aed-0608-4e13-a96a-00101889e73d,942930e4-a905-4c43-9c72-843a0b77c9ca,c4,DROP,1449,p1,?,
1769500936.9688752,RECEIVED,ba85801b-e378-4a72-b1bf-5b5918a50096,ffb06c2b-0c47-4e1a-adb4-9416eac3937f,c5,DROP,1443,p2,?,
1769500936.98302,RECEIVED,c47be058-3494-49ac-96df-4c5718901d06,cb1ca031-0bd2-420c-a02c-6d446e13b2ae,c2,None,2224,p2,?,
1769500937.0012128,RECEIVED,aaf9107b-7d0e-4cdc-bbf1-afbb3cd927ea,83f4a473-3971-45da-9b86-2cb9593cc47b,c1,DROP,1440,p1,?,
1769500937.0097373,RECEIVED,c48b04f6-9ccc-4f99-b401-b55a7ebaa972,ab3147e1-857a-4bcb-80c6-6214a55c7082,c3,c4,2460,p3,?,
1769500937.0165749,RECEIVED,9091192a-ed88-4190-8928-bc54f867b742,365a6309-3c36-4d48-9f67-ea2fb61777e9,c3,None,2239,p3,?,
1769500937.0547376,SENT,3d193aed-0608-4e13-a96a-00101889e73d,942930e4-a905-4c43-9c72-843a0b77c9ca,c4,DROP,1012,?,i10,
1769500937.054778,FORWARDED,3d193aed-0608-4e13-a96a-00101889e73d,942930e4-a905-4c43-9c72-843a0b77c9ca,c4,DROP,1012,?,i10,
1769500937.0579343,SENT,aaf9107b-7d0e-4cdc-bbf1-afbb3cd927ea,83f4a473-3971-45da-9b86-2cb9593cc47b,c1,DROP,1008,?,i7,
1769500937.0579784,FORWARDED,aaf9107b-7d0e-4cdc-bbf1-afbb3cd927ea,83f4a473-3971-45da-9b86-2cb9593cc47b,c1,DROP,1008,?,i7,
1769500937.0615668,SENT,409e335e-027d-43b4-96bb-aeb912a1f554,b0c6c2fb-9bbb-4782-a359-026570713fae,c5,None,1600,?,i5,
1769500937.061609,FORWARDED,409e335e-027d-43b4-96bb-aeb912a1f554,b0c6c2fb-9bbb-4782-a359-026570713fae,c5,None,1600,?,i5,
1769500937.148978,RECEIVED,3814deab-fe84-4174-be27-31614e006cc5,61b86e71-8c14-47f5-a6a5-b81791956825,c1,DROP,1439,p1,?,
1769500937.1578846,RECEIVED,fc38f279-d212-4422-9151-d73319577091,dc5774f7-980d-4243-8cd5-ed5cbd9cfa7f,c3,DROP,1447,p3,?,
1769500937.239836,SENT,ba85801b-e378-4a72-b1bf-5b5918a50096,ffb06c2b-0c47-4e1a-adb4-9416eac3937f,c5,DROP,1011,?,i5,
1769500937.2398782,FORWARDED,ba85801b-e378-4a72-b1bf-5b5918a50096,ffb06c2b-0c47-4e1a-adb4-9416eac3937f,c5,DROP,1011,?,i5,
1769500937.2446709,RECEIVED,cf33942d-ce2b-4ded-8e0c-e0c7d2e9aa01,c8d01f70-8915-4e02-8a3b-183e9ad87b92,c4,DROP,1439,p1,?,
1769500937.2491934,RECEIVED,b3c405b2-ad70-4810-989c-62b9862f08cc,62602e04-646e-4f2a-a1de-11a866559197,c3,DROP,1439,p3,?,
1769500937.2495954,SENT,c48b04f6-9ccc-4f99-b401-b55a7ebaa972,ab3147e1-857a-4bcb-80c6-6214a55c7082,c3,c4,1773,?,i8,
1769500937.250951,FORWARDED,c48b04f6-9ccc-4f99-b401-b55a7ebaa972,ab3147e1-857a-4bcb-80c6-6214a55c7082,c3,c4,1773,?,i8,
1769500937.2959445,RECEIVED,b2352dca-48be-42fd-bae4-0335e4391f78,2918b0cd-3189-45aa-94c8-a444afdd609d,c1,DROP,442,x11,?,
1769500937.3423977,RECEIVED,b42c4016-cefe-4fc2-97f1-8275cc94179e,7fa88531-d28a-42d3-bad0-53a98d5157cc,c5,DROP,1436,p2,?,
1769500937.4127562,RECEIVED,f7978b44-6817-4bd8-9f74-cd81975a9b22,671dfe88-3f70-4f9c-a4f0-e1447d86a99d,c1,DROP,1455,p1,?,
1769500937.473673,SENT,fc38f279-d212-4422-9151-d73319577091,dc5774f7-980d-4243-8cd5-ed5cbd9cfa7f,c3,DROP,1012,?,i7,
1769500937.4737132,FORWARDED,fc38f279-d212-4422-9151-d73319577091,dc5774f7-980d-4243-8cd5-ed5cbd9cfa7f,c3,DROP,1012,?,i7,
1769500937.5677195,RECEIVED,a742e250-00e4-4cd3-af64-9b69c683efb4,47c75ee9-5fc5-4cb9-97c7-dc2820cc7282,c1,None,2236,p1,?,
1769500937.5833523,SENT,b42c4016-cefe-4fc2-97f1-8275cc94179e,7fa88531-d28a-42d3-bad0-53a98d5157cc,c5,DROP,1005,?,i3,
1769500937.583393,FORWARDED,b42c4016-cefe-4fc2-97f1-8275cc94179e,7fa88531-d28a-42d3-bad0-53a98d5157cc,c5,DROP,1005,?,i3,
1769500937.63506,RECEIVED,da8ac45a-b52d-493c-ad04-de3595d31244,f4bb81e8-3c65-4673-a50f-33ae4cf87d3d,c3,DROP,1445,p3,?,
1769500937.6848488,SENT,da8ac45a-b52d-493c-ad04-de3595d31244,f4bb81e8-3c65-4673-a50f-33ae4cf87d3d,c3,DROP,1011,?,i7,
1769500937.684891,FORWARDED,da8ac45a-b52d-493c-ad04-de3595d31244,f4bb81e8-3c65-4673-a50f-33ae4cf87d3d,c3,DROP,1011,?,i7,
1769500937.701243,SENT,a742e250-00e4-4cd3-af64-9b69c683efb4,47c75ee9-5fc5-4cb9-97c7-dc2820cc7282,c1,None,1604,?,i8,
1769500937.701295,FORWARDED,a742e250-00e4-4cd3-af64-9b69c683efb4,47c75ee9-5fc5-4cb9-97c7-dc2820cc7282,c1,None,1604,?,i8,
1769500937.7143033,SENT,cf33942d-ce2b-4ded-8e0c-e0c7d2e9aa01,c8d01f70-8915-4e02-8a3b-183e9ad87b92,c4,DROP,1007,?,i9,
1769500937.7143462,FORWARDED,cf33942d-ce2b-4ded-8e0c-e0c7d2e9aa01,c8d01f70-8915-4e02-8a3b-183e9ad87b92,c4,DROP,1007,?,i9,
1769500937.753191,SENT,b3c405b2-ad70-4810-989c-62b9862f08cc,62602e04-646e-4f2a-a1de-11a866559197,c3,DROP,1007,?,i1,
1769500937.7532294,FORWARDED,b3c405b2-ad70-4810-989c-62b9862f08cc,62602e04-646e-4f2a-a1de-11a866559197,c3,DROP,1007,?,i1,
1769500937.7544458,RECEIVED,78c586be-a24c-43b6-99a3-b88fc2ac4188,d03d1864-d7de-4aab-b013-92db2620664e,c4,DROP,1459,p1,?,
1769500937.8597696,RECEIVED,dd8e15a7-c4e4-4dcc-aab5-1b715c76a326,63115ee5-4108-4d11-b887-4f43c3e3cf9d,c1,DROP,1439,p1,?,
1769500937.8925478,RECEIVED,8a1f2d1e-75ac-4f01-b996-3ef60129cc55,8529b0a0-ae3d-4912-ae14-3ad56e243585,c1,DROP,1462,p1,?,
1769500937.932163,RECEIVED,e92d0aec-2c88-4d83-ab8c-71249fc9b624,d38b537b-7b53-4713-8276-4560e8c8ebe9,c1,DROP,441,x4,?,
1769500937.9363859,SENT,8a1f2d1e-75ac-4f01-b996-3ef60129cc55,8529b0a0-ae3d-4912-ae14-3ad56e243585,c1,DROP,1021,?,i12,
1769500937.9364245,FORWARDED,8a1f2d1e-75ac-4f01-b996-3ef60129cc55,8529b0a0-ae3d-4912-ae14-3ad56e243585,c1,DROP,1021,?,i12,
1769500937.937799,SENT,f7978b44-6817-4bd8-9f74-cd81975a9b22,671dfe88-3f70-4f9c-a4f0-e1447d86a99d,c1,DROP,1020,?,i4,
1769500937.9378357,FORWARDED,f7978b44-6817-4bd8-9f74-cd81975a9b22,671dfe88-3f70-4f9c-a4f0-e1447d86a99d,c1,DROP,1020,?,i4,
1769500937.9527197,RECEIVED,84a4bd6e-21f1-4e0a-88fd-a909eacb19df,c38c3204-ff50-4525-82f3-997d8a18df2e,c1,DROP,441,x3,?,
1769500937.9779298,SENT,9091192a-ed88-4190-8928-bc54f867b742,365a6309-3c36-4d48-9f67-ea2fb61777e9,c3,None,1608,?,i1,
1769500937.9779654,FORWARDED,9091192a-ed88-4190-8928-bc54f867b742,365a6309-3c36-4d48-9f67-ea2fb61777e9,c3,None,1608,?,i1,
1769500937.9927125,SENT,78c586be-a24c-43b6-99a3-b88fc2ac4188,d03d1864-d7de-4aab-b013-92db2620664e,c4,DROP,1021,?,i6,
1769500937.9927557,FORWARDED,78c586be-a24c-43b6-99a3-b88fc2ac4188,d03d1864-d7de-4aab-b013-92db2620664e,c4,DROP,1021,?,i6,
1769500938.2256675,RECEIVED,46d11b6d-f325-4483-8244-2c6d52a55453,88d2a6d8-3ac9-493e-9e3f-08f5deae83c0,c4,DROP,441,x1,?,
1769500938.26749,SENT,c47be058-3494-49ac-96df-4c5718901d06,cb1ca031-0bd2-420c-a02c-6d446e13b2ae,c2,None,1595,?,i12,
1769500938.2675326,FORWARDED,c47be058-3494-49ac-96df-4c5718901d06,cb1ca031-0bd2-420c-a02c-6d446e13b2ae,c2,None,1595,?,i12,
1769500938.4259143,RECEIVED,8f2df71f-b513-4a83-b5e2-28a1cb550cc5,4bc9212c-804e-4b30-9579-80afd90c4b04,c2,DROP,1442,p2,?,
1769500938.4658563,RECEIVED,e42520ce-2fed-4529-9042-5343f274e73c,8a64be55-a61e-47be-b59a-cb7498990735,c5,DROP,1452,p2,?,
1769500938.5454013,RECEIVED,de5e5900-f367-422f-8280-4a3712d45a86,9945d10f-5766-4795-ba8e-cdd7c9632031,c1,DROP,1443,p1,?,
1769500938.5564795,SENT,e42520ce-2fed-4529-9042-5343f274e73c,8a64be55-a61e-47be-b59a-cb7498990735,c5,DROP,1015,?,i5,
1769500938.5565193,FORWARDED,e42520ce-2fed-4529-9042-5343f274e73c,8a64be55-a61e-47be-b59a-cb7498990735,c5,DROP,1015,?,i5,
1769500938.5849428,RECEIVED,4fe4000c-e017-4cbb-845d-ac7c1c2c25cd,0bc74909-9952-480e-afba-2f7f6bdb3096,c1,DROP,1456,p1,?,
1769500938.601044,SENT,dd8e15a7-c4e4-4dcc-aab5-1b715c76a326,63115ee5-4108-4d11-b887-4f43c3e3cf9d,c1,DROP,1008,?,i5,
1769500938.6010962,FORWARDED,dd8e15a7-c4e4-4dcc-aab5-1b715c76a326,63115ee5-4108-4d11-b887-4f43c3e3cf9d,c1,DROP,1008,?,i5,
1769500938.6087844,RECEIVED,c6b0a6b0-c89c-4929-8cfe-69a8a5d4f5c1,53fa6605-29ad-4b28-9706-8d4a3f35bf72,c3,c4,2472,p3,?,
1769500938.668581,SENT,3814deab-fe84-4174-be27-31614e006cc5,61b86e71-8c14-47f5-a6a5-b81791956825,c1,DROP,1008,?,i5,
1769500938.6686213,FORWARDED,3814deab-fe84-4174-be27-31614e006cc5,61b86e71-8c14-47f5-a6a5-b81791956825,c1,DROP,1008,?,i5,
1769500938.7554202,RECEIVED,0da025da-cac7-4aee-b765-394b8d80b394,d3a9d56a-8e47-4720-bd7f-62104592b597,c2,None,2243,p2,?,
1769500938.7992125,SENT,de5e5900-f367-422f-8280-4a3712d45a86,9945d10f-5766-4795-ba8e-cdd7c9632031,c1,DROP,1011,?,i6,
1769500938.7992654,FORWARDED,de5e5900-f367-422f-8280-4a3712d45a86,9945d10f-5766-4795-ba8e-cdd7c9632031,c1,DROP,1011,?,i6,
1769500939.0600872,SENT,c6b0a6b0-c89c-4929-8cfe-69a8a5d4f5c1,53fa6605-29ad-4b28-9706-8d4a3f35bf72,c3,c4,1780,?,i10,
1769500939.0601308,FORWARDED,c6b0a6b0-c89c-4929-8cfe-69a8a5d4f5c1,53fa6605-29ad-4b28-9706-8d4a3f35bf72,c3,c4,1780,?,i10,
1769500939.1574152,RECEIVED,4227c876-57ea-4342-ba0f-b4bc1b889b0a,d89f2145-ea2d-4791-8e3c-309a356116d5,c5,DROP,1452,p2,?,
1769500939.2470121,RECEIVED,a557673e-0238-4e96-9b22-69b407b61746,bd0042a9-f71a-4973-b212-70302a5ef3d0,c4,DROP,1448,p1,?,
1769500939.2924256,SENT,4227c876-57ea-4342-ba0f-b4bc1b889b0a,d89f2145-ea2d-4791-8e3c-309a356116d5,c5,DROP,1016,?,i11,
1769500939.292468,FORWARDED,4227c876-57ea-4342-ba0f-b4bc1b889b0a,d89f2145-ea2d-4791-8e3c-309a356116d5,c5,DROP,1016,?,i11,
1769500939.3236983,RECEIVED,320ac05b-a571-4d95-b456-2fda6b2b0bcf,afabbb8e-1f74-4df1-a37a-1bedd4b79a5e,c1,DROP,1439,p1,?,
1769500939.4459636,RECEIVED,5b262f41-cd3a-4055-b4ca-798e9f1e3c13,d5063266-fd11-412e-942a-699ade38ac9a,c4,DROP,440,x11,?,
1769500939.4597673,SENT,a557673e-0238-4e96-9b22-69b407b61746,bd0042a9-f71a-4973-b212-70302a5ef3d0,c4,DROP,1012,?,i1,
1769500939.4598103,FORWARDED,a557673e-0238-4e96-9b22-69b407b61746,bd0042a9-f71a-4973-b212-70302a5ef3d0,c4,DROP,1012,?,i1,
1769500939.5428727,RECEIVED,7acbb8ce-3e7e-451c-8d55-920896b6adfd,4c9f80ee-708d-4e68-8679-2a55dfc2a457,c3,DROP,1435,p3,?,
1769500939.7618518,SENT,4fe4000c-e017-4cbb-845d-ac7c1c2c25cd,0bc74909-9952-480e-afba-2f7f6bdb3096,c1,DROP,1020,?,i11,
1769500939.7618961,FORWARDED,4fe4000c-e017-4cbb-845d-ac7c1c2c25cd,0bc74909-9952-480e-afba-2f7f6bdb3096,c1,DROP,1020,?,i11,
1769500939.836465,SENT,0da025da-cac7-4aee-b765-394b8d80b394,d3a9d56a-8e47-4720-bd7f-62104592b597,c2,None,1610,?,i3,
1769500939.836506,FORWARDED,0da025da-cac7-4aee-b765-394b8d80b394,d3a9d56a-8e47-4720-bd7f-62104592b597,c2,None,1610,?,i3,
1769500940.1361544,RECEIVED,ebb720a7-ce7b-4ddf-8908-d43b2b28e053,b1cb02cb-de35-4b3b-944e-0ec16bf1745c,c3,DROP,1439,p3,?,
1769500940.267457,RECEIVED,5190ffaf-08d1-41ec-9a89-f83f2eb01cac,fe6c90d1-bab6-4ad7-905a-37e6f5a6116c,c4,DROP,1452,p1,?,
1769500940.3653028,SENT,8f2df71f-b513-4a83-b5e2-28a1cb550cc5,4bc9212c-804e-4b30-9579-80afd90c4b04,c2,DROP,1011,?,i4,
1769500940.365347,FORWARDED,8f2df71f-b513-4a83-b5e2-28a1cb550cc5,4bc9212c-804e-4b30-9579-80afd90c4b04,c2,DROP,1011,?,i4,
1769500940.4603746,SENT,7acbb8ce-3e7e-451c-8d55-920896b6adfd,4c9f80ee-708d-4e68-8679-2a55dfc2a457,c3,DROP,1004,?,i2,
1769500940.4604144,FORWARDED,7acbb8ce-3e7e-451c-8d55-920896b6adfd,4c9f80ee-708d-4e68-8679-2a55dfc2a457,c3,DROP,1004,?,i2,
1769500940.5145617,SENT,5190ffaf-08d1-41ec-9a89-f83f2eb01cac,fe6c90d1-bab6-4ad7-905a-37e6f5a6116c,c4,DROP,1015,?,i1,
1769500940.5146065,FORWARDED,5190ffaf-08d1-41ec-9a89-f83f2eb01cac,fe6c90d1-bab6-4ad7-905a-37e6f5a6116c,c4,DROP,1015,?,i1,
1769500940.6846728,RECEIVED,1e632121-7ef4-4475-bafa-c48626a1bdb4,af056a54-3b2b-4af0-ab91-a5eac688a1c4,c3,c4,2448,p3,?,
1769500940.7724571,RECEIVED,1ebf12c0-ca12-41e0-bc7c-8942cd3d7ae9,fc156247-8cd1-47c8-934b-e44d46ac1d66,c3,c4,2464,p3,?,
1769500940.7963448,RECEIVED,c7b68192-3bc2-44a6-b0a6-8a87905e770a,069a6c82-9652-422b-a505-10dd66c7b13c,c1,DROP,441,x7,?,
1769500940.8247573,SENT,ebb720a7-ce7b-4ddf-8908-d43b2b28e053,b1cb02cb-de35-4b3b-944e-0ec16bf1745c,c3,DROP,1008,?,i1,
1769500940.8247936,FORWARDED,ebb720a7-ce7b-4ddf-8908-d43b2b28e053,b1cb02cb-de35-4b3b-944e-0ec16bf1745c,c3,DROP,1008,?,i1,
1769500940.8367891,SENT,1ebf12c0-ca12-41e0-bc7c-8942cd3d7ae9,fc156247-8cd1-47c8-934b-e44d46ac1d66,c3,c4,1776,?,i9,
1769500940.8368301,FORWARDED,1ebf12c0-ca12-41e0-bc7c-8942cd3d7ae9,fc156247-8cd1-47c8-934b-e44d46ac1d66,c3,c4,1776,?,i9,
1769500940.88143,SENT,1e632121-7ef4-4475-bafa-c48626a1bdb4,af056a54-3b2b-4af0-ab91-a5eac688a1c4,c3,c4,1763,?,i4,
1769500940.8814726,FORWARDED,1e632121-7ef4-4475-bafa-c48626a1bdb4,af056a54-3b2b-4af0-ab91-a5eac688a1c4,c3,c4,1763,?,i4,
1769500941.0930061,RECEIVED,2afa5037-8cb4-4fa4-a446-0e0c123179ea,bddc0e0d-b6d4-4d19-8ec8-c52c52b2567f,c3,DROP,441,x1,?,
1769500941.1459181,RECEIVED,3f44d001-ba27-476d-bbaa-7623c066bbc4,f19dc89a-e102-47fe-8ac2-069e11b4b024,c3,c4,2460,p3,?,
1769500941.2640162,SENT,3f44d001-ba27-476d-bbaa-7623c066bbc4,f19dc89a-e102-47fe-8ac2-069e11b4b024,c3,c4,1771,?,i11,
1769500941.2640696,FORWARDED,3f44d001-ba27-476d-bbaa-7623c066bbc4,f19dc89a-e102-47fe-8ac2-069e11b4b024,c3,c4,1771,?,i11,
1769500941.2983408,RECEIVED,d24e0cbf-e04e-4416-b9ea-70e9f4c0c94a,bfbe38b4-b369-4319-a262-d59f4dfe5412,c3,DROP,446,x2,?,
1769500941.6851528,RECEIVED,ba3d8d13-4000-4948-b92d-4769cffbd8b9,0ab2a858-267c-4904-9a81-1e2a73d78a6e,c2,DROP,1440,p2,?,
1769500941.8270729,SENT,320ac05b-a571-4d95-b456-2fda6b2b0bcf,afabbb8e-1f74-4df1-a37a-1bedd4b79a5e,c1,DROP,1008,?,i8,
1769500941.8271139,FORWARDED,320ac05b-a571-4d95-b456-2fda6b2b0bcf,afabbb8e-1f74-4df1-a37a-1bedd4b79a5e,c1,DROP,1008,?,i8,
1769500941.928975,RECEIVED,d9303e53-2671-4f32-9cc9-0e641fac8049,a3e3327c-cb3a-4730-a0f5-4d7fdee5c22d,c3,c4,2464,p3,?,
1769500941.9844012,RECEIVED,05cf7938-11a0-4904-8c25-ba43dc7a71f2,9f331096-110e-45d1-b55a-bfac53ea54f8,c5,DROP,1436,p2,?,
1769500942.0536997,RECEIVED,a1a0fb07-3e60-46e9-84c2-98e0deb37820,c60531f8-3927-4e7d-98aa-d900169b6f18,c3,c4,2451,p3,?,
1769500942.0976171,SENT,d9303e53-2671-4f32-9cc9-0e641fac8049,a3e3327c-cb3a-4730-a0f5-4d7fdee5c22d,c3,c4,1776,?,i9,
1769500942.097654,FORWARDED,d9303e53-2671-4f32-9cc9-0e641fac8049,a3e3327c-cb3a-4730-a0f5-4d7fdee5c22d,c3,c4,1776,?,i9,
1769500942.1326578,SENT,a1a0fb07-3e60-46e9-84c2-98e0deb37820,c60531f8-3927-4e7d-98aa-d900169b6f18,c3,c4,1767,?,i6,
1769500942.132714,FORWARDED,a1a0fb07-3e60-46e9-84c2-98e0deb37820,c60531f8-3927-4e7d-98aa-d900169b6f18,c3,c4,1767,?,i6,
1769500942.2109923,SENT,05cf7938-11a0-4904-8c25-ba43dc7a71f2,9f331096-110e-45d1-b55a-bfac53ea54f8,c5,DROP,1003,?,i2,
1769500942.211032,FORWARDED,05cf7938-11a0-4904-8c25-ba43dc7a71f2,9f331096-110e-45d1-b55a-bfac53ea54f8,c5,DROP,1003,?,i2,
1769500942.2479103,RECEIVED,24f564d4-56b8-46b1-b38f-ea91fb8018b7,58d9b411-dec2-4cc6-835d-8c8af445bdf0,c3,c4,2465,p3,?,
1769500942.281743,RECEIVED,a98e4d8c-4927-4814-8f1b-99c7169f37ca,0b407051-5fbb-4c45-a3f6-3191381b92ac,c4,DROP,442,x4,?,
1769500942.431815,SENT,24f564d4-56b8-46b1-b38f-ea91fb8018b7,58d9b411-dec2-4cc6-835d-8c8af445bdf0,c3,c4,1776,?,i11,
1769500942.4318593,FORWARDED,24f564d4-56b8-46b1-b38f-ea91fb8018b7,58d9b411-dec2-4cc6-835d-8c8af445bdf0,c3,c4,1776,?,i11,
1769500942.4409785,RECEIVED,cbe4b29a-fb90-49b8-9554-4c6e335b0678,8809b689-b8d9-4b48-90b2-3963026a3c58,c5,DROP,1440,p2,?,
1769500942.475029,RECEIVED,3dd09200-1ffc-41a6-bcc3-54487b9bc0cf,589783de-1868-4635-8d3f-1f558339f795,c2,DROP,1439,p2,?,
1769500942.4780083,RECEIVED,be73634c-c2b9-440f-aee5-29134f011e71,19a75cf1-9d99-4ee9-be2f-224b97bacf98,c4,None,2239,p1,?,
1769500942.5088775,RECEIVED,00fb7ad2-0cea-4f27-844c-94a234ab892b,da5f2fd3-0a36-45ac-bbb6-f9de8dcac35c,c2,DROP,1448,p2,?,
1769500942.530537,SENT,be73634c-c2b9-440f-aee5-29134f011e71,19a75cf1-9d99-4ee9-be2f-224b97bacf98,c4,None,1607,?,i8,
1769500942.5305777,FORWARDED,be73634c-c2b9-440f-aee5-29134f011e71,19a75cf1-9d99-4ee9-be2f-224b97bacf98,c4,None,1607,?,i8,
1769500942.5578527,SENT,00fb7ad2-0cea-4f27-844c-94a234ab892b,da5f2fd3-0a36-45ac-bbb6-f9de8dcac35c,c2,DROP,1012,?,i9,
1769500942.557892,FORWARDED,00fb7ad2-0cea-4f27-844c-94a234ab892b,da5f2fd3-0a36-45ac-bbb6-f9de8dcac35c,c2,DROP,1012,?,i9,
1769500942.6807537,SENT,cbe4b29a-fb90-49b8-9554-4c6e335b0678,8809b689-b8d9-4b48-90b2-3963026a3c58,c5,DROP,1007,?,i5,
1769500942.6807964,FORWARDED,cbe4b29a-fb90-49b8-9554-4c6e335b0678,8809b689-b8d9-4b48-90b2-3963026a3c58,c5,DROP,1007,?,i5,
1769500942.7358413,RECEIVED,b45fbc04-7457-4435-9d27-657ae0b7ff44,ebae5fee-f60d-40e4-97f9-055e9741d840,c1,DROP,1448,p1,?,
1769500942.8688114,RECEIVED,79ff24dc-5229-4f01-baa1-d590f3c4cb5d,3ae72a8a-070b-46c8-81a8-a85a23ca8062,c2,DROP,1451,p2,?,
1769500942.9650624,RECEIVED,19b8053e-347a-467e-ac05-393c63f7c420,32ea01f0-7d61-4dc7-921d-bb75a9d20370,c1,DROP,1452,p1,?,
1769500943.0859466,SENT,19b8053e-347a-467e-ac05-393c63f7c420,32ea01f0-7d61-4dc7-921d-bb75a9d20370,c1,DROP,1016,?,i8,
1769500943.085983,FORWARDED,19b8053e-347a-467e-ac05-393c63f7c420,32ea01f0-7d61-4dc7-921d-bb75a9d20370,c1,DROP,1016,?,i8,
1769500943.088265,RECEIVED,818dd411-f00b-4a1e-b28f-6c5f5b35eb8a,022a5430-3092-48d9-b3f6-a94dfa05dfa4,c1,DROP,1440,p1,?,
1769500943.130839,SENT,79ff24dc-5229-4f01-baa1-d590f3c4cb5d,3ae72a8a-070b-46c8-81a8-a85a23ca8062,c2,DROP,1016,?,i2,
1769500943.13088,FORWARDED,79ff24dc-5229-4f01-baa1-d590f3c4cb5d,3ae72a8a-070b-46c8-81a8-a85a23ca8062,c2,DROP,1016,?,i2,
1769500943.134472,RECEIVED,0196cf81-09fd-48a8-8c5a-7c1bc0be23a2,bab1c908-798d-4a7b-ba8a-d52178199ed3,c2,DROP,1439,p2,?,
1769500943.2166197,RECEIVED,a5761d0c-8ad1-49c7-b6af-e30cd5382396,14ee1a12-f3f1-47d5-ab16-aa6ebbc9af16,c5,DROP,1440,p2,?,
1769500943.2384193,SENT,b45fbc04-7457-4435-9d27-657ae0b7ff44,ebae5fee-f60d-40e4-97f9-055e9741d840,c1,DROP,1012,?,i3,
1769500943.2384617,FORWARDED,b45fbc04-7457-4435-9d27-657ae0b7ff44,ebae5fee-f60d-40e4-97f9-055e9741d840,c1,DROP,1012,?,i3,
1769500943.2618988,RECEIVED,2607245e-12a7-4740-ae0e-b5011bdf751b,9670c7e7-116a-4a56-9a35-0f6224bfa8e1,c1,DROP,1447,p1,?,
1769500943.2744327,SENT,3dd09200-1ffc-41a6-bcc3-54487b9bc0cf,589783de-1868-4635-8d3f-1f558339f795,c2,DROP,1007,?,i9,
1769500943.274474,FORWARDED,3dd09200-1ffc-41a6-bcc3-54487b9bc0cf,589783de-1868-4635-8d3f-1f558339f795,c2,DROP,1007,?,i9,
1769500943.2862902,SENT,0196cf81-09fd-48a8-8c5a-7c1bc0be23a2,bab1c908-798d-4a7b-ba8a-d52178199ed3,c2,DROP,1007,?,i9,
1769500943.2863321,FORWARDED,0196cf81-09fd-48a8-8c5a-7c1bc0be23a2,bab1c908-798d-4a7b-ba8a-d52178199ed3,c2,DROP,1007,?,i9,
1769500943.2886362,SENT,ba3d8d13-4000-4948-b92d-4769cffbd8b9,0ab2a858-267c-4904-9a81-1e2a73d78a6e,c2,DROP,1007,?,i10,
1769500943.2886784,FORWARDED,ba3d8d13-4000-4948-b92d-4769cffbd8b9,0ab2a858-267c-4904-9a81-1e2a73d78a6e,c2,DROP,1007,?,i10,
1769500943.4064536,SENT,818dd411-f00b-4a1e-b28f-6c5f5b35eb8a,022a5430-3092-48d9-b3f6-a94dfa05dfa4,c1,DROP,1008,?,i9,
1769500943.406759,FORWARDED,818dd411-f00b-4a1e-b28f-6c5f5b35eb8a,022a5430-3092-48d9-b3f6-a94dfa05dfa4,c1,DROP,1008,?,i9,
1769500943.4992664,RECEIVED,2380a9cf-8cc3-4240-ac53-154f8a4ae16f,6259604c-016c-4ba2-9013-c02bb98bc46b,c1,DROP,1460,p1,?,
1769500943.6098733,RECEIVED,3af69cca-34ba-43e7-89b8-0a79e8fe0d61,de2feb7b-c47f-4125-a239-19182dff0c62,c2,DROP,1447,p2,?,
1769500943.6805942,SENT,a5761d0c-8ad1-49c7-b6af-e30cd5382396,14ee1a12-f3f1-47d5-ab16-aa6ebbc9af16,c5,DROP,1007,?,i12,
1769500943.6806285,FORWARDED,a5761d0c-8ad1-49c7-b6af-e30cd5382396,14ee1a12-f3f1-47d5-ab16-aa6ebbc9af16,c5,DROP,1007,?,i12,
1769500943.7429633,RECEIVED,5e4f7a87-deed-4ff6-bd3c-fc048abfab7b,5819b7fd-023e-46a8-8de1-c940dd6b0b7b,c4,DROP,1448,p1,?,
1769500943.8187346,SENT,2380a9cf-8cc3-4240-ac53-154f8a4ae16f,6259604c-016c-4ba2-9013-c02bb98bc46b,c1,DROP,1021,?,i10,
1769500943.818776,FORWARDED,2380a9cf-8cc3-4240-ac53-154f8a4ae16f,6259604c-016c-4ba2-9013-c02bb98bc46b,c1,DROP,1021,?,i10,
1769500943.8764968,RECEIVED,38d46716-278f-4cc4-a21c-f6159ca26278,48fdb515-7d57-4e40-97ad-b0d31becbaab,c2,c1,2464,p2,?,
1769500943.9129076,SENT,3af69cca-34ba-43e7-89b8-0a79e8fe0d61,de2feb7b-c47f-4125-a239-19182dff0c62,c2,DROP,1012,?,i2,
1769500943.912951,FORWARDED,3af69cca-34ba-43e7-89b8-0a79e8fe0d61,de2feb7b-c47f-4125-a239-19182dff0c62,c2,DROP,1012,?,i2,
1769500943.919228,RECEIVED,d8e4312e-e358-4770-a800-2bfa4bd9ed03,b474843c-d6c5-4baa-9038-c8706d50cfdc,c1,DROP,1457,p1,?,
1769500943.959154,SENT,38d46716-278f-4cc4-a21c-f6159ca26278,48fdb515-7d57-4e40-97ad-b0d31becbaab,c2,c1,1775,?,i6,
1769500943.9591892,FORWARDED,38d46716-278f-4cc4-a21c-f6159ca26278,48fdb515-7d57-4e40-97ad-b0d31becbaab,c2,c1,1775,?,i6,
1769500944.0683796,SENT,5e4f7a87-deed-4ff6-bd3c-fc048abfab7b,5819b7fd-023e-46a8-8de1-c940dd6b0b7b,c4,DROP,1012,?,i10,
1769500944.0684247,FORWARDED,5e4f7a87-deed-4ff6-bd3c-fc048abfab7b,5819b7fd-023e-46a8-8de1-c940dd6b0b7b,c4,DROP,1012,?,i10,
1769500944.0718064,SENT,d8e4312e-e358-4770-a800-2bfa4bd9ed03,b474843c-d6c5-4baa-9038-c8706d50cfdc,c1,DROP,1020,?,i10,
1769500944.071847,FORWARDED,d8e4312e-e358-4770-a800-2bfa4bd9ed03,b474843c-d6c5-4baa-9038-c8706d50cfdc,c1,DROP,1020,?,i10,
1769500944.1688263,RECEIVED,a2903ee0-2e37-41e4-8fed-1ab5ca11aac0,5a069896-162e-421f-889d-7788c5876ca8,c4,None,2239,p1,?,
1769500944.2620573,RECEIVED,7e8a977d-bbd0-4c74-9e5e-dce8785c8229,3540e710-e3ad-4911-ad62-4fb236f7d79f,c5,DROP,1444,p2,?,
1769500944.317517,SENT,2607245e-12a7-4740-ae0e-b5011bdf751b,9670c7e7-116a-4a56-9a35-0f6224bfa8e1,c1,DROP,1012,?,i7,
1769500944.317561,FORWARDED,2607245e-12a7-4740-ae0e-b5011bdf751b,9670c7e7-116a-4a56-9a35-0f6224bfa8e1,c1,DROP,1012,?,i7,
1769500944.334881,RECEIVED,8505b234-db38-44a3-afde-338d59a7b3a1,8c65bb34-f657-484c-a049-7a79a647290e,c1,DROP,441,x6,?,
1769500944.3365397,RECEIVED,cf896c21-7f70-4c10-9208-f64a800e0b89,1a623c9f-1a66-4ac3-90cd-da78b971faba,c2,None,2236,p2,?,
1769500944.399629,RECEIVED,9c49aed4-d621-404a-b405-79bd95d9d53f,f533c9fd-8b87-4aa8-94ce-7c8dfb37dcfd,c4,None,2241,p1,?,
1769500944.429098,SENT,9c49aed4-d621-404a-b405-79bd95d9d53f,f533c9fd-8b87-4aa8-94ce-7c8dfb37dcfd,c4,None,1608,?,i7,
1769500944.4291422,FORWARDED,9c49aed4-d621-404a-b405-79bd95d9d53f,f533c9fd-8b87-4aa8-94ce-7c8dfb37dcfd,c4,None,1608,?,i7,
1769500944.4395037,SENT,cf896c21-7f70-4c10-9208-f64a800e0b89,1a623c9f-1a66-4ac3-90cd-da78b971faba,c2,None,1604,?,i7,
1769500944.4395494,FORWARDED,cf896c21-7f70-4c10-9208-f64a800e0b89,1a623c9f-1a66-4ac3-90cd-da78b971faba,c2,None,1604,?,i7,
1769500944.4469929,RECEIVED,e0f39908-f5d9-4e44-a322-81c3f4d3b806,06542bd3-9f06-469c-b0af-a7eb749ecb0e,c2,DROP,1447,p2,?,
1769500944.5152762,RECEIVED,ed515f8e-46d3-44b7-9789-1d7b3c034c68,6cfa6d2a-1b25-4ffe-955c-fa141a139fe9,c2,DROP,1452,p2,?,
1769500944.5777617,SENT,a2903ee0-2e37-41e4-8fed-1ab5ca11aac0,5a069896-162e-421f-889d-7788c5876ca8,c4,None,1607,?,i9,
1769500944.5778024,FORWARDED,a2903ee0-2e37-41e4-8fed-1ab5ca11aac0,5a069896-162e-421f-889d-7788c5876ca8,c4,None,1607,?,i9,
1769500944.6628451,RECEIVED,b1529750-3193-4c30-85c8-383627bd88a4,211c9c3a-9691-46e1-b816-11da8326ed1d,c1,DROP,1444,p1,?,
1769500944.9563801,RECEIVED,10b9b001-63b4-4e2f-bed7-94e0b4e03dc4,0b6ed745-485c-4e1f-9b31-82df628bf781,c1,DROP,441,x12,?,
1769500945.003558,SENT,b1529750-3193-4c30-85c8-383627bd88a4,211c9c3a-9691-46e1-b816-11da8326ed1d,c1,DROP,1010,?,i1,
1769500945.0036004,FORWARDED,b1529750-3193-4c30-85c8-383627bd88a4,211c9c3a-9691-46e1-b816-11da8326ed1d,c1,DROP,1010,?,i1,
1769500945.0612185,RECEIVED,838f2123-4911-48c3-ab9a-ed9d645cb790,4a9c9a49-c15d-4c8c-91ee-bcecdd370fa3,c4,None,2219,p1,?,
1769500945.1632526,SENT,7e8a977d-bbd0-4c74-9e5e-dce8785c8229,3540e710-e3ad-4911-ad62-4fb236f7d79f,c5,DROP,1011,?,i12,
1769500945.1632924,FORWARDED,7e8a977d-bbd0-4c74-9e5e-dce8785c8229,3540e710-e3ad-4911-ad62-4fb236f7d79f,c5,DROP,1011,?,i12,
1769500945.221129,RECEIVED,f2ab5044-3c4d-4259-8dd3-8bddf41c638a,b1dc56c5-35fa-4bc5-9dba-6293a386a7fb,c5,DROP,1443,p2,?,
1769500945.232846,RECEIVED,c9e3c0fe-c754-4748-a904-7dcee8dda2e8,01bf7289-0db6-4c87-8faa-c8fb22ebf490,c5,DROP,1454,p2,?,
1769500945.250451,SENT,c9e3c0fe-c754-4748-a904-7dcee8dda2e8,01bf7289-0db6-4c87-8faa-c8fb22ebf490,c5,DROP,1015,?,i4,
1769500945.250491,FORWARDED,c9e3c0fe-c754-4748-a904-7dcee8dda2e8,01bf7289-0db6-4c87-8faa-c8fb22ebf490,c5,DROP,1015,?,i4,
1769500945.2719014,SENT,ed515f8e-46d3-44b7-9789-1d7b3c034c68,6cfa6d2a-1b25-4ffe-955c-fa141a139fe9,c2,DROP,1015,?,i11,
1769500945.2719433,FORWARDED,ed515f8e-46d3-44b7-9789-1d7b3c034c68,6cfa6d2a-1b25-4ffe-955c-fa141a139fe9,c2,DROP,1015,?,i11,
1769500945.4845638,RECEIVED,ad798cc2-3188-44f5-bf8e-378befa5d2e1,0247c9e9-6e79-4148-ab49-22fd9c294dc0,c3,DROP,1439,p3,?,
1769500945.4940188,RECEIVED,3d77a031-72f9-4bbb-9072-7c66741b7757,10fc4cc4-b3b5-491a-984e-e6d7cc2170d6,c5,c2,2460,p2,?,
1769500945.604976,SENT,3d77a031-72f9-4bbb-9072-7c66741b7757,10fc4cc4-b3b5-491a-984e-e6d7cc2170d6,c5,c2,1771,?,i4,
1769500945.6050184,FORWARDED,3d77a031-72f9-4bbb-9072-7c66741b7757,10fc4cc4-b3b5-491a-984e-e6d7cc2170d6,c5,c2,1771,?,i4,
1769500945.6448548,SENT,e0f39908-f5d9-4e44-a322-81c3f4d3b806,06542bd3-9f06-469c-b0af-a7eb749ecb0e,c2,DROP,1014,?,i9,
1769500945.644898,FORWARDED,e0f39908-f5d9-4e44-a322-81c3f4d3b806,06542bd3-9f06-469c-b0af-a7eb749ecb0e,c2,DROP,1014,?,i9,
1769500945.6624026,SENT,838f2123-4911-48c3-ab9a-ed9d645cb790,4a9c9a49-c15d-4c8c-91ee-bcecdd370fa3,c4,None,1591,?,i5,
1769500945.6624403,FORWARDED,838f2123-4911-48c3-ab9a-ed9d645cb790,4a9c9a49-c15d-4c8c-91ee-bcecdd370fa3,c4,None,1591,?,i5,
1769500945.7166383,RECEIVED,fdc53afb-98ad-41d7-aa9e-7c35e2714bd3,e10ee240-7f22-485d-9e9a-c4fe99be9f0b,c3,DROP,442,x11,?,
1769500945.9254835,RECEIVED,6accf8d7-010b-4e08-9162-47f93e342a5f,2d9d954a-308a-4625-b98c-5679bbdb61cd,c1,DROP,1444,p1,?,
1769500946.0639944,SENT,ad798cc2-3188-44f5-bf8e-378befa5d2e1,0247c9e9-6e79-4148-ab49-22fd9c294dc0,c3,DROP,1007,?,i9,
1769500946.0640366,FORWARDED,ad798cc2-3188-44f5-bf8e-378befa5d2e1,0247c9e9-6e79-4148-ab49-22fd9c294dc0,c3,DROP,1007,?,i9,
1769500946.1688125,RECEIVED,5717f815-a9f7-47a1-ae7b-a9c289de1cb7,36ab6750-0e1c-44ac-a1a0-d128c15756ac,c2,None,2223,p2,?,
1769500946.1914408,RECEIVED,d54b8aff-6665-442d-8ae3-b707eb309ebd,939ba302-add2-4086-aa55-e3b80a7ce442,c4,DROP,1443,p1,?,
1769500946.226495,RECEIVED,f68a69d9-a9a0-40f0-9f50-c6a9db977bc3,732b3f07-1d6f-46f2-a0ab-cb352d9c0cd5,c2,DROP,1443,p2,?,
1769500946.3286848,RECEIVED,12490335-e08f-42db-8eea-877ac29a6a0a,a817966d-b318-45c2-8884-aee9a500d51b,c4,DROP,1448,p1,?,
1769500946.3301637,RECEIVED,42f62ac3-08e3-43ee-a84c-350ef6b884b1,dac25184-983f-427c-9a60-a28c45aef755,c2,DROP,1440,p2,?,
1769500946.4466164,RECEIVED,c40ebbb6-7413-4262-bfec-f40843261202,d018c584-be01-4250-b69f-529dfd5f4dd7,c1,DROP,1441,p1,?,
1769500946.5235085,SENT,c40ebbb6-7413-4262-bfec-f40843261202,d018c584-be01-4250-b69f-529dfd5f4dd7,c1,DROP,1007,?,i12,
1769500946.5235512,FORWARDED,c40ebbb6-7413-4262-bfec-f40843261202,d018c584-be01-4250-b69f-529dfd5f4dd7,c1,DROP,1007,?,i12,
1769500946.5389302,RECEIVED,fd94534f-7f34-49e5-9449-a737473277a6,fd52ed0b-fbe7-430e-b895-6bd712588383,c4,DROP,1453,p1,?,
1769500946.5547538,RECEIVED,f395a253-9775-4842-8075-930e08a979f3,d8a48ebf-d85b-4e35-89aa-feb1961ce18f,c1,DROP,1439,p1,?,
1769500946.5658245,SENT,42f62ac3-08e3-43ee-a84c-350ef6b884b1,dac25184-983f-427c-9a60-a28c45aef755,c2,DROP,1008,?,i4,
1769500946.5658665,FORWARDED,42f62ac3-08e3-43ee-a84c-350ef6b884b1,dac25184-983f-427c-9a60-a28c45aef755,c2,DROP,1008,?,i4,
1769500946.6430671,SENT,f395a253-9775-4842-8075-930e08a979f3,d8a48ebf-d85b-4e35-89aa-feb1961ce18f,c1,DROP,1008,?,i4,
1769500946.6431115,FORWARDED,f395a253-9775-4842-8075-930e08a979f3,d8a48ebf-d85b-4e35-89aa-feb1961ce18f,c1,DROP,1008,?,i4,
1769500946.6979651,SENT,6accf8d7-010b-4e08-9162-47f93e342a5f,2d9d954a-308a-4625-b98c-5679bbdb61cd,c1,DROP,1009,?,i11,
1769500946.6980054,FORWARDED,6accf8d7-010b-4e08-9162-47f93e342a5f,2d9d954a-308a-4625-b98c-5679bbdb61cd,c1,DROP,1009,?,i11,
1769500946.7143693,SENT,f2ab5044-3c4d-4259-8dd3-8bddf41c638a,b1dc56c5-35fa-4bc5-9dba-6293a386a7fb,c5,DROP,1011,?,i9,
1769500946.714411,FORWARDED,f2ab5044-3c4d-4259-8dd3-8bddf41c638a,b1dc56c5-35fa-4bc5-9dba-6293a386a7fb,c5,DROP,1011,?,i9,
1769500946.8026097,SENT,fd94534f-7f34-49e5-9449-a737473277a6,fd52ed0b-fbe7-430e-b895-6bd712588383,c4,DROP,1017,?,i12,
1769500946.8026502,FORWARDED,fd94534f-7f34-49e5-9449-a737473277a6,fd52ed0b-fbe7-430e-b895-6bd712588383,c4,DROP,1017,?,i12,
1769500946.888928,RECEIVED,22ebb12f-1e96-4d97-b769-15b9023c41e3,b36cb918-f80d-4c02-b31a-5859118f9039,c2,DROP,1452,p2,?,
1769500946.9149024,RECEIVED,48710593-e4e5-4a70-8965-09ec3d4aeb90,3326bd20-29f0-4769-8d25-2faddaf076e6,c1,DROP,1444,p1,?,
1769500946.9225516,SENT,5717f815-a9f7-47a1-ae7b-a9c289de1cb7,36ab6750-0e1c-44ac-a1a0-d128c15756ac,c2,None,1596,?,i2,
1769500946.922595,FORWARDED,5717f815-a9f7-47a1-ae7b-a9c289de1cb7,36ab6750-0e1c-44ac-a1a0-d128c15756ac,c2,None,1596,?,i2,
1769500946.931653,RECEIVED,30ddaa25-e6b7-437d-94e1-e0bc08c28ec9,961ceef2-547b-4c1c-898c-243e4d194007,c1,DROP,1440,p1,?,
1769500946.964967,SENT,48710593-e4e5-4a70-8965-09ec3d4aeb90,3326bd20-29f0-4769-8d25-2faddaf076e6,c1,DROP,1011,?,i9,
1769500946.9650075,FORWARDED,48710593-e4e5-4a70-8965-09ec3d4aeb90,3326bd20-29f0-4769-8d25-2faddaf076e6,c1,DROP,1011,?,i9,
1769500946.9738812,SENT,22ebb12f-1e96-4d97-b769-15b9023c41e3,b36cb918-f80d-4c02-b31a-5859118f9039,c2,DROP,1015,?,i2,
1769500946.9739227,FORWARDED,22ebb12f-1e96-4d97-b769-15b9023c41e3,b36cb918-f80d-4c02-b31a-5859118f9039,c2,DROP,1015,?,i2,
1769500946.9822543,RECEIVED,61d0466a-50fe-4ac7-9a39-43bc6a37d12c,91f4f91a-1870-400e-af95-cfde7c272895,c4,None,2236,p1,?,
1769500946.9952402,SENT,f68a69d9-a9a0-40f0-9f50-c6a9db977bc3,732b3f07-1d6f-46f2-a0ab-cb352d9c0cd5,c2,DROP,1011,?,i5,
1769500946.9952822,FORWARDED,f68a69d9-a9a0-40f0-9f50-c6a9db977bc3,732b3f07-1d6f-46f2-a0ab-cb352d9c0cd5,c2,DROP,1011,?,i5,
1769500947.0198667,RECEIVED,bb6edd8f-b6c3-4b7f-aa12-34ea0fba61ea,bdf0f54f-2296-4d4b-a0a7-c1397c5df4a6,c1,DROP,1436,p1,?,
1769500947.0397968,RECEIVED,725b25fd-d61d-4f96-bd6a-bcc03d798522,2042cefe-0184-4465-b5e7-128393e5bd65,c2,c1,2464,p2,?,
1769500947.09116,SENT,d54b8aff-6665-442d-8ae3-b707eb309ebd,939ba302-add2-4086-aa55-e3b80a7ce442,c4,DROP,1009,?,i8,
1769500947.0911994,FORWARDED,d54b8aff-6665-442d-8ae3-b707eb309ebd,939ba302-add2-4086-aa55-e3b80a7ce442,c4,DROP,1009,?,i8,
1769500947.1794844,SENT,bb6edd8f-b6c3-4b7f-aa12-34ea0fba61ea,bdf0f54f-2296-4d4b-a0a7-c1397c5df4a6,c1,DROP,1004,?,i8,
1769500947.1795259,FORWARDED,bb6edd8f-b6c3-4b7f-aa12-34ea0fba61ea,bdf0f54f-2296-4d4b-a0a7-c1397c5df4a6,c1,DROP,1004,?,i8,
1769500947.2248278,RECEIVED,c9f2aced-21a6-4f54-ae3e-159e47ec55ac,f17848f2-1958-4ee5-95f6-9dde1d274e38,c2,c1,2455,p2,?,
1769500947.3592181,SENT,30ddaa25-e6b7-437d-94e1-e0bc08c28ec9,961ceef2-547b-4c1c-898c-243e4d194007,c1,DROP,1007,?,i4,
1769500947.359262,FORWARDED,30ddaa25-e6b7-437d-94e1-e0bc08c28ec9,961ceef2-547b-4c1c-898c-243e4d194007,c1,DROP,1007,?,i4,
1769500947.3677773,SENT,61d0466a-50fe-4ac7-9a39-43bc6a37d12c,91f4f91a-1870-400e-af95-cfde7c272895,c4,None,1603,?,i8,
1769500947.3678176,FORWARDED,61d0466a-50fe-4ac7-9a39-43bc6a37d12c,91f4f91a-1870-400e-af95-cfde7c272895,c4,None,1603,?,i8,
1769500947.3835967,SENT,c9f2aced-21a6-4f54-ae3e-159e47ec55ac,f17848f2-1958-4ee5-95f6-9dde1d274e38,c2,c1,1768,?,i5,
1769500947.3836389,FORWARDED,c9f2aced-21a6-4f54-ae3e-159e47ec55ac,f17848f2-1958-4ee5-95f6-9dde1d274e38,c2,c1,1768,?,i5,
1769500947.3883345,RECEIVED,f70f9439-4791-4f00-a965-557c72ee428b,5948d378-f3b6-4fb2-b9b9-bcca69390cf6,c4,c3,2463,p1,?,
1769500947.4187515,SENT,725b25fd-d61d-4f96-bd6a-bcc03d798522,2042cefe-0184-4465-b5e7-128393e5bd65,c2,c1,1776,?,i8,
1769500947.4187932,FORWARDED,725b25fd-d61d-4f96-bd6a-bcc03d798522,2042cefe-0184-4465-b5e7-128393e5bd65,c2,c1,1776,?,i8,
1769500947.4645998,SENT,12490335-e08f-42db-8eea-877ac29a6a0a,a817966d-b318-45c2-8884-aee9a500d51b,c4,DROP,1013,?,i10,
1769500947.4646418,FORWARDED,12490335-e08f-42db-8eea-877ac29a6a0a,a817966d-b318-45c2-8884-aee9a500d51b,c4,DROP,1013,?,i10,
1769500947.506809,SENT,f70f9439-4791-4f00-a965-557c72ee428b,5948d378-f3b6-4fb2-b9b9-bcca69390cf6,c4,c3,1776,?,i6,
1769500947.5068486,FORWARDED,f70f9439-4791-4f00-a965-557c72ee428b,5948d378-f3b6-4fb2-b9b9-bcca69390cf6,c4,c3,1776,?,i6,
1769500947.725533,RECEIVED,1f2b25db-9545-408b-a670-20ce9bee6909,11419020-c3de-4ee8-b23c-2c2942ef3ab0,c1,c5,2458,p1,?,
1769500947.7714841,RECEIVED,03a968a9-3ab3-48b3-8c90-4d0c64186153,638b568b-4b9a-48bd-8f43-889d13117364,c2,DROP,1441,p2,?,
1769500947.821023,RECEIVED,c4dc281e-6d38-4dd3-87dc-b7826977db16,b46113ce-9904-46b8-a34e-3a1dd1d509e0,c3,DROP,1451,p3,?,
1769500947.9142604,SENT,03a968a9-3ab3-48b3-8c90-4d0c64186153,638b568b-4b9a-48bd-8f43-889d13117364,c2,DROP,1008,?,i11,
1769500947.9143019,FORWARDED,03a968a9-3ab3-48b3-8c90-4d0c64186153,638b568b-4b9a-48bd-8f43-889d13117364,c2,DROP,1008,?,i11,
1769500948.0335348,RECEIVED,6956853b-6c2b-49b7-9035-d62326679516,c55f0434-2c6b-4179-b967-3678baf8d44e,c5,DROP,1440,p2,?,
1769500948.0428655,RECEIVED,0848516d-ddcf-453b-b9ec-cc24ab8e6d64,1063bb84-ac15-46ec-ada9-e97c8ac7a6c5,c2,DROP,1444,p2,?,
1769500948.0476367,RECEIVED,09a2b14a-ef93-4e7a-9efd-67e59730e155,b8bf9b96-53d5-4baa-803f-bfc484ae25b5,c4,DROP,1439,p1,?,
1769500948.1163232,SENT,09a2b14a-ef93-4e7a-9efd-67e59730e155,b8bf9b96-53d5-4baa-803f-bfc484ae25b5,c4,DROP,1008,?,i3,
1769500948.116364,FORWARDED,09a2b14a-ef93-4e7a-9efd-67e59730e155,b8bf9b96-53d5-4baa-803f-bfc484ae25b5,c4,DROP,1008,?,i3,
1769500948.1438777,SENT,0848516d-ddcf-453b-b9ec-cc24ab8e6d64,1063bb84-ac15-46ec-ada9-e97c8ac7a6c5,c2,DROP,1011,?,i8,
1769500948.1439207,FORWARDED,0848516d-ddcf-453b-b9ec-cc24ab8e6d64,1063bb84-ac15-46ec-ada9-e97c8ac7a6c5,c2,DROP,1011,?,i8,
1769500948.2522259,RECEIVED,2696aba2-4c9d-40d8-ba56-ee2bc43ea8bf,af9502f3-b896-4253-b228-138e99f3ff89,c3,None,2240,p3,?,
1769500948.3784041,SENT,1f2b25db-9545-408b-a670-20ce9bee6909,11419020-c3de-4ee8-b23c-2c2942ef3ab0,c1,c5,1771,?,i8,
1769500948.378446,FORWARDED,1f2b25db-9545-408b-a670-20ce9bee6909,11419020-c3de-4ee8-b23c-2c2942ef3ab0,c1,c5,1771,?,i8,
1769500948.4217274,SENT,6956853b-6c2b-49b7-9035-d62326679516,c55f0434-2c6b-4179-b967-3678baf8d44e,c5,DROP,1006,?,i12,
1769500948.4217615,FORWARDED,6956853b-6c2b-49b7-9035-d62326679516,c55f0434-2c6b-4179-b967-3678baf8d44e,c5,DROP,1006,?,i12,
1769500948.4395783,RECEIVED,7a967409-4a38-4c47-9cf2-ee27b48e05c9,51d296b5-6e0f-43ed-b723-ea517f61379b,c5,DROP,1439,p2,?,
1769500948.493121,RECEIVED,a8691eca-caca-401e-87b8-64b1d9e0ec1b,765bc784-5c8b-4831-be44-efe8b6cbcbb6,c1,c5,2469,p1,?,
1769500948.5106661,RECEIVED,355c48ae-cc4f-40a3-b071-bb9ea371df47,829c3998-ae26-4ecc-a95e-88148453e600,c4,c3,2460,p1,?,
1769500948.5134141,RECEIVED,a5c8ee5a-7b6e-4d42-896c-7f032552f903,bfad5162-bbbc-465a-b8f9-e9e1e09b2209,c5,DROP,1440,p2,?,
1769500948.5136573,RECEIVED,765ee9ca-9ab1-4e4a-8b26-9d8c3ad23940,04aa57d8-d134-498e-b3f1-c43db0fffa36,c4,DROP,1440,p1,?,
1769500948.556618,RECEIVED,17121479-a5a4-4a2e-8992-be363b9ac380,4b145928-9f4a-4384-8482-238cb898e189,c4,DROP,442,x2,?,
1769500948.612896,RECEIVED,d1973890-e53d-4586-8fa7-cbaf8adcf2ef,d368b00a-66b2-4ae0-8283-c7b54a35e3af,c3,DROP,1434,p3,?,
1769500948.6183999,RECEIVED,4fee380f-3994-4b48-8e8e-4ac898764340,5dacefd6-5632-4c13-8dc1-c5545d5768aa,c3,c4,2447,p3,?,
1769500948.681001,SENT,355c48ae-cc4f-40a3-b071-bb9ea371df47,829c3998-ae26-4ecc-a95e-88148453e600,c4,c3,1772,?,i7,
1769500948.681059,FORWARDED,355c48ae-cc4f-40a3-b071-bb9ea371df47,829c3998-ae26-4ecc-a95e-88148453e600,c4,c3,1772,?,i7,
1769500948.6845143,RECEIVED,7fc3234b-7932-424e-9dc6-35482209cb20,41a52c65-4d1f-47eb-910d-cb4f94ba9bbe,c5,DROP,1439,p2,?,
1769500948.7188292,SENT,2696aba2-4c9d-40d8-ba56-ee2bc43ea8bf,af9502f3-b896-4253-b228-138e99f3ff89,c3,None,1608,?,i9,
1769500948.7188697,FORWARDED,2696aba2-4c9d-40d8-ba56-ee2bc43ea8bf,af9502f3-b896-4253-b228-138e99f3ff89,c3,None,1608,?,i9,
1769500948.7696252,SENT,a8691eca-caca-401e-87b8-64b1d9e0ec1b,765bc784-5c8b-4831-be44-efe8b6cbcbb6,c1,c5,1780,?,i6,
1769500948.769669,FORWARDED,a8691eca-caca-401e-87b8-64b1d9e0ec1b,765bc784-5c8b-4831-be44-efe8b6cbcbb6,c1,c5,1780,?,i6,
1769500948.7724679,RECEIVED,3fdc4da5-bf11-45ba-8984-75e42cd3edb1,1bcb69d2-da7e-41f3-8786-05d47cc5ab7f,c3,None,2227,p3,?,
1769500948.789739,SENT,765ee9ca-9ab1-4e4a-8b26-9d8c3ad23940,04aa57d8-d134-498e-b3f1-c43db0fffa36,c4,DROP,1007,?,i12,
1769500948.7897818,FORWARDED,765ee9ca-9ab1-4e4a-8b26-9d8c3ad23940,04aa57d8-d134-498e-b3f1-c43db0fffa36,c4,DROP,1007,?,i12,
1769500948.9539316,RECEIVED,ef953752-b68b-446d-a08c-86500918f6a3,0532904e-7373-4465-8857-0581004f7a7a,c2,None,2224,p2,?,
1769500948.9554632,RECEIVED,b3527734-0c65-4d06-9b3e-7ed16a63b73d,a99ec677-476c-4534-8e68-ae847d3ad49e,c1,None,2231,p1,?,
1769500949.016584,SENT,a5c8ee5a-7b6e-4d42-896c-7f032552f903,bfad5162-bbbc-465a-b8f9-e9e1e09b2209,c5,DROP,1008,?,i6,
1769500949.0166264,FORWARDED,a5c8ee5a-7b6e-4d42-896c-7f032552f903,bfad5162-bbbc-465a-b8f9-e9e1e09b2209,c5,DROP,1008,?,i6,
1769500949.1358485,SENT,c4dc281e-6d38-4dd3-87dc-b7826977db16,b46113ce-9904-46b8-a34e-3a1dd1d509e0,c3,DROP,1015,?,i6,
1769500949.1358833,FORWARDED,c4dc281e-6d38-4dd3-87dc-b7826977db16,b46113ce-9904-46b8-a34e-3a1dd1d509e0,c3,DROP,1015,?,i6,
1769500949.1432347,SENT,d1973890-e53d-4586-8fa7-cbaf8adcf2ef,d368b00a-66b2-4ae0-8283-c7b54a35e3af,c3,DROP,1003,?,i6,
1769500949.143275,FORWARDED,d1973890-e53d-4586-8fa7-cbaf8adcf2ef,d368b00a-66b2-4ae0-8283-c7b54a35e3af,c3,DROP,1003,?,i6,
1769500949.24085,RECEIVED,33956172-9475-49bb-acfa-12c6645cd351,e795b2ea-268a-428a-8c5c-1b099ddff7ca,c2,None,2219,p2,?,
1769500949.2528121,SENT,ef953752-b68b-446d-a08c-86500918f6a3,0532904e-7373-4465-8857-0581004f7a7a,c2,None,1596,?,i7,
1769500949.2528553,FORWARDED,ef953752-b68b-446d-a08c-86500918f6a3,0532904e-7373-4465-8857-0581004f7a7a,c2,None,1596,?,i7,
1769500949.5421023,RECEIVED,5427af6d-0ad4-404e-a659-0f35e60aff02,a27b1546-5683-4e61-ace3-0ea4dc59df7a,c1,None,2234,p1,?,
1769500949.585853,SENT,3fdc4da5-bf11-45ba-8984-75e42cd3edb1,1bcb69d2-da7e-41f3-8786-05d47cc5ab7f,c3,None,1597,?,i5,
1769500949.5858986,FORWARDED,3fdc4da5-bf11-45ba-8984-75e42cd3edb1,1bcb69d2-da7e-41f3-8786-05d47cc5ab7f,c3,None,1597,?,i5,
1769500949.6134906,SENT,7a967409-4a38-4c47-9cf2-ee27b48e05c9,51d296b5-6e0f-43ed-b723-ea517f61379b,c5,DROP,1007,?,i2,
1769500949.6135354,FORWARDED,7a967409-4a38-4c47-9cf2-ee27b48e05c9,51d296b5-6e0f-43ed-b723-ea517f61379b,c5,DROP,1007,?,i2,
1769500949.6287284,SENT,7fc3234b-7932-424e-9dc6-35482209cb20,41a52c65-4d1f-47eb-910d-cb4f94ba9bbe,c5,DROP,1008,?,i3,
1769500949.6288133,FORWARDED,7fc3234b-7932-424e-9dc6-35482209cb20,41a52c65-4d1f-47eb-910d-cb4f94ba9bbe,c5,DROP,1008,?,i3,
1769500949.6326528,RECEIVED,2b72dabe-d9cb-47d7-87fa-19c16ab9e013,503a4f51-57de-4bfd-9814-058d818080bd,c5,DROP,1444,p2,?,
1769500949.7876625,RECEIVED,87ae0c7b-82c6-40d2-bbe2-2ad8428763eb,09df7d23-0d29-4217-8ed8-b4a79ae6de9a,c4,DROP,1439,p1,?,
1769500949.798072,SENT,b3527734-0c65-4d06-9b3e-7ed16a63b73d,a99ec677-476c-4534-8e68-ae847d3ad49e,c1,None,1600,?,i6,
1769500949.7981157,FORWARDED,b3527734-0c65-4d06-9b3e-7ed16a63b73d,a99ec677-476c-4534-8e68-ae847d3ad49e,c1,None,1600,?,i6,
1769500949.862434,SENT,4fee380f-3994-4b48-8e8e-4ac898764340,5dacefd6-5632-4c13-8dc1-c5545d5768aa,c3,c4,1764,?,i9,
1769500949.8624725,FORWARDED,4fee380f-3994-4b48-8e8e-4ac898764340,5dacefd6-5632-4c13-8dc1-c5545d5768aa,c3,c4,1764,?,i9,
1769500949.9066288,RECEIVED,b9ab179b-f1e6-4e5f-8f13-ba74fdb9fe34,5ef5be2e-8478-4a41-9e08-de225279069d,c3,None,2223,p3,?,
1769500950.1298919,RECEIVED,fd7e37c0-f6bd-4c33-8ae3-30141c97f4c9,2f051172-cc7e-48df-9d6c-da3addac1659,c2,c1,2451,p2,?,
1769500950.1621432,SENT,2b72dabe-d9cb-47d7-87fa-19c16ab9e013,503a4f51-57de-4bfd-9814-058d818080bd,c5,DROP,1011,?,i11,
1769500950.162273,FORWARDED,2b72dabe-d9cb-47d7-87fa-19c16ab9e013,503a4f51-57de-4bfd-9814-058d818080bd,c5,DROP,1011,?,i11,
1769500950.2075074,SENT,33956172-9475-49bb-acfa-12c6645cd351,e795b2ea-268a-428a-8c5c-1b099ddff7ca,c2,None,1592,?,i6,
1769500950.2075508,FORWARDED,33956172-9475-49bb-acfa-12c6645cd351,e795b2ea-268a-428a-8c5c-1b099ddff7ca,c2,None,1592,?,i6,
1769500950.2549703,SENT,b9ab179b-f1e6-4e5f-8f13-ba74fdb9fe34,5ef5be2e-8478-4a41-9e08-de225279069d,c3,None,1596,?,i9,
1769500950.255011,FORWARDED,b9ab179b-f1e6-4e5f-8f13-ba74fdb9fe34,5ef5be2e-8478-4a41-9e08-de225279069d,c3,None,1596,?,i9,
1769500950.4252026,RECEIVED,86b6b775-4802-4d47-89fd-6c7b82ab60cc,c53b0732-8398-47d3-b581-dd873087be01,c2,c1,2463,p2,?,
1769500950.4290223,RECEIVED,935528ec-f399-4715-a9ca-ac394b68937d,b0adb858-f582-4022-b7c1-210a9969bee1,c3,DROP,1455,p3,?,
1769500950.6358867,RECEIVED,30f4a7ab-638e-45b6-ae75-80b82f13cdd9,2b15d82b-4f67-4db0-b803-8e8e3446f92a,c2,DROP,446,x12,?,
1769500950.7041104,RECEIVED,b888aa71-2e65-42e1-b03b-3cf1eda61534,3129d5dd-7626-4ec0-b24f-cbea05315c29,c3,c4,2473,p3,?,
1769500950.7087379,SENT,87ae0c7b-82c6-40d2-bbe2-2ad8428763eb,09df7d23-0d29-4217-8ed8-b4a79ae6de9a,c4,DROP,1007,?,i1,
1769500950.7087772,FORWARDED,87ae0c7b-82c6-40d2-bbe2-2ad8428763eb,09df7d23-0d29-4217-8ed8-b4a79ae6de9a,c4,DROP,1007,?,i1,
1769500950.7123313,RECEIVED,fd0da3eb-9c35-482f-aba4-d8c1a1772d80,817017ba-f1bd-4af9-adb8-c0de8ded133d,c5,c2,2464,p2,?,
1769500950.7829576,SENT,b888aa71-2e65-42e1-b03b-3cf1eda61534,3129d5dd-7626-4ec0-b24f-cbea05315c29,c3,c4,1781,?,i12,
1769500950.7829976,FORWARDED,b888aa71-2e65-42e1-b03b-3cf1eda61534,3129d5dd-7626-4ec0-b24f-cbea05315c29,c3,c4,1781,?,i12,
1769500950.8729339,RECEIVED,af08de9c-dae5-406f-a74c-111c879e3834,0c341e02-5005-4f65-8e43-99861cbc753a,c5,DROP,448,x12,?,
1769500950.8874714,SENT,fd7e37c0-f6bd-4c33-8ae3-30141c97f4c9,2f051172-cc7e-48df-9d6c-da3addac1659,c2,c1,1767,?,i9,
1769500950.8875153,FORWARDED,fd7e37c0-f6bd-4c33-8ae3-30141c97f4c9,2f051172-cc7e-48df-9d6c-da3addac1659,c2,c1,1767,?,i9,
1769500950.9455187,RECEIVED,a9654ef9-6e91-45be-b361-d15d3e73bc3b,d8fba9b1-b375-4e11-b6bb-0fb16ba11f50,c1,DROP,441,x4,?,
1769500951.0195637,SENT,fd0da3eb-9c35-482f-aba4-d8c1a1772d80,817017ba-f1bd-4af9-adb8-c0de8ded133d,c5,c2,1776,?,i4,
1769500951.019606,FORWARDED,fd0da3eb-9c35-482f-aba4-d8c1a1772d80,817017ba-f1bd-4af9-adb8-c0de8ded133d,c5,c2,1776,?,i4,
1769500951.080226,RECEIVED,a816a975-d24a-4f5d-8b7a-6bc2285faee9,8993c4c4-c7a3-4e6c-957a-9d838926e9ec,c2,DROP,1440,p2,?,
1769500951.2202017,RECEIVED,709d9cbe-5d5a-45f2-8f24-4a7245425a37,4a4effcd-3b29-47dd-ba3c-57dd430d8759,c3,None,2232,p3,?,
1769500951.263375,SENT,a816a975-d24a-4f5d-8b7a-6bc2285faee9,8993c4c4-c7a3-4e6c-957a-9d838926e9ec,c2,DROP,1007,?,i11,
1769500951.2634258,FORWARDED,a816a975-d24a-4f5d-8b7a-6bc2285faee9,8993c4c4-c7a3-4e6c-957a-9d838926e9ec,c2,DROP,1007,?,i11,
1769500951.3960676,SENT,709d9cbe-5d5a-45f2-8f24-4a7245425a37,4a4effcd-3b29-47dd-ba3c-57dd430d8759,c3,None,1600,?,i8,
1769500951.3961096,FORWARDED,709d9cbe-5d5a-45f2-8f24-4a7245425a37,4a4effcd-3b29-47dd-ba3c-57dd430d8759,c3,None,1600,?,i8,
1769500951.5778365,SENT,935528ec-f399-4715-a9ca-ac394b68937d,b0adb858-f582-4022-b7c1-210a9969bee1,c3,DROP,1020,?,i9,
1769500951.5778785,FORWARDED,935528ec-f399-4715-a9ca-ac394b68937d,b0adb858-f582-4022-b7c1-210a9969bee1,c3,DROP,1020,?,i9,
1769500951.592687,RECEIVED,87e5a4c7-23b2-443e-b58c-5ee220bee00e,ef3dacc3-3884-45f0-9129-2d11709f3445,c1,c5,2456,p1,?,
1769500951.651476,RECEIVED,5b1dfd60-0e5b-4c27-9310-6db55d3b369f,2034d83e-b01f-4e61-9b64-0a3ba9482506,c4,DROP,1460,p1,?,
1769500951.737615,SENT,86b6b775-4802-4d47-89fd-6c7b82ab60cc,c53b0732-8398-47d3-b581-dd873087be01,c2,c1,1776,?,i6,
1769500951.7376568,FORWARDED,86b6b775-4802-4d47-89fd-6c7b82ab60cc,c53b0732-8398-47d3-b581-dd873087be01,c2,c1,1776,?,i6,
1769500951.777262,RECEIVED,15098378-6320-4448-8d61-ffea932002a9,ca49ea85-634c-48ad-9f98-cbc82f6676ac,c1,c5,2463,p1,?,
1769500951.8282747,RECEIVED,ba4634f7-5428-4306-a47a-ea5972d193fb,d11db827-f0af-4905-801c-273d6d7bdc0c,c5,DROP,437,x7,?,
1769500951.8756564,RECEIVED,def1bccc-a8f2-4a2b-8565-61f8ddd17f1e,f7d28dfb-12c6-4b4f-b20c-b7703fbba067,c4,DROP,1439,p1,?,
1769500951.890231,SENT,15098378-6320-4448-8d61-ffea932002a9,ca49ea85-634c-48ad-9f98-cbc82f6676ac,c1,c5,1776,?,i2,
1769500951.8902695,FORWARDED,15098378-6320-4448-8d61-ffea932002a9,ca49ea85-634c-48ad-9f98-cbc82f6676ac,c1,c5,1776,?,i2,
1769500951.972571,SENT,87e5a4c7-23b2-443e-b58c-5ee220bee00e,ef3dacc3-3884-45f0-9129-2d11709f3445,c1,c5,1770,?,i2,
1769500951.9726198,FORWARDED,87e5a4c7-23b2-443e-b58c-5ee220bee00e,ef3dacc3-3884-45f0-9129-2d11709f3445,c1,c5,1770,?,i2,
1769500951.9833064,SENT,5b1dfd60-0e5b-4c27-9310-6db55d3b369f,2034d83e-b01f-4e61-9b64-0a3ba9482506,c4,DROP,1022,?,i11,
1769500951.9833517,FORWARDED,5b1dfd60-0e5b-4c27-9310-6db55d3b369f,2034d83e-b01f-4e61-9b64-0a3ba9482506,c4,DROP,1022,?,i11,
1769500952.0348678,RECEIVED,463f6c49-0ec6-4f56-bc2d-05820d8c534b,1122a029-8083-407d-8e10-76e16ce1ec5d,c5,DROP,1449,p2,?,
1769500952.0783403,RECEIVED,f48421af-5072-402e-b963-b335fcc4fe50,57b06060-98c1-46cf-83b6-74bcacd11655,c2,DROP,1440,p2,?,
1769500952.0851507,SENT,463f6c49-0ec6-4f56-bc2d-05820d8c534b,1122a029-8083-407d-8e10-76e16ce1ec5d,c5,DROP,1012,?,i8,
1769500952.0851898,FORWARDED,463f6c49-0ec6-4f56-bc2d-05820d8c534b,1122a029-8083-407d-8e10-76e16ce1ec5d,c5,DROP,1012,?,i8,
1769500952.1416762,SENT,5427af6d-0ad4-404e-a659-0f35e60aff02,a27b1546-5683-4e61-ace3-0ea4dc59df7a,c1,None,1603,?,i3,
1769500952.1417139,FORWARDED,5427af6d-0ad4-404e-a659-0f35e60aff02,a27b1546-5683-4e61-ace3-0ea4dc59df7a,c1,None,1603,?,i3,
1769500952.224688,RECEIVED,58626a44-564c-4586-bb4c-b4232f6591d7,e4eeb296-d5d2-4fba-81f4-aea53058629f,c3,DROP,1451,p3,?,
1769500952.3938918,RECEIVED,bb62d109-6b2d-4a7d-a046-07aa97127b1e,5df750bd-535f-4156-b25b-e0973666357d,c4,DROP,446,x1,?,
1769500952.55478,SENT,f48421af-5072-402e-b963-b335fcc4fe50,57b06060-98c1-46cf-83b6-74bcacd11655,c2,DROP,1007,?,i5,
1769500952.5548234,FORWARDED,f48421af-5072-402e-b963-b335fcc4fe50,57b06060-98c1-46cf-83b6-74bcacd11655,c2,DROP,1007,?,i5,
1769500952.8073256,RECEIVED,92e2affa-3b3c-4423-a03b-f0b225768eaf,42cbce2b-5c3f-4d7e-9702-4f8c9e9e1b7b,c1,DROP,1460,p1,?,
1769500952.8171685,SENT,58626a44-564c-4586-bb4c-b4232f6591d7,e4eeb296-d5d2-4fba-81f4-aea53058629f,c3,DROP,1016,?,i5,
1769500952.8172092,FORWARDED,58626a44-564c-4586-bb4c-b4232f6591d7,e4eeb296-d5d2-4fba-81f4-aea53058629f,c3,DROP,1016,?,i5,
1769500952.8654122,RECEIVED,aa2743ad-ba3b-4279-9ba1-2dab8707ab9c,dd1fa8de-1232-4b94-98db-ab41a73fefbe,c4,None,2229,p1,?,
1769500952.8732889,RECEIVED,9f433b56-0646-487d-a458-fb419dc615a2,87ec8f66-f62d-4b08-9ac9-85fcc55b334c,c2,DROP,1451,p2,?,
1769500952.9194727,SENT,aa2743ad-ba3b-4279-9ba1-2dab8707ab9c,dd1fa8de-1232-4b94-98db-ab41a73fefbe,c4,None,1599,?,i8,
1769500952.9195151,FORWARDED,aa2743ad-ba3b-4279-9ba1-2dab8707ab9c,dd1fa8de-1232-4b94-98db-ab41a73fefbe,c4,None,1599,?,i8,
1769500953.125849,RECEIVED,5f3e6b3c-b553-4397-a6da-85b69e03b15c,587ad1ab-bb64-4fc5-9737-5719a7fe1152,c3,DROP,441,x4,?,
1769500953.1482332,SENT,9f433b56-0646-487d-a458-fb419dc615a2,87ec8f66-f62d-4b08-9ac9-85fcc55b334c,c2,DROP,1015,?,i1,
1769500953.1482732,FORWARDED,9f433b56-0646-487d-a458-fb419dc615a2,87ec8f66-f62d-4b08-9ac9-85fcc55b334c,c2,DROP,1015,?,i1,
1769500953.22403,RECEIVED,e8e1d9dc-c874-4ff0-b02a-0112c91ddac8,27e5f2d1-9773-4e95-9643-6da86db1d091,c4,DROP,1448,p1,?,
1769500953.2630823,RECEIVED,002446c4-30de-4a78-9bf4-2721de47c04e,ad2323a3-277d-46bc-baf3-61ef48317a4b,c2,DROP,1447,p2,?,
1769500953.3321261,RECEIVED,bcfff048-0502-49f5-b5f1-29883acb8c07,072a0ebd-ef3a-4253-a019-9afec1696733,c4,c3,2465,p1,?,
1769500953.390004,SENT,e8e1d9dc-c874-4ff0-b02a-0112c91ddac8,27e5f2d1-9773-4e95-9643-6da86db1d091,c4,DROP,1013,?,i8,
1769500953.3900452,FORWARDED,e8e1d9dc-c874-4ff0-b02a-0112c91ddac8,27e5f2d1-9773-4e95-9643-6da86db1d091,c4,DROP,1013,?,i8,
1769500953.542005,SENT,def1bccc-a8f2-4a2b-8565-61f8ddd17f1e,f7d28dfb-12c6-4b4f-b20c-b7703fbba067,c4,DROP,1007,?,i5,
1769500953.5420623,FORWARDED,def1bccc-a8f2-4a2b-8565-61f8ddd17f1e,f7d28dfb-12c6-4b4f-b20c-b7703fbba067,c4,DROP,1007,?,i5,
1769500953.5856843,RECEIVED,c35536fe-6179-495f-9a21-a485732e7c56,7df43a3a-9a62-46bb-8939-a048cebc1f01,c2,DROP,1445,p2,?,
1769500953.6461358,SENT,c35536fe-6179-495f-9a21-a485732e7c56,7df43a3a-9a62-46bb-8939-a048cebc1f01,c2,DROP,1011,?,i5,
1769500953.646187,FORWARDED,c35536fe-6179-495f-9a21-a485732e7c56,7df43a3a-9a62-46bb-8939-a048cebc1f01,c2,DROP,1011,?,i5,
1769500953.6798177,RECEIVED,9f8bd698-5645-408a-ae38-65e78c89bbf0,cc585426-92b0-4df9-9eaf-5707178ef9e5,c1,DROP,1452,p1,?,
1769500953.6995678,RECEIVED,78598777-423f-450a-9ffc-dd483e1180b9,14405315-186a-46d3-bcb4-6ff449efe5de,c2,c1,2475,p2,?,
1769500953.7310693,SENT,bcfff048-0502-49f5-b5f1-29883acb8c07,072a0ebd-ef3a-4253-a019-9afec1696733,c4,c3,1775,?,i10,
1769500953.7311094,FORWARDED,bcfff048-0502-49f5-b5f1-29883acb8c07,072a0ebd-ef3a-4253-a019-9afec1696733,c4,c3,1775,?,i10,
1769500953.7807126,RECEIVED,4a7f3205-9648-461e-8c6b-78ddd4d7f585,19d2d764-5c75-42e2-bff1-c61b84c103a5,c1,DROP,441,x12,?,
1769500953.804272,SENT,9f8bd698-5645-408a-ae38-65e78c89bbf0,cc585426-92b0-4df9-9eaf-5707178ef9e5,c1,DROP,1015,?,i8,
1769500953.8043158,FORWARDED,9f8bd698-5645-408a-ae38-65e78c89bbf0,cc585426-92b0-4df9-9eaf-5707178ef9e5,c1,DROP,1015,?,i8,
1769500953.8719928,SENT,78598777-423f-450a-9ffc-dd483e1180b9,14405315-186a-46d3-bcb4-6ff449efe5de,c2,c1,1784,?,i2,
1769500953.8720367,FORWARDED,78598777-423f-450a-9ffc-dd483e1180b9,14405315-186a-46d3-bcb4-6ff449efe5de,c2,c1,1784,?,i2,
1769500953.9899461,SENT,002446c4-30de-4a78-9bf4-2721de47c04e,ad2323a3-277d-46bc-baf3-61ef48317a4b,c2,DROP,1012,?,i9,
1769500953.9899824,FORWARDED,002446c4-30de-4a78-9bf4-2721de47c04e,ad2323a3-277d-46bc-baf3-61ef48317a4b,c2,DROP,1012,?,i9,
1769500953.9985838,SENT,92e2affa-3b3c-4423-a03b-f0b225768eaf,42cbce2b-5c3f-4d7e-9702-4f8c9e9e1b7b,c1,DROP,1021,?,i10,
1769500953.9986272,FORWARDED,92e2affa-3b3c-4423-a03b-f0b225768eaf,42cbce2b-5c3f-4d7e-9702-4f8c9e9e1b7b,c1,DROP,1021,?,i10,
1769500954.005774,RECEIVED,f1161f40-849d-47fe-8cde-d33cee708929,0956ba7c-c124-4bf0-b923-4de0031f98c6,c1,DROP,1435,p1,?,
1769500954.0073118,RECEIVED,6ae97e0d-f37c-44bb-9d8c-39eeaed5e212,ad666723-f346-4992-b23a-edffe74da641,c5,c2,2464,p2,?,
1769500954.1382203,RECEIVED,5514e40e-c53e-4ea7-a7b0-fe5690cbf07b,e9f3bc50-e284-4ef7-885e-a20326365ecd,c5,DROP,1448,p2,?,
1769500954.2060323,SENT,5514e40e-c53e-4ea7-a7b0-fe5690cbf07b,e9f3bc50-e284-4ef7-885e-a20326365ecd,c5,DROP,1012,?,i8,
1769500954.2071846,FORWARDED,5514e40e-c53e-4ea7-a7b0-fe5690cbf07b,e9f3bc50-e284-4ef7-885e-a20326365ecd,c5,DROP,1012,?,i8,
1769500954.2664285,SENT,6ae97e0d-f37c-44bb-9d8c-39eeaed5e212,ad666723-f346-4992-b23a-edffe74da641,c5,c2,1774,?,i7,
1769500954.266469,FORWARDED,6ae97e0d-f37c-44bb-9d8c-39eeaed5e212,ad666723-f346-4992-b23a-edffe74da641,c5,c2,1774,?,i7,
1769500954.2959409,RECEIVED,bd763ae8-7ac4-43e6-8dad-af3b168c40df,001e3bee-9443-4558-9e73-3024fd1ba6a3,c2,c1,2446,p2,?,
1769500954.470976,RECEIVED,66cda660-b1b3-45da-8c6d-682ab9aff6e8,29a11a54-25f7-4043-8b19-e14eae3197ac,c5,DROP,442,x8,?,
1769500954.6586845,RECEIVED,efa2e277-dce3-4b41-a10b-e9e5e2f7b430,fc00a682-186b-48b1-8b81-d53b6e61e481,c4,DROP,442,x1,?,
1769500954.7081409,SENT,f1161f40-849d-47fe-8cde-d33cee708929,0956ba7c-c124-4bf0-b923-4de0031f98c6,c1,DROP,1003,?,i1,
1769500954.7081769,FORWARDED,f1161f40-849d-47fe-8cde-d33cee708929,0956ba7c-c124-4bf0-b923-4de0031f98c6,c1,DROP,1003,?,i1,
1769500954.7534966,RECEIVED,e6a0d97d-7512-4c70-850d-fdc558299827,bf4fce35-fbca-4677-a71b-fc17b8473920,c3,DROP,1443,p3,?,
1769500954.9146316,RECEIVED,c01082f4-4fec-4acd-9cfa-9f171b90ee3e,84ca40ac-5e84-4133-b899-cd5ea93a9c1c,c3,None,2235,p3,?,
1769500955.2507207,SENT,c01082f4-4fec-4acd-9cfa-9f171b90ee3e,84ca40ac-5e84-4133-b899-cd5ea93a9c1c,c3,None,1604,?,i7,
1769500955.250762,FORWARDED,c01082f4-4fec-4acd-9cfa-9f171b90ee3e,84ca40ac-5e84-4133-b899-cd5ea93a9c1c,c3,None,1604,?,i7,
1769500955.2712243,SENT,e6a0d97d-7512-4c70-850d-fdc558299827,bf4fce35-fbca-4677-a71b-fc17b8473920,c3,DROP,1011,?,i4,
1769500955.2712677,FORWARDED,e6a0d97d-7512-4c70-850d-fdc558299827,bf4fce35-fbca-4677-a71b-fc17b8473920,c3,DROP,1011,?,i4,
1769500955.3872364,RECEIVED,ca5e69c5-88da-440f-8eda-d8ae49e34b22,e0869ad3-1d52-45e7-a97e-c9025ea3a4ec,c2,DROP,1447,p2,?,
1769500955.3993883,RECEIVED,6c8fc41e-bc32-4e31-b122-e3c30febe42b,c03e7756-79b1-46a2-b4b1-d0948848e366,c4,c3,2459,p1,?,
1769500955.542363,RECEIVED,d0c7598e-2a40-47c6-bbb4-ba8f8a40b363,7bc0528b-dcd9-4237-837d-e82c58f1e2d1,c5,DROP,1448,p2,?,
1769500955.60281,SENT,ca5e69c5-88da-440f-8eda-d8ae49e34b22,e0869ad3-1d52-45e7-a97e-c9025ea3a4ec,c2,DROP,1012,?,i7,
1769500955.6028512,FORWARDED,ca5e69c5-88da-440f-8eda-d8ae49e34b22,e0869ad3-1d52-45e7-a97e-c9025ea3a4ec,c2,DROP,1012,?,i7,
1769500955.835736,RECEIVED,58869326-cd6c-46a5-ada8-816fa242f188,500ab4d6-e18c-4dce-a5ce-5eebaa80447c,c4,DROP,1447,p1,?,
1769500955.9263356,SENT,bd763ae8-7ac4-43e6-8dad-af3b168c40df,001e3bee-9443-4558-9e73-3024fd1ba6a3,c2,c1,1764,?,i3,
1769500955.9263763,FORWARDED,bd763ae8-7ac4-43e6-8dad-af3b168c40df,001e3bee-9443-4558-9e73-3024fd1ba6a3,c2,c1,1764,?,i3,
1769500956.0161417,RECEIVED,e0ba9a6b-a274-4772-aafe-511cb5e5c525,454f60a5-cf6f-44c5-9b23-da0bd1c57837,c2,DROP,442,x1,?,
1769500956.064895,SENT,58869326-cd6c-46a5-ada8-816fa242f188,500ab4d6-e18c-4dce-a5ce-5eebaa80447c,c4,DROP,1012,?,i9,
1769500956.0649383,FORWARDED,58869326-cd6c-46a5-ada8-816fa242f188,500ab4d6-e18c-4dce-a5ce-5eebaa80447c,c4,DROP,1012,?,i9,
1769500956.090216,SENT,d0c7598e-2a40-47c6-bbb4-ba8f8a40b363,7bc0528b-dcd9-4237-837d-e82c58f1e2d1,c5,DROP,1012,?,i11,
1769500956.09026,FORWARDED,d0c7598e-2a40-47c6-bbb4-ba8f8a40b363,7bc0528b-dcd9-4237-837d-e82c58f1e2d1,c5,DROP,1012,?,i11,
1769500956.2557752,RECEIVED,7a232d11-3f85-4321-8311-3145a313476c,ad8eabaa-9854-477a-9e80-b7fb54708f8c,c3,DROP,1439,p3,?,
1769500956.2601194,RECEIVED,00c201c0-b8e1-4c9f-a51d-04ab6910c21f,1e251857-7740-4b90-abc7-af7c9c92427e,c1,DROP,1447,p1,?,
1769500956.28662,RECEIVED,37e158b4-9968-4481-9e6b-dcab852d9049,342aa190-bf10-4489-a8d4-8ed09dbb56df,c5,DROP,1446,p2,?,
1769500956.3904314,RECEIVED,42706a42-0a5e-47d5-bd06-6c9c2ea1cae7,ef74a787-1dec-4f69-bb00-bf528d8b673c,c3,c4,2476,p3,?,
1769500956.7309165,RECEIVED,804e598f-3bb6-498a-b912-9d1e51861717,32b4dce3-c55a-4910-9173-f6e70b4d8ab0,c3,DROP,1451,p3,?,
1769500956.8062346,SENT,6c8fc41e-bc32-4e31-b122-e3c30febe42b,c03e7756-79b1-46a2-b4b1-d0948848e366,c4,c3,1772,?,i7,
1769500956.8062735,FORWARDED,6c8fc41e-bc32-4e31-b122-e3c30febe42b,c03e7756-79b1-46a2-b4b1-d0948848e366,c4,c3,1772,?,i7,
1769500956.9153416,RECEIVED,759687c4-d595-4272-b092-5f6a30e681db,a875318c-3663-4fa9-87a3-bc8ce9470ed4,c3,DROP,443,x1,?,
1769500956.939551,RECEIVED,a0f4fbf4-98d5-44b0-a052-267f560dac9a,25fcd509-2b48-42c0-a173-62b084f259f0,c2,c1,2448,p2,?,
1769500956.9718912,SENT,7a232d11-3f85-4321-8311-3145a313476c,ad8eabaa-9854-477a-9e80-b7fb54708f8c,c3,DROP,1008,?,i8,
1769500956.971932,FORWARDED,7a232d11-3f85-4321-8311-3145a313476c,ad8eabaa-9854-477a-9e80-b7fb54708f8c,c3,DROP,1008,?,i8,
1769500957.0427198,SENT,a0f4fbf4-98d5-44b0-a052-267f560dac9a,25fcd509-2b48-42c0-a173-62b084f259f0,c2,c1,1763,?,i8,
1769500957.0427628,FORWARDED,a0f4fbf4-98d5-44b0-a052-267f560dac9a,25fcd509-2b48-42c0-a173-62b084f259f0,c2,c1,1763,?,i8,
1769500957.096868,SENT,804e598f-3bb6-498a-b912-9d1e51861717,32b4dce3-c55a-4910-9173-f6e70b4d8ab0,c3,DROP,1016,?,i1,
1769500957.0969126,FORWARDED,804e598f-3bb6-498a-b912-9d1e51861717,32b4dce3-c55a-4910-9173-f6e70b4d8ab0,c3,DROP,1016,?,i1,
1769500957.1273365,RECEIVED,f61c14ab-57f4-42be-893c-9dc453e73477,a7790d1c-769d-4af3-b9ba-8ac9a38d8aa9,c2,DROP,438,x5,?,
1769500957.1908169,RECEIVED,0c370664-cc9b-414b-bba2-1e4e8e4e4eb9,56338b29-6c48-4929-9e48-8c829f31b62e,c1,DROP,1439,p1,?,
1769500957.200608,RECEIVED,5e2ae7e2-af95-4e9e-8f3d-b3031279b0ff,60436fa3-f7bc-4d85-8cca-78c9888a921b,c4,None,2227,p1,?,
1769500957.308072,RECEIVED,1a2298d8-51a0-4991-8a48-9a093b3ff961,7c8bbbf5-ca00-44b4-aa52-6e815297338d,c4,DROP,1439,p1,?,
1769500957.3197224,SENT,42706a42-0a5e-47d5-bd06-6c9c2ea1cae7,ef74a787-1dec-4f69-bb00-bf528d8b673c,c3,c4,1784,?,i11,
1769500957.3197615,FORWARDED,42706a42-0a5e-47d5-bd06-6c9c2ea1cae7,ef74a787-1dec-4f69-bb00-bf528d8b673c,c3,c4,1784,?,i11,
1769500957.3371038,SENT,5e2ae7e2-af95-4e9e-8f3d-b3031279b0ff,60436fa3-f7bc-4d85-8cca-78c9888a921b,c4,None,1597,?,i4,
1769500957.337147,FORWARDED,5e2ae7e2-af95-4e9e-8f3d-b3031279b0ff,60436fa3-f7bc-4d85-8cca-78c9888a921b,c4,None,1597,?,i4,
1769500957.3875833,RECEIVED,246efd4b-4334-4687-9aed-246996136306,8e083481-0246-404e-93a8-b26d834c600b,c4,DROP,440,x5,?,
1769500957.5357177,SENT,37e158b4-9968-4481-9e6b-dcab852d9049,342aa190-bf10-4489-a8d4-8ed09dbb56df,c5,DROP,1012,?,i7,
1769500957.5357597,FORWARDED,37e158b4-9968-4481-9e6b-dcab852d9049,342aa190-bf10-4489-a8d4-8ed09dbb56df,c5,DROP,1012,?,i7,
1769500957.5928097,SENT,1a2298d8-51a0-4991-8a48-9a093b3ff961,7c8bbbf5-ca00-44b4-aa52-6e815297338d,c4,DROP,1008,?,i1,
1769500957.592848,FORWARDED,1a2298d8-51a0-4991-8a48-9a093b3ff961,7c8bbbf5-ca00-44b4-aa52-6e815297338d,c4,DROP,1008,?,i1,
1769500957.622935,RECEIVED,8a9915b4-c078-49e5-8a72-1230eeef1874,c4d077ed-1b46-42f2-b023-bcdcbea9d923,c4,DROP,1447,p1,?,
1769500957.8168192,SENT,00c201c0-b8e1-4c9f-a51d-04ab6910c21f,1e251857-7740-4b90-abc7-af7c9c92427e,c1,DROP,1014,?,i8,
1769500957.8168607,FORWARDED,00c201c0-b8e1-4c9f-a51d-04ab6910c21f,1e251857-7740-4b90-abc7-af7c9c92427e,c1,DROP,1014,?,i8,
1769500957.907117,RECEIVED,a3f08f61-42c5-4a9a-8a64-6e8661b5e7d1,e39a6d2a-8872-4a09-a1f4-40b2783ef97f,c1,DROP,1443,p1,?,
1769500957.9506817,SENT,0c370664-cc9b-414b-bba2-1e4e8e4e4eb9,56338b29-6c48-4929-9e48-8c829f31b62e,c1,DROP,1007,?,i1,
1769500957.9507241,FORWARDED,0c370664-cc9b-414b-bba2-1e4e8e4e4eb9,56338b29-6c48-4929-9e48-8c829f31b62e,c1,DROP,1007,?,i1,
1769500957.9824953,RECEIVED,dea6f9a1-cdea-4e70-8a89-afa16d949b16,f596690a-985d-4630-8938-c5caf4553dd0,c1,DROP,1451,p1,?,
1769500958.0613277,RECEIVED,6e95c7cf-addb-4e2b-b09a-f2eb18cc0f71,3c2df93b-8674-435c-b0e6-4a618de56b97,c4,DROP,441,x7,?,
1769500958.1753697,RECEIVED,d47782a8-886f-4264-8692-cf3e41287980,4e401ff9-4cc7-4aba-87b8-33466260654d,c4,DROP,440,x10,?,
1769500958.252611,SENT,8a9915b4-c078-49e5-8a72-1230eeef1874,c4d077ed-1b46-42f2-b023-bcdcbea9d923,c4,DROP,1012,?,i5,
1769500958.2526479,FORWARDED,8a9915b4-c078-49e5-8a72-1230eeef1874,c4d077ed-1b46-42f2-b023-bcdcbea9d923,c4,DROP,1012,?,i5,
1769500958.3106925,RECEIVED,a6aeb40b-0aa1-4185-906b-c83a89a00788,9fb6d0ca-94a1-437f-8184-95c7ad84e183,c1,DROP,441,x12,?,
1769500958.332611,SENT,a3f08f61-42c5-4a9a-8a64-6e8661b5e7d1,e39a6d2a-8872-4a09-a1f4-40b2783ef97f,c1,DROP,1010,?,i1,
1769500958.332653,FORWARDED,a3f08f61-42c5-4a9a-8a64-6e8661b5e7d1,e39a6d2a-8872-4a09-a1f4-40b2783ef97f,c1,DROP,1010,?,i1,
1769500958.3493478,RECEIVED,ca26e81e-b64b-4508-9fde-dc3cb587dba5,bf73ab41-fbb0-4697-ba5c-45cb35b00a03,c3,DROP,1441,p3,?,
1769500958.3971167,SENT,dea6f9a1-cdea-4e70-8a89-afa16d949b16,f596690a-985d-4630-8938-c5caf4553dd0,c1,DROP,1016,?,i5,
1769500958.3971612,FORWARDED,dea6f9a1-cdea-4e70-8a89-afa16d949b16,f596690a-985d-4630-8938-c5caf4553dd0,c1,DROP,1016,?,i5,
1769500958.442699,SENT,ca26e81e-b64b-4508-9fde-dc3cb587dba5,bf73ab41-fbb0-4697-ba5c-45cb35b00a03,c3,DROP,1007,?,i12,
1769500958.4427474,FORWARDED,ca26e81e-b64b-4508-9fde-dc3cb587dba5,bf73ab41-fbb0-4697-ba5c-45cb35b00a03,c3,DROP,1007,?,i12,
1769500958.611936,RECEIVED,a97347cc-522f-45cf-92b7-f8406fd7c636,a17ab5bb-570b-45a4-88ee-e93c1308deff,c4,DROP,1452,p1,?,
1769500958.655566,RECEIVED,b016e63e-403c-4330-a29d-46bccf471dc1,4c9bd0f0-5ed0-44b9-b194-0ef0f1519b4f,c2,c1,2456,p2,?,
1769500958.6728203,RECEIVED,2c7899b4-551e-422a-9135-00651a45bfb6,6cf8fdc4-8128-4ba8-ac59-9662c4c622de,c5,DROP,443,x4,?,
1769500958.7072675,RECEIVED,2b57fd31-aae7-47ec-ac1f-614d89faa6a7,69434e0b-9387-4cee-9a85-d43e905ad977,c1,c5,2463,p1,?,
1769500958.7652245,SENT,b016e63e-403c-4330-a29d-46bccf471dc1,4c9bd0f0-5ed0-44b9-b194-0ef0f1519b4f,c2,c1,1768,?,i6,
1769500958.765277,FORWARDED,b016e63e-403c-4330-a29d-46bccf471dc1,4c9bd0f0-5ed0-44b9-b194-0ef0f1519b4f,c2,c1,1768,?,i6,
1769500958.822943,SENT,a97347cc-522f-45cf-92b7-f8406fd7c636,a17ab5bb-570b-45a4-88ee-e93c1308deff,c4,DROP,1016,?,i6,
1769500958.822985,FORWARDED,a97347cc-522f-45cf-92b7-f8406fd7c636,a17ab5bb-570b-45a4-88ee-e93c1308deff,c4,DROP,1016,?,i6,
1769500958.866377,RECEIVED,bc76a562-4966-4c1b-9d50-cc3cd9aa3903,01b080bf-85cf-4033-9caf-84ae30aaff41,c2,DROP,1440,p2,?,
1769500959.1655283,SENT,2b57fd31-aae7-47ec-ac1f-614d89faa6a7,69434e0b-9387-4cee-9a85-d43e905ad977,c1,c5,1776,?,i7,
1769500959.1655695,FORWARDED,2b57fd31-aae7-47ec-ac1f-614d89faa6a7,69434e0b-9387-4cee-9a85-d43e905ad977,c1,c5,1776,?,i7,
1769500959.2662985,SENT,bc76a562-4966-4c1b-9d50-cc3cd9aa3903,01b080bf-85cf-4033-9caf-84ae30aaff41,c2,DROP,1007,?,i10,
1769500959.2663398,FORWARDED,bc76a562-4966-4c1b-9d50-cc3cd9aa3903,01b080bf-85cf-4033-9caf-84ae30aaff41,c2,DROP,1007,?,i10,
1769500959.4408607,RECEIVED,14ae31c7-93bf-4516-9324-f12674bb6efd,92e9d868-25b0-4a9d-bb4c-ce4032966771,c5,DROP,1447,p2,?,
1769500959.452068,RECEIVED,e460416c-eeaa-48e8-a57c-2afa247fc332,83725b96-c16d-488a-a211-cecf3b5fef36,c1,DROP,1446,p1,?,
1769500959.6651797,RECEIVED,33258a88-f9b2-4c0c-b756-ff6b4f311cb4,6fc27de5-775c-443f-94b2-ffa4466f6538,c4,c3,2468,p1,?,
1769500959.7021568,RECEIVED,1935ba3a-c0d1-4273-a04f-932ecad98cbe,376e6ad6-4aa1-4590-9635-ebf0478081a4,c1,DROP,1444,p1,?,
1769500959.7109473,RECEIVED,c1bc32ce-8616-4a7e-ada2-446080376821,442edf2f-d1ff-49d0-8cb6-79305ad9455a,c2,DROP,1439,p2,?,
1769500959.741009,RECEIVED,1822c310-068e-41a6-8534-e1ee4cd931f0,6a71ea1a-ae2a-447c-abcb-4ed9883e7e44,c3,c4,2466,p3,?,
1769500959.7501402,SENT,33258a88-f9b2-4c0c-b756-ff6b4f311cb4,6fc27de5-775c-443f-94b2-ffa4466f6538,c4,c3,1779,?,i7,
1769500959.750183,FORWARDED,33258a88-f9b2-4c0c-b756-ff6b4f311cb4,6fc27de5-775c-443f-94b2-ffa4466f6538,c4,c3,1779,?,i7,
1769500959.8218317,SENT,1935ba3a-c0d1-4273-a04f-932ecad98cbe,376e6ad6-4aa1-4590-9635-ebf0478081a4,c1,DROP,1011,?,i3,
1769500959.821866,FORWARDED,1935ba3a-c0d1-4273-a04f-932ecad98cbe,376e6ad6-4aa1-4590-9635-ebf0478081a4,c1,DROP,1011,?,i3,
1769500960.1001372,SENT,14ae31c7-93bf-4516-9324-f12674bb6efd,92e9d868-25b0-4a9d-bb4c-ce4032966771,c5,DROP,1012,?,i1,
1769500960.1001792,FORWARDED,14ae31c7-93bf-4516-9324-f12674bb6efd,92e9d868-25b0-4a9d-bb4c-ce4032966771,c5,DROP,1012,?,i1,
1769500960.176331,SENT,e460416c-eeaa-48e8-a57c-2afa247fc332,83725b96-c16d-488a-a211-cecf3b5fef36,c1,DROP,1012,?,i6,
1769500960.176376,FORWARDED,e460416c-eeaa-48e8-a57c-2afa247fc332,83725b96-c16d-488a-a211-cecf3b5fef36,c1,DROP,1012,?,i6,
1769500960.196394,RECEIVED,2a3135f7-deda-49aa-b31c-0f5ea43601f6,edefbe04-3d08-4375-8794-5b213871200a,c5,DROP,441,x7,?,
1769500960.3424423,RECEIVED,886747af-0c91-43e6-b290-0d189acf1964,c4e9af24-d845-41f7-937f-f45fb557a98d,c5,DROP,1439,p2,?,
1769500960.4310844,SENT,c1bc32ce-8616-4a7e-ada2-446080376821,442edf2f-d1ff-49d0-8cb6-79305ad9455a,c2,DROP,1008,?,i6,
1769500960.431123,FORWARDED,c1bc32ce-8616-4a7e-ada2-446080376821,442edf2f-d1ff-49d0-8cb6-79305ad9455a,c2,DROP,1008,?,i6,
1769500960.914298,RECEIVED,b31d4dee-4288-4102-996d-6a513c11ef1d,145d80e6-4adc-4e73-b2ed-f1533ee49683,c2,DROP,1456,p2,?,
1769500960.9979944,RECEIVED,31d2bb30-d9f9-4bf7-bdbe-c6b9ed441134,eb48605d-4ba6-4121-b203-d18c420fa53c,c4,DROP,440,x5,?,
1769500961.0136209,SENT,886747af-0c91-43e6-b290-0d189acf1964,c4e9af24-d845-41f7-937f-f45fb557a98d,c5,DROP,1007,?,i12,
1769500961.0136626,FORWARDED,886747af-0c91-43e6-b290-0d189acf1964,c4e9af24-d845-41f7-937f-f45fb557a98d,c5,DROP,1007,?,i12,
1769500961.097099,RECEIVED,2729f328-a99e-465d-b71e-01ef5dc1907c,1d3223ff-71bd-4193-bff2-e555e2bc3db8,c3,None,2236,p3,?,
1769500961.14752,RECEIVED,dcac449a-61b7-4aa6-9ec1-ae9e0514242f,044938ff-cff3-45b3-b93b-63dc21ab085f,c1,DROP,1441,p1,?,
1769500961.1597853,RECEIVED,59eddaa4-72e4-4767-8ba2-05a3a08faa42,a10a3129-a4e9-4da6-8c31-5f6ff037383c,c4,DROP,1453,p1,?,
1769500961.1673367,SENT,1822c310-068e-41a6-8534-e1ee4cd931f0,6a71ea1a-ae2a-447c-abcb-4ed9883e7e44,c3,c4,1779,?,i9,
1769500961.1673799,FORWARDED,1822c310-068e-41a6-8534-e1ee4cd931f0,6a71ea1a-ae2a-447c-abcb-4ed9883e7e44,c3,c4,1779,?,i9,
1769500961.1741953,SENT,59eddaa4-72e4-4767-8ba2-05a3a08faa42,a10a3129-a4e9-4da6-8c31-5f6ff037383c,c4,DROP,1015,?,i7,
1769500961.1742356,FORWARDED,59eddaa4-72e4-4767-8ba2-05a3a08faa42,a10a3129-a4e9-4da6-8c31-5f6ff037383c,c4,DROP,1015,?,i7,
1769500961.1845417,SENT,dcac449a-61b7-4aa6-9ec1-ae9e0514242f,044938ff-cff3-45b3-b93b-63dc21ab085f,c1,DROP,1007,?,i12,
1769500961.1845827,FORWARDED,dcac449a-61b7-4aa6-9ec1-ae9e0514242f,044938ff-cff3-45b3-b93b-63dc21ab085f,c1,DROP,1007,?,i12,
1769500961.3097732,RECEIVED,a5c20765-831b-4307-bda5-cf5ad7271a03,a057d498-096c-4997-a5f1-3fe486de9524,c4,None,2232,p1,?,
1769500961.3218045,SENT,2729f328-a99e-465d-b71e-01ef5dc1907c,1d3223ff-71bd-4193-bff2-e555e2bc3db8,c3,None,1605,?,i5,
1769500961.3218472,FORWARDED,2729f328-a99e-465d-b71e-01ef5dc1907c,1d3223ff-71bd-4193-bff2-e555e2bc3db8,c3,None,1605,?,i5,
1769500961.4936373,SENT,a5c20765-831b-4307-bda5-cf5ad7271a03,a057d498-096c-4997-a5f1-3fe486de9524,c4,None,1600,?,i2,
1769500961.4936802,FORWARDED,a5c20765-831b-4307-bda5-cf5ad7271a03,a057d498-096c-4997-a5f1-3fe486de9524,c4,None,1600,?,i2,
1769500961.7480621,RECEIVED,de866101-136d-4bde-9a4c-49d599004fa0,ccdcc6b8-77d4-4a35-8b23-aa08655e0384,c4,DROP,438,x4,?,
1769500961.7655985,RECEIVED,f496ba56-e824-4a77-8e54-796c155856b6,382d065d-8f11-4e4c-8ad1-8cb344868faf,c4,c3,2462,p1,?,
1769500961.9044056,RECEIVED,d1e2a603-dd56-4abe-aebf-99f7e95594e3,124ee12e-925d-48e5-9b88-896118a2501d,c4,DROP,1451,p1,?,
1769500961.994108,RECEIVED,9df631cf-a03d-4dca-b871-21ab0e03c2aa,d3221211-eedd-4f13-88fa-f9a2537572a1,c2,DROP,1447,p2,?,
1769500962.0364454,RECEIVED,24c319e7-d7dd-46fa-98a8-c0a56220d90a,4bb6162f-097c-4c1b-a7bb-00f23b170777,c3,DROP,1452,p3,?,
1769500962.0503647,RECEIVED,347a5b7e-faeb-43e5-aafc-b418de02f762,312e169c-2811-4f29-9c69-a87919deb41e,c2,DROP,1439,p2,?,
1769500962.077811,RECEIVED,d59f1e61-5bb4-4400-bf93-f73430c31dc4,8099db72-6920-4b6a-bc70-9fb14f2b98c9,c2,DROP,441,x9,?,
1769500962.1385508,SENT,9df631cf-a03d-4dca-b871-21ab0e03c2aa,d3221211-eedd-4f13-88fa-f9a2537572a1,c2,DROP,1012,?,i9,
1769500962.138586,FORWARDED,9df631cf-a03d-4dca-b871-21ab0e03c2aa,d3221211-eedd-4f13-88fa-f9a2537572a1,c2,DROP,1012,?,i9,
1769500962.2913027,RECEIVED,29b75e84-685b-4f92-be89-d01ebe00ec69,068a5d62-7640-4baf-8f7e-e03e938172c7,c4,None,2244,p1,?,
1769500962.3082438,RECEIVED,1dfeafc1-b0cb-472f-beb7-e67c6a897ead,9f0c25e1-b9a8-4aaa-b88a-cccee1264a56,c4,c3,2475,p1,?,
1769500962.437369,SENT,f496ba56-e824-4a77-8e54-796c155856b6,382d065d-8f11-4e4c-8ad1-8cb344868faf,c4,c3,1776,?,i7,
1769500962.437411,FORWARDED,f496ba56-e824-4a77-8e54-796c155856b6,382d065d-8f11-4e4c-8ad1-8cb344868faf,c4,c3,1776,?,i7,
1769500962.5167053,RECEIVED,29cc8cee-b8ad-4d13-bf6f-a686e5eada22,49a8faaa-f941-41c6-bc07-fc63f62f91b7,c5,DROP,1444,p2,?,
1769500962.5313706,RECEIVED,b9a733fd-db84-4095-995e-fda9d52002ab,0fc047cf-8188-4ae0-b0f0-4866a0a9533c,c4,None,2220,p1,?,
1769500962.5742843,SENT,d1e2a603-dd56-4abe-aebf-99f7e95594e3,124ee12e-925d-48e5-9b88-896118a2501d,c4,DROP,1016,?,i1,
1769500962.5743244,FORWARDED,d1e2a603-dd56-4abe-aebf-99f7e95594e3,124ee12e-925d-48e5-9b88-896118a2501d,c4,DROP,1016,?,i1,
1769500962.6964054,SENT,347a5b7e-faeb-43e5-aafc-b418de02f762,312e169c-2811-4f29-9c69-a87919deb41e,c2,DROP,1008,?,i7,
1769500962.6964571,FORWARDED,347a5b7e-faeb-43e5-aafc-b418de02f762,312e169c-2811-4f29-9c69-a87919deb41e,c2,DROP,1008,?,i7,
1769500962.706964,RECEIVED,2536305b-3e71-4e8d-b7d7-2bca348d3251,d377a71f-19c0-4679-b284-94ba58a80630,c2,DROP,1460,p2,?,
1769500962.7090044,SENT,b9a733fd-db84-4095-995e-fda9d52002ab,0fc047cf-8188-4ae0-b0f0-4866a0a9533c,c4,None,1592,?,i10,
1769500962.7093859,FORWARDED,b9a733fd-db84-4095-995e-fda9d52002ab,0fc047cf-8188-4ae0-b0f0-4866a0a9533c,c4,None,1592,?,i10,
1769500962.7625215,SENT,29b75e84-685b-4f92-be89-d01ebe00ec69,068a5d62-7640-4baf-8f7e-e03e938172c7,c4,None,1610,?,i9,
1769500962.762565,FORWARDED,29b75e84-685b-4f92-be89-d01ebe00ec69,068a5d62-7640-4baf-8f7e-e03e938172c7,c4,None,1610,?,i9,
1769500962.77036,SENT,b31d4dee-4288-4102-996d-6a513c11ef1d,145d80e6-4adc-4e73-b2ed-f1533ee49683,c2,DROP,1020,?,i11,
1769500962.7704005,FORWARDED,b31d4dee-4288-4102-996d-6a513c11ef1d,145d80e6-4adc-4e73-b2ed-f1533ee49683,c2,DROP,1020,?,i11,
1769500962.7942767,RECEIVED,8fc33d8b-abaa-421c-99d7-b2c1ea3875a1,1ed066d6-73fb-4eeb-a572-837251e00ee0,c1,DROP,443,x5,?,
1769500962.844192,RECEIVED,ee14ce93-4678-4b94-8470-6eef478548c3,e29e9858-e5db-46d3-83a0-44b0466a4fe5,c2,None,2247,p2,?,
1769500962.964907,SENT,2536305b-3e71-4e8d-b7d7-2bca348d3251,d377a71f-19c0-4679-b284-94ba58a80630,c2,DROP,1021,?,i12,
1769500962.9649608,FORWARDED,2536305b-3e71-4e8d-b7d7-2bca348d3251,d377a71f-19c0-4679-b284-94ba58a80630,c2,DROP,1021,?,i12,
1769500963.005933,SENT,29cc8cee-b8ad-4d13-bf6f-a686e5eada22,49a8faaa-f941-41c6-bc07-fc63f62f91b7,c5,DROP,1011,?,i11,
1769500963.0059772,FORWARDED,29cc8cee-b8ad-4d13-bf6f-a686e5eada22,49a8faaa-f941-41c6-bc07-fc63f62f91b7,c5,DROP,1011,?,i11,
1769500963.0627923,SENT,24c319e7-d7dd-46fa-98a8-c0a56220d90a,4bb6162f-097c-4c1b-a7bb-00f23b170777,c3,DROP,1017,?,i12,
1769500963.0628347,FORWARDED,24c319e7-d7dd-46fa-98a8-c0a56220d90a,4bb6162f-097c-4c1b-a7bb-00f23b170777,c3,DROP,1017,?,i12,
1769500963.076634,SENT,1dfeafc1-b0cb-472f-beb7-e67c6a897ead,9f0c25e1-b9a8-4aaa-b88a-cccee1264a56,c4,c3,1784,?,i6,
1769500963.0766764,FORWARDED,1dfeafc1-b0cb-472f-beb7-e67c6a897ead,9f0c25e1-b9a8-4aaa-b88a-cccee1264a56,c4,c3,1784,?,i6,
1769500963.0778873,RECEIVED,2405f574-646e-471e-99dd-38c401f5e593,9ba22ba3-d8e8-4ac9-8c3a-422561aa4566,c3,c4,2464,p3,?,
1769500963.1919224,RECEIVED,243483eb-5e63-490a-9d0a-e620c8c9ec59,9264ced3-3e4e-4626-a005-d9c462d282f1,c3,DROP,442,x6,?,
1769500963.2205675,RECEIVED,1d1a3790-0005-410f-8e87-85507bec1e27,8f8b519b-e489-4d15-96c8-d4d36c60cc2a,c1,DROP,1456,p1,?,
1769500963.222295,SENT,2405f574-646e-471e-99dd-38c401f5e593,9ba22ba3-d8e8-4ac9-8c3a-422561aa4566,c3,c4,1776,?,i12,
1769500963.2223363,FORWARDED,2405f574-646e-471e-99dd-38c401f5e593,9ba22ba3-d8e8-4ac9-8c3a-422561aa4566,c3,c4,1776,?,i12,
1769500963.385542,RECEIVED,9f6c2dc5-576f-41c1-a4f2-6074a605d8a4,b3db14ae-7f85-42a7-8cf4-160792e2b39b,c1,DROP,1441,p1,?,
1769500963.4471605,SENT,9f6c2dc5-576f-41c1-a4f2-6074a605d8a4,b3db14ae-7f85-42a7-8cf4-160792e2b39b,c1,DROP,1007,?,i11,
1769500963.4472039,FORWARDED,9f6c2dc5-576f-41c1-a4f2-6074a605d8a4,b3db14ae-7f85-42a7-8cf4-160792e2b39b,c1,DROP,1007,?,i11,
1769500963.489299,RECEIVED,910f1d20-6e1b-46bd-b2c0-46971a36aad1,a87964ff-82d6-4490-815d-5812678c7ee7,c3,DROP,1457,p3,?,
1769500963.5943413,RECEIVED,ddba9cdd-a078-497e-aa75-ed7454e5ef74,6bac2dd0-3f7f-4e78-a34c-c7a93708c73a,c4,c3,2468,p1,?,
1769500963.6453714,SENT,ddba9cdd-a078-497e-aa75-ed7454e5ef74,6bac2dd0-3f7f-4e78-a34c-c7a93708c73a,c4,c3,1779,?,i12,
1769500963.6454105,FORWARDED,ddba9cdd-a078-497e-aa75-ed7454e5ef74,6bac2dd0-3f7f-4e78-a34c-c7a93708c73a,c4,c3,1779,?,i12,
1769500963.655401,RECEIVED,ca645af5-df20-4705-8669-f38c8dcc4dd2,08286798-d72c-48c6-a59c-b4cab7f777f0,c3,DROP,1447,p3,?,
1769500963.9789727,SENT,910f1d20-6e1b-46bd-b2c0-46971a36aad1,a87964ff-82d6-4490-815d-5812678c7ee7,c3,DROP,1020,?,i12,
1769500963.979013,FORWARDED,910f1d20-6e1b-46bd-b2c0-46971a36aad1,a87964ff-82d6-4490-815d-5812678c7ee7,c3,DROP,1020,?,i12,
1769500963.9843743,SENT,ee14ce93-4678-4b94-8470-6eef478548c3,e29e9858-e5db-46d3-83a0-44b0466a4fe5,c2,None,1612,?,i12,
1769500963.9844291,FORWARDED,ee14ce93-4678-4b94-8470-6eef478548c3,e29e9858-e5db-46d3-83a0-44b0466a4fe5,c2,None,1612,?,i12,
1769500964.0396907,SENT,1d1a3790-0005-410f-8e87-85507bec1e27,8f8b519b-e489-4d15-96c8-d4d36c60cc2a,c1,DROP,1020,?,i12,
1769500964.0397308,FORWARDED,1d1a3790-0005-410f-8e87-85507bec1e27,8f8b519b-e489-4d15-96c8-d4d36c60cc2a,c1,DROP,1020,?,i12,
1769500964.0827026,RECEIVED,17dd3eab-d209-4979-80ca-a5b396280c34,84687450-ec08-41c0-afd6-2706c2b31ff5,c5,DROP,1439,p2,?,
1769500964.1552274,RECEIVED,0ab40c5a-2867-46e1-a16d-ecb79d2b1c28,defc1bfd-7295-4bc5-b1e0-e84a86f16ef6,c2,c1,2462,p2,?,
1769500964.42658,RECEIVED,bf1da149-e886-4451-8f96-15abb3fd9f55,dbc5202c-d23d-4460-8058-31953385347a,c1,DROP,1436,p1,?,
1769500964.5385876,SENT,0ab40c5a-2867-46e1-a16d-ecb79d2b1c28,defc1bfd-7295-4bc5-b1e0-e84a86f16ef6,c2,c1,1776,?,i9,
1769500964.5386279,FORWARDED,0ab40c5a-2867-46e1-a16d-ecb79d2b1c28,defc1bfd-7295-4bc5-b1e0-e84a86f16ef6,c2,c1,1776,?,i9,
1769500964.5678275,SENT,ca645af5-df20-4705-8669-f38c8dcc4dd2,08286798-d72c-48c6-a59c-b4cab7f777f0,c3,DROP,1012,?,i8,
1769500964.5678697,FORWARDED,ca645af5-df20-4705-8669-f38c8dcc4dd2,08286798-d72c-48c6-a59c-b4cab7f777f0,c3,DROP,1012,?,i8,
1769500964.6804256,SENT,17dd3eab-d209-4979-80ca-a5b396280c34,84687450-ec08-41c0-afd6-2706c2b31ff5,c5,DROP,1008,?,i8,
1769500964.6804686,FORWARDED,17dd3eab-d209-4979-80ca-a5b396280c34,84687450-ec08-41c0-afd6-2706c2b31ff5,c5,DROP,1008,?,i8,
1769500964.71572,RECEIVED,fef79d89-bf76-46a2-9d0b-2c3df7018b95,69860df9-4da8-4feb-8cc8-d85aefbd0ce7,c1,DROP,1440,p1,?,
1769500964.8036213,RECEIVED,1f8bf43b-7e26-43b5-95f0-4dcc1b04cf25,eebcfb29-41c6-403c-9013-1aa659a0c60e,c5,DROP,1441,p2,?,
1769500965.0150628,RECEIVED,a3d9dfa1-3a16-4f59-8a0e-5d9f07797b5c,133040a1-c360-467e-ad00-d8eab1a07cba,c4,DROP,1456,p1,?,
1769500965.1057413,SENT,1f8bf43b-7e26-43b5-95f0-4dcc1b04cf25,eebcfb29-41c6-403c-9013-1aa659a0c60e,c5,DROP,1007,?,i11,
1769500965.105783,FORWARDED,1f8bf43b-7e26-43b5-95f0-4dcc1b04cf25,eebcfb29-41c6-403c-9013-1aa659a0c60e,c5,DROP,1007,?,i11,
1769500965.1360269,RECEIVED,2ab52114-8544-4941-a525-0151c8b681c5,32fa351a-afb7-4f23-9ac7-bdad05356e45,c4,DROP,1444,p1,?,
1769500965.2212977,RECEIVED,3d575827-8e4c-471e-bc41-01fc0b17b8c5,22230feb-a961-4018-8826-18044c170bd9,c1,DROP,1456,p1,?,
1769500965.251752,SENT,bf1da149-e886-4451-8f96-15abb3fd9f55,dbc5202c-d23d-4460-8058-31953385347a,c1,DROP,1004,?,i10,
1769500965.2517958,FORWARDED,bf1da149-e886-4451-8f96-15abb3fd9f55,dbc5202c-d23d-4460-8058-31953385347a,c1,DROP,1004,?,i10,
1769500965.2531857,RECEIVED,7973f297-5438-48aa-b5a4-8fbe7f4091ad,293940b5-efde-4aea-9068-482683dc8915,c5,DROP,1451,p2,?,
1769500965.329086,RECEIVED,11841e65-3e0a-4040-b7ec-c3faf3e7b4b3,6b8fc12c-2d1b-494e-9138-678e0684f4fb,c1,DROP,1439,p1,?,
1769500965.3567798,RECEIVED,deb2669c-10b4-4d4c-be90-8010c5b3dd1b,0b25db21-7de1-4c03-aa03-a010969f4229,c1,DROP,442,x1,?,
1769500965.361235,RECEIVED,bf0cfb8f-1854-46db-b04b-c9b25e6ec459,4359a28b-d024-46e7-a071-a8740be254cb,c2,DROP,441,x2,?,
1769500965.449815,SENT,fef79d89-bf76-46a2-9d0b-2c3df7018b95,69860df9-4da8-4feb-8cc8-d85aefbd0ce7,c1,DROP,1007,?,i12,
1769500965.4498544,FORWARDED,fef79d89-bf76-46a2-9d0b-2c3df7018b95,69860df9-4da8-4feb-8cc8-d85aefbd0ce7,c1,DROP,1007,?,i12,
1769500965.5392892,SENT,2ab52114-8544-4941-a525-0151c8b681c5,32fa351a-afb7-4f23-9ac7-bdad05356e45,c4,DROP,1011,?,i4,
1769500965.5393293,FORWARDED,2ab52114-8544-4941-a525-0151c8b681c5,32fa351a-afb7-4f23-9ac7-bdad05356e45,c4,DROP,1011,?,i4,
1769500965.6688313,SENT,a3d9dfa1-3a16-4f59-8a0e-5d9f07797b5c,133040a1-c360-467e-ad00-d8eab1a07cba,c4,DROP,1020,?,i11,
1769500965.6688707,FORWARDED,a3d9dfa1-3a16-4f59-8a0e-5d9f07797b5c,133040a1-c360-467e-ad00-d8eab1a07cba,c4,DROP,1020,?,i11,
1769500965.7937963,RECEIVED,beafcde9-8bcc-4b31-bbc5-34de9ab2bba7,ac8de133-d0f5-40bd-beb7-f3192381f6d1,c4,DROP,1440,p1,?,
1769500966.105443,RECEIVED,857170ec-7b1a-46ec-8bcb-ea4daf7b1d9b,a104113b-7a4c-40d7-9994-6181a216acc9,c5,DROP,1452,p2,?,
1769500966.1331942,SENT,beafcde9-8bcc-4b31-bbc5-34de9ab2bba7,ac8de133-d0f5-40bd-beb7-f3192381f6d1,c4,DROP,1007,?,i5,
1769500966.133228,FORWARDED,beafcde9-8bcc-4b31-bbc5-34de9ab2bba7,ac8de133-d0f5-40bd-beb7-f3192381f6d1,c4,DROP,1007,?,i5,
1769500966.2101758,SENT,11841e65-3e0a-4040-b7ec-c3faf3e7b4b3,6b8fc12c-2d1b-494e-9138-678e0684f4fb,c1,DROP,1007,?,i7,
1769500966.2102137,FORWARDED,11841e65-3e0a-4040-b7ec-c3faf3e7b4b3,6b8fc12c-2d1b-494e-9138-678e0684f4fb,c1,DROP,1007,?,i7,
1769500966.229753,RECEIVED,078ef30f-dedb-40f5-9386-3fd9be44a41b,ac38da8c-b020-4aff-83b3-2d08d0380763,c2,DROP,440,x1,?,
1769500966.23523,RECEIVED,81311d3c-da87-46bd-b77b-f8770d1c64b8,4725af7b-5c2d-41d0-8127-424dbd80c00e,c3,DROP,1440,p3,?,
1769500966.2360697,RECEIVED,f26ad7fb-d4a3-438e-9887-35e5396438b5,64838ac7-5e0d-497e-a628-51ab156be03a,c4,DROP,1440,p1,?,
1769500966.3152943,RECEIVED,71cfce00-3660-4f5d-8bc1-9ad971d1b15c,2c8cc0c2-7063-4228-a4fe-d5a0391fb968,c3,c4,2444,p3,?,
1769500966.3624687,SENT,f26ad7fb-d4a3-438e-9887-35e5396438b5,64838ac7-5e0d-497e-a628-51ab156be03a,c4,DROP,1008,?,i5,
1769500966.3625119,FORWARDED,f26ad7fb-d4a3-438e-9887-35e5396438b5,64838ac7-5e0d-497e-a628-51ab156be03a,c4,DROP,1008,?,i5,
1769500966.4446702,SENT,81311d3c-da87-46bd-b77b-f8770d1c64b8,4725af7b-5c2d-41d0-8127-424dbd80c00e,c3,DROP,1008,?,i7,
1769500966.4448705,FORWARDED,81311d3c-da87-46bd-b77b-f8770d1c64b8,4725af7b-5c2d-41d0-8127-424dbd80c00e,c3,DROP,1008,?,i7,
1769500966.4747128,SENT,71cfce00-3660-4f5d-8bc1-9ad971d1b15c,2c8cc0c2-7063-4228-a4fe-d5a0391fb968,c3,c4,1760,?,i2,
1769500966.4747546,FORWARDED,71cfce00-3660-4f5d-8bc1-9ad971d1b15c,2c8cc0c2-7063-4228-a4fe-d5a0391fb968,c3,c4,1760,?,i2,
1769500966.4802845,SENT,857170ec-7b1a-46ec-8bcb-ea4daf7b1d9b,a104113b-7a4c-40d7-9994-6181a216acc9,c5,DROP,1015,?,i5,
1769500966.4803362,FORWARDED,857170ec-7b1a-46ec-8bcb-ea4daf7b1d9b,a104113b-7a4c-40d7-9994-6181a216acc9,c5,DROP,1015,?,i5,
1769500966.4959357,RECEIVED,1c6b8b04-0677-45ef-ba5a-4c520264e216,39e35a41-dd14-4419-934c-71b2e07cb7cf,c5,None,2224,p2,?,
1769500966.5968597,RECEIVED,63c4c893-b7c9-4a60-aeec-a345523059cb,5a0d55ae-e9fe-4ac3-b7e6-7083b7993d37,c5,DROP,1444,p2,?,
1769500966.7416706,RECEIVED,ec6529de-aee7-4053-84b8-2e0ac29b3cb2,c6c03675-e668-4143-b8e3-cd8ef2464fab,c3,DROP,1440,p3,?,
1769500966.7719812,RECEIVED,1ba87e83-f253-4b2f-bf9f-900770a7e685,f05517b0-4861-45c1-9b14-baaf19c08580,c2,DROP,1439,p2,?,
1769500966.784666,SENT,3d575827-8e4c-471e-bc41-01fc0b17b8c5,22230feb-a961-4018-8826-18044c170bd9,c1,DROP,1019,?,i12,
1769500966.784711,FORWARDED,3d575827-8e4c-471e-bc41-01fc0b17b8c5,22230feb-a961-4018-8826-18044c170bd9,c1,DROP,1019,?,i12,
1769500966.7875986,RECEIVED,eaaa0dfa-be54-491f-a871-454af2330228,d23e9bf4-d01d-4b8f-808c-823d8290b2be,c3,DROP,1440,p3,?,
1769500966.8284857,SENT,63c4c893-b7c9-4a60-aeec-a345523059cb,5a0d55ae-e9fe-4ac3-b7e6-7083b7993d37,c5,DROP,1011,?,i7,
1769500966.8285265,FORWARDED,63c4c893-b7c9-4a60-aeec-a345523059cb,5a0d55ae-e9fe-4ac3-b7e6-7083b7993d37,c5,DROP,1011,?,i7,
1769500966.8686705,SENT,7973f297-5438-48aa-b5a4-8fbe7f4091ad,293940b5-efde-4aea-9068-482683dc8915,c5,DROP,1017,?,i4,
1769500966.8687136,FORWARDED,7973f297-5438-48aa-b5a4-8fbe7f4091ad,293940b5-efde-4aea-9068-482683dc8915,c5,DROP,1017,?,i4,
1769500966.9419959,SENT,eaaa0dfa-be54-491f-a871-454af2330228,d23e9bf4-d01d-4b8f-808c-823d8290b2be,c3,DROP,1008,?,i9,
1769500966.9420376,FORWARDED,eaaa0dfa-be54-491f-a871-454af2330228,d23e9bf4-d01d-4b8f-808c-823d8290b2be,c3,DROP,1008,?,i9,
1769500966.982949,RECEIVED,61961d64-33db-44ee-a3fa-f010daafbc1d,5a458c0c-e571-463e-997d-2480d802074b,c1,DROP,1448,p1,?,
1769500967.0005589,RECEIVED,3b12b55a-93c3-4ac7-80c0-cbfb1d283307,a6847b6a-36e4-4d3f-925c-583ab48cf489,c4,c3,2460,p1,?,
1769500967.0118995,RECEIVED,9982f2b2-acf7-4293-b4c5-77de44f5d6aa,8f8015bf-2b47-492f-87c0-9804999ee102,c2,DROP,1444,p2,?,
1769500967.080472,SENT,1c6b8b04-0677-45ef-ba5a-4c520264e216,39e35a41-dd14-4419-934c-71b2e07cb7cf,c5,None,1595,?,i11,
1769500967.0805156,FORWARDED,1c6b8b04-0677-45ef-ba5a-4c520264e216,39e35a41-dd14-4419-934c-71b2e07cb7cf,c5,None,1595,?,i11,
1769500967.1418264,SENT,3b12b55a-93c3-4ac7-80c0-cbfb1d283307,a6847b6a-36e4-4d3f-925c-583ab48cf489,c4,c3,1773,?,i3,
1769500967.1418703,FORWARDED,3b12b55a-93c3-4ac7-80c0-cbfb1d283307,a6847b6a-36e4-4d3f-925c-583ab48cf489,c4,c3,1773,?,i3,
1769500967.2382205,SENT,ec6529de-aee7-4053-84b8-2e0ac29b3cb2,c6c03675-e668-4143-b8e3-cd8ef2464fab,c3,DROP,1007,?,i11,
1769500967.2382648,FORWARDED,ec6529de-aee7-4053-84b8-2e0ac29b3cb2,c6c03675-e668-4143-b8e3-cd8ef2464fab,c3,DROP,1007,?,i11,
1769500967.3384445,RECEIVED,d110f734-6633-468d-8ce3-f896bd426569,3a783ef4-3ca6-48b3-ad70-7f2328d14302,c5,DROP,1439,p2,?,
1769500967.4782624,SENT,61961d64-33db-44ee-a3fa-f010daafbc1d,5a458c0c-e571-463e-997d-2480d802074b,c1,DROP,1012,?,i12,
1769500967.4782984,FORWARDED,61961d64-33db-44ee-a3fa-f010daafbc1d,5a458c0c-e571-463e-997d-2480d802074b,c1,DROP,1012,?,i12,
1769500967.4788833,RECEIVED,4a48e7d0-1628-444c-b300-64a78d38dd5e,6fe1a8ba-a2b6-4d77-b02b-1a6b285dcf7a,c1,None,2230,p1,?,
1769500967.4901223,SENT,9982f2b2-acf7-4293-b4c5-77de44f5d6aa,8f8015bf-2b47-492f-87c0-9804999ee102,c2,DROP,1009,?,i8,
1769500967.4901855,FORWARDED,9982f2b2-acf7-4293-b4c5-77de44f5d6aa,8f8015bf-2b47-492f-87c0-9804999ee102,c2,DROP,1009,?,i8,
1769500967.5029154,RECEIVED,6b9f5c2f-45cb-4ca3-b54e-e2276493417f,4b74e9ee-be14-44b8-b973-6011fcb7987f,c4,None,2244,p1,?,
1769500967.5078957,SENT,4a48e7d0-1628-444c-b300-64a78d38dd5e,6fe1a8ba-a2b6-4d77-b02b-1a6b285dcf7a,c1,None,1599,?,i11,
1769500967.5079381,FORWARDED,4a48e7d0-1628-444c-b300-64a78d38dd5e,6fe1a8ba-a2b6-4d77-b02b-1a6b285dcf7a,c1,None,1599,?,i11,
1769500967.6316884,RECEIVED,cd360b24-a681-422e-b0a2-75d38215d60e,4994e1aa-cd31-41e7-aec1-1bfa317ef8d8,c4,None,2225,p1,?,
1769500967.7251773,SENT,cd360b24-a681-422e-b0a2-75d38215d60e,4994e1aa-cd31-41e7-aec1-1bfa317ef8d8,c4,None,1595,?,i11,
1769500967.7252188,FORWARDED,cd360b24-a681-422e-b0a2-75d38215d60e,4994e1aa-cd31-41e7-aec1-1bfa317ef8d8,c4,None,1595,?,i11,
1769500967.8929179,RECEIVED,2567ad59-5f3a-4632-97dd-6b94fe525d1d,8d2513af-c4dc-48df-a6d6-3105e1b32f1e,c3,DROP,1441,p3,?,
1769500967.9570427,SENT,2567ad59-5f3a-4632-97dd-6b94fe525d1d,8d2513af-c4dc-48df-a6d6-3105e1b32f1e,c3,DROP,1008,?,i11,
1769500967.9570942,FORWARDED,2567ad59-5f3a-4632-97dd-6b94fe525d1d,8d2513af-c4dc-48df-a6d6-3105e1b32f1e,c3,DROP,1008,?,i11,
1769500967.9814727,SENT,6b9f5c2f-45cb-4ca3-b54e-e2276493417f,4b74e9ee-be14-44b8-b973-6011fcb7987f,c4,None,1609,?,i12,
1769500967.9815195,FORWARDED,6b9f5c2f-45cb-4ca3-b54e-e2276493417f,4b74e9ee-be14-44b8-b973-6011fcb7987f,c4,None,1609,?,i12,
1769500968.03816,RECEIVED,0e61c1e6-eae3-49b8-a964-0c42b171af33,0aaa59dc-c837-41c6-b402-464c65f4d427,c3,DROP,1441,p3,?,
1769500968.131108,SENT,d110f734-6633-468d-8ce3-f896bd426569,3a783ef4-3ca6-48b3-ad70-7f2328d14302,c5,DROP,1008,?,i8,
1769500968.1311529,FORWARDED,d110f734-6633-468d-8ce3-f896bd426569,3a783ef4-3ca6-48b3-ad70-7f2328d14302,c5,DROP,1008,?,i8,
1769500968.3275604,RECEIVED,baa89ebb-91c1-4fa8-a05f-818701962060,8c431561-e929-440f-945a-6ce9fc77bfa4,c4,DROP,1442,p1,?,
1769500968.3338132,RECEIVED,164ec509-3715-4e94-b228-aa4e7367771d,f558518c-33ce-4aed-8fef-1da39f7d5fc7,c1,DROP,1451,p1,?,
1769500968.3707218,RECEIVED,b589153e-e188-4108-a456-fd955c02d9c4,d6e0ba89-2d56-4de8-bd24-cf2c138a5d13,c2,DROP,1439,p2,?,
1769500968.4124897,RECEIVED,18c4b647-b4e7-47a6-bf40-44c9c955a1fc,b1bc2a8d-0004-404a-8442-83f9c72763bb,c1,DROP,1451,p1,?,
1769500968.4404876,SENT,0e61c1e6-eae3-49b8-a964-0c42b171af33,0aaa59dc-c837-41c6-b402-464c65f4d427,c3,DROP,1007,?,i11,
1769500968.4405315,FORWARDED,0e61c1e6-eae3-49b8-a964-0c42b171af33,0aaa59dc-c837-41c6-b402-464c65f4d427,c3,DROP,1007,?,i11,
1769500968.4804723,RECEIVED,34788c40-599e-4d26-b06d-79735fc667ca,bc978ff8-0a60-4519-a099-1d6f15910209,c1,DROP,1448,p1,?,
1769500968.64885,SENT,b589153e-e188-4108-a456-fd955c02d9c4,d6e0ba89-2d56-4de8-bd24-cf2c138a5d13,c2,DROP,1008,?,i5,
1769500968.6488929,FORWARDED,b589153e-e188-4108-a456-fd955c02d9c4,d6e0ba89-2d56-4de8-bd24-cf2c138a5d13,c2,DROP,1008,?,i5,
1769500968.668516,SENT,baa89ebb-91c1-4fa8-a05f-818701962060,8c431561-e929-440f-945a-6ce9fc77bfa4,c4,DROP,1009,?,i4,
1769500968.6685593,FORWARDED,baa89ebb-91c1-4fa8-a05f-818701962060,8c431561-e929-440f-945a-6ce9fc77bfa4,c4,DROP,1009,?,i4,
1769500968.6792765,SENT,34788c40-599e-4d26-b06d-79735fc667ca,bc978ff8-0a60-4519-a099-1d6f15910209,c1,DROP,1012,?,i3,
1769500968.6793263,FORWARDED,34788c40-599e-4d26-b06d-79735fc667ca,bc978ff8-0a60-4519-a099-1d6f15910209,c1,DROP,1012,?,i3,
1769500968.8160994,SENT,164ec509-3715-4e94-b228-aa4e7367771d,f558518c-33ce-4aed-8fef-1da39f7d5fc7,c1,DROP,1016,?,i1,
1769500968.8161402,FORWARDED,164ec509-3715-4e94-b228-aa4e7367771d,f558518c-33ce-4aed-8fef-1da39f7d5fc7,c1,DROP,1016,?,i1,
1769500968.9129288,RECEIVED,6623b7eb-9e85-47a2-9d85-013dca2e9996,c58c5c9b-9418-49bf-81d6-65c3a491cac7,c2,DROP,1448,p2,?,
1769500968.9564478,SENT,6623b7eb-9e85-47a2-9d85-013dca2e9996,c58c5c9b-9418-49bf-81d6-65c3a491cac7,c2,DROP,1012,?,i6,
1769500968.9564867,FORWARDED,6623b7eb-9e85-47a2-9d85-013dca2e9996,c58c5c9b-9418-49bf-81d6-65c3a491cac7,c2,DROP,1012,?,i6,
1769500968.9614782,RECEIVED,aa6db94d-a975-43d0-b9c1-adaa2713e1cc,4341e2b6-bebb-44d7-b7c0-0606ae3dce72,c4,c3,2459,p1,?,
1769500969.1053262,SENT,aa6db94d-a975-43d0-b9c1-adaa2713e1cc,4341e2b6-bebb-44d7-b7c0-0606ae3dce72,c4,c3,1771,?,i5,
1769500969.1053655,FORWARDED,aa6db94d-a975-43d0-b9c1-adaa2713e1cc,4341e2b6-bebb-44d7-b7c0-0606ae3dce72,c4,c3,1771,?,i5,
1769500969.161663,RECEIVED,ccce1a64-6384-464f-b4d9-aa54151d7b89,6962975f-4daa-4388-8076-63f2cf35cd21,c5,DROP,442,x5,?,
1769500969.3014858,SENT,1ba87e83-f253-4b2f-bf9f-900770a7e685,f05517b0-4861-45c1-9b14-baaf19c08580,c2,DROP,1007,?,i2,
1769500969.3015194,FORWARDED,1ba87e83-f253-4b2f-bf9f-900770a7e685,f05517b0-4861-45c1-9b14-baaf19c08580,c2,DROP,1007,?,i2,
1769500969.6505566,RECEIVED,eacdc2d6-27e0-491d-a4a5-4c6b0aa3f607,342ae18c-c5b0-4f94-a4f3-78db9ffa9540,c4,DROP,1447,p1,?,
1769500969.6633325,RECEIVED,226c9a94-1b64-4e40-9d11-d192c37a7537,73d75882-3a3c-4b5e-aaaf-f0651a9fb39e,c2,DROP,1442,p2,?,
1769500969.6671202,RECEIVED,88ed5308-293a-416a-bc64-0cc414220621,f8ad7bbd-0e86-4a0c-a66e-eae76f6178ab,c1,DROP,1441,p1,?,
1769500969.7335296,SENT,226c9a94-1b64-4e40-9d11-d192c37a7537,73d75882-3a3c-4b5e-aaaf-f0651a9fb39e,c2,DROP,1008,?,i7,
1769500969.733565,FORWARDED,226c9a94-1b64-4e40-9d11-d192c37a7537,73d75882-3a3c-4b5e-aaaf-f0651a9fb39e,c2,DROP,1008,?,i7,
1769500969.762841,SENT,88ed5308-293a-416a-bc64-0cc414220621,f8ad7bbd-0e86-4a0c-a66e-eae76f6178ab,c1,DROP,1007,?,i12,
1769500969.7628822,FORWARDED,88ed5308-293a-416a-bc64-0cc414220621,f8ad7bbd-0e86-4a0c-a66e-eae76f6178ab,c1,DROP,1007,?,i12,
1769500970.0313776,RECEIVED,307ee5b9-5438-4b0e-be16-9fdacb811c9a,ba6ec18b-0073-4265-8a7d-4765086d2c34,c1,DROP,442,x4,?,
1769500970.1723015,RECEIVED,6439e8c9-da49-40cb-8457-0239cd11de87,b1c22ad3-3853-47ec-9bcf-823e6b2bb142,c5,DROP,1440,p2,?,
1769500970.1971812,RECEIVED,e585c53a-ffcc-4121-8a39-f4aa1cb0acb7,331a6178-a00c-48f9-b8fb-46371d6e53d6,c2,DROP,1440,p2,?,
1769500970.1997554,SENT,18c4b647-b4e7-47a6-bf40-44c9c955a1fc,b1bc2a8d-0004-404a-8442-83f9c72763bb,c1,DROP,1016,?,i2,
1769500970.1997952,FORWARDED,18c4b647-b4e7-47a6-bf40-44c9c955a1fc,b1bc2a8d-0004-404a-8442-83f9c72763bb,c1,DROP,1016,?,i2,
1769500970.2160933,RECEIVED,959054a5-2a48-4cf6-a520-e07a52551ece,d6cb83b8-eceb-4727-8d09-0c6956da8f7f,c3,DROP,1452,p3,?,
1769500970.2704911,SENT,6439e8c9-da49-40cb-8457-0239cd11de87,b1c22ad3-3853-47ec-9bcf-823e6b2bb142,c5,DROP,1008,?,i4,
1769500970.2705355,FORWARDED,6439e8c9-da49-40cb-8457-0239cd11de87,b1c22ad3-3853-47ec-9bcf-823e6b2bb142,c5,DROP,1008,?,i4,
1769500970.3300624,RECEIVED,b9d628b4-aff3-4fac-a05e-44c8c6531f11,3817f907-d8cd-4431-a1e8-a15175226db6,c4,DROP,1439,p1,?,
1769500970.3340263,RECEIVED,451fee72-1330-4eba-b514-b297055d5851,abd37f95-05c0-450b-870e-4fa395746649,c3,DROP,1447,p3,?,
1769500970.3446987,SENT,e585c53a-ffcc-4121-8a39-f4aa1cb0acb7,331a6178-a00c-48f9-b8fb-46371d6e53d6,c2,DROP,1008,?,i1,
1769500970.3447397,FORWARDED,e585c53a-ffcc-4121-8a39-f4aa1cb0acb7,331a6178-a00c-48f9-b8fb-46371d6e53d6,c2,DROP,1008,?,i1,
1769500970.444633,RECEIVED,a8fcfc48-a8e7-4190-967c-41a5dcc494b4,dfb5de1a-5180-470e-baca-fe0d29737c33,c2,DROP,1439,p2,?,
1769500970.4501371,RECEIVED,957f07a9-7c46-4c7d-bb77-a886369f4e55,31610c40-5d72-4ad3-929c-c4c6aa292d3e,c1,DROP,1447,p1,?,
1769500970.5378711,SENT,a8fcfc48-a8e7-4190-967c-41a5dcc494b4,dfb5de1a-5180-470e-baca-fe0d29737c33,c2,DROP,1007,?,i11,
1769500970.5379243,FORWARDED,a8fcfc48-a8e7-4190-967c-41a5dcc494b4,dfb5de1a-5180-470e-baca-fe0d29737c33,c2,DROP,1007,?,i11,
1769500970.5559983,RECEIVED,0b454c30-0fb2-45b5-b586-77643b709775,8f873a5c-4882-4db8-b1a1-42fa71b45152,c4,DROP,1452,p1,?,
1769500970.7165205,RECEIVED,2591b667-90c5-4a4e-b11a-5227a14eeb0d,03b9a6c7-5a66-4210-8e5c-2d53fb4c54d3,c3,DROP,445,x12,?,
1769500970.7271042,RECEIVED,3fc7fe41-2939-43cf-b0ab-7a41c086abb9,74bf86f0-ab1c-4ebf-b676-c5e77ba50f89,c3,None,2231,p3,?,
1769500970.7995622,SENT,b9d628b4-aff3-4fac-a05e-44c8c6531f11,3817f907-d8cd-4431-a1e8-a15175226db6,c4,DROP,1006,?,i4,
1769500970.7996044,FORWARDED,b9d628b4-aff3-4fac-a05e-44c8c6531f11,3817f907-d8cd-4431-a1e8-a15175226db6,c4,DROP,1006,?,i4,
1769500970.8103313,RECEIVED,e5055ef6-1721-4c1c-a862-3dbb147ac155,8c7da3cf-ec5a-4bad-b6da-42a249fdde68,c1,None,2224,p1,?,
1769500970.8515036,SENT,0b454c30-0fb2-45b5-b586-77643b709775,8f873a5c-4882-4db8-b1a1-42fa71b45152,c4,DROP,1016,?,i3,
1769500970.8515456,FORWARDED,0b454c30-0fb2-45b5-b586-77643b709775,8f873a5c-4882-4db8-b1a1-42fa71b45152,c4,DROP,1016,?,i3,
1769500970.9109726,SENT,957f07a9-7c46-4c7d-bb77-a886369f4e55,31610c40-5d72-4ad3-929c-c4c6aa292d3e,c1,DROP,1012,?,i3,
1769500970.9110134,FORWARDED,957f07a9-7c46-4c7d-bb77-a886369f4e55,31610c40-5d72-4ad3-929c-c4c6aa292d3e,c1,DROP,1012,?,i3,
1769500970.9322677,SENT,e5055ef6-1721-4c1c-a862-3dbb147ac155,8c7da3cf-ec5a-4bad-b6da-42a249fdde68,c1,None,1594,?,i4,
1769500970.9323158,FORWARDED,e5055ef6-1721-4c1c-a862-3dbb147ac155,8c7da3cf-ec5a-4bad-b6da-42a249fdde68,c1,None,1594,?,i4,
1769500970.996587,SENT,959054a5-2a48-4cf6-a520-e07a52551ece,d6cb83b8-eceb-4727-8d09-0c6956da8f7f,c3,DROP,1015,?,i11,
1769500970.9966307,FORWARDED,959054a5-2a48-4cf6-a520-e07a52551ece,d6cb83b8-eceb-4727-8d09-0c6956da8f7f,c3,DROP,1015,?,i11,
1769500971.1512454,RECEIVED,0fc534d2-5847-400e-ab25-e49dada4f650,6336858a-3d12-492a-9101-6555f03b04d2,c4,DROP,442,x2,?,
1769500971.2903626,SENT,3fc7fe41-2939-43cf-b0ab-7a41c086abb9,74bf86f0-ab1c-4ebf-b676-c5e77ba50f89,c3,None,1601,?,i2,
1769500971.2904081,FORWARDED,3fc7fe41-2939-43cf-b0ab-7a41c086abb9,74bf86f0-ab1c-4ebf-b676-c5e77ba50f89,c3,None,1601,?,i2,
1769500971.428633,RECEIVED,bc71957f-13a9-45a1-bc39-0cd1d29f579a,7bdf2e28-15af-4663-98d8-3fb655ab19bc,c3,DROP,442,x1,?,
1769500971.469838,RECEIVED,023c0ca1-7aae-4839-9ae6-7dd92f8c2759,4a2da1de-a8ee-4ee0-93e9-20aaf0b6ed7a,c1,DROP,1451,p1,?,
1769500971.5593042,RECEIVED,999173ef-6832-4b24-80cc-5cd33a3abecb,31bfc46c-ef6d-4f7d-aa4f-d3b6b3737404,c2,DROP,1452,p2,?,
1769500971.6761687,RECEIVED,4c29f0e6-31be-4bb7-8556-3fccfdaffffc,f56a26a0-c532-46ff-9a93-7ef56086ad45,c1,DROP,1448,p1,?,
1769500971.808717,SENT,4c29f0e6-31be-4bb7-8556-3fccfdaffffc,f56a26a0-c532-46ff-9a93-7ef56086ad45,c1,DROP,1012,?,i1,
1769500971.8096309,FORWARDED,4c29f0e6-31be-4bb7-8556-3fccfdaffffc,f56a26a0-c532-46ff-9a93-7ef56086ad45,c1,DROP,1012,?,i1,
1769500971.8118308,RECEIVED,a0d3a767-c12c-4217-bf4f-e7155d231b53,07e59d23-d42a-4857-944e-6d3ca28c4ece,c2,c1,2459,p2,?,
1769500971.964711,SENT,eacdc2d6-27e0-491d-a4a5-4c6b0aa3f607,342ae18c-c5b0-4f94-a4f3-78db9ffa9540,c4,DROP,1013,?,i8,
1769500971.9647443,FORWARDED,eacdc2d6-27e0-491d-a4a5-4c6b0aa3f607,342ae18c-c5b0-4f94-a4f3-78db9ffa9540,c4,DROP,1013,?,i8,
1769500972.0103264,SENT,023c0ca1-7aae-4839-9ae6-7dd92f8c2759,4a2da1de-a8ee-4ee0-93e9-20aaf0b6ed7a,c1,DROP,1015,?,i5,
1769500972.0103662,FORWARDED,023c0ca1-7aae-4839-9ae6-7dd92f8c2759,4a2da1de-a8ee-4ee0-93e9-20aaf0b6ed7a,c1,DROP,1015,?,i5,
1769500972.361456,SENT,a0d3a767-c12c-4217-bf4f-e7155d231b53,07e59d23-d42a-4857-944e-6d3ca28c4ece,c2,c1,1772,?,i4,
1769500972.3614955,FORWARDED,a0d3a767-c12c-4217-bf4f-e7155d231b53,07e59d23-d42a-4857-944e-6d3ca28c4ece,c2,c1,1772,?,i4,
1769500972.3783011,RECEIVED,3f58cbcc-d3a6-4339-82aa-c85f57278e8a,418cb5de-f391-4335-af20-c4b953a74fe1,c4,c3,2444,p1,?,
1769500972.4642344,SENT,3f58cbcc-d3a6-4339-82aa-c85f57278e8a,418cb5de-f391-4335-af20-c4b953a74fe1,c4,c3,1759,?,i5,
1769500972.4642742,FORWARDED,3f58cbcc-d3a6-4339-82aa-c85f57278e8a,418cb5de-f391-4335-af20-c4b953a74fe1,c4,c3,1759,?,i5,
1769500972.6088948,RECEIVED,f3aeb8dd-909a-4978-ba12-c7ce44406d4b,0004b443-5b3d-4fb5-a8af-9d5f7f190c49,c2,DROP,1445,p2,?,
1769500972.7193925,RECEIVED,30036442-466f-4243-9e0d-9839c1435786,37c3bccb-39ba-4d96-9b34-581b59dc9f90,c5,DROP,1435,p2,?,
1769500972.761787,RECEIVED,55e8adba-197f-4b0d-bce8-b6410a611668,f32307ff-5123-4f16-9e56-fa15e42b4576,c2,DROP,1442,p2,?,
1769500972.8307838,RECEIVED,443d1e38-b29c-45d9-9ea0-d0912b5fda9f,8a7d1fc6-0b38-4137-9e28-332ef691eee7,c5,c2,2470,p2,?,
1769500972.8317423,RECEIVED,48e080ee-0031-4535-951e-a946911aab41,d493049f-8b43-44e2-bb76-f7f054924f1b,c2,DROP,440,x6,?,
1769500972.9167864,SENT,999173ef-6832-4b24-80cc-5cd33a3abecb,31bfc46c-ef6d-4f7d-aa4f-d3b6b3737404,c2,DROP,1015,?,i11,
1769500972.9168305,FORWARDED,999173ef-6832-4b24-80cc-5cd33a3abecb,31bfc46c-ef6d-4f7d-aa4f-d3b6b3737404,c2,DROP,1015,?,i11,
1769500972.9479473,RECEIVED,03a314c2-2729-4950-b6cb-eced949559a5,d5177ec2-47dd-47fc-8dd8-75d8dffd5a7a,c1,DROP,442,x7,?,
1769500972.9624586,RECEIVED,f02b7fb8-fe5b-44b8-a1a6-bef829ec1c77,1632915c-3a3a-483e-a97f-307d77c00992,c1,DROP,1448,p1,?,
1769500973.0108838,SENT,f3aeb8dd-909a-4978-ba12-c7ce44406d4b,0004b443-5b3d-4fb5-a8af-9d5f7f190c49,c2,DROP,1009,?,i12,
1769500973.0109227,FORWARDED,f3aeb8dd-909a-4978-ba12-c7ce44406d4b,0004b443-5b3d-4fb5-a8af-9d5f7f190c49,c2,DROP,1009,?,i12,
1769500973.023659,SENT,30036442-466f-4243-9e0d-9839c1435786,37c3bccb-39ba-4d96-9b34-581b59dc9f90,c5,DROP,1005,?,i1,
1769500973.0237026,FORWARDED,30036442-466f-4243-9e0d-9839c1435786,37c3bccb-39ba-4d96-9b34-581b59dc9f90,c5,DROP,1005,?,i1,
1769500973.0632656,SENT,f02b7fb8-fe5b-44b8-a1a6-bef829ec1c77,1632915c-3a3a-483e-a97f-307d77c00992,c1,DROP,1012,?,i5,
1769500973.063303,FORWARDED,f02b7fb8-fe5b-44b8-a1a6-bef829ec1c77,1632915c-3a3a-483e-a97f-307d77c00992,c1,DROP,1012,?,i5,
1769500973.1661282,RECEIVED,ce9b9f60-02c2-4b23-a818-990a34317d9a,e59d7123-acfe-43ec-aec3-79021e42d950,c1,DROP,1448,p1,?,
1769500973.2017882,RECEIVED,df6c9833-2db5-49a4-a341-40372458c057,6185c3a8-4760-46c3-8b83-b64b3970b952,c5,DROP,1448,p2,?,
1769500973.2330832,SENT,ce9b9f60-02c2-4b23-a818-990a34317d9a,e59d7123-acfe-43ec-aec3-79021e42d950,c1,DROP,1013,?,i4,
1769500973.233122,FORWARDED,ce9b9f60-02c2-4b23-a818-990a34317d9a,e59d7123-acfe-43ec-aec3-79021e42d950,c1,DROP,1013,?,i4,
1769500973.2518106,SENT,451fee72-1330-4eba-b514-b297055d5851,abd37f95-05c0-450b-870e-4fa395746649,c3,DROP,1012,?,i2,
1769500973.251854,FORWARDED,451fee72-1330-4eba-b514-b297055d5851,abd37f95-05c0-450b-870e-4fa395746649,c3,DROP,1012,?,i2,
1769500973.2702193,RECEIVED,74cc8ac9-4042-401c-9d81-547c32a136c8,d5a133e5-b47c-4c66-a882-1b099448b59d,c1,c5,2464,p1,?,
1769500973.2814476,RECEIVED,ebfc6596-a120-48c3-aae1-fc241fbb4671,6ae72392-a80c-44c8-bed0-444d92898cb8,c5,DROP,1454,p2,?,
1769500973.3565512,SENT,ebfc6596-a120-48c3-aae1-fc241fbb4671,6ae72392-a80c-44c8-bed0-444d92898cb8,c5,DROP,1015,?,i12,
1769500973.3565884,FORWARDED,ebfc6596-a120-48c3-aae1-fc241fbb4671,6ae72392-a80c-44c8-bed0-444d92898cb8,c5,DROP,1015,?,i12,
1769500973.397475,SENT,443d1e38-b29c-45d9-9ea0-d0912b5fda9f,8a7d1fc6-0b38-4137-9e28-332ef691eee7,c5,c2,1780,?,i3,
1769500973.3975177,FORWARDED,443d1e38-b29c-45d9-9ea0-d0912b5fda9f,8a7d1fc6-0b38-4137-9e28-332ef691eee7,c5,c2,1780,?,i3,
1769500973.4118886,RECEIVED,8da76531-2719-41a2-8003-3111d60bc047,6bf30fd8-69b5-477e-8af3-56aa1e69a16b,c5,DROP,441,x7,?,
1769500973.717751,SENT,74cc8ac9-4042-401c-9d81-547c32a136c8,d5a133e5-b47c-4c66-a882-1b099448b59d,c1,c5,1775,?,i6,
1769500973.717792,FORWARDED,74cc8ac9-4042-401c-9d81-547c32a136c8,d5a133e5-b47c-4c66-a882-1b099448b59d,c1,c5,1775,?,i6,
1769500973.7472634,SENT,df6c9833-2db5-49a4-a341-40372458c057,6185c3a8-4760-46c3-8b83-b64b3970b952,c5,DROP,1012,?,i10,
1769500973.747302,FORWARDED,df6c9833-2db5-49a4-a341-40372458c057,6185c3a8-4760-46c3-8b83-b64b3970b952,c5,DROP,1012,?,i10,
1769500973.9000442,RECEIVED,5e59ca55-e081-4e66-bea1-35e1708d1688,58b46008-dcf7-4972-aad7-59a6a8cdec13,c5,None,2235,p2,?,
1769500973.9984581,RECEIVED,1b6f70cf-ad29-4320-9fe0-f2d696f521cf,aa1a7e3d-066c-49b9-a471-c3a89710236d,c5,DROP,1440,p2,?,
1769500974.0233812,RECEIVED,6053172f-b4f4-4e5a-9a47-8ed31e5f83ff,74bb0e5a-c1ee-4f9f-9524-62ce718849a4,c1,DROP,1464,p1,?,
1769500974.039763,RECEIVED,32d7237a-ea0a-4e7b-aac7-915b6095e6bf,abef0a47-1f64-45ce-bfb0-174d9f6eedb5,c4,c3,2463,p1,?,
1769500974.103416,SENT,1b6f70cf-ad29-4320-9fe0-f2d696f521cf,aa1a7e3d-066c-49b9-a471-c3a89710236d,c5,DROP,1007,?,i7,
1769500974.1034596,FORWARDED,1b6f70cf-ad29-4320-9fe0-f2d696f521cf,aa1a7e3d-066c-49b9-a471-c3a89710236d,c5,DROP,1007,?,i7,
1769500974.132287,RECEIVED,5e455250-940f-4342-9d1d-cf916add8df8,5afe8be4-2d5d-4ea7-9ae4-f55b69823bdf,c1,DROP,1456,p1,?,
1769500974.2802696,SENT,6053172f-b4f4-4e5a-9a47-8ed31e5f83ff,74bb0e5a-c1ee-4f9f-9524-62ce718849a4,c1,DROP,1024,?,i11,
1769500974.2803118,FORWARDED,6053172f-b4f4-4e5a-9a47-8ed31e5f83ff,74bb0e5a-c1ee-4f9f-9524-62ce718849a4,c1,DROP,1024,?,i11,
1769500974.3507411,SENT,5e59ca55-e081-4e66-bea1-35e1708d1688,58b46008-dcf7-4972-aad7-59a6a8cdec13,c5,None,1603,?,i7,
1769500974.3507833,FORWARDED,5e59ca55-e081-4e66-bea1-35e1708d1688,58b46008-dcf7-4972-aad7-59a6a8cdec13,c5,None,1603,?,i7,
1769500974.3776386,SENT,55e8adba-197f-4b0d-bce8-b6410a611668,f32307ff-5123-4f16-9e56-fa15e42b4576,c2,DROP,1010,?,i5,
1769500974.3776827,FORWARDED,55e8adba-197f-4b0d-bce8-b6410a611668,f32307ff-5123-4f16-9e56-fa15e42b4576,c2,DROP,1010,?,i5,
1769500974.4865248,RECEIVED,a9480181-76a3-47b8-ad4a-f79a2b903dfc,b50bb384-028f-4f89-8e56-26631ecb96c2,c4,DROP,1451,p1,?,
1769500974.5123787,SENT,5e455250-940f-4342-9d1d-cf916add8df8,5afe8be4-2d5d-4ea7-9ae4-f55b69823bdf,c1,DROP,1020,?,i12,
1769500974.5124216,FORWARDED,5e455250-940f-4342-9d1d-cf916add8df8,5afe8be4-2d5d-4ea7-9ae4-f55b69823bdf,c1,DROP,1020,?,i12,
1769500974.558223,SENT,32d7237a-ea0a-4e7b-aac7-915b6095e6bf,abef0a47-1f64-45ce-bfb0-174d9f6eedb5,c4,c3,1776,?,i9,
1769500974.5582654,FORWARDED,32d7237a-ea0a-4e7b-aac7-915b6095e6bf,abef0a47-1f64-45ce-bfb0-174d9f6eedb5,c4,c3,1776,?,i9,
1769500974.5868425,RECEIVED,fb1f4739-7452-444f-a7c3-b6da7506b0df,8fddacc7-c8e4-4dfc-9012-9b6f6ddc61ad,c3,c4,2448,p3,?,
1769500974.6817474,RECEIVED,8f1b0542-175c-43c9-8bdd-ca3d9c2f9a12,3b5b2e55-112d-462d-8b73-7e08a877f8b7,c2,DROP,1435,p2,?,
1769500974.6965706,SENT,a9480181-76a3-47b8-ad4a-f79a2b903dfc,b50bb384-028f-4f89-8e56-26631ecb96c2,c4,DROP,1016,?,i9,
1769500974.6966128,FORWARDED,a9480181-76a3-47b8-ad4a-f79a2b903dfc,b50bb384-028f-4f89-8e56-26631ecb96c2,c4,DROP,1016,?,i9,
1769500974.7254686,RECEIVED,38f1e177-b707-40a7-85b8-7675d2daf692,2427c35f-14a3-4905-9270-cf8c8243132b,c2,DROP,442,x1,?,
1769500974.7423728,RECEIVED,ec8d27ee-b44c-4326-a81f-a92b47c04488,5a955a8b-b8b6-4d50-88cb-83b67fb7d55a,c4,DROP,1449,p1,?,
1769500974.8413723,SENT,fb1f4739-7452-444f-a7c3-b6da7506b0df,8fddacc7-c8e4-4dfc-9012-9b6f6ddc61ad,c3,c4,1763,?,i8,
1769500974.8414116,FORWARDED,fb1f4739-7452-444f-a7c3-b6da7506b0df,8fddacc7-c8e4-4dfc-9012-9b6f6ddc61ad,c3,c4,1763,?,i8,
1769500974.9074259,SENT,ec8d27ee-b44c-4326-a81f-a92b47c04488,5a955a8b-b8b6-4d50-88cb-83b67fb7d55a,c4,DROP,1013,?,i10,
1769500974.9074657,FORWARDED,ec8d27ee-b44c-4326-a81f-a92b47c04488,5a955a8b-b8b6-4d50-88cb-83b67fb7d55a,c4,DROP,1013,?,i10,
1769500974.959348,RECEIVED,f273500f-42b2-41ce-aabb-201c723be694,3a65c64e-6276-4f77-9b2d-2b7f9700e583,c1,DROP,1438,p1,?,
1769500974.9596748,RECEIVED,eebdb708-167e-4b99-8d72-5beb243b4553,0927d3ea-8e3b-4de4-bf33-78e7ee813b25,c3,c4,2470,p3,?,
1769500974.9883645,RECEIVED,e4b6c2e2-e6af-460c-bd1d-a1f9de41fe30,2b821adc-f04f-45c2-b307-105ffb88f52d,c1,DROP,445,x12,?,
1769500975.0176604,RECEIVED,276ababe-b101-460f-b098-7af96a1a3367,1b60302f-aa47-4b88-adeb-d66bcfcf6857,c1,DROP,1451,p1,?,
1769500975.0368323,RECEIVED,8e3e3b53-46fe-4c3c-89e7-962818e92f3d,0244bca6-1270-4e8a-a36d-dde6853a1a8a,c2,None,2224,p2,?,
1769500975.098191,RECEIVED,6f2f7042-cf14-4fa6-8223-420df3465488,fb39b4ef-a169-4298-ba61-723ef5780fcf,c3,None,2224,p3,?,
1769500975.2671564,RECEIVED,ab7d39e0-0296-4ab4-b517-7f34a16dd77d,da03dd1b-4e65-4e4c-9f7b-0acd19de6a9e,c3,DROP,1440,p3,?,
1769500975.310199,SENT,ab7d39e0-0296-4ab4-b517-7f34a16dd77d,da03dd1b-4e65-4e4c-9f7b-0acd19de6a9e,c3,DROP,1008,?,i5,
1769500975.3102348,FORWARDED,ab7d39e0-0296-4ab4-b517-7f34a16dd77d,da03dd1b-4e65-4e4c-9f7b-0acd19de6a9e,c3,DROP,1008,?,i5,
1769500975.412299,RECEIVED,e4a4fc9f-3a17-4476-9804-7dd9d7c26f7f,9ad8887a-2443-4b1f-b872-8dbdba27553d,c1,DROP,1453,p1,?,
1769500975.4565215,SENT,276ababe-b101-460f-b098-7af96a1a3367,1b60302f-aa47-4b88-adeb-d66bcfcf6857,c1,DROP,1017,?,i1,
1769500975.4565735,FORWARDED,276ababe-b101-460f-b098-7af96a1a3367,1b60302f-aa47-4b88-adeb-d66bcfcf6857,c1,DROP,1017,?,i1,
1769500975.4637032,RECEIVED,64183153-a206-4d55-948c-596ecce24789,b59eaa53-7f32-4530-9851-2c60ce94fb13,c4,None,2235,p1,?,
1769500975.5245776,SENT,f273500f-42b2-41ce-aabb-201c723be694,3a65c64e-6276-4f77-9b2d-2b7f9700e583,c1,DROP,1008,?,i12,
1769500975.5246172,FORWARDED,f273500f-42b2-41ce-aabb-201c723be694,3a65c64e-6276-4f77-9b2d-2b7f9700e583,c1,DROP,1008,?,i12,
1769500975.5636938,SENT,e4a4fc9f-3a17-4476-9804-7dd9d7c26f7f,9ad8887a-2443-4b1f-b872-8dbdba27553d,c1,DROP,1016,?,i11,
1769500975.5637343,FORWARDED,e4a4fc9f-3a17-4476-9804-7dd9d7c26f7f,9ad8887a-2443-4b1f-b872-8dbdba27553d,c1,DROP,1016,?,i11,
1769500975.6365516,SENT,eebdb708-167e-4b99-8d72-5beb243b4553,0927d3ea-8e3b-4de4-bf33-78e7ee813b25,c3,c4,1782,?,i10,
1769500975.6365929,FORWARDED,eebdb708-167e-4b99-8d72-5beb243b4553,0927d3ea-8e3b-4de4-bf33-78e7ee813b25,c3,c4,1782,?,i10,
1769500975.7054167,SENT,64183153-a206-4d55-948c-596ecce24789,b59eaa53-7f32-4530-9851-2c60ce94fb13,c4,None,1603,?,i3,
1769500975.7054543,FORWARDED,64183153-a206-4d55-948c-596ecce24789,b59eaa53-7f32-4530-9851-2c60ce94fb13,c4,None,1603,?,i3,
1769500975.710373,RECEIVED,76bf8e33-6f96-4775-a932-2e2c31c60f12,9c68bfe8-11c2-41d1-a978-1e716ef4467e,c2,c1,2442,p2,?,
1769500975.7209666,RECEIVED,e893856e-24fb-4037-b938-830b8aab79d7,8f3dda10-cdf7-4ba6-be26-de1abcafcde6,c1,DROP,1456,p1,?,
1769500975.8653536,RECEIVED,25a4881f-c13d-4204-826c-33e3e56954e9,b1ce77ee-1797-43d7-b3fa-2acc13643f71,c1,None,2248,p1,?,
1769500975.9254317,RECEIVED,7e4fbad9-cb16-44f0-bfb1-fb7115a6e4bd,2469015b-2d56-4f31-bf7b-21d8c776d772,c3,DROP,1437,p3,?,
1769500976.009359,SENT,7e4fbad9-cb16-44f0-bfb1-fb7115a6e4bd,2469015b-2d56-4f31-bf7b-21d8c776d772,c3,DROP,1004,?,i1,
1769500976.0094047,FORWARDED,7e4fbad9-cb16-44f0-bfb1-fb7115a6e4bd,2469015b-2d56-4f31-bf7b-21d8c776d772,c3,DROP,1004,?,i1,
1769500976.0157025,RECEIVED,25f534f6-e3bc-467c-b8bd-6de94b7947e8,ab9e5652-511b-4215-ac57-e94b86c4d131,c3,DROP,1440,p3,?,
1769500976.0158389,RECEIVED,764d2008-9f54-4dba-a39c-16b50e83abe2,86e25986-97ff-47b2-b706-1e82535d88ef,c5,DROP,1448,p2,?,
1769500976.0404158,RECEIVED,418c7263-fb20-4722-b6f4-bd68da628831,b0b3ed54-a156-46d5-868a-86095aeece5b,c3,DROP,1451,p3,?,
1769500976.158912,SENT,6f2f7042-cf14-4fa6-8223-420df3465488,fb39b4ef-a169-4298-ba61-723ef5780fcf,c3,None,1596,?,i12,
1769500976.1589565,FORWARDED,6f2f7042-cf14-4fa6-8223-420df3465488,fb39b4ef-a169-4298-ba61-723ef5780fcf,c3,None,1596,?,i12,
1769500976.17316,SENT,25f534f6-e3bc-467c-b8bd-6de94b7947e8,ab9e5652-511b-4215-ac57-e94b86c4d131,c3,DROP,1006,?,i5,
1769500976.1731958,FORWARDED,25f534f6-e3bc-467c-b8bd-6de94b7947e8,ab9e5652-511b-4215-ac57-e94b86c4d131,c3,DROP,1006,?,i5,
1769500976.189186,SENT,25a4881f-c13d-4204-826c-33e3e56954e9,b1ce77ee-1797-43d7-b3fa-2acc13643f71,c1,None,1612,?,i12,
1769500976.1892254,FORWARDED,25a4881f-c13d-4204-826c-33e3e56954e9,b1ce77ee-1797-43d7-b3fa-2acc13643f71,c1,None,1612,?,i12,
1769500976.318866,SENT,418c7263-fb20-4722-b6f4-bd68da628831,b0b3ed54-a156-46d5-868a-86095aeece5b,c3,DROP,1015,?,i1,
1769500976.3189065,FORWARDED,418c7263-fb20-4722-b6f4-bd68da628831,b0b3ed54-a156-46d5-868a-86095aeece5b,c3,DROP,1015,?,i1,
1769500976.3792684,SENT,764d2008-9f54-4dba-a39c-16b50e83abe2,86e25986-97ff-47b2-b706-1e82535d88ef,c5,DROP,1012,?,i8,
1769500976.3793104,FORWARDED,764d2008-9f54-4dba-a39c-16b50e83abe2,86e25986-97ff-47b2-b706-1e82535d88ef,c5,DROP,1012,?,i8,
1769500976.411603,SENT,e893856e-24fb-4037-b938-830b8aab79d7,8f3dda10-cdf7-4ba6-be26-de1abcafcde6,c1,DROP,1019,?,i11,
1769500976.4116454,FORWARDED,e893856e-24fb-4037-b938-830b8aab79d7,8f3dda10-cdf7-4ba6-be26-de1abcafcde6,c1,DROP,1019,?,i11,
1769500976.4749148,SENT,76bf8e33-6f96-4775-a932-2e2c31c60f12,9c68bfe8-11c2-41d1-a978-1e716ef4467e,c2,c1,1760,?,i2,
1769500976.4749644,FORWARDED,76bf8e33-6f96-4775-a932-2e2c31c60f12,9c68bfe8-11c2-41d1-a978-1e716ef4467e,c2,c1,1760,?,i2,
1769500976.665958,SENT,8f1b0542-175c-43c9-8bdd-ca3d9c2f9a12,3b5b2e55-112d-462d-8b73-7e08a877f8b7,c2,DROP,1004,?,i7,
1769500976.6660025,FORWARDED,8f1b0542-175c-43c9-8bdd-ca3d9c2f9a12,3b5b2e55-112d-462d-8b73-7e08a877f8b7,c2,DROP,1004,?,i7,
1769500976.6934893,RECEIVED,4b32017f-eff8-4851-b67a-f8e8ab2f2bbd,358154e9-aa49-479f-95e7-909ed8103468,c4,DROP,445,x11,?,
1769500976.8096552,RECEIVED,acc8e2db-5213-4565-8eb6-4759eebd0bc7,6bfeba3e-89d6-43cf-a365-286bbdba2ad8,c4,c3,2456,p1,?,
1769500976.869571,SENT,acc8e2db-5213-4565-8eb6-4759eebd0bc7,6bfeba3e-89d6-43cf-a365-286bbdba2ad8,c4,c3,1769,?,i1,
1769500976.8696132,FORWARDED,acc8e2db-5213-4565-8eb6-4759eebd0bc7,6bfeba3e-89d6-43cf-a365-286bbdba2ad8,c4,c3,1769,?,i1,
1769500976.9761274,SENT,8e3e3b53-46fe-4c3c-89e7-962818e92f3d,0244bca6-1270-4e8a-a36d-dde6853a1a8a,c2,None,1596,?,i12,
1769500976.976181,FORWARDED,8e3e3b53-46fe-4c3c-89e7-962818e92f3d,0244bca6-1270-4e8a-a36d-dde6853a1a8a,c2,None,1596,?,i12,
1769500977.0753098,RECEIVED,a6237334-3bc6-4ea4-aaf7-9179323fc834,94b19cdc-5fa1-4952-92e3-a4db45ed290e,c5,DROP,441,x5,?,
1769500977.1154597,RECEIVED,0a6d6cb9-8494-4ae3-b6f5-c5638dc37dbb,782e40b4-94b3-41bc-91bf-57731f4b0394,c4,DROP,441,x12,?,
1769500977.141425,RECEIVED,d56b074d-7640-4916-83cf-17575f4b98bf,09747597-d13f-488b-a2d8-bc0df5caa3a5,c4,DROP,1438,p1,?,
1769500977.1916032,RECEIVED,4bfe8a03-17e5-4a43-8854-27f810508b63,6306e20f-eca1-4eb6-8913-4dc5402968dd,c5,DROP,442,x10,?,
1769500977.2926846,RECEIVED,b25867b1-e69f-47ad-a43f-afb20ec45d03,b1ea5abc-fc46-4d37-a1a1-38f0722abd66,c2,c1,2479,p2,?,
1769500977.3151624,RECEIVED,57c4db32-91b5-4255-b0d9-695d9081eb54,aeb2fc49-8b0c-4236-b34f-ad5fce540022,c4,None,2232,p1,?,
1769500977.4586089,RECEIVED,edaf2b7b-3359-496e-996b-a64598adfb68,e09665a0-5812-4972-8633-864045e8144b,c2,DROP,1440,p2,?,
1769500977.4955285,SENT,57c4db32-91b5-4255-b0d9-695d9081eb54,aeb2fc49-8b0c-4236-b34f-ad5fce540022,c4,None,1600,?,i4,
1769500977.4955723,FORWARDED,57c4db32-91b5-4255-b0d9-695d9081eb54,aeb2fc49-8b0c-4236-b34f-ad5fce540022,c4,None,1600,?,i4,
1769500977.5540073,RECEIVED,cfbf6b92-26d7-4a6d-92db-03f513d9ff8b,8d7dc110-b4e0-4216-b5c1-f6d19b582082,c1,DROP,1447,p1,?,
1769500977.6913188,RECEIVED,8faf6c3d-e1da-4ec4-b638-7751bc7086d7,199b5f80-e78b-4901-91a3-a60c336df5da,c2,None,2243,p2,?,
1769500977.7805536,SENT,edaf2b7b-3359-496e-996b-a64598adfb68,e09665a0-5812-4972-8633-864045e8144b,c2,DROP,1007,?,i4,
1769500977.7805963,FORWARDED,edaf2b7b-3359-496e-996b-a64598adfb68,e09665a0-5812-4972-8633-864045e8144b,c2,DROP,1007,?,i4,
1769500977.827449,SENT,b25867b1-e69f-47ad-a43f-afb20ec45d03,b1ea5abc-fc46-4d37-a1a1-38f0722abd66,c2,c1,1788,?,i12,
1769500977.8274884,FORWARDED,b25867b1-e69f-47ad-a43f-afb20ec45d03,b1ea5abc-fc46-4d37-a1a1-38f0722abd66,c2,c1,1788,?,i12,
1769500977.9166853,SENT,cfbf6b92-26d7-4a6d-92db-03f513d9ff8b,8d7dc110-b4e0-4216-b5c1-f6d19b582082,c1,DROP,1012,?,i1,
1769500977.9167252,FORWARDED,cfbf6b92-26d7-4a6d-92db-03f513d9ff8b,8d7dc110-b4e0-4216-b5c1-f6d19b582082,c1,DROP,1012,?,i1,
1769500977.924266,RECEIVED,ce5b13de-e7bb-44c9-8522-9a47912c694f,be736937-10ea-4bdf-8e19-48c01d0be013,c2,c1,2463,p2,?,
1769500977.9384456,RECEIVED,f0bdbc9c-d604-4a83-a050-7cb3bd396e01,a1d04e35-9b04-4187-9a02-ec386dbb6e2c,c5,c2,2468,p2,?,
1769500977.9501333,RECEIVED,5df1e218-07fa-4da0-8ed2-ca44e35740b2,f3e9a100-fd44-4c4f-ac64-bf99c66aeb1d,c2,DROP,446,x3,?,
1769500978.21232,RECEIVED,639ef39b-1499-4aa8-a413-a667190a2635,1f55e7b0-4fe9-4783-b9f2-fd4c4c8a8498,c2,c1,2463,p2,?,
1769500978.223037,SENT,d56b074d-7640-4916-83cf-17575f4b98bf,09747597-d13f-488b-a2d8-bc0df5caa3a5,c4,DROP,1008,?,i4,
1769500978.2231936,FORWARDED,d56b074d-7640-4916-83cf-17575f4b98bf,09747597-d13f-488b-a2d8-bc0df5caa3a5,c4,DROP,1008,?,i4,
1769500978.3442833,SENT,ce5b13de-e7bb-44c9-8522-9a47912c694f,be736937-10ea-4bdf-8e19-48c01d0be013,c2,c1,1775,?,i4,
1769500978.3443267,FORWARDED,ce5b13de-e7bb-44c9-8522-9a47912c694f,be736937-10ea-4bdf-8e19-48c01d0be013,c2,c1,1775,?,i4,
1769500978.4703116,RECEIVED,e4037350-2f51-4ccc-b43d-794e2394cddd,840f03d1-8721-4fbd-b1b8-1e6f56eeacf6,c3,DROP,1449,p3,?,
1769500978.5126839,SENT,f0bdbc9c-d604-4a83-a050-7cb3bd396e01,a1d04e35-9b04-4187-9a02-ec386dbb6e2c,c5,c2,1779,?,i10,
1769500978.5127568,FORWARDED,f0bdbc9c-d604-4a83-a050-7cb3bd396e01,a1d04e35-9b04-4187-9a02-ec386dbb6e2c,c5,c2,1779,?,i10,
1769500978.5546174,RECEIVED,3f4c9e22-ab0d-4833-9b86-dfec583cc607,4468a5d9-650b-4459-b0a1-684654a49346,c3,DROP,1439,p3,?,
1769500978.6332211,SENT,8faf6c3d-e1da-4ec4-b638-7751bc7086d7,199b5f80-e78b-4901-91a3-a60c336df5da,c2,None,1609,?,i9,
1769500978.633262,FORWARDED,8faf6c3d-e1da-4ec4-b638-7751bc7086d7,199b5f80-e78b-4901-91a3-a60c336df5da,c2,None,1609,?,i9,
1769500978.7756715,RECEIVED,d216d3c4-64b9-4c1a-b285-f7c08cfd4244,b82418b6-bab0-4baf-aace-a5379092dc7f,c5,DROP,1444,p2,?,
1769500978.8693047,RECEIVED,202053e1-3ba4-4206-b7e0-598d10bc964c,9bb5edc5-95c3-431e-8ef3-091742104383,c5,None,2248,p2,?,
1769500978.8714168,RECEIVED,abd85ff4-956e-47dd-b3c2-f90265e2accd,819ffddc-6b27-42fa-ab16-adfebe26b9d3,c4,DROP,1439,p1,?,
1769500979.0072932,SENT,3f4c9e22-ab0d-4833-9b86-dfec583cc607,4468a5d9-650b-4459-b0a1-684654a49346,c3,DROP,1006,?,i12,
1769500979.007335,FORWARDED,3f4c9e22-ab0d-4833-9b86-dfec583cc607,4468a5d9-650b-4459-b0a1-684654a49346,c3,DROP,1006,?,i12,
1769500979.0815063,RECEIVED,3481b7c1-7eda-4c20-b954-448d72e6dcac,9b13e661-1cb2-4a95-a7d9-f383d9cc5fe6,c3,None,2223,p3,?,
1769500979.205928,SENT,639ef39b-1499-4aa8-a413-a667190a2635,1f55e7b0-4fe9-4783-b9f2-fd4c4c8a8498,c2,c1,1776,?,i2,
1769500979.2059705,FORWARDED,639ef39b-1499-4aa8-a413-a667190a2635,1f55e7b0-4fe9-4783-b9f2-fd4c4c8a8498,c2,c1,1776,?,i2,
1769500979.224706,SENT,e4037350-2f51-4ccc-b43d-794e2394cddd,840f03d1-8721-4fbd-b1b8-1e6f56eeacf6,c3,DROP,1017,?,i2,
1769500979.2247458,FORWARDED,e4037350-2f51-4ccc-b43d-794e2394cddd,840f03d1-8721-4fbd-b1b8-1e6f56eeacf6,c3,DROP,1017,?,i2,
1769500979.243738,RECEIVED,429d9ebf-4dab-452a-a395-796c4f236e18,e813bd7e-7bf9-4fef-a2c0-cb1b45bee0be,c1,DROP,1452,p1,?,
1769500979.3536859,RECEIVED,99929b04-612e-4eaf-8425-6351a5062afd,892e52a4-62d1-4439-af3e-e83cbe5b8816,c5,None,2231,p2,?,
1769500979.4131036,RECEIVED,4a42c268-36c4-48df-9236-3a2e7e1414cd,0dac833a-9f35-4991-a6d2-0c97a03afca3,c4,c3,2476,p1,?,
1769500979.425522,RECEIVED,882311d1-3a62-4909-aff5-d70458df66b2,5b6e4a65-6d54-427f-86e6-68ebecf1e638,c2,None,2235,p2,?,
1769500979.458246,SENT,202053e1-3ba4-4206-b7e0-598d10bc964c,9bb5edc5-95c3-431e-8ef3-091742104383,c5,None,1612,?,i12,
1769500979.458291,FORWARDED,202053e1-3ba4-4206-b7e0-598d10bc964c,9bb5edc5-95c3-431e-8ef3-091742104383,c5,None,1612,?,i12,
1769500979.5235827,RECEIVED,b42e61fb-f5f8-4f29-a135-cb9afbcc340c,2cf79d9d-ebbc-4f98-bb6e-96304533e38a,c2,DROP,1444,p2,?,
1769500979.5529196,RECEIVED,83ca9f28-2326-4e70-acba-5612db6d93ea,f1249d98-333e-43bb-9097-069ed3fc77f3,c5,DROP,1440,p2,?,
1769500979.5585282,RECEIVED,a667b0c8-d310-41bb-8838-81524c00acb5,1119f81e-5322-43d8-96bf-e9ed8f641c55,c1,DROP,1435,p1,?,
1769500979.5902534,SENT,429d9ebf-4dab-452a-a395-796c4f236e18,e813bd7e-7bf9-4fef-a2c0-cb1b45bee0be,c1,DROP,1017,?,i6,
1769500979.5902975,FORWARDED,429d9ebf-4dab-452a-a395-796c4f236e18,e813bd7e-7bf9-4fef-a2c0-cb1b45bee0be,c1,DROP,1017,?,i6,
1769500979.6573694,RECEIVED,03daac1d-92cf-426e-8ea2-59f18a95da12,9755b783-57ab-44d5-9e94-2f3b40ee75c7,c4,DROP,1451,p1,?,
1769500979.6596086,SENT,99929b04-612e-4eaf-8425-6351a5062afd,892e52a4-62d1-4439-af3e-e83cbe5b8816,c5,None,1600,?,i8,
1769500979.6596508,FORWARDED,99929b04-612e-4eaf-8425-6351a5062afd,892e52a4-62d1-4439-af3e-e83cbe5b8816,c5,None,1600,?,i8,
1769500979.672134,SENT,03daac1d-92cf-426e-8ea2-59f18a95da12,9755b783-57ab-44d5-9e94-2f3b40ee75c7,c4,DROP,1013,?,i10,
1769500979.672175,FORWARDED,03daac1d-92cf-426e-8ea2-59f18a95da12,9755b783-57ab-44d5-9e94-2f3b40ee75c7,c4,DROP,1013,?,i10,
1769500979.742308,SENT,3481b7c1-7eda-4c20-b954-448d72e6dcac,9b13e661-1cb2-4a95-a7d9-f383d9cc5fe6,c3,None,1595,?,i3,
1769500979.7423482,FORWARDED,3481b7c1-7eda-4c20-b954-448d72e6dcac,9b13e661-1cb2-4a95-a7d9-f383d9cc5fe6,c3,None,1595,?,i3,
1769500979.8475072,SENT,4a42c268-36c4-48df-9236-3a2e7e1414cd,0dac833a-9f35-4991-a6d2-0c97a03afca3,c4,c3,1784,?,i4,
1769500979.8475518,FORWARDED,4a42c268-36c4-48df-9236-3a2e7e1414cd,0dac833a-9f35-4991-a6d2-0c97a03afca3,c4,c3,1784,?,i4,
1769500979.8613966,SENT,d216d3c4-64b9-4c1a-b285-f7c08cfd4244,b82418b6-bab0-4baf-aace-a5379092dc7f,c5,DROP,1009,?,i12,
1769500979.861435,FORWARDED,d216d3c4-64b9-4c1a-b285-f7c08cfd4244,b82418b6-bab0-4baf-aace-a5379092dc7f,c5,DROP,1009,?,i12,
1769500979.8884044,RECEIVED,a5c8ee62-b0c6-4e08-8087-27fe31f59697,7817d8b1-bce9-4567-8d0f-33d3230ccb08,c4,None,2248,p1,?,
1769500979.9533617,SENT,b42e61fb-f5f8-4f29-a135-cb9afbcc340c,2cf79d9d-ebbc-4f98-bb6e-96304533e38a,c2,DROP,1011,?,i11,
1769500979.9534009,FORWARDED,b42e61fb-f5f8-4f29-a135-cb9afbcc340c,2cf79d9d-ebbc-4f98-bb6e-96304533e38a,c2,DROP,1011,?,i11,
1769500979.965138,RECEIVED,0e9275ee-f8fa-49dd-8a4f-002f078a1d32,02185cd1-ccec-4d81-97db-0893b1aacde4,c5,DROP,1440,p2,?,
1769500980.1823657,RECEIVED,229e6a52-cfb8-4292-8551-bba0e329437c,d2b9aa3a-55b5-4556-b9dd-2985a0d1235a,c4,DROP,1457,p1,?,
1769500980.2343583,SENT,83ca9f28-2326-4e70-acba-5612db6d93ea,f1249d98-333e-43bb-9097-069ed3fc77f3,c5,DROP,1007,?,i12,
1769500980.2343948,FORWARDED,83ca9f28-2326-4e70-acba-5612db6d93ea,f1249d98-333e-43bb-9097-069ed3fc77f3,c5,DROP,1007,?,i12,
1769500980.2600446,RECEIVED,72be7412-e02b-4a74-9686-589f31a1d0f1,db120bae-d1a5-419c-a1c7-7fa6ecfdeac0,c3,DROP,1443,p3,?,
1769500980.2779987,RECEIVED,68d547d4-51ce-4950-a4d8-7bfa1cfac156,734061dd-3062-4f31-aaad-b20541fd5226,c1,DROP,1447,p1,?,
1769500980.30771,SENT,882311d1-3a62-4909-aff5-d70458df66b2,5b6e4a65-6d54-427f-86e6-68ebecf1e638,c2,None,1604,?,i5,
1769500980.3077536,FORWARDED,882311d1-3a62-4909-aff5-d70458df66b2,5b6e4a65-6d54-427f-86e6-68ebecf1e638,c2,None,1604,?,i5,
1769500980.3764946,SENT,a667b0c8-d310-41bb-8838-81524c00acb5,1119f81e-5322-43d8-96bf-e9ed8f641c55,c1,DROP,1004,?,i4,
1769500980.3765306,FORWARDED,a667b0c8-d310-41bb-8838-81524c00acb5,1119f81e-5322-43d8-96bf-e9ed8f641c55,c1,DROP,1004,?,i4,
1769500980.4316137,SENT,72be7412-e02b-4a74-9686-589f31a1d0f1,db120bae-d1a5-419c-a1c7-7fa6ecfdeac0,c3,DROP,1009,?,i6,
1769500980.431655,FORWARDED,72be7412-e02b-4a74-9686-589f31a1d0f1,db120bae-d1a5-419c-a1c7-7fa6ecfdeac0,c3,DROP,1009,?,i6,
1769500980.479135,RECEIVED,3164312d-2771-40cc-b9d8-e52442d4c0e9,d04a971d-0d7e-4338-bc0b-f7c74e930557,c4,DROP,1439,p1,?,
1769500980.6189117,SENT,229e6a52-cfb8-4292-8551-bba0e329437c,d2b9aa3a-55b5-4556-b9dd-2985a0d1235a,c4,DROP,1020,?,i12,
1769500980.6189537,FORWARDED,229e6a52-cfb8-4292-8551-bba0e329437c,d2b9aa3a-55b5-4556-b9dd-2985a0d1235a,c4,DROP,1020,?,i12,
1769500980.624927,RECEIVED,97ab9db0-72f0-4f79-bfd4-f21994cf1ab7,d0ea1e63-66c9-4396-b1a3-6aa987a6daaa,c5,None,2233,p2,?,
1769500980.9239447,RECEIVED,1eabf123-e7d0-4737-aed3-1cd59f1d45c3,1680b9d7-1b39-4188-83ec-8ff899d8bdf0,c1,DROP,1440,p1,?,
1769500980.9518762,SENT,97ab9db0-72f0-4f79-bfd4-f21994cf1ab7,d0ea1e63-66c9-4396-b1a3-6aa987a6daaa,c5,None,1601,?,i11,
1769500980.9519155,FORWARDED,97ab9db0-72f0-4f79-bfd4-f21994cf1ab7,d0ea1e63-66c9-4396-b1a3-6aa987a6daaa,c5,None,1601,?,i11,
1769500981.0005908,RECEIVED,048679df-0bd1-45c3-ba82-14567f35a318,87944217-6c45-4a7e-999b-72a1edd61e5d,c2,DROP,1448,p2,?,
1769500981.0399463,SENT,68d547d4-51ce-4950-a4d8-7bfa1cfac156,734061dd-3062-4f31-aaad-b20541fd5226,c1,DROP,1012,?,i3,
1769500981.0399823,FORWARDED,68d547d4-51ce-4950-a4d8-7bfa1cfac156,734061dd-3062-4f31-aaad-b20541fd5226,c1,DROP,1012,?,i3,
1769500981.0894587,SENT,3164312d-2771-40cc-b9d8-e52442d4c0e9,d04a971d-0d7e-4338-bc0b-f7c74e930557,c4,DROP,1008,?,i4,
1769500981.0894957,FORWARDED,3164312d-2771-40cc-b9d8-e52442d4c0e9,d04a971d-0d7e-4338-bc0b-f7c74e930557,c4,DROP,1008,?,i4,
1769500981.1286418,RECEIVED,848a45c6-915d-46ae-8264-d02ac9d55497,b99d2359-b48d-4bdf-8e3f-b55e6403ade6,c3,DROP,1439,p3,?,
1769500981.1707597,RECEIVED,470cc1d9-7ceb-4eb9-9c41-a6206149c4d5,6c37a208-238b-4908-951d-a54c46059d0c,c2,DROP,1447,p2,?,
1769500981.2607229,SENT,1eabf123-e7d0-4737-aed3-1cd59f1d45c3,1680b9d7-1b39-4188-83ec-8ff899d8bdf0,c1,DROP,1007,?,i3,
1769500981.2607605,FORWARDED,1eabf123-e7d0-4737-aed3-1cd59f1d45c3,1680b9d7-1b39-4188-83ec-8ff899d8bdf0,c1,DROP,1007,?,i3,
1769500981.2641182,SENT,048679df-0bd1-45c3-ba82-14567f35a318,87944217-6c45-4a7e-999b-72a1edd61e5d,c2,DROP,1013,?,i3,
1769500981.2641585,FORWARDED,048679df-0bd1-45c3-ba82-14567f35a318,87944217-6c45-4a7e-999b-72a1edd61e5d,c2,DROP,1013,?,i3,
1769500981.2804193,RECEIVED,2690eb81-8390-44e5-a14c-b2c05acca19c,1e64df15-80f3-4f2e-ad46-3896f63a85e7,c3,DROP,441,x4,?,
1769500981.349406,RECEIVED,de2e2d1b-8b50-4af2-b5d9-6ea96f919593,2c44803b-2e70-4f3b-9158-5920b6d2a17a,c1,DROP,441,x8,?,
1769500981.3783326,SENT,abd85ff4-956e-47dd-b3c2-f90265e2accd,819ffddc-6b27-42fa-ab16-adfebe26b9d3,c4,DROP,1008,?,i10,
1769500981.378375,FORWARDED,abd85ff4-956e-47dd-b3c2-f90265e2accd,819ffddc-6b27-42fa-ab16-adfebe26b9d3,c4,DROP,1008,?,i10,
1769500981.4020095,SENT,0e9275ee-f8fa-49dd-8a4f-002f078a1d32,02185cd1-ccec-4d81-97db-0893b1aacde4,c5,DROP,1007,?,i12,
1769500981.402061,FORWARDED,0e9275ee-f8fa-49dd-8a4f-002f078a1d32,02185cd1-ccec-4d81-97db-0893b1aacde4,c5,DROP,1007,?,i12,
1769500981.4686303,RECEIVED,a4919273-7a43-4331-af7b-baf33e2ea93d,c917a3e8-b908-4077-ba53-4427e5aea6ee,c4,DROP,1440,p1,?,
1769500981.4696934,SENT,a5c8ee62-b0c6-4e08-8087-27fe31f59697,7817d8b1-bce9-4567-8d0f-33d3230ccb08,c4,None,1612,?,i12,
1769500981.4697351,FORWARDED,a5c8ee62-b0c6-4e08-8087-27fe31f59697,7817d8b1-bce9-4567-8d0f-33d3230ccb08,c4,None,1612,?,i12,
1769500981.5508306,SENT,470cc1d9-7ceb-4eb9-9c41-a6206149c4d5,6c37a208-238b-4908-951d-a54c46059d0c,c2,DROP,1014,?,i3,
1769500981.5508733,FORWARDED,470cc1d9-7ceb-4eb9-9c41-a6206149c4d5,6c37a208-238b-4908-951d-a54c46059d0c,c2,DROP,1014,?,i3,
1769500981.6457422,RECEIVED,e4d4fc50-df21-4a30-ae8b-e101a05682fc,1008e9dc-64bc-4156-b2f6-baccd8111658,c4,DROP,1451,p1,?,
1769500981.6513915,SENT,a4919273-7a43-4331-af7b-baf33e2ea93d,c917a3e8-b908-4077-ba53-4427e5aea6ee,c4,DROP,1007,?,i3,
1769500981.6514313,FORWARDED,a4919273-7a43-4331-af7b-baf33e2ea93d,c917a3e8-b908-4077-ba53-4427e5aea6ee,c4,DROP,1007,?,i3,
1769500981.6936245,RECEIVED,eda2544f-3819-4d5f-a91c-b905c1c79d08,df452b8a-ab59-409d-a78f-322262ed42c9,c5,DROP,1452,p2,?,
1769500981.7752182,SENT,eda2544f-3819-4d5f-a91c-b905c1c79d08,df452b8a-ab59-409d-a78f-322262ed42c9,c5,DROP,1016,?,i1,
1769500981.775259,FORWARDED,eda2544f-3819-4d5f-a91c-b905c1c79d08,df452b8a-ab59-409d-a78f-322262ed42c9,c5,DROP,1016,?,i1,
1769500981.8504572,RECEIVED,8b3de160-b528-4e3f-b19f-5df56a0580c2,129bd2a3-6443-43be-8238-f4177ff14ac1,c4,DROP,1449,p1,?,
1769500981.905836,RECEIVED,a59231a2-d4f7-4b26-aeba-1888ba3ad054,b6052c9b-9741-4b7c-8d89-fb2409cf6ac0,c2,DROP,1439,p2,?,
1769500981.93748,RECEIVED,80748f1e-3c4d-4ce4-8bcc-1e03a69b1cfe,af3e8c4e-9941-40ba-9b0a-0036d98056ec,c5,DROP,1452,p2,?,
1769500981.9807644,SENT,80748f1e-3c4d-4ce4-8bcc-1e03a69b1cfe,af3e8c4e-9941-40ba-9b0a-0036d98056ec,c5,DROP,1016,?,i7,
1769500981.980805,FORWARDED,80748f1e-3c4d-4ce4-8bcc-1e03a69b1cfe,af3e8c4e-9941-40ba-9b0a-0036d98056ec,c5,DROP,1016,?,i7,
1769500982.0497937,SENT,8b3de160-b528-4e3f-b19f-5df56a0580c2,129bd2a3-6443-43be-8238-f4177ff14ac1,c4,DROP,1012,?,i11,
1769500982.0498366,FORWARDED,8b3de160-b528-4e3f-b19f-5df56a0580c2,129bd2a3-6443-43be-8238-f4177ff14ac1,c4,DROP,1012,?,i11,
1769500982.0959218,SENT,848a45c6-915d-46ae-8264-d02ac9d55497,b99d2359-b48d-4bdf-8e3f-b55e6403ade6,c3,DROP,1007,?,i7,
1769500982.0959623,FORWARDED,848a45c6-915d-46ae-8264-d02ac9d55497,b99d2359-b48d-4bdf-8e3f-b55e6403ade6,c3,DROP,1007,?,i7,
1769500982.1584191,RECEIVED,e8384142-e67f-412a-a3dc-439cef8e600b,b2228b6b-0207-489c-bf7c-edf66240c026,c3,DROP,1440,p3,?,
1769500982.3475072,RECEIVED,3c0f9e63-4379-4c72-b226-89aede9b6d02,8e8bfec0-4884-4ece-a719-af6cef90146e,c4,DROP,1443,p1,?,
1769500982.4236267,SENT,e8384142-e67f-412a-a3dc-439cef8e600b,b2228b6b-0207-489c-bf7c-edf66240c026,c3,DROP,1007,?,i12,
1769500982.4236684,FORWARDED,e8384142-e67f-412a-a3dc-439cef8e600b,b2228b6b-0207-489c-bf7c-edf66240c026,c3,DROP,1007,?,i12,
1769500982.4563053,SENT,e4d4fc50-df21-4a30-ae8b-e101a05682fc,1008e9dc-64bc-4156-b2f6-baccd8111658,c4,DROP,1017,?,i9,
1769500982.456344,FORWARDED,e4d4fc50-df21-4a30-ae8b-e101a05682fc,1008e9dc-64bc-4156-b2f6-baccd8111658,c4,DROP,1017,?,i9,
1769500982.458445,RECEIVED,e036d98b-ec8e-4084-adf7-7c827bf408fa,af0753b9-970f-473a-b450-81dd26396a82,c1,DROP,1440,p1,?,
1769500982.5036163,SENT,a59231a2-d4f7-4b26-aeba-1888ba3ad054,b6052c9b-9741-4b7c-8d89-fb2409cf6ac0,c2,DROP,1008,?,i2,
1769500982.5036604,FORWARDED,a59231a2-d4f7-4b26-aeba-1888ba3ad054,b6052c9b-9741-4b7c-8d89-fb2409cf6ac0,c2,DROP,1008,?,i2,
1769500982.6809871,SENT,e036d98b-ec8e-4084-adf7-7c827bf408fa,af0753b9-970f-473a-b450-81dd26396a82,c1,DROP,1007,?,i5,
1769500982.6810277,FORWARDED,e036d98b-ec8e-4084-adf7-7c827bf408fa,af0753b9-970f-473a-b450-81dd26396a82,c1,DROP,1007,?,i5,
1769500982.7607691,RECEIVED,20754fbf-4a5f-474d-9219-cd1a7f50dd38,5215005b-bc34-4ba3-ad0f-c9e2fbb78eab,c3,DROP,1451,p3,?,
1769500983.0595472,RECEIVED,272d6c6e-8550-408a-b721-98df08476254,335ce5da-ec67-4d2c-8101-c23e2d785a93,c3,DROP,1447,p3,?,
1769500983.0964744,RECEIVED,4042bfa9-07c0-4bc9-8e53-3e4836830d85,836df2fc-5707-4df0-b59f-be650ef24f66,c3,c4,2456,p3,?,
1769500983.1811328,RECEIVED,04bccbc6-7327-43f5-958e-814f761f75b8,ee993dc9-78c9-48f6-84c8-a3b8cbf4d602,c2,c1,2456,p2,?,
1769500983.2136858,RECEIVED,7142353f-8e62-4a98-b64a-74cc0ed4e603,c50ad994-6912-4ce6-804c-8a99e7e7e1e3,c1,None,2224,p1,?,
1769500983.267229,SENT,7142353f-8e62-4a98-b64a-74cc0ed4e603,c50ad994-6912-4ce6-804c-8a99e7e7e1e3,c1,None,1595,?,i6,
1769500983.2672718,FORWARDED,7142353f-8e62-4a98-b64a-74cc0ed4e603,c50ad994-6912-4ce6-804c-8a99e7e7e1e3,c1,None,1595,?,i6,
1769500983.270026,SENT,04bccbc6-7327-43f5-958e-814f761f75b8,ee993dc9-78c9-48f6-84c8-a3b8cbf4d602,c2,c1,1768,?,i5,
1769500983.2700748,FORWARDED,04bccbc6-7327-43f5-958e-814f761f75b8,ee993dc9-78c9-48f6-84c8-a3b8cbf4d602,c2,c1,1768,?,i5,
1769500983.302641,RECEIVED,5a3b2237-b66d-4c5e-82bb-716f1a9bff24,fa5cd025-576c-4de8-9862-12a47d3be73d,c1,DROP,1447,p1,?,
1769500983.3146813,RECEIVED,a7c673dd-e1cb-4f59-bab2-ee9a3e79a4fa,0f039764-afb4-45c0-8782-09f52c3dcc4c,c2,DROP,1452,p2,?,
1769500983.3851879,SENT,a7c673dd-e1cb-4f59-bab2-ee9a3e79a4fa,0f039764-afb4-45c0-8782-09f52c3dcc4c,c2,DROP,1016,?,i2,
1769500983.3852267,FORWARDED,a7c673dd-e1cb-4f59-bab2-ee9a3e79a4fa,0f039764-afb4-45c0-8782-09f52c3dcc4c,c2,DROP,1016,?,i2,
1769500983.3971958,SENT,4042bfa9-07c0-4bc9-8e53-3e4836830d85,836df2fc-5707-4df0-b59f-be650ef24f66,c3,c4,1768,?,i9,
1769500983.3972335,FORWARDED,4042bfa9-07c0-4bc9-8e53-3e4836830d85,836df2fc-5707-4df0-b59f-be650ef24f66,c3,c4,1768,?,i9,
1769500983.4410017,RECEIVED,4692fcaa-b098-48d0-a06c-116bd4904188,fa083ebf-71af-46c9-9bb6-3e77e4d44f19,c1,DROP,1444,p1,?,
1769500983.4885867,RECEIVED,e45ceba8-693a-42ed-9f0b-1a90fc69fbfa,df4c2c3a-dfb4-4eb1-a796-63da6a2122e0,c5,DROP,1435,p2,?,
1769500983.5202308,RECEIVED,b7f51275-7420-4017-b42b-0f55d496b290,c49f4b6a-c5d1-422f-8ea6-059c2c5ff926,c3,c4,2455,p3,?,
1769500983.559359,SENT,20754fbf-4a5f-474d-9219-cd1a7f50dd38,5215005b-bc34-4ba3-ad0f-c9e2fbb78eab,c3,DROP,1015,?,i5,
1769500983.5594018,FORWARDED,20754fbf-4a5f-474d-9219-cd1a7f50dd38,5215005b-bc34-4ba3-ad0f-c9e2fbb78eab,c3,DROP,1015,?,i5,
1769500983.5872166,SENT,4692fcaa-b098-48d0-a06c-116bd4904188,fa083ebf-71af-46c9-9bb6-3e77e4d44f19,c1,DROP,1011,?,i4,
1769500983.5872595,FORWARDED,4692fcaa-b098-48d0-a06c-116bd4904188,fa083ebf-71af-46c9-9bb6-3e77e4d44f19,c1,DROP,1011,?,i4,
1769500983.6016796,SENT,b7f51275-7420-4017-b42b-0f55d496b290,c49f4b6a-c5d1-422f-8ea6-059c2c5ff926,c3,c4,1768,?,i9,
1769500983.6017232,FORWARDED,b7f51275-7420-4017-b42b-0f55d496b290,c49f4b6a-c5d1-422f-8ea6-059c2c5ff926,c3,c4,1768,?,i9,
1769500983.7816832,RECEIVED,c106b647-3fe4-48f1-a98a-1e564a66e7fe,f9e799dc-78e4-49f0-b7af-bac1e80e850f,c4,None,2231,p1,?,
1769500983.8755536,RECEIVED,830f4fbd-3e0b-43cf-8035-1446aae1b4c3,514f1c78-0b4e-4a1d-993b-11c4aa25b139,c4,DROP,442,x5,?,
1769500983.9112782,RECEIVED,5db96f50-ee99-4664-83ab-b56483889664,8ca0b237-138f-4ae8-873a-61845e3d9a9a,c3,DROP,1452,p3,?,
1769500983.968527,RECEIVED,7c760800-17c9-4425-b8e0-32e0d2f1fbab,ff7ce234-7577-4501-b5ec-7f8d95410182,c1,DROP,441,x3,?,
1769500984.0494444,SENT,5a3b2237-b66d-4c5e-82bb-716f1a9bff24,fa5cd025-576c-4de8-9862-12a47d3be73d,c1,DROP,1012,?,i8,
1769500984.0494952,FORWARDED,5a3b2237-b66d-4c5e-82bb-716f1a9bff24,fa5cd025-576c-4de8-9862-12a47d3be73d,c1,DROP,1012,?,i8,
1769500984.0683982,SENT,3c0f9e63-4379-4c72-b226-89aede9b6d02,8e8bfec0-4884-4ece-a719-af6cef90146e,c4,DROP,1011,?,i4,
1769500984.06845,FORWARDED,3c0f9e63-4379-4c72-b226-89aede9b6d02,8e8bfec0-4884-4ece-a719-af6cef90146e,c4,DROP,1011,?,i4,
1769500984.1832023,SENT,5db96f50-ee99-4664-83ab-b56483889664,8ca0b237-138f-4ae8-873a-61845e3d9a9a,c3,DROP,1015,?,i9,
1769500984.183245,FORWARDED,5db96f50-ee99-4664-83ab-b56483889664,8ca0b237-138f-4ae8-873a-61845e3d9a9a,c3,DROP,1015,?,i9,
1769500984.23026,RECEIVED,b247bac1-d35c-4a45-ad27-81e9ee1f96b3,c9aef821-f6b3-4941-b474-cf5e5a6bacfa,c5,DROP,1445,p2,?,
1769500984.2701426,SENT,e45ceba8-693a-42ed-9f0b-1a90fc69fbfa,df4c2c3a-dfb4-4eb1-a796-63da6a2122e0,c5,DROP,1004,?,i4,
1769500984.2701776,FORWARDED,e45ceba8-693a-42ed-9f0b-1a90fc69fbfa,df4c2c3a-dfb4-4eb1-a796-63da6a2122e0,c5,DROP,1004,?,i4,
1769500984.3013752,SENT,b247bac1-d35c-4a45-ad27-81e9ee1f96b3,c9aef821-f6b3-4941-b474-cf5e5a6bacfa,c5,DROP,1011,?,i10,
1769500984.3014147,FORWARDED,b247bac1-d35c-4a45-ad27-81e9ee1f96b3,c9aef821-f6b3-4941-b474-cf5e5a6bacfa,c5,DROP,1011,?,i10,
1769500984.32088,RECEIVED,b545b729-a3da-4ed5-9a24-4c9756292047,1d5d24d8-c460-4b48-bddd-14d477c28127,c5,DROP,1452,p2,?,
1769500984.3356006,RECEIVED,d2549bbd-1703-42b7-9638-bde7c534c0a1,8edf2bf7-d0c7-438e-be35-635698758b2c,c5,DROP,1440,p2,?,
1769500984.3369172,SENT,272d6c6e-8550-408a-b721-98df08476254,335ce5da-ec67-4d2c-8101-c23e2d785a93,c3,DROP,1012,?,i7,
1769500984.336958,FORWARDED,272d6c6e-8550-408a-b721-98df08476254,335ce5da-ec67-4d2c-8101-c23e2d785a93,c3,DROP,1012,?,i7,
1769500984.3943543,RECEIVED,f1ae498c-415c-43c7-8631-ceedb904c2c5,e008cf9e-02c8-4a79-9f18-12dcb175a200,c4,DROP,1440,p1,?,
1769500984.3999565,SENT,c106b647-3fe4-48f1-a98a-1e564a66e7fe,f9e799dc-78e4-49f0-b7af-bac1e80e850f,c4,None,1600,?,i7,
1769500984.3999999,FORWARDED,c106b647-3fe4-48f1-a98a-1e564a66e7fe,f9e799dc-78e4-49f0-b7af-bac1e80e850f,c4,None,1600,?,i7,
1769500984.6663022,RECEIVED,1ad13775-46c1-4f85-a6be-2e880d61a07b,6218e665-2fb2-474e-8dd1-b87bf19ad693,c5,DROP,1451,p2,?,
1769500984.6806154,SENT,b545b729-a3da-4ed5-9a24-4c9756292047,1d5d24d8-c460-4b48-bddd-14d477c28127,c5,DROP,1015,?,i2,
1769500984.6806557,FORWARDED,b545b729-a3da-4ed5-9a24-4c9756292047,1d5d24d8-c460-4b48-bddd-14d477c28127,c5,DROP,1015,?,i2,
1769500984.696711,SENT,f1ae498c-415c-43c7-8631-ceedb904c2c5,e008cf9e-02c8-4a79-9f18-12dcb175a200,c4,DROP,1008,?,i3,
1769500984.6967547,FORWARDED,f1ae498c-415c-43c7-8631-ceedb904c2c5,e008cf9e-02c8-4a79-9f18-12dcb175a200,c4,DROP,1008,?,i3,
1769500984.8306375,SENT,d2549bbd-1703-42b7-9638-bde7c534c0a1,8edf2bf7-d0c7-438e-be35-635698758b2c,c5,DROP,1008,?,i9,
1769500984.8306787,FORWARDED,d2549bbd-1703-42b7-9638-bde7c534c0a1,8edf2bf7-d0c7-438e-be35-635698758b2c,c5,DROP,1008,?,i9,
1769500984.8567646,RECEIVED,3018789f-97ac-48b1-b56d-c8b47c35db0c,e9fd0d1c-80a9-40ff-ac9b-e5a2e160786e,c1,DROP,1439,p1,?,
1769500985.1314926,SENT,1ad13775-46c1-4f85-a6be-2e880d61a07b,6218e665-2fb2-474e-8dd1-b87bf19ad693,c5,DROP,1015,?,i8,
1769500985.1315331,FORWARDED,1ad13775-46c1-4f85-a6be-2e880d61a07b,6218e665-2fb2-474e-8dd1-b87bf19ad693,c5,DROP,1015,?,i8,
1769500985.1603222,RECEIVED,753bcc51-8848-4d5b-a8f1-dca289335e55,239c314d-7548-4b28-ba7b-8a5c1b46f241,c5,DROP,1452,p2,?,
1769500985.3687873,SENT,753bcc51-8848-4d5b-a8f1-dca289335e55,239c314d-7548-4b28-ba7b-8a5c1b46f241,c5,DROP,1016,?,i9,
1769500985.3688288,FORWARDED,753bcc51-8848-4d5b-a8f1-dca289335e55,239c314d-7548-4b28-ba7b-8a5c1b46f241,c5,DROP,1016,?,i9,
1769500985.384574,RECEIVED,3ec86479-a5be-4acb-aa46-80e78f4ae50a,96f5cdc2-6d1f-4ee7-af2b-0866942f8c72,c3,DROP,442,x5,?,
1769500985.3930233,RECEIVED,cd03a797-639c-407b-8549-1c89670888af,19964a18-0a1a-4547-9303-29814ebcab25,c3,DROP,1440,p3,?,
1769500985.508606,RECEIVED,70164353-48f2-4477-ac55-7776add6a3af,c8448147-093c-47c5-b986-8caca8e0ffde,c3,None,2237,p3,?,
1769500985.5385065,SENT,3018789f-97ac-48b1-b56d-c8b47c35db0c,e9fd0d1c-80a9-40ff-ac9b-e5a2e160786e,c1,DROP,1007,?,i3,
1769500985.538559,FORWARDED,3018789f-97ac-48b1-b56d-c8b47c35db0c,e9fd0d1c-80a9-40ff-ac9b-e5a2e160786e,c1,DROP,1007,?,i3,
1769500985.6478121,RECEIVED,cf295e7e-556f-49fd-a4e9-33e32f7d5d88,5babc6ca-8e31-4f09-bf8a-6240ff392596,c5,DROP,443,x9,?,
1769500985.735178,RECEIVED,3df8cbce-ed90-488d-939b-d69e5cfa9bd0,a2d4192e-3a46-4377-aaa8-7f7a341b2e1b,c4,DROP,1448,p1,?,
1769500985.7356787,SENT,70164353-48f2-4477-ac55-7776add6a3af,c8448147-093c-47c5-b986-8caca8e0ffde,c3,None,1603,?,i10,
1769500985.7357094,FORWARDED,70164353-48f2-4477-ac55-7776add6a3af,c8448147-093c-47c5-b986-8caca8e0ffde,c3,None,1603,?,i10,
1769500985.7368708,RECEIVED,556adeda-8240-4501-928e-54ee6c1a40cc,20842667-cc11-41e3-aafd-e8077d6d0adf,c2,DROP,442,x7,?,
1769500985.8911967,RECEIVED,68c627ec-04c8-40e4-849e-20607c6be6ab,36b00a0f-f4ee-43ca-9325-472cf5988822,c5,DROP,1452,p2,?,
1769500985.9189627,SENT,cd03a797-639c-407b-8549-1c89670888af,19964a18-0a1a-4547-9303-29814ebcab25,c3,DROP,1008,?,i12,
1769500985.9190068,FORWARDED,cd03a797-639c-407b-8549-1c89670888af,19964a18-0a1a-4547-9303-29814ebcab25,c3,DROP,1008,?,i12,
1769500986.1421177,RECEIVED,e492f218-8f8c-4699-9fa0-95bdf5b48246,87895f35-aa21-4d5c-ab3d-060ba1527bfd,c3,DROP,1462,p3,?,
1769500986.169966,SENT,e492f218-8f8c-4699-9fa0-95bdf5b48246,87895f35-aa21-4d5c-ab3d-060ba1527bfd,c3,DROP,1021,?,i4,
1769500986.1700022,FORWARDED,e492f218-8f8c-4699-9fa0-95bdf5b48246,87895f35-aa21-4d5c-ab3d-060ba1527bfd,c3,DROP,1021,?,i4,
1769500986.1751812,SENT,68c627ec-04c8-40e4-849e-20607c6be6ab,36b00a0f-f4ee-43ca-9325-472cf5988822,c5,DROP,1016,?,i11,
1769500986.175242,FORWARDED,68c627ec-04c8-40e4-849e-20607c6be6ab,36b00a0f-f4ee-43ca-9325-472cf5988822,c5,DROP,1016,?,i11,
1769500986.2813582,SENT,3df8cbce-ed90-488d-939b-d69e5cfa9bd0,a2d4192e-3a46-4377-aaa8-7f7a341b2e1b,c4,DROP,1012,?,i12,
1769500986.2813928,FORWARDED,3df8cbce-ed90-488d-939b-d69e5cfa9bd0,a2d4192e-3a46-4377-aaa8-7f7a341b2e1b,c4,DROP,1012,?,i12,
1769500986.398091,RECEIVED,fb701159-dd23-4241-8ca7-39af9b0a2a53,20e54227-3692-4fc2-b8e1-60860f3a2a33,c4,DROP,1444,p1,?,
1769500986.5791025,RECEIVED,065b3941-68a7-4cae-8ce3-4ae9fe589d46,17090ea7-489c-4270-8f8f-9c720bcd5ace,c2,DROP,1441,p2,?,
1769500986.607821,SENT,065b3941-68a7-4cae-8ce3-4ae9fe589d46,17090ea7-489c-4270-8f8f-9c720bcd5ace,c2,DROP,1007,?,i9,
1769500986.6083546,FORWARDED,065b3941-68a7-4cae-8ce3-4ae9fe589d46,17090ea7-489c-4270-8f8f-9c720bcd5ace,c2,DROP,1007,?,i9,
1769500986.640615,SENT,fb701159-dd23-4241-8ca7-39af9b0a2a53,20e54227-3692-4fc2-b8e1-60860f3a2a33,c4,DROP,1011,?,i2,
1769500986.6406558,FORWARDED,fb701159-dd23-4241-8ca7-39af9b0a2a53,20e54227-3692-4fc2-b8e1-60860f3a2a33,c4,DROP,1011,?,i2,
1769500986.8794537,RECEIVED,295a3ee1-0cc9-404e-ab8d-c85ce22f7a0f,48f3ea7e-51da-4024-a6c9-946d9a45cdde,c5,DROP,1448,p2,?,
1769500986.8818924,RECEIVED,9e5e4d04-c581-4296-ad78-37c0116ef1f5,55b4ef7c-d0d5-4469-9f4d-5e80ee0710e1,c2,DROP,1456,p2,?,
1769500987.0632668,SENT,295a3ee1-0cc9-404e-ab8d-c85ce22f7a0f,48f3ea7e-51da-4024-a6c9-946d9a45cdde,c5,DROP,1012,?,i1,
1769500987.0633087,FORWARDED,295a3ee1-0cc9-404e-ab8d-c85ce22f7a0f,48f3ea7e-51da-4024-a6c9-946d9a45cdde,c5,DROP,1012,?,i1,
1769500987.1382117,RECEIVED,25e023eb-81f9-448f-8389-da99bd5bd106,be56c2f3-9982-4df3-b796-bf5696ea4aa8,c3,DROP,1439,p3,?,
1769500987.1638846,RECEIVED,76d63bc3-1c5e-4ecb-8bff-f545dab5b5b4,1c007ce5-c00d-417d-b552-4003158af520,c5,c2,2460,p2,?,
1769500987.2556245,RECEIVED,81250fac-582d-43bf-b650-15e30418281f,f416b96d-41de-4a67-88e3-cda619df57c4,c5,DROP,437,x9,?,
1769500987.3643825,RECEIVED,27f87422-9151-4618-9527-9d0d9248b7f9,4b1c866a-0ec9-4120-964a-a6b21f27d00a,c5,DROP,1439,p2,?,
1769500987.502518,RECEIVED,a877864c-0c5c-43e6-a6ef-6c31cae3f261,7a2b9e37-cc86-4445-9323-dffcd62a8964,c5,DROP,442,x6,?,
1769500987.5432754,RECEIVED,2fc5c12a-f94c-4500-9b3b-ed5f9c0ad086,81456bcd-8485-4b42-a524-2b587310d902,c2,DROP,1443,p2,?,
1769500987.6485102,RECEIVED,ace9b67a-30d8-48df-a78e-3b17bbf9abb1,f9358b4a-b531-4bdb-a248-8d4a5432cb6c,c3,DROP,1447,p3,?,
1769500987.6587708,SENT,27f87422-9151-4618-9527-9d0d9248b7f9,4b1c866a-0ec9-4120-964a-a6b21f27d00a,c5,DROP,1007,?,i5,
1769500987.658808,FORWARDED,27f87422-9151-4618-9527-9d0d9248b7f9,4b1c866a-0ec9-4120-964a-a6b21f27d00a,c5,DROP,1007,?,i5,
1769500987.7095366,SENT,25e023eb-81f9-448f-8389-da99bd5bd106,be56c2f3-9982-4df3-b796-bf5696ea4aa8,c3,DROP,1008,?,i5,
1769500987.7095795,FORWARDED,25e023eb-81f9-448f-8389-da99bd5bd106,be56c2f3-9982-4df3-b796-bf5696ea4aa8,c3,DROP,1008,?,i5,
1769500987.7739425,RECEIVED,4270399a-c76d-40ce-971a-2cba75a7de22,70194d56-782d-42fe-8fe1-8603143a40bf,c2,DROP,1440,p2,?,
1769500987.8257735,SENT,9e5e4d04-c581-4296-ad78-37c0116ef1f5,55b4ef7c-d0d5-4469-9f4d-5e80ee0710e1,c2,DROP,1019,?,i12,
1769500987.825815,FORWARDED,9e5e4d04-c581-4296-ad78-37c0116ef1f5,55b4ef7c-d0d5-4469-9f4d-5e80ee0710e1,c2,DROP,1019,?,i12,
1769500987.8408122,SENT,2fc5c12a-f94c-4500-9b3b-ed5f9c0ad086,81456bcd-8485-4b42-a524-2b587310d902,c2,DROP,1009,?,i1,
1769500987.8408527,FORWARDED,2fc5c12a-f94c-4500-9b3b-ed5f9c0ad086,81456bcd-8485-4b42-a524-2b587310d902,c2,DROP,1009,?,i1,
1769500987.85157,SENT,4270399a-c76d-40ce-971a-2cba75a7de22,70194d56-782d-42fe-8fe1-8603143a40bf,c2,DROP,1007,?,i6,
1769500987.8516138,FORWARDED,4270399a-c76d-40ce-971a-2cba75a7de22,70194d56-782d-42fe-8fe1-8603143a40bf,c2,DROP,1007,?,i6,
1769500988.1312475,SENT,ace9b67a-30d8-48df-a78e-3b17bbf9abb1,f9358b4a-b531-4bdb-a248-8d4a5432cb6c,c3,DROP,1012,?,i4,
1769500988.13129,FORWARDED,ace9b67a-30d8-48df-a78e-3b17bbf9abb1,f9358b4a-b531-4bdb-a248-8d4a5432cb6c,c3,DROP,1012,?,i4,
1769500988.3768535,RECEIVED,8c9b80cf-b060-4c9e-b234-36dee4e40e30,895af726-2acd-407e-885e-49da21021a7a,c3,DROP,1451,p3,?,
1769500988.4069283,RECEIVED,a1b42272-3443-4394-9bc8-6e146f9303d1,6d73e8c6-73f4-4216-886a-cf82ec3f1083,c3,DROP,1438,p3,?,
1769500988.492092,SENT,76d63bc3-1c5e-4ecb-8bff-f545dab5b5b4,1c007ce5-c00d-417d-b552-4003158af520,c5,c2,1771,?,i10,
1769500988.492204,FORWARDED,76d63bc3-1c5e-4ecb-8bff-f545dab5b5b4,1c007ce5-c00d-417d-b552-4003158af520,c5,c2,1771,?,i10,
1769500988.544399,RECEIVED,d9f63db6-7808-402b-bf18-680e0025d733,304e93c7-1be7-464c-a86c-bf6a065298bb,c2,DROP,1452,p2,?,
1769500988.5929096,RECEIVED,9de5eb08-94f8-4f8e-99a9-2af019ce1050,3338c802-2865-486b-acdd-96a4417d79b6,c5,DROP,442,x3,?,
1769500988.634501,RECEIVED,8986a589-23de-44fe-a0ec-877d76be019e,5e7659f3-1e2e-4dec-ae56-1bdf1cfe7216,c1,DROP,1443,p1,?,
1769500988.7918026,RECEIVED,751d9b53-538d-4af6-bfee-f6ea626d46f3,566f6246-4963-424a-973a-3b2c52acf165,c4,c3,2466,p1,?,
1769500988.8336658,SENT,751d9b53-538d-4af6-bfee-f6ea626d46f3,566f6246-4963-424a-973a-3b2c52acf165,c4,c3,1776,?,i3,
1769500988.8337092,FORWARDED,751d9b53-538d-4af6-bfee-f6ea626d46f3,566f6246-4963-424a-973a-3b2c52acf165,c4,c3,1776,?,i3,
1769500988.836608,SENT,d9f63db6-7808-402b-bf18-680e0025d733,304e93c7-1be7-464c-a86c-bf6a065298bb,c2,DROP,1015,?,i1,
1769500988.836649,FORWARDED,d9f63db6-7808-402b-bf18-680e0025d733,304e93c7-1be7-464c-a86c-bf6a065298bb,c2,DROP,1015,?,i1,
1769500988.9053135,SENT,8c9b80cf-b060-4c9e-b234-36dee4e40e30,895af726-2acd-407e-885e-49da21021a7a,c3,DROP,1015,?,i4,
1769500988.905357,FORWARDED,8c9b80cf-b060-4c9e-b234-36dee4e40e30,895af726-2acd-407e-885e-49da21021a7a,c3,DROP,1015,?,i4,
1769500989.1117818,RECEIVED,dde927b4-c4e4-4e1c-ab85-95b078a3f573,0c1c2a16-f293-493f-95ac-e2dffba2e4f0,c5,DROP,442,x10,?,
1769500989.1341295,RECEIVED,97a82634-e602-4f01-8c5a-80c955067df9,f0aef2ac-59c5-49bf-9347-b93b99e66f66,c1,DROP,1448,p1,?,
1769500989.167551,RECEIVED,5689c220-0e42-4373-afca-914c161f8cdc,a6dd08ef-16f7-4293-9b7e-3c09f13b9c73,c2,DROP,1446,p2,?,
1769500989.3105836,RECEIVED,901014d5-b610-4910-99d9-a88eaed3c58c,59c8dc07-e11e-4e33-8c04-1fa27f02d333,c1,DROP,441,x7,?,
1769500989.3111198,RECEIVED,14fcba1a-d4de-43e2-9a6b-8cb075accfdb,a0c73b9b-0682-414f-bfd9-7ee6718b4983,c4,DROP,1440,p1,?,
1769500989.449837,SENT,a1b42272-3443-4394-9bc8-6e146f9303d1,6d73e8c6-73f4-4216-886a-cf82ec3f1083,c3,DROP,1008,?,i1,
1769500989.4498796,FORWARDED,a1b42272-3443-4394-9bc8-6e146f9303d1,6d73e8c6-73f4-4216-886a-cf82ec3f1083,c3,DROP,1008,?,i1,
1769500989.5105097,SENT,97a82634-e602-4f01-8c5a-80c955067df9,f0aef2ac-59c5-49bf-9347-b93b99e66f66,c1,DROP,1012,?,i10,
1769500989.510553,FORWARDED,97a82634-e602-4f01-8c5a-80c955067df9,f0aef2ac-59c5-49bf-9347-b93b99e66f66,c1,DROP,1012,?,i10,
1769500989.5620728,RECEIVED,22ced540-0f10-4d2f-a2bd-5add488e0550,e0360e8d-66f8-4121-ab3b-0f85a798fbf1,c5,DROP,443,x8,?,
1769500989.603625,SENT,8986a589-23de-44fe-a0ec-877d76be019e,5e7659f3-1e2e-4dec-ae56-1bdf1cfe7216,c1,DROP,1011,?,i7,
1769500989.6036658,FORWARDED,8986a589-23de-44fe-a0ec-877d76be019e,5e7659f3-1e2e-4dec-ae56-1bdf1cfe7216,c1,DROP,1011,?,i7,
1769500989.6442573,RECEIVED,fca389c8-fe52-474b-aa23-27431619cce6,8d15821d-4b67-4a07-b3df-46d3bc2798fa,c3,DROP,441,x3,?,
1769500990.0169208,RECEIVED,a18bd64c-d991-4527-8d55-7b1c16fd9617,966cc474-71d7-48de-99fe-508eab7786d1,c4,c3,2465,p1,?,
1769500990.1251283,SENT,a18bd64c-d991-4527-8d55-7b1c16fd9617,966cc474-71d7-48de-99fe-508eab7786d1,c4,c3,1775,?,i11,
1769500990.1251714,FORWARDED,a18bd64c-d991-4527-8d55-7b1c16fd9617,966cc474-71d7-48de-99fe-508eab7786d1,c4,c3,1775,?,i11,
1769500990.134578,RECEIVED,ca2efbaa-eb90-4efa-97d5-c803b39a9380,e63a589a-a78e-47f6-9abb-7cf29fb07e21,c2,DROP,1444,p2,?,
1769500990.2111833,SENT,ca2efbaa-eb90-4efa-97d5-c803b39a9380,e63a589a-a78e-47f6-9abb-7cf29fb07e21,c2,DROP,1011,?,i3,
1769500990.211227,FORWARDED,ca2efbaa-eb90-4efa-97d5-c803b39a9380,e63a589a-a78e-47f6-9abb-7cf29fb07e21,c2,DROP,1011,?,i3,
1769500990.2138884,SENT,14fcba1a-d4de-43e2-9a6b-8cb075accfdb,a0c73b9b-0682-414f-bfd9-7ee6718b4983,c4,DROP,1007,?,i11,
1769500990.2139287,FORWARDED,14fcba1a-d4de-43e2-9a6b-8cb075accfdb,a0c73b9b-0682-414f-bfd9-7ee6718b4983,c4,DROP,1007,?,i11,
1769500990.4139187,RECEIVED,b477d41d-44f9-4656-9848-d15e84e065b6,a2dca533-cef8-455b-b532-f07962cd1c90,c5,None,2235,p2,?,
1769500990.528027,RECEIVED,c6923161-e939-4708-9ad6-8f31e59674a7,d4b12871-0b77-4ba3-8e71-9cf142c8ee43,c5,c2,2471,p2,?,
1769500990.7200782,RECEIVED,cf5af2e0-924a-4a72-b344-dd85c55c2743,512594b3-aa10-4f23-9e2e-9c677aef9a8b,c2,DROP,1451,p2,?,
1769500990.738669,RECEIVED,3aaf599f-d9fa-4c4c-a20f-cad5598a4a66,c589d9b0-f2d3-4666-a3bb-d1567e7ced9e,c3,DROP,1440,p3,?,
1769500990.7542074,RECEIVED,9796f91d-4961-4709-859e-e9c2ba5997a1,3e71eec6-f82b-47aa-9873-4c8ccbfff689,c2,DROP,445,x6,?,
1769500990.8464363,SENT,b477d41d-44f9-4656-9848-d15e84e065b6,a2dca533-cef8-455b-b532-f07962cd1c90,c5,None,1605,?,i6,
1769500990.8464808,FORWARDED,b477d41d-44f9-4656-9848-d15e84e065b6,a2dca533-cef8-455b-b532-f07962cd1c90,c5,None,1605,?,i6,
1769500990.867601,SENT,5689c220-0e42-4373-afca-914c161f8cdc,a6dd08ef-16f7-4293-9b7e-3c09f13b9c73,c2,DROP,1012,?,i5,
1769500990.8676438,FORWARDED,5689c220-0e42-4373-afca-914c161f8cdc,a6dd08ef-16f7-4293-9b7e-3c09f13b9c73,c2,DROP,1012,?,i5,
1769500990.9558895,RECEIVED,c4340afe-64c3-406a-8578-df0fd110365b,eb66702d-9a8d-4803-9ae2-989ef5712970,c1,None,2240,p1,?,
1769500991.0003238,SENT,3aaf599f-d9fa-4c4c-a20f-cad5598a4a66,c589d9b0-f2d3-4666-a3bb-d1567e7ced9e,c3,DROP,1008,?,i10,
1769500991.000367,FORWARDED,3aaf599f-d9fa-4c4c-a20f-cad5598a4a66,c589d9b0-f2d3-4666-a3bb-d1567e7ced9e,c3,DROP,1008,?,i10,
1769500991.0168068,RECEIVED,bbb7a815-c0ba-43b8-ab47-d949988a49e5,ce697d76-117f-4738-b3a8-cba85be210d8,c2,DROP,1439,p2,?,
1769500991.0971658,RECEIVED,795bd3c4-8263-4fde-a0e5-919685dd67ce,a96d452c-4d2d-4e53-b994-e87487a0f9ff,c2,DROP,1451,p2,?,
1769500991.0980577,SENT,c4340afe-64c3-406a-8578-df0fd110365b,eb66702d-9a8d-4803-9ae2-989ef5712970,c1,None,1607,?,i2,
1769500991.0980995,FORWARDED,c4340afe-64c3-406a-8578-df0fd110365b,eb66702d-9a8d-4803-9ae2-989ef5712970,c1,None,1607,?,i2,
1769500991.1784656,SENT,cf5af2e0-924a-4a72-b344-dd85c55c2743,512594b3-aa10-4f23-9e2e-9c677aef9a8b,c2,DROP,1016,?,i1,
1769500991.1785085,FORWARDED,cf5af2e0-924a-4a72-b344-dd85c55c2743,512594b3-aa10-4f23-9e2e-9c677aef9a8b,c2,DROP,1016,?,i1,
1769500991.2859824,RECEIVED,e8b94818-ddf1-4f91-a0a5-2c6d7ab5b821,0578d8dc-0503-43ff-b85b-82594eeae6aa,c1,DROP,1444,p1,?,
1769500991.321932,RECEIVED,d607cd97-f336-4751-9ae2-c7f682d9a69b,3677e18f-e5c3-4e97-827d-49a5f52a8c6e,c4,DROP,1450,p1,?,
1769500991.381749,SENT,e8b94818-ddf1-4f91-a0a5-2c6d7ab5b821,0578d8dc-0503-43ff-b85b-82594eeae6aa,c1,DROP,1010,?,i5,
1769500991.3817925,FORWARDED,e8b94818-ddf1-4f91-a0a5-2c6d7ab5b821,0578d8dc-0503-43ff-b85b-82594eeae6aa,c1,DROP,1010,?,i5,
1769500991.3941216,SENT,795bd3c4-8263-4fde-a0e5-919685dd67ce,a96d452c-4d2d-4e53-b994-e87487a0f9ff,c2,DROP,1016,?,i7,
1769500991.3941576,FORWARDED,795bd3c4-8263-4fde-a0e5-919685dd67ce,a96d452c-4d2d-4e53-b994-e87487a0f9ff,c2,DROP,1016,?,i7,
1769500991.455291,RECEIVED,c25a40fa-7147-40fe-8951-ae815312242a,e6088f8a-1c33-414f-9223-8a027671f1a0,c1,DROP,1447,p1,?,
1769500991.5003388,SENT,c6923161-e939-4708-9ad6-8f31e59674a7,d4b12871-0b77-4ba3-8e71-9cf142c8ee43,c5,c2,1782,?,i6,
1769500991.5003793,FORWARDED,c6923161-e939-4708-9ad6-8f31e59674a7,d4b12871-0b77-4ba3-8e71-9cf142c8ee43,c5,c2,1782,?,i6,
1769500991.5169966,SENT,bbb7a815-c0ba-43b8-ab47-d949988a49e5,ce697d76-117f-4738-b3a8-cba85be210d8,c2,DROP,1008,?,i8,
1769500991.517038,FORWARDED,bbb7a815-c0ba-43b8-ab47-d949988a49e5,ce697d76-117f-4738-b3a8-cba85be210d8,c2,DROP,1008,?,i8,
1769500991.760825,RECEIVED,81109138-0b65-4904-b137-fae727853e39,2f6eff7a-caad-4bf8-b592-5b872e75c4bf,c2,None,2227,p2,?,
1769500991.894231,SENT,81109138-0b65-4904-b137-fae727853e39,2f6eff7a-caad-4bf8-b592-5b872e75c4bf,c2,None,1599,?,i4,
1769500991.8942719,FORWARDED,81109138-0b65-4904-b137-fae727853e39,2f6eff7a-caad-4bf8-b592-5b872e75c4bf,c2,None,1599,?,i4,
1769500992.2318068,RECEIVED,627eae0e-f7c0-402f-952f-1ff0b0fb0f71,1153f059-f4ab-4958-93e7-2de1b651db55,c3,c4,2464,p3,?,
1769500992.2651827,RECEIVED,e40bbb24-0de0-4e84-86a6-f1ca22dbe701,d0519636-d345-4eb3-bfea-ccee09428600,c3,None,2234,p3,?,
1769500992.3884869,SENT,d607cd97-f336-4751-9ae2-c7f682d9a69b,3677e18f-e5c3-4e97-827d-49a5f52a8c6e,c4,DROP,1016,?,i7,
1769500992.3885276,FORWARDED,d607cd97-f336-4751-9ae2-c7f682d9a69b,3677e18f-e5c3-4e97-827d-49a5f52a8c6e,c4,DROP,1016,?,i7,
1769500992.6259716,SENT,c25a40fa-7147-40fe-8951-ae815312242a,e6088f8a-1c33-414f-9223-8a027671f1a0,c1,DROP,1014,?,i8,
1769500992.6260111,FORWARDED,c25a40fa-7147-40fe-8951-ae815312242a,e6088f8a-1c33-414f-9223-8a027671f1a0,c1,DROP,1014,?,i8,
1769500992.7480834,RECEIVED,40b59aff-9459-4ee0-a65e-79bd4e86729c,d524ac12-a085-467e-86de-039662c3e507,c4,DROP,1439,p1,?,
1769500992.7590644,SENT,627eae0e-f7c0-402f-952f-1ff0b0fb0f71,1153f059-f4ab-4958-93e7-2de1b651db55,c3,c4,1775,?,i10,
1769500992.7591076,FORWARDED,627eae0e-f7c0-402f-952f-1ff0b0fb0f71,1153f059-f4ab-4958-93e7-2de1b651db55,c3,c4,1775,?,i10,
1769500992.7790184,RECEIVED,8aee06c0-f260-438a-ada7-89f244b8e9ba,7b0c6569-36cc-4098-9181-320fc24f5d10,c4,DROP,1441,p1,?,
1769500992.8225703,RECEIVED,1c412e66-626e-472a-a31a-4e86481d967f,af38c8b8-6f68-4757-b953-ec097ab21d8f,c4,DROP,1439,p1,?,
1769500992.8347473,RECEIVED,2aa0622b-495d-4d0b-a0cd-1c6796d4dc8e,05eb607e-5b31-4b60-ab20-ad4eeb3ae928,c4,c3,2474,p1,?,
1769500992.837378,RECEIVED,9407da70-08d9-42d3-b6e8-51dcee4e9185,cdbcfb91-f6cd-4bd1-a01e-b1bc5f465ca1,c4,DROP,1444,p1,?,
1769500992.8473964,SENT,e40bbb24-0de0-4e84-86a6-f1ca22dbe701,d0519636-d345-4eb3-bfea-ccee09428600,c3,None,1604,?,i9,
1769500992.8474414,FORWARDED,e40bbb24-0de0-4e84-86a6-f1ca22dbe701,d0519636-d345-4eb3-bfea-ccee09428600,c3,None,1604,?,i9,
1769500992.8787057,RECEIVED,44f5ea9f-4dfa-4025-99b4-c0dccaaa369f,edfd3fb7-dfdf-4f69-ab73-0c26e994cce0,c2,DROP,1456,p2,?,
1769500992.890909,SENT,2aa0622b-495d-4d0b-a0cd-1c6796d4dc8e,05eb607e-5b31-4b60-ab20-ad4eeb3ae928,c4,c3,1781,?,i11,
1769500992.8909457,FORWARDED,2aa0622b-495d-4d0b-a0cd-1c6796d4dc8e,05eb607e-5b31-4b60-ab20-ad4eeb3ae928,c4,c3,1781,?,i11,
1769500992.8923283,RECEIVED,81bd9bc6-5fb4-423c-ab62-cc0f9cb7bcc3,e05bbb45-ab84-47f4-8a24-0c75ce657986,c3,None,2236,p3,?,
1769500992.9033525,SENT,40b59aff-9459-4ee0-a65e-79bd4e86729c,d524ac12-a085-467e-86de-039662c3e507,c4,DROP,1008,?,i11,
1769500992.9033937,FORWARDED,40b59aff-9459-4ee0-a65e-79bd4e86729c,d524ac12-a085-467e-86de-039662c3e507,c4,DROP,1008,?,i11,
1769500992.940236,RECEIVED,12045a81-3ed9-4a62-8cec-5069fa482172,913454cf-6922-43f0-8aec-e6d865cbdd4b,c5,DROP,1452,p2,?,
1769500992.9433126,SENT,8aee06c0-f260-438a-ada7-89f244b8e9ba,7b0c6569-36cc-4098-9181-320fc24f5d10,c4,DROP,1007,?,i10,
1769500992.9433534,FORWARDED,8aee06c0-f260-438a-ada7-89f244b8e9ba,7b0c6569-36cc-4098-9181-320fc24f5d10,c4,DROP,1007,?,i10,
1769500992.9932284,SENT,12045a81-3ed9-4a62-8cec-5069fa482172,913454cf-6922-43f0-8aec-e6d865cbdd4b,c5,DROP,1015,?,i2,
1769500992.9932718,FORWARDED,12045a81-3ed9-4a62-8cec-5069fa482172,913454cf-6922-43f0-8aec-e6d865cbdd4b,c5,DROP,1015,?,i2,
1769500993.0093613,SENT,44f5ea9f-4dfa-4025-99b4-c0dccaaa369f,edfd3fb7-dfdf-4f69-ab73-0c26e994cce0,c2,DROP,1019,?,i12,
1769500993.0094085,FORWARDED,44f5ea9f-4dfa-4025-99b4-c0dccaaa369f,edfd3fb7-dfdf-4f69-ab73-0c26e994cce0,c2,DROP,1019,?,i12,
1769500993.0126126,SENT,9407da70-08d9-42d3-b6e8-51dcee4e9185,cdbcfb91-f6cd-4bd1-a01e-b1bc5f465ca1,c4,DROP,1009,?,i4,
1769500993.0127363,FORWARDED,9407da70-08d9-42d3-b6e8-51dcee4e9185,cdbcfb91-f6cd-4bd1-a01e-b1bc5f465ca1,c4,DROP,1009,?,i4,
1769500993.2087514,RECEIVED,b6c195ca-78d4-46d4-9b2f-b26a3ffe9b51,cf9fd737-d288-48b7-abba-f349a716236e,c3,DROP,1448,p3,?,
1769500993.3608,SENT,b6c195ca-78d4-46d4-9b2f-b26a3ffe9b51,cf9fd737-d288-48b7-abba-f349a716236e,c3,DROP,1013,?,i4,
1769500993.3608441,FORWARDED,b6c195ca-78d4-46d4-9b2f-b26a3ffe9b51,cf9fd737-d288-48b7-abba-f349a716236e,c3,DROP,1013,?,i4,
1769500993.3643706,SENT,81bd9bc6-5fb4-423c-ab62-cc0f9cb7bcc3,e05bbb45-ab84-47f4-8a24-0c75ce657986,c3,None,1603,?,i8,
1769500993.3644178,FORWARDED,81bd9bc6-5fb4-423c-ab62-cc0f9cb7bcc3,e05bbb45-ab84-47f4-8a24-0c75ce657986,c3,None,1603,?,i8,
1769500993.4846876,RECEIVED,a09957df-a11c-4982-8c26-91ef974a02f1,d53cca54-f558-4656-a72b-5e3045c0521c,c1,DROP,440,x9,?,
1769500993.492634,RECEIVED,094b03fb-6763-4cfe-abd9-8366f322b7c2,0c404c4e-e8dd-4046-871e-28cc0bfe12dc,c2,c1,2472,p2,?,
1769500993.49872,RECEIVED,65741e10-8cde-4b9e-baac-76a7d5c8e894,d4f268b3-491f-4d11-8b76-ed86edf4f2af,c4,c3,2448,p1,?,
1769500993.7717311,RECEIVED,6ac27668-6c80-4cdd-b740-5924ef0d5818,6db1c2c2-f67c-4935-ba50-91e27204326b,c5,DROP,1447,p2,?,
1769500993.9570937,SENT,6ac27668-6c80-4cdd-b740-5924ef0d5818,6db1c2c2-f67c-4935-ba50-91e27204326b,c5,DROP,1012,?,i8,
1769500993.957132,FORWARDED,6ac27668-6c80-4cdd-b740-5924ef0d5818,6db1c2c2-f67c-4935-ba50-91e27204326b,c5,DROP,1012,?,i8,
1769500993.9620686,SENT,094b03fb-6763-4cfe-abd9-8366f322b7c2,0c404c4e-e8dd-4046-871e-28cc0bfe12dc,c2,c1,1780,?,i3,
1769500993.9621127,FORWARDED,094b03fb-6763-4cfe-abd9-8366f322b7c2,0c404c4e-e8dd-4046-871e-28cc0bfe12dc,c2,c1,1780,?,i3,
1769500994.0060625,RECEIVED,684e34fc-b85d-44ca-baf0-d8969879e1e7,ad289dd2-1fa3-4722-b228-df062c24b288,c2,c1,2447,p2,?,
1769500994.1335871,RECEIVED,1ca650cf-8cbd-40f8-a0c1-2d2b53be6ff6,112d878c-a041-4b5a-a7d5-281ad676f5e7,c2,DROP,1443,p2,?,
1769500994.234346,RECEIVED,41ef0b8b-1605-4235-af7b-156c338dda2a,ebd5a166-7ec2-48f3-b2e7-51db8a4eeea4,c5,DROP,1444,p2,?,
1769500994.3493156,RECEIVED,152356a2-1910-4af1-979b-897e5c4018cd,9b2ed100-568e-4f49-8b06-f0be79890341,c2,DROP,1448,p2,?,
1769500994.4326174,RECEIVED,c8ebec08-f29f-44f0-b435-0b8b2426e459,bf610caa-d37d-47f2-9727-35657acec0b2,c4,DROP,1440,p1,?,
1769500994.462799,SENT,41ef0b8b-1605-4235-af7b-156c338dda2a,ebd5a166-7ec2-48f3-b2e7-51db8a4eeea4,c5,DROP,1010,?,i2,
1769500994.462841,FORWARDED,41ef0b8b-1605-4235-af7b-156c338dda2a,ebd5a166-7ec2-48f3-b2e7-51db8a4eeea4,c5,DROP,1010,?,i2,
1769500994.5372925,SENT,c8ebec08-f29f-44f0-b435-0b8b2426e459,bf610caa-d37d-47f2-9727-35657acec0b2,c4,DROP,1008,?,i5,
1769500994.5373335,FORWARDED,c8ebec08-f29f-44f0-b435-0b8b2426e459,bf610caa-d37d-47f2-9727-35657acec0b2,c4,DROP,1008,?,i5,
1769500994.5801332,RECEIVED,b1f43026-f1b9-49fa-976d-c7bc56319e98,27cce02b-6b8f-4ac9-b739-4ef3138a305b,c1,c5,2459,p1,?,
1769500994.6167266,SENT,684e34fc-b85d-44ca-baf0-d8969879e1e7,ad289dd2-1fa3-4722-b228-df062c24b288,c2,c1,1764,?,i5,
1769500994.6167693,FORWARDED,684e34fc-b85d-44ca-baf0-d8969879e1e7,ad289dd2-1fa3-4722-b228-df062c24b288,c2,c1,1764,?,i5,
1769500994.7074237,SENT,b1f43026-f1b9-49fa-976d-c7bc56319e98,27cce02b-6b8f-4ac9-b739-4ef3138a305b,c1,c5,1771,?,i1,
1769500994.707466,FORWARDED,b1f43026-f1b9-49fa-976d-c7bc56319e98,27cce02b-6b8f-4ac9-b739-4ef3138a305b,c1,c5,1771,?,i1,
1769500994.7459533,SENT,65741e10-8cde-4b9e-baac-76a7d5c8e894,d4f268b3-491f-4d11-8b76-ed86edf4f2af,c4,c3,1763,?,i10,
1769500994.745997,FORWARDED,65741e10-8cde-4b9e-baac-76a7d5c8e894,d4f268b3-491f-4d11-8b76-ed86edf4f2af,c4,c3,1763,?,i10,
1769500994.775585,RECEIVED,c4d1f075-9ada-4725-bf3b-d61dae787448,0be63728-4ecc-49bf-a19d-321e155727f1,c4,None,2231,p1,?,
1769500994.871164,SENT,152356a2-1910-4af1-979b-897e5c4018cd,9b2ed100-568e-4f49-8b06-f0be79890341,c2,DROP,1012,?,i11,
1769500994.8712034,FORWARDED,152356a2-1910-4af1-979b-897e5c4018cd,9b2ed100-568e-4f49-8b06-f0be79890341,c2,DROP,1012,?,i11,
1769500994.9791367,RECEIVED,b9fc23be-a37b-4c15-b3cd-185334757b46,f414cb17-8f38-47be-af0a-ca530ae95467,c3,None,2236,p3,?,
1769500995.0029404,RECEIVED,a5823c26-607d-401a-ad81-a70956f6d02a,d1452fef-cd4b-4966-8d03-aa28e418eef5,c3,DROP,1440,p3,?,
1769500995.0494754,SENT,1ca650cf-8cbd-40f8-a0c1-2d2b53be6ff6,112d878c-a041-4b5a-a7d5-281ad676f5e7,c2,DROP,1011,?,i9,
1769500995.049516,FORWARDED,1ca650cf-8cbd-40f8-a0c1-2d2b53be6ff6,112d878c-a041-4b5a-a7d5-281ad676f5e7,c2,DROP,1011,?,i9,
1769500995.059284,SENT,1c412e66-626e-472a-a31a-4e86481d967f,af38c8b8-6f68-4757-b953-ec097ab21d8f,c4,DROP,1007,?,i12,
1769500995.059325,FORWARDED,1c412e66-626e-472a-a31a-4e86481d967f,af38c8b8-6f68-4757-b953-ec097ab21d8f,c4,DROP,1007,?,i12,
1769500995.1161027,SENT,b9fc23be-a37b-4c15-b3cd-185334757b46,f414cb17-8f38-47be-af0a-ca530ae95467,c3,None,1604,?,i3,
1769500995.116147,FORWARDED,b9fc23be-a37b-4c15-b3cd-185334757b46,f414cb17-8f38-47be-af0a-ca530ae95467,c3,None,1604,?,i3,
1769500995.1507246,RECEIVED,d34329d9-1644-435b-b565-78745fdddde1,9bf1c134-6d0b-4b04-9bb3-080ec9d2ebb9,c1,DROP,1441,p1,?,
1769500995.3225632,SENT,c4d1f075-9ada-4725-bf3b-d61dae787448,0be63728-4ecc-49bf-a19d-321e155727f1,c4,None,1600,?,i2,
1769500995.3226013,FORWARDED,c4d1f075-9ada-4725-bf3b-d61dae787448,0be63728-4ecc-49bf-a19d-321e155727f1,c4,None,1600,?,i2,
1769500995.4084864,SENT,a5823c26-607d-401a-ad81-a70956f6d02a,d1452fef-cd4b-4966-8d03-aa28e418eef5,c3,DROP,1007,?,i9,
1769500995.4085286,FORWARDED,a5823c26-607d-401a-ad81-a70956f6d02a,d1452fef-cd4b-4966-8d03-aa28e418eef5,c3,DROP,1007,?,i9,
1769500995.4227448,SENT,d34329d9-1644-435b-b565-78745fdddde1,9bf1c134-6d0b-4b04-9bb3-080ec9d2ebb9,c1,DROP,1007,?,i11,
1769500995.4227862,FORWARDED,d34329d9-1644-435b-b565-78745fdddde1,9bf1c134-6d0b-4b04-9bb3-080ec9d2ebb9,c1,DROP,1007,?,i11,
1769500995.5757294,RECEIVED,6e5fd2fc-b2db-4c66-a267-8560d2b1280a,8e21968c-355b-4692-ae0e-0d55cc5fe572,c2,None,2232,p2,?,
1769500995.60304,RECEIVED,8b4a98c7-fd54-4da5-a923-98dc6aa678b1,d3a9603f-745b-462e-b580-58f51b81988f,c2,DROP,1451,p2,?,
1769500995.6680646,RECEIVED,594c703d-5121-4a4c-abba-3e063d26f03b,b1d2ee2a-35e1-4d33-81e3-a605cda9669c,c3,DROP,1435,p3,?,
1769500995.6853294,RECEIVED,0521db25-200c-4bc7-8d73-fc6fc615be07,64c15ecc-a750-4241-8aa8-e72f93ff5b2a,c1,c5,2453,p1,?,
1769500995.8018074,SENT,0521db25-200c-4bc7-8d73-fc6fc615be07,64c15ecc-a750-4241-8aa8-e72f93ff5b2a,c1,c5,1767,?,i10,
1769500995.8018491,FORWARDED,0521db25-200c-4bc7-8d73-fc6fc615be07,64c15ecc-a750-4241-8aa8-e72f93ff5b2a,c1,c5,1767,?,i10,
1769500995.8826015,RECEIVED,6a23cdea-224f-41a4-8b2d-3049f015ea77,5574261b-332b-4e24-98ee-b2b9db1f96a0,c5,None,2244,p2,?,
1769500995.8975346,RECEIVED,73ff881f-8564-4ed8-9036-d41ba7c9f92f,a8d55f77-a05f-4e6d-b539-f8b5267445de,c5,None,2229,p2,?,
1769500995.956584,SENT,73ff881f-8564-4ed8-9036-d41ba7c9f92f,a8d55f77-a05f-4e6d-b539-f8b5267445de,c5,None,1598,?,i2,
1769500995.9566247,FORWARDED,73ff881f-8564-4ed8-9036-d41ba7c9f92f,a8d55f77-a05f-4e6d-b539-f8b5267445de,c5,None,1598,?,i2,
1769500995.9630346,SENT,6a23cdea-224f-41a4-8b2d-3049f015ea77,5574261b-332b-4e24-98ee-b2b9db1f96a0,c5,None,1609,?,i3,
1769500995.9630928,FORWARDED,6a23cdea-224f-41a4-8b2d-3049f015ea77,5574261b-332b-4e24-98ee-b2b9db1f96a0,c5,None,1609,?,i3,
1769500996.0091918,RECEIVED,e45fba2c-be98-4ff8-895a-5b17c71141c2,05b49610-57a3-4a8d-b271-9cde1928a5f5,c1,None,2235,p1,?,
1769500996.0165684,SENT,594c703d-5121-4a4c-abba-3e063d26f03b,b1d2ee2a-35e1-4d33-81e3-a605cda9669c,c3,DROP,1004,?,i2,
1769500996.0166907,FORWARDED,594c703d-5121-4a4c-abba-3e063d26f03b,b1d2ee2a-35e1-4d33-81e3-a605cda9669c,c3,DROP,1004,?,i2,
1769500996.0839412,RECEIVED,118a9439-882b-4177-beeb-dc99c2fcaf21,85f2c3ed-3305-4270-8c8d-13a93be93662,c2,DROP,1450,p2,?,
1769500996.0976624,RECEIVED,786c3384-62c4-4b2a-b715-1615f50ec678,0c565702-1277-489c-bcdf-2a95321822f1,c4,DROP,441,x8,?,
1769500996.136485,SENT,6e5fd2fc-b2db-4c66-a267-8560d2b1280a,8e21968c-355b-4692-ae0e-0d55cc5fe572,c2,None,1600,?,i10,
1769500996.1365237,FORWARDED,6e5fd2fc-b2db-4c66-a267-8560d2b1280a,8e21968c-355b-4692-ae0e-0d55cc5fe572,c2,None,1600,?,i10,
1769500996.1946836,RECEIVED,234ac424-a7cf-49db-96fe-7e1d9c79099a,fd581f66-9a5a-4e53-811c-0667656d9de3,c2,c1,2455,p2,?,
1769500996.309238,SENT,8b4a98c7-fd54-4da5-a923-98dc6aa678b1,d3a9603f-745b-462e-b580-58f51b81988f,c2,DROP,1017,?,i5,
1769500996.3092735,FORWARDED,8b4a98c7-fd54-4da5-a923-98dc6aa678b1,d3a9603f-745b-462e-b580-58f51b81988f,c2,DROP,1017,?,i5,
1769500996.3369553,RECEIVED,20172a45-075b-48ea-84af-9d658b41ac3b,aec71b6a-1645-49f9-8b33-2592d228aabe,c1,DROP,1440,p1,?,
1769500996.3838937,RECEIVED,1ba949ff-6b92-468d-9633-64cafed9a1ca,f458af86-a1b0-4bcc-b34a-52d7ce1e90a2,c2,DROP,1450,p2,?,
1769500996.433816,SENT,118a9439-882b-4177-beeb-dc99c2fcaf21,85f2c3ed-3305-4270-8c8d-13a93be93662,c2,DROP,1015,?,i4,
1769500996.4338577,FORWARDED,118a9439-882b-4177-beeb-dc99c2fcaf21,85f2c3ed-3305-4270-8c8d-13a93be93662,c2,DROP,1015,?,i4,
1769500996.449996,SENT,234ac424-a7cf-49db-96fe-7e1d9c79099a,fd581f66-9a5a-4e53-811c-0667656d9de3,c2,c1,1768,?,i4,
1769500996.4500382,FORWARDED,234ac424-a7cf-49db-96fe-7e1d9c79099a,fd581f66-9a5a-4e53-811c-0667656d9de3,c2,c1,1768,?,i4,
1769500996.4741569,RECEIVED,b362bd8b-736b-4f37-a12f-dc7a6dc07b29,62eccf07-47b9-46c0-8e99-46d8a7c19aa1,c4,c3,2451,p1,?,
1769500996.5245466,SENT,20172a45-075b-48ea-84af-9d658b41ac3b,aec71b6a-1645-49f9-8b33-2592d228aabe,c1,DROP,1006,?,i5,
1769500996.5245893,FORWARDED,20172a45-075b-48ea-84af-9d658b41ac3b,aec71b6a-1645-49f9-8b33-2592d228aabe,c1,DROP,1006,?,i5,
1769500996.64161,RECEIVED,609f6df0-a5af-4a22-bed0-6dfcd3c579c8,1501a812-21b0-4cac-be1a-b1e1a3d9920a,c5,DROP,1444,p2,?,
1769500996.7463076,SENT,b362bd8b-736b-4f37-a12f-dc7a6dc07b29,62eccf07-47b9-46c0-8e99-46d8a7c19aa1,c4,c3,1767,?,i2,
1769500996.7463522,FORWARDED,b362bd8b-736b-4f37-a12f-dc7a6dc07b29,62eccf07-47b9-46c0-8e99-46d8a7c19aa1,c4,c3,1767,?,i2,
1769500996.8190608,RECEIVED,0e403503-b5f2-4be1-b9f8-6e75d7ad3451,e3f63b2a-03a4-428c-a444-c83632ba1eb4,c5,DROP,1445,p2,?,
1769500996.8524234,SENT,0e403503-b5f2-4be1-b9f8-6e75d7ad3451,e3f63b2a-03a4-428c-a444-c83632ba1eb4,c5,DROP,1011,?,i10,
1769500996.8524697,FORWARDED,0e403503-b5f2-4be1-b9f8-6e75d7ad3451,e3f63b2a-03a4-428c-a444-c83632ba1eb4,c5,DROP,1011,?,i10,
1769500996.9239628,RECEIVED,deb6287d-075c-47b0-9895-665e7acc7dbf,28bf39d9-bc9f-418a-9d50-cf44f15909f9,c4,c3,2465,p1,?,
1769500997.0366595,SENT,deb6287d-075c-47b0-9895-665e7acc7dbf,28bf39d9-bc9f-418a-9d50-cf44f15909f9,c4,c3,1776,?,i12,
1769500997.0367029,FORWARDED,deb6287d-075c-47b0-9895-665e7acc7dbf,28bf39d9-bc9f-418a-9d50-cf44f15909f9,c4,c3,1776,?,i12,
1769500997.0818834,RECEIVED,a17d35d0-88f5-4485-9f7e-fca0dd145df4,8f7e5e39-81cb-4546-becb-c922532e32e2,c4,DROP,1456,p1,?,
1769500997.1270678,RECEIVED,0eef2da4-9929-4ef8-b020-fcc04067b6f0,2abd7272-ad8f-4dd6-8c1e-fc5c3b60fd06,c3,None,2222,p3,?,
1769500997.1584377,RECEIVED,9e9199a6-68c7-4a57-8f2b-abee0f230d48,1d8ecb3b-9605-4013-85ed-abd20f6eb4ed,c4,None,2232,p1,?,
1769500997.2112193,RECEIVED,3d29713d-9d7f-4800-9c31-aec224ca251e,0e477c0e-9dbe-407d-9e9f-6b8813b20ad0,c3,DROP,1440,p3,?,
1769500997.2339098,RECEIVED,179a0617-72f2-4a1f-93b5-a4f5e02a38e0,27794d2b-d684-4dc3-8630-4cb58b8c6d43,c3,DROP,1448,p3,?,
1769500997.2616458,SENT,1ba949ff-6b92-468d-9633-64cafed9a1ca,f458af86-a1b0-4bcc-b34a-52d7ce1e90a2,c2,DROP,1016,?,i3,
1769500997.2616873,FORWARDED,1ba949ff-6b92-468d-9633-64cafed9a1ca,f458af86-a1b0-4bcc-b34a-52d7ce1e90a2,c2,DROP,1016,?,i3,
1769500997.2749822,SENT,179a0617-72f2-4a1f-93b5-a4f5e02a38e0,27794d2b-d684-4dc3-8630-4cb58b8c6d43,c3,DROP,1013,?,i2,
1769500997.2750242,FORWARDED,179a0617-72f2-4a1f-93b5-a4f5e02a38e0,27794d2b-d684-4dc3-8630-4cb58b8c6d43,c3,DROP,1013,?,i2,
1769500997.312918,SENT,9e9199a6-68c7-4a57-8f2b-abee0f230d48,1d8ecb3b-9605-4013-85ed-abd20f6eb4ed,c4,None,1600,?,i8,
1769500997.3129714,FORWARDED,9e9199a6-68c7-4a57-8f2b-abee0f230d48,1d8ecb3b-9605-4013-85ed-abd20f6eb4ed,c4,None,1600,?,i8,
1769500997.3605628,RECEIVED,eedf46ed-df7b-4816-a9a5-2ada989741c9,6170ad6b-01ba-44d3-95f4-aee864e027a3,c4,DROP,1447,p1,?,
1769500997.384758,SENT,e45fba2c-be98-4ff8-895a-5b17c71141c2,05b49610-57a3-4a8d-b271-9cde1928a5f5,c1,None,1603,?,i5,
1769500997.384804,FORWARDED,e45fba2c-be98-4ff8-895a-5b17c71141c2,05b49610-57a3-4a8d-b271-9cde1928a5f5,c1,None,1603,?,i5,
1769500997.3887172,RECEIVED,0a3e12d6-ddc2-4b02-94c0-acaa046fd054,c0e4bd8a-c15e-4f51-a981-69f0daabdc56,c4,DROP,1439,p1,?,
1769500997.4799583,RECEIVED,e2b0c439-a51b-4147-a991-9a56c685cdf1,fd7a43bd-bc10-4558-b616-384a9f8488d7,c5,DROP,441,x8,?,
1769500997.5246558,SENT,3d29713d-9d7f-4800-9c31-aec224ca251e,0e477c0e-9dbe-407d-9e9f-6b8813b20ad0,c3,DROP,1008,?,i7,
1769500997.524698,FORWARDED,3d29713d-9d7f-4800-9c31-aec224ca251e,0e477c0e-9dbe-407d-9e9f-6b8813b20ad0,c3,DROP,1008,?,i7,
1769500997.534474,RECEIVED,496ae330-f4ad-4de6-9112-c042e18d8159,c097383b-6e9d-4bd8-8d9e-a5ac2c26b5b2,c2,DROP,1439,p2,?,
1769500997.5356727,SENT,eedf46ed-df7b-4816-a9a5-2ada989741c9,6170ad6b-01ba-44d3-95f4-aee864e027a3,c4,DROP,1013,?,i1,
1769500997.535712,FORWARDED,eedf46ed-df7b-4816-a9a5-2ada989741c9,6170ad6b-01ba-44d3-95f4-aee864e027a3,c4,DROP,1013,?,i1,
1769500997.576173,SENT,a17d35d0-88f5-4485-9f7e-fca0dd145df4,8f7e5e39-81cb-4546-becb-c922532e32e2,c4,DROP,1020,?,i12,
1769500997.5762067,FORWARDED,a17d35d0-88f5-4485-9f7e-fca0dd145df4,8f7e5e39-81cb-4546-becb-c922532e32e2,c4,DROP,1020,?,i12,
1769500997.5777862,RECEIVED,4545861e-02c4-4090-8513-be284b21c007,30d24e8e-2021-405f-9aae-413c67be9737,c3,None,2224,p3,?,
1769500997.593438,RECEIVED,0cc41a9e-d55b-49b6-b9d4-d6cd184abebc,fcbd1797-294b-4048-855f-917c993c7de8,c1,DROP,1443,p1,?,
1769500997.6168349,SENT,4545861e-02c4-4090-8513-be284b21c007,30d24e8e-2021-405f-9aae-413c67be9737,c3,None,1596,?,i9,
1769500997.6168783,FORWARDED,4545861e-02c4-4090-8513-be284b21c007,30d24e8e-2021-405f-9aae-413c67be9737,c3,None,1596,?,i9,
1769500997.6194756,SENT,0eef2da4-9929-4ef8-b020-fcc04067b6f0,2abd7272-ad8f-4dd6-8c1e-fc5c3b60fd06,c3,None,1595,?,i8,
1769500997.6195166,FORWARDED,0eef2da4-9929-4ef8-b020-fcc04067b6f0,2abd7272-ad8f-4dd6-8c1e-fc5c3b60fd06,c3,None,1595,?,i8,
1769500997.7272184,RECEIVED,ed316cdd-8b09-491f-bbd7-6e261657faa2,cdf43e86-351a-4134-b500-1e0ac383e5ca,c1,None,2227,p1,?,
1769500997.804692,SENT,0cc41a9e-d55b-49b6-b9d4-d6cd184abebc,fcbd1797-294b-4048-855f-917c993c7de8,c1,DROP,1011,?,i7,
1769500997.8047345,FORWARDED,0cc41a9e-d55b-49b6-b9d4-d6cd184abebc,fcbd1797-294b-4048-855f-917c993c7de8,c1,DROP,1011,?,i7,
1769500997.8061786,RECEIVED,725f744a-5887-4cc3-864a-4e0bb8b45d2e,6e4d91e8-754f-405f-b151-ac118b303c97,c3,DROP,442,x9,?,
1769500997.8433874,SENT,0a3e12d6-ddc2-4b02-94c0-acaa046fd054,c0e4bd8a-c15e-4f51-a981-69f0daabdc56,c4,DROP,1007,?,i8,
1769500997.8434281,FORWARDED,0a3e12d6-ddc2-4b02-94c0-acaa046fd054,c0e4bd8a-c15e-4f51-a981-69f0daabdc56,c4,DROP,1007,?,i8,
1769500998.4353383,RECEIVED,761a408d-a183-4c2c-a3b4-993c45e11944,ba53d5cb-2a0a-4a47-b543-ea95e81a7bd4,c3,DROP,1444,p3,?,
1769500998.4960785,RECEIVED,f8ce85b5-b9c9-427f-bb3c-cf2e08ecc3d4,ac153bc6-6859-4507-8e50-c57cf3086244,c3,DROP,1451,p3,?,
1769500998.5632117,SENT,609f6df0-a5af-4a22-bed0-6dfcd3c579c8,1501a812-21b0-4cac-be1a-b1e1a3d9920a,c5,DROP,1010,?,i11,
1769500998.563254,FORWARDED,609f6df0-a5af-4a22-bed0-6dfcd3c579c8,1501a812-21b0-4cac-be1a-b1e1a3d9920a,c5,DROP,1010,?,i11,
1769500998.6299791,SENT,761a408d-a183-4c2c-a3b4-993c45e11944,ba53d5cb-2a0a-4a47-b543-ea95e81a7bd4,c3,DROP,1010,?,i9,
1769500998.6300273,FORWARDED,761a408d-a183-4c2c-a3b4-993c45e11944,ba53d5cb-2a0a-4a47-b543-ea95e81a7bd4,c3,DROP,1010,?,i9,
1769500998.6787846,SENT,496ae330-f4ad-4de6-9112-c042e18d8159,c097383b-6e9d-4bd8-8d9e-a5ac2c26b5b2,c2,DROP,1007,?,i9,
1769500998.678826,FORWARDED,496ae330-f4ad-4de6-9112-c042e18d8159,c097383b-6e9d-4bd8-8d9e-a5ac2c26b5b2,c2,DROP,1007,?,i9,
1769500998.6979911,RECEIVED,19e28ea2-1f17-4460-a562-d0e5e4e2b20a,0448ed57-4065-465a-80eb-404c09d0492d,c5,DROP,1447,p2,?,
1769500998.8556452,RECEIVED,9bce42e6-0a6b-4c0a-8fe6-314ec8baddf9,717968b3-2b7e-4f50-8435-83997c06b232,c2,DROP,1451,p2,?,
1769500998.8971357,SENT,ed316cdd-8b09-491f-bbd7-6e261657faa2,cdf43e86-351a-4134-b500-1e0ac383e5ca,c1,None,1597,?,i8,
1769500998.8971796,FORWARDED,ed316cdd-8b09-491f-bbd7-6e261657faa2,cdf43e86-351a-4134-b500-1e0ac383e5ca,c1,None,1597,?,i8,
1769500998.99339,SENT,f8ce85b5-b9c9-427f-bb3c-cf2e08ecc3d4,ac153bc6-6859-4507-8e50-c57cf3086244,c3,DROP,1017,?,i7,
1769500998.9934733,FORWARDED,f8ce85b5-b9c9-427f-bb3c-cf2e08ecc3d4,ac153bc6-6859-4507-8e50-c57cf3086244,c3,DROP,1017,?,i7,
1769500999.037671,RECEIVED,c2c75bd8-cdd8-4021-b9fc-0710d91d2666,01dc6fcf-dc02-4b7b-9d78-278c8de82b29,c5,DROP,1453,p2,?,
1769500999.057298,SENT,19e28ea2-1f17-4460-a562-d0e5e4e2b20a,0448ed57-4065-465a-80eb-404c09d0492d,c5,DROP,1012,?,i6,
1769500999.0573456,FORWARDED,19e28ea2-1f17-4460-a562-d0e5e4e2b20a,0448ed57-4065-465a-80eb-404c09d0492d,c5,DROP,1012,?,i6,
1769500999.2156909,RECEIVED,c3bdc65c-f747-4034-8ac8-2f45c96b238e,40f377bd-235d-4e93-bc46-4cf0ba11b071,c2,DROP,1440,p2,?,
1769500999.2715487,RECEIVED,8e18057d-afa4-4814-a8a7-f8762badca79,0c2ca362-5737-476a-ad67-e0421373059b,c5,DROP,1456,p2,?,
1769500999.2961695,RECEIVED,e9a301f8-09bc-4995-8fc3-5b8734515226,5c2beb12-6174-4f9e-9913-f78ab92a6a70,c3,c4,2457,p3,?,
1769500999.3107016,RECEIVED,2641b350-d3e8-4a30-9b9a-61f1bed8d600,0ad183e4-5826-474f-958f-4fe15a9613ab,c1,DROP,1459,p1,?,
1769500999.34421,RECEIVED,392077fb-b7db-4dec-915e-7560569cc465,91e895d1-2a6b-4569-9b3e-63e7ec571836,c4,DROP,1444,p1,?,
1769500999.3612611,SENT,e9a301f8-09bc-4995-8fc3-5b8734515226,5c2beb12-6174-4f9e-9913-f78ab92a6a70,c3,c4,1768,?,i10,
1769500999.3613029,FORWARDED,e9a301f8-09bc-4995-8fc3-5b8734515226,5c2beb12-6174-4f9e-9913-f78ab92a6a70,c3,c4,1768,?,i10,
1769500999.4731889,SENT,c2c75bd8-cdd8-4021-b9fc-0710d91d2666,01dc6fcf-dc02-4b7b-9d78-278c8de82b29,c5,DROP,1016,?,i12,
1769500999.4732301,FORWARDED,c2c75bd8-cdd8-4021-b9fc-0710d91d2666,01dc6fcf-dc02-4b7b-9d78-278c8de82b29,c5,DROP,1016,?,i12,
1769500999.486095,SENT,9bce42e6-0a6b-4c0a-8fe6-314ec8baddf9,717968b3-2b7e-4f50-8435-83997c06b232,c2,DROP,1016,?,i4,
1769500999.4861727,FORWARDED,9bce42e6-0a6b-4c0a-8fe6-314ec8baddf9,717968b3-2b7e-4f50-8435-83997c06b232,c2,DROP,1016,?,i4,
1769500999.5196764,RECEIVED,08bfaa3d-e239-47cd-981b-09edb312209e,e39047a7-d944-41cb-901d-35329c70a237,c2,None,2223,p2,?,
1769500999.5217366,SENT,c3bdc65c-f747-4034-8ac8-2f45c96b238e,40f377bd-235d-4e93-bc46-4cf0ba11b071,c2,DROP,1006,?,i1,
1769500999.5217733,FORWARDED,c3bdc65c-f747-4034-8ac8-2f45c96b238e,40f377bd-235d-4e93-bc46-4cf0ba11b071,c2,DROP,1006,?,i1,
1769500999.7049222,SENT,08bfaa3d-e239-47cd-981b-09edb312209e,e39047a7-d944-41cb-901d-35329c70a237,c2,None,1596,?,i1,
1769500999.7049637,FORWARDED,08bfaa3d-e239-47cd-981b-09edb312209e,e39047a7-d944-41cb-901d-35329c70a237,c2,None,1596,?,i1,
1769500999.9592893,SENT,2641b350-d3e8-4a30-9b9a-61f1bed8d600,0ad183e4-5826-474f-958f-4fe15a9613ab,c1,DROP,1021,?,i10,
1769500999.9593306,FORWARDED,2641b350-d3e8-4a30-9b9a-61f1bed8d600,0ad183e4-5826-474f-958f-4fe15a9613ab,c1,DROP,1021,?,i10,
1769500999.972639,RECEIVED,9e251cca-2ecc-4ce7-958a-88d111512158,1914381b-1472-4bc6-a33e-a9c0b632f6fd,c5,DROP,1447,p2,?,
1769501000.0303407,SENT,392077fb-b7db-4dec-915e-7560569cc465,91e895d1-2a6b-4569-9b3e-63e7ec571836,c4,DROP,1011,?,i11,
1769501000.0305047,FORWARDED,392077fb-b7db-4dec-915e-7560569cc465,91e895d1-2a6b-4569-9b3e-63e7ec571836,c4,DROP,1011,?,i11,
1769501000.2648857,RECEIVED,95097ee6-92c5-42e0-8f4b-2fc56e86a17a,9071f8d6-18e3-416a-937e-e0eb652fe080,c3,DROP,1452,p3,?,
1769501000.3082576,RECEIVED,d0dad71a-e3aa-4e65-abb5-89a10cf16519,fa6d0fa1-944a-480a-b131-4dbebfa1e722,c4,c3,2463,p1,?,
1769501000.3331945,SENT,95097ee6-92c5-42e0-8f4b-2fc56e86a17a,9071f8d6-18e3-416a-937e-e0eb652fe080,c3,DROP,1016,?,i1,
1769501000.3332355,FORWARDED,95097ee6-92c5-42e0-8f4b-2fc56e86a17a,9071f8d6-18e3-416a-937e-e0eb652fe080,c3,DROP,1016,?,i1,
1769501000.5659022,RECEIVED,c2176726-55ed-45a1-9c1e-3d25ab62a163,b6c43358-a477-474a-9f42-0d8b2ef4d3a7,c1,DROP,1451,p1,?,
1769501000.778065,SENT,9e251cca-2ecc-4ce7-958a-88d111512158,1914381b-1472-4bc6-a33e-a9c0b632f6fd,c5,DROP,1014,?,i7,
1769501000.778118,FORWARDED,9e251cca-2ecc-4ce7-958a-88d111512158,1914381b-1472-4bc6-a33e-a9c0b632f6fd,c5,DROP,1014,?,i7,
1769501000.8823195,RECEIVED,983fd7a4-af6e-4e2e-960f-b27c78a3c4f2,a6dbe23d-df4a-4684-9b6c-c436bd4653b4,c4,DROP,1440,p1,?,
1769501000.9839017,SENT,983fd7a4-af6e-4e2e-960f-b27c78a3c4f2,a6dbe23d-df4a-4684-9b6c-c436bd4653b4,c4,DROP,1006,?,i6,
1769501000.983946,FORWARDED,983fd7a4-af6e-4e2e-960f-b27c78a3c4f2,a6dbe23d-df4a-4684-9b6c-c436bd4653b4,c4,DROP,1006,?,i6,
1769501000.9994526,RECEIVED,de1058f4-25a7-4594-8b5e-1b8667218c30,b1f65df1-cd44-46af-9f6e-908323d8f46b,c1,None,2232,p1,?,
1769501001.128098,RECEIVED,1cb9a570-5179-43bf-a8ed-0f41b5490dae,c70b6436-8f66-4321-96c1-09468e49f3de,c1,DROP,1444,p1,?,
1769501001.1854296,SENT,1cb9a570-5179-43bf-a8ed-0f41b5490dae,c70b6436-8f66-4321-96c1-09468e49f3de,c1,DROP,1009,?,i2,
1769501001.1854744,FORWARDED,1cb9a570-5179-43bf-a8ed-0f41b5490dae,c70b6436-8f66-4321-96c1-09468e49f3de,c1,DROP,1009,?,i2,
1769501001.2628357,SENT,c2176726-55ed-45a1-9c1e-3d25ab62a163,b6c43358-a477-474a-9f42-0d8b2ef4d3a7,c1,DROP,1016,?,i5,
1769501001.2628744,FORWARDED,c2176726-55ed-45a1-9c1e-3d25ab62a163,b6c43358-a477-474a-9f42-0d8b2ef4d3a7,c1,DROP,1016,?,i5,
1769501001.2705019,SENT,de1058f4-25a7-4594-8b5e-1b8667218c30,b1f65df1-cd44-46af-9f6e-908323d8f46b,c1,None,1600,?,i5,
1769501001.2705464,FORWARDED,de1058f4-25a7-4594-8b5e-1b8667218c30,b1f65df1-cd44-46af-9f6e-908323d8f46b,c1,None,1600,?,i5,
1769501001.288825,RECEIVED,ad4098d0-097d-4280-9c46-8fee420ca12e,4cd401a8-ddc7-4757-b442-e8e03369edea,c3,DROP,441,x1,?,
1769501001.371307,SENT,d0dad71a-e3aa-4e65-abb5-89a10cf16519,fa6d0fa1-944a-480a-b131-4dbebfa1e722,c4,c3,1775,?,i3,
1769501001.3713446,FORWARDED,d0dad71a-e3aa-4e65-abb5-89a10cf16519,fa6d0fa1-944a-480a-b131-4dbebfa1e722,c4,c3,1775,?,i3,
1769501001.3867106,RECEIVED,3eff29bb-41a6-45f8-8dd4-02c1ac874205,a4f3d8d9-6d47-4a99-a157-a203b1d7dace,c2,DROP,1443,p2,?,
1769501001.4058511,RECEIVED,9b99e978-0859-4908-8b24-abca798b44aa,74d46ac5-038f-428f-bf2a-bcc4e982b0d7,c2,DROP,1448,p2,?,
1769501001.4636548,RECEIVED,7d1ae98e-7694-45e8-ae2a-04213e140359,1f01c25e-badc-497b-91f8-3f38f1b7dbf2,c5,DROP,1447,p2,?,
1769501001.503312,RECEIVED,8c63fdbd-cafa-46ab-872a-995ad89830bb,b121bd22-c316-4c39-bac1-cd823d865b06,c3,DROP,442,x4,?,
1769501001.5200825,SENT,9b99e978-0859-4908-8b24-abca798b44aa,74d46ac5-038f-428f-bf2a-bcc4e982b0d7,c2,DROP,1013,?,i8,
1769501001.5201395,FORWARDED,9b99e978-0859-4908-8b24-abca798b44aa,74d46ac5-038f-428f-bf2a-bcc4e982b0d7,c2,DROP,1013,?,i8,
1769501001.5232635,RECEIVED,3348ed94-43d9-47bf-880b-2257cc4f5731,aaea34b3-93b5-4336-b0f4-f53297431365,c3,None,2249,p3,?,
1769501001.584536,RECEIVED,3225be9c-0024-4964-bf12-0f4cc0ac07a1,19b16a66-89da-4e22-a2a5-9481c6e3c272,c3,DROP,1444,p3,?,
1769501001.6011539,SENT,3348ed94-43d9-47bf-880b-2257cc4f5731,aaea34b3-93b5-4336-b0f4-f53297431365,c3,None,1612,?,i11,
1769501001.601194,FORWARDED,3348ed94-43d9-47bf-880b-2257cc4f5731,aaea34b3-93b5-4336-b0f4-f53297431365,c3,None,1612,?,i11,
1769501001.6427515,SENT,3eff29bb-41a6-45f8-8dd4-02c1ac874205,a4f3d8d9-6d47-4a99-a157-a203b1d7dace,c2,DROP,1009,?,i3,
1769501001.6427927,FORWARDED,3eff29bb-41a6-45f8-8dd4-02c1ac874205,a4f3d8d9-6d47-4a99-a157-a203b1d7dace,c2,DROP,1009,?,i3,
1769501001.649246,RECEIVED,8a8034af-6510-4857-9ae7-33fc86c257e9,8a48421f-3b03-44da-92c7-33e804ea059d,c3,DROP,1443,p3,?,
1769501001.6706185,SENT,3225be9c-0024-4964-bf12-0f4cc0ac07a1,19b16a66-89da-4e22-a2a5-9481c6e3c272,c3,DROP,1009,?,i8,
1769501001.6706622,FORWARDED,3225be9c-0024-4964-bf12-0f4cc0ac07a1,19b16a66-89da-4e22-a2a5-9481c6e3c272,c3,DROP,1009,?,i8,
1769501001.8284059,SENT,8e18057d-afa4-4814-a8a7-f8762badca79,0c2ca362-5737-476a-ad67-e0421373059b,c5,DROP,1020,?,i12,
1769501001.8284552,FORWARDED,8e18057d-afa4-4814-a8a7-f8762badca79,0c2ca362-5737-476a-ad67-e0421373059b,c5,DROP,1020,?,i12,
1769501001.9472306,RECEIVED,a0653fda-3ff3-43d7-b027-efc74cff8149,a880c6fa-4da6-44c4-805b-930eea7041c6,c1,DROP,1440,p1,?,
1769501001.9720588,SENT,8a8034af-6510-4857-9ae7-33fc86c257e9,8a48421f-3b03-44da-92c7-33e804ea059d,c3,DROP,1009,?,i2,
1769501001.972105,FORWARDED,8a8034af-6510-4857-9ae7-33fc86c257e9,8a48421f-3b03-44da-92c7-33e804ea059d,c3,DROP,1009,?,i2,
1769501001.9776204,RECEIVED,260e391c-9922-4f71-a596-fdc1de802209,3dfa2153-6007-4cb7-83ef-3c00c74705c4,c5,DROP,1440,p2,?,
1769501002.0781007,SENT,260e391c-9922-4f71-a596-fdc1de802209,3dfa2153-6007-4cb7-83ef-3c00c74705c4,c5,DROP,1008,?,i2,
1769501002.0781426,FORWARDED,260e391c-9922-4f71-a596-fdc1de802209,3dfa2153-6007-4cb7-83ef-3c00c74705c4,c5,DROP,1008,?,i2,
1769501002.1233788,RECEIVED,9d4dad06-a8c1-425a-a686-04eb56e870f8,295c00df-4d78-4fd9-970a-022949ede60e,c3,c4,2455,p3,?,
1769501002.163712,RECEIVED,693d22a3-aafe-4d2b-b63c-cf257c1366dc,2a82a4d0-084c-4696-9572-f984ba4e00fc,c2,DROP,1444,p2,?,
1769501002.1799302,RECEIVED,c362ea8e-1867-41bd-b048-8de6fb40458b,be4a7178-20e5-4092-b85b-e1d040e15a22,c3,DROP,1447,p3,?,
1769501002.280585,SENT,c362ea8e-1867-41bd-b048-8de6fb40458b,be4a7178-20e5-4092-b85b-e1d040e15a22,c3,DROP,1012,?,i9,
1769501002.2806273,FORWARDED,c362ea8e-1867-41bd-b048-8de6fb40458b,be4a7178-20e5-4092-b85b-e1d040e15a22,c3,DROP,1012,?,i9,
1769501002.2924097,SENT,9d4dad06-a8c1-425a-a686-04eb56e870f8,295c00df-4d78-4fd9-970a-022949ede60e,c3,c4,1768,?,i7,
1769501002.2925265,FORWARDED,9d4dad06-a8c1-425a-a686-04eb56e870f8,295c00df-4d78-4fd9-970a-022949ede60e,c3,c4,1768,?,i7,
1769501002.308932,SENT,7d1ae98e-7694-45e8-ae2a-04213e140359,1f01c25e-badc-497b-91f8-3f38f1b7dbf2,c5,DROP,1012,?,i4,
1769501002.3089728,FORWARDED,7d1ae98e-7694-45e8-ae2a-04213e140359,1f01c25e-badc-497b-91f8-3f38f1b7dbf2,c5,DROP,1012,?,i4,
1769501002.3743556,RECEIVED,021a8473-4d62-4696-9fb6-1e770c4afd8b,417e6956-78a4-4761-9b7c-d8b31acd91c2,c5,DROP,1443,p2,?,
1769501002.5097399,SENT,693d22a3-aafe-4d2b-b63c-cf257c1366dc,2a82a4d0-084c-4696-9572-f984ba4e00fc,c2,DROP,1011,?,i9,
1769501002.5097766,FORWARDED,693d22a3-aafe-4d2b-b63c-cf257c1366dc,2a82a4d0-084c-4696-9572-f984ba4e00fc,c2,DROP,1011,?,i9,
1769501002.5566373,SENT,a0653fda-3ff3-43d7-b027-efc74cff8149,a880c6fa-4da6-44c4-805b-930eea7041c6,c1,DROP,1007,?,i11,
1769501002.5566766,FORWARDED,a0653fda-3ff3-43d7-b027-efc74cff8149,a880c6fa-4da6-44c4-805b-930eea7041c6,c1,DROP,1007,?,i11,
1769501002.7666495,RECEIVED,9a2cd0f8-6c63-4b79-ae9b-7a685c80b8b5,94f218a6-159b-4927-88ae-755a661336cd,c2,c1,2459,p2,?,
1769501002.9702697,RECEIVED,7be1861d-5dc8-48bb-bbb5-34ed484b4f64,cd631e61-dd12-47c2-8f47-25981108a897,c5,DROP,1460,p2,?,
1769501003.0458875,RECEIVED,5aa08262-5bfd-4cf0-acac-ff8d5db9bf64,34b3f500-0452-4061-8420-81b017e833a9,c1,DROP,1442,p1,?,
1769501003.0867565,SENT,5aa08262-5bfd-4cf0-acac-ff8d5db9bf64,34b3f500-0452-4061-8420-81b017e833a9,c1,DROP,1008,?,i11,
1769501003.086796,FORWARDED,5aa08262-5bfd-4cf0-acac-ff8d5db9bf64,34b3f500-0452-4061-8420-81b017e833a9,c1,DROP,1008,?,i11,
1769501003.0885758,SENT,7be1861d-5dc8-48bb-bbb5-34ed484b4f64,cd631e61-dd12-47c2-8f47-25981108a897,c5,DROP,1021,?,i1,
1769501003.0886176,FORWARDED,7be1861d-5dc8-48bb-bbb5-34ed484b4f64,cd631e61-dd12-47c2-8f47-25981108a897,c5,DROP,1021,?,i1,
1769501003.3359537,SENT,9a2cd0f8-6c63-4b79-ae9b-7a685c80b8b5,94f218a6-159b-4927-88ae-755a661336cd,c2,c1,1772,?,i4,
1769501003.3359952,FORWARDED,9a2cd0f8-6c63-4b79-ae9b-7a685c80b8b5,94f218a6-159b-4927-88ae-755a661336cd,c2,c1,1772,?,i4,
1769501003.3651676,SENT,021a8473-4d62-4696-9fb6-1e770c4afd8b,417e6956-78a4-4761-9b7c-d8b31acd91c2,c5,DROP,1011,?,i4,
1769501003.36521,FORWARDED,021a8473-4d62-4696-9fb6-1e770c4afd8b,417e6956-78a4-4761-9b7c-d8b31acd91c2,c5,DROP,1011,?,i4,
1769501003.4595897,RECEIVED,0938a3bd-b8ce-4d5a-b8dd-1e298356dd90,6033876a-710b-478d-a8c8-6933a890f585,c2,DROP,441,x1,?,
1769501003.5447252,RECEIVED,fd9330c5-46ea-4505-a5fb-638f5c442f84,4fc3b72e-a06a-4aa0-88d0-4725850d3235,c5,DROP,1445,p2,?,
1769501003.5757759,SENT,fd9330c5-46ea-4505-a5fb-638f5c442f84,4fc3b72e-a06a-4aa0-88d0-4725850d3235,c5,DROP,1011,?,i1,
1769501003.5758164,FORWARDED,fd9330c5-46ea-4505-a5fb-638f5c442f84,4fc3b72e-a06a-4aa0-88d0-4725850d3235,c5,DROP,1011,?,i1,
1769501003.6003063,RECEIVED,6b5af72a-52d6-49a4-be56-a61ef6822974,608be710-93ea-4bd7-9a1c-548ffaad7e4c,c1,DROP,1456,p1,?,
1769501003.6012523,RECEIVED,e5095ab0-793e-4c37-83e6-4180043f32f0,30c89175-40c3-4189-a6d0-a8463a0d0c1e,c2,None,2237,p2,?,
1769501003.7307286,SENT,e5095ab0-793e-4c37-83e6-4180043f32f0,30c89175-40c3-4189-a6d0-a8463a0d0c1e,c2,None,1603,?,i11,
1769501003.7307734,FORWARDED,e5095ab0-793e-4c37-83e6-4180043f32f0,30c89175-40c3-4189-a6d0-a8463a0d0c1e,c2,None,1603,?,i11,
1769501003.9419062,RECEIVED,ead3ea40-550e-4b6e-88b4-40fd1729f746,52d6ae92-4cf3-43da-b6d9-5be4f0d52f17,c4,c3,2447,p1,?,
1769501003.9772012,RECEIVED,4ca300e8-9107-4f26-be50-0c0ab6ae98c8,3e159dbc-1166-4272-9da9-7d1308f01425,c5,DROP,1447,p2,?,
1769501003.9890738,RECEIVED,0eb9dbb0-3ef8-4253-ba5e-afec7644e475,1b47d621-a105-442a-b1cf-a2428208179c,c4,c3,2463,p1,?,
1769501004.0443146,RECEIVED,1fc83411-58ee-444a-97fa-704338c83fd2,a309ccf7-892a-4773-839a-2477e21d241e,c1,DROP,441,x6,?,
1769501004.0639246,SENT,6b5af72a-52d6-49a4-be56-a61ef6822974,608be710-93ea-4bd7-9a1c-548ffaad7e4c,c1,DROP,1019,?,i11,
1769501004.0639658,FORWARDED,6b5af72a-52d6-49a4-be56-a61ef6822974,608be710-93ea-4bd7-9a1c-548ffaad7e4c,c1,DROP,1019,?,i11,
1769501004.0958133,RECEIVED,c0f1ece3-f79d-43d7-b6c4-653168406226,5952ce41-3427-48f1-948b-cd8ff8e255af,c5,DROP,1439,p2,?,
1769501004.1318407,RECEIVED,753568fb-a6d2-4814-9a48-6f420077e242,8a91c749-0734-40dd-adcb-1b4b16eb3fcd,c1,DROP,1449,p1,?,
1769501004.162173,RECEIVED,647c5f4c-e261-4d9c-8dd9-1e297b14f405,0c4826da-741f-4dcd-96f9-9c6b83ce085a,c2,DROP,1440,p2,?,
1769501004.266459,RECEIVED,c2cfff1d-e9c7-449c-bdec-db4494f2007c,e69cb7cd-83ca-4fe6-8913-052c39fa8ddf,c2,DROP,1449,p2,?,
1769501004.3691263,SENT,c2cfff1d-e9c7-449c-bdec-db4494f2007c,e69cb7cd-83ca-4fe6-8913-052c39fa8ddf,c2,DROP,1012,?,i9,
1769501004.3691719,FORWARDED,c2cfff1d-e9c7-449c-bdec-db4494f2007c,e69cb7cd-83ca-4fe6-8913-052c39fa8ddf,c2,DROP,1012,?,i9,
1769501004.3845532,SENT,c0f1ece3-f79d-43d7-b6c4-653168406226,5952ce41-3427-48f1-948b-cd8ff8e255af,c5,DROP,1008,?,i2,
1769501004.384597,FORWARDED,c0f1ece3-f79d-43d7-b6c4-653168406226,5952ce41-3427-48f1-948b-cd8ff8e255af,c5,DROP,1008,?,i2,
1769501004.5212655,SENT,4ca300e8-9107-4f26-be50-0c0ab6ae98c8,3e159dbc-1166-4272-9da9-7d1308f01425,c5,DROP,1012,?,i3,
1769501004.5213082,FORWARDED,4ca300e8-9107-4f26-be50-0c0ab6ae98c8,3e159dbc-1166-4272-9da9-7d1308f01425,c5,DROP,1012,?,i3,
1769501004.54281,RECEIVED,aace86c3-1b17-4895-bcc5-2cd35b1ba787,b9ad2048-b140-4065-8d6c-cd46a60d165e,c2,None,2241,p2,?,
1769501004.6184852,SENT,aace86c3-1b17-4895-bcc5-2cd35b1ba787,b9ad2048-b140-4065-8d6c-cd46a60d165e,c2,None,1608,?,i11,
1769501004.6185257,FORWARDED,aace86c3-1b17-4895-bcc5-2cd35b1ba787,b9ad2048-b140-4065-8d6c-cd46a60d165e,c2,None,1608,?,i11,
1769501004.621618,SENT,0eb9dbb0-3ef8-4253-ba5e-afec7644e475,1b47d621-a105-442a-b1cf-a2428208179c,c4,c3,1776,?,i6,
1769501004.6216583,FORWARDED,0eb9dbb0-3ef8-4253-ba5e-afec7644e475,1b47d621-a105-442a-b1cf-a2428208179c,c4,c3,1776,?,i6,
1769501004.6237082,SENT,753568fb-a6d2-4814-9a48-6f420077e242,8a91c749-0734-40dd-adcb-1b4b16eb3fcd,c1,DROP,1012,?,i12,
1769501004.623747,FORWARDED,753568fb-a6d2-4814-9a48-6f420077e242,8a91c749-0734-40dd-adcb-1b4b16eb3fcd,c1,DROP,1012,?,i12,
1769501004.681013,SENT,647c5f4c-e261-4d9c-8dd9-1e297b14f405,0c4826da-741f-4dcd-96f9-9c6b83ce085a,c2,DROP,1008,?,i12,
1769501004.6810648,FORWARDED,647c5f4c-e261-4d9c-8dd9-1e297b14f405,0c4826da-741f-4dcd-96f9-9c6b83ce085a,c2,DROP,1008,?,i12,
1769501004.8219757,SENT,ead3ea40-550e-4b6e-88b4-40fd1729f746,52d6ae92-4cf3-43da-b6d9-5be4f0d52f17,c4,c3,1764,?,i3,
1769501004.822014,FORWARDED,ead3ea40-550e-4b6e-88b4-40fd1729f746,52d6ae92-4cf3-43da-b6d9-5be4f0d52f17,c4,c3,1764,?,i3,
1769501004.9040284,RECEIVED,807d0626-ba30-42ff-9556-9fb79c92f64a,759a2475-4f96-4aac-9a90-f5c3239637f1,c5,DROP,1440,p2,?,
1769501005.1734958,RECEIVED,277f99f8-68f1-4eda-be70-a6338cc5f152,6674dbec-8036-4b13-b0ee-a0e99d872f21,c2,DROP,1440,p2,?,
1769501005.190187,RECEIVED,73c0d876-c8b1-4b42-8e4c-55b5f16c931d,26f055b2-171b-4c2e-96ab-dee5154965e9,c5,DROP,1459,p2,?,
1769501005.2989113,SENT,807d0626-ba30-42ff-9556-9fb79c92f64a,759a2475-4f96-4aac-9a90-f5c3239637f1,c5,DROP,1008,?,i9,
1769501005.2989619,FORWARDED,807d0626-ba30-42ff-9556-9fb79c92f64a,759a2475-4f96-4aac-9a90-f5c3239637f1,c5,DROP,1008,?,i9,
1769501005.3745756,RECEIVED,8f940241-0348-4cc9-a6c7-63abc1841245,0a88c4c8-62ac-4721-bdb7-26fd2011f7f0,c3,c4,2459,p3,?,
1769501005.4474204,RECEIVED,d4a81005-d60f-43c0-ada2-c39424bfad80,61070676-4274-4cac-9169-1a7a0def2b6c,c4,DROP,1460,p1,?,
1769501005.5285282,RECEIVED,200610f5-b395-4266-bba0-25356a30cb3f,57a12b64-ccf1-4785-911c-41dff3b1fb9d,c5,DROP,1457,p2,?,
1769501005.6008217,SENT,200610f5-b395-4266-bba0-25356a30cb3f,57a12b64-ccf1-4785-911c-41dff3b1fb9d,c5,DROP,1020,?,i12,
1769501005.6008644,FORWARDED,200610f5-b395-4266-bba0-25356a30cb3f,57a12b64-ccf1-4785-911c-41dff3b1fb9d,c5,DROP,1020,?,i12,
1769501005.7172537,SENT,8f940241-0348-4cc9-a6c7-63abc1841245,0a88c4c8-62ac-4721-bdb7-26fd2011f7f0,c3,c4,1772,?,i8,
1769501005.7172916,FORWARDED,8f940241-0348-4cc9-a6c7-63abc1841245,0a88c4c8-62ac-4721-bdb7-26fd2011f7f0,c3,c4,1772,?,i8,
1769501005.8227801,SENT,277f99f8-68f1-4eda-be70-a6338cc5f152,6674dbec-8036-4b13-b0ee-a0e99d872f21,c2,DROP,1007,?,i10,
1769501005.8228178,FORWARDED,277f99f8-68f1-4eda-be70-a6338cc5f152,6674dbec-8036-4b13-b0ee-a0e99d872f21,c2,DROP,1007,?,i10,
1769501005.836502,SENT,73c0d876-c8b1-4b42-8e4c-55b5f16c931d,26f055b2-171b-4c2e-96ab-dee5154965e9,c5,DROP,1021,?,i2,
1769501005.8365445,FORWARDED,73c0d876-c8b1-4b42-8e4c-55b5f16c931d,26f055b2-171b-4c2e-96ab-dee5154965e9,c5,DROP,1021,?,i2,
1769501005.884537,RECEIVED,e50590ed-2c39-42e3-838b-03689f1ba983,8a6cc92d-308c-4227-ac76-8b4363c373d8,c3,DROP,1450,p3,?,
1769501005.9293168,RECEIVED,5b2107d2-41d0-4e73-916e-75df4116b093,5447b08d-f395-403a-bdde-36247376eb11,c4,DROP,1441,p1,?,
1769501005.9311438,RECEIVED,52a4a907-ea28-4132-9c79-b9285e945cb5,57adf373-8e61-40d7-9746-1021381858b1,c2,DROP,1456,p2,?,
1769501005.948938,SENT,5b2107d2-41d0-4e73-916e-75df4116b093,5447b08d-f395-403a-bdde-36247376eb11,c4,DROP,1007,?,i7,
1769501005.9489799,FORWARDED,5b2107d2-41d0-4e73-916e-75df4116b093,5447b08d-f395-403a-bdde-36247376eb11,c4,DROP,1007,?,i7,
1769501006.1326873,RECEIVED,c0c9de07-8984-4bc1-8ce6-5cfc973fd2a5,b8c89a60-f3e0-4822-91b7-e1aae3c327e8,c1,DROP,440,x11,?,
1769501006.1589801,SENT,e50590ed-2c39-42e3-838b-03689f1ba983,8a6cc92d-308c-4227-ac76-8b4363c373d8,c3,DROP,1015,?,i5,
1769501006.159023,FORWARDED,e50590ed-2c39-42e3-838b-03689f1ba983,8a6cc92d-308c-4227-ac76-8b4363c373d8,c3,DROP,1015,?,i5,
1769501006.273366,SENT,52a4a907-ea28-4132-9c79-b9285e945cb5,57adf373-8e61-40d7-9746-1021381858b1,c2,DROP,1020,?,i10,
1769501006.2734087,FORWARDED,52a4a907-ea28-4132-9c79-b9285e945cb5,57adf373-8e61-40d7-9746-1021381858b1,c2,DROP,1020,?,i10,
1769501006.4546309,RECEIVED,fc22a8b1-435c-4e8e-b6a0-f91e9d75b214,27cd42fa-53a8-427c-ad11-c7ef247ec88c,c5,DROP,1451,p2,?,
1769501006.4675984,RECEIVED,4b9ba5d7-0f94-46cc-898b-55843dad8e08,6cdcace4-4693-48fb-8e93-08bfce3b1306,c4,DROP,441,x12,?,
1769501006.5883486,RECEIVED,88778133-98fe-4b2e-8533-9b217c9a191d,f88bed62-660b-4e30-8c05-bc1e2bc1833d,c1,DROP,1444,p1,?,
1769501006.691527,RECEIVED,38e6d8e4-4bf8-4ec8-831c-2e082f9011c0,4d5c7bcc-cebd-4217-a68d-08a5e52ce284,c3,DROP,1440,p3,?,
1769501006.8181748,SENT,88778133-98fe-4b2e-8533-9b217c9a191d,f88bed62-660b-4e30-8c05-bc1e2bc1833d,c1,DROP,1009,?,i5,
1769501006.8182104,FORWARDED,88778133-98fe-4b2e-8533-9b217c9a191d,f88bed62-660b-4e30-8c05-bc1e2bc1833d,c1,DROP,1009,?,i5,
1769501006.8377519,RECEIVED,c2791f2a-b6c8-4c3d-9e90-25ad77db5652,a5115559-e118-48db-91f2-d8ca910e24b6,c2,DROP,1439,p2,?,
1769501006.8756585,SENT,fc22a8b1-435c-4e8e-b6a0-f91e9d75b214,27cd42fa-53a8-427c-ad11-c7ef247ec88c,c5,DROP,1015,?,i1,
1769501006.8757017,FORWARDED,fc22a8b1-435c-4e8e-b6a0-f91e9d75b214,27cd42fa-53a8-427c-ad11-c7ef247ec88c,c5,DROP,1015,?,i1,
1769501006.9157708,SENT,38e6d8e4-4bf8-4ec8-831c-2e082f9011c0,4d5c7bcc-cebd-4217-a68d-08a5e52ce284,c3,DROP,1007,?,i2,
1769501006.915824,FORWARDED,38e6d8e4-4bf8-4ec8-831c-2e082f9011c0,4d5c7bcc-cebd-4217-a68d-08a5e52ce284,c3,DROP,1007,?,i2,
1769501006.927122,RECEIVED,ab2f06ad-a795-4f6c-b359-0540015b7289,30e3a6b0-d43b-40bd-b1e1-cfc5ee4d68e6,c3,c4,2447,p3,?,
1769501007.048868,SENT,c2791f2a-b6c8-4c3d-9e90-25ad77db5652,a5115559-e118-48db-91f2-d8ca910e24b6,c2,DROP,1006,?,i4,
1769501007.0489216,FORWARDED,c2791f2a-b6c8-4c3d-9e90-25ad77db5652,a5115559-e118-48db-91f2-d8ca910e24b6,c2,DROP,1006,?,i4,
1769501007.051152,RECEIVED,a276a128-c65a-4579-a6d2-fe35270f47c6,0cf56484-3779-4744-b3db-2bef7235cc40,c5,DROP,441,x3,?,
1769501007.3312533,SENT,d4a81005-d60f-43c0-ada2-c39424bfad80,61070676-4274-4cac-9169-1a7a0def2b6c,c4,DROP,1021,?,i11,
1769501007.331289,FORWARDED,d4a81005-d60f-43c0-ada2-c39424bfad80,61070676-4274-4cac-9169-1a7a0def2b6c,c4,DROP,1021,?,i11,
1769501007.6405497,RECEIVED,45c652a7-c174-4926-8f7c-adbc188e3e40,0607c60e-1441-4d1e-93a3-62a70260954e,c4,DROP,1456,p1,?,
1769501007.6804163,SENT,45c652a7-c174-4926-8f7c-adbc188e3e40,0607c60e-1441-4d1e-93a3-62a70260954e,c4,DROP,1020,?,i5,
1769501007.6804578,FORWARDED,45c652a7-c174-4926-8f7c-adbc188e3e40,0607c60e-1441-4d1e-93a3-62a70260954e,c4,DROP,1020,?,i5,
1769501007.7208326,RECEIVED,4c6c06d6-e101-4b6d-81b1-64b79200b643,08461df9-3149-4a08-a11c-9d2f9392f7e2,c2,c1,2469,p2,?,
1769501007.7817435,SENT,4c6c06d6-e101-4b6d-81b1-64b79200b643,08461df9-3149-4a08-a11c-9d2f9392f7e2,c2,c1,1779,?,i8,
1769501007.7817848,FORWARDED,4c6c06d6-e101-4b6d-81b1-64b79200b643,08461df9-3149-4a08-a11c-9d2f9392f7e2,c2,c1,1779,?,i8,
1769501007.7991486,RECEIVED,c5d8ceb3-f7d4-442c-a7c9-c161fe63db55,4ff7894e-1524-45e8-a8c0-069a89d229da,c1,DROP,1452,p1,?,
1769501007.8103397,RECEIVED,fa59c176-4e7f-4f10-b92a-33c9c93a148d,ffb15608-edb9-43d0-a00f-400a9a304ce1,c3,DROP,1443,p3,?,
1769501007.885037,SENT,c5d8ceb3-f7d4-442c-a7c9-c161fe63db55,4ff7894e-1524-45e8-a8c0-069a89d229da,c1,DROP,1016,?,i4,
1769501007.8850894,FORWARDED,c5d8ceb3-f7d4-442c-a7c9-c161fe63db55,4ff7894e-1524-45e8-a8c0-069a89d229da,c1,DROP,1016,?,i4,
1769501007.8958473,RECEIVED,ddd68d75-2610-4f83-8145-f89a1494997f,3458d214-ebbd-413c-afd8-f919658f7454,c3,DROP,1442,p3,?,
1769501008.104808,RECEIVED,f04f1007-7fdd-4ba3-839e-3479572ad2d5,0659d58b-85ba-4e91-a913-599659ab2e41,c3,None,2228,p3,?,
1769501008.3631232,RECEIVED,591f5abf-e75f-49d0-9e2c-ef0ee0c11a28,0b98a008-fd22-465c-b1ed-3d97ea047760,c1,None,2240,p1,?,
1769501008.375548,RECEIVED,282b3036-97e4-45ff-b38c-2d14de269e5c,5a9da3f1-1fae-4a9d-b492-e980be17fd4d,c4,DROP,1447,p1,?,
1769501008.416269,SENT,f04f1007-7fdd-4ba3-839e-3479572ad2d5,0659d58b-85ba-4e91-a913-599659ab2e41,c3,None,1599,?,i11,
1769501008.4163122,FORWARDED,f04f1007-7fdd-4ba3-839e-3479572ad2d5,0659d58b-85ba-4e91-a913-599659ab2e41,c3,None,1599,?,i11,
1769501008.4319642,SENT,591f5abf-e75f-49d0-9e2c-ef0ee0c11a28,0b98a008-fd22-465c-b1ed-3d97ea047760,c1,None,1608,?,i8,
1769501008.432008,FORWARDED,591f5abf-e75f-49d0-9e2c-ef0ee0c11a28,0b98a008-fd22-465c-b1ed-3d97ea047760,c1,None,1608,?,i8,
1769501008.454494,RECEIVED,c752f46b-9c4f-430b-9d39-c82b53a9385e,734fdbc3-043b-4889-8f82-8bec5e89950e,c3,c4,2462,p3,?,
1769501008.4883537,SENT,282b3036-97e4-45ff-b38c-2d14de269e5c,5a9da3f1-1fae-4a9d-b492-e980be17fd4d,c4,DROP,1013,?,i8,
1769501008.4883957,FORWARDED,282b3036-97e4-45ff-b38c-2d14de269e5c,5a9da3f1-1fae-4a9d-b492-e980be17fd4d,c4,DROP,1013,?,i8,
1769501008.937222,RECEIVED,f532791a-e706-4c10-8184-50bf4077e2a5,4fe08746-ebd8-4be7-ad85-6f00baa7dc88,c5,DROP,442,x2,?,
1769501008.9526157,RECEIVED,19c70792-b447-4855-aacd-e620960f7fa3,81c01052-af2f-412a-bc4e-3a95c4661486,c5,c2,2465,p2,?,
1769501008.9797697,SENT,ab2f06ad-a795-4f6c-b359-0540015b7289,30e3a6b0-d43b-40bd-b1e1-cfc5ee4d68e6,c3,c4,1764,?,i9,
1769501008.9798126,FORWARDED,ab2f06ad-a795-4f6c-b359-0540015b7289,30e3a6b0-d43b-40bd-b1e1-cfc5ee4d68e6,c3,c4,1764,?,i9,
1769501008.993127,SENT,19c70792-b447-4855-aacd-e620960f7fa3,81c01052-af2f-412a-bc4e-3a95c4661486,c5,c2,1775,?,i11,
1769501008.9931693,FORWARDED,19c70792-b447-4855-aacd-e620960f7fa3,81c01052-af2f-412a-bc4e-3a95c4661486,c5,c2,1775,?,i11,
1769501009.01207,RECEIVED,934445e5-436d-46cd-b937-40bc1ea5c2bc,6f7fe330-5195-49d3-ad79-12665f366367,c5,c2,2464,p2,?,
1769501009.0207052,SENT,c752f46b-9c4f-430b-9d39-c82b53a9385e,734fdbc3-043b-4889-8f82-8bec5e89950e,c3,c4,1775,?,i5,
1769501009.0207455,FORWARDED,c752f46b-9c4f-430b-9d39-c82b53a9385e,734fdbc3-043b-4889-8f82-8bec5e89950e,c3,c4,1775,?,i5,
1769501009.0842187,RECEIVED,c689d894-b7c5-483c-bf8c-a0f1d0aab49a,e91cb149-a032-49f7-b1ec-6223f98fde1a,c2,DROP,1440,p2,?,
1769501009.179393,RECEIVED,297342bf-a359-407a-a04c-f5b3c43c4ddd,ce511a10-0a45-4e91-8a82-94540a870164,c5,DROP,1448,p2,?,
1769501009.2800436,SENT,297342bf-a359-407a-a04c-f5b3c43c4ddd,ce511a10-0a45-4e91-8a82-94540a870164,c5,DROP,1012,?,i8,
1769501009.2801335,FORWARDED,297342bf-a359-407a-a04c-f5b3c43c4ddd,ce511a10-0a45-4e91-8a82-94540a870164,c5,DROP,1012,?,i8,
1769501009.3200536,SENT,fa59c176-4e7f-4f10-b92a-33c9c93a148d,ffb15608-edb9-43d0-a00f-400a9a304ce1,c3,DROP,1009,?,i2,
1769501009.3200974,FORWARDED,fa59c176-4e7f-4f10-b92a-33c9c93a148d,ffb15608-edb9-43d0-a00f-400a9a304ce1,c3,DROP,1009,?,i2,
1769501009.3336842,SENT,ddd68d75-2610-4f83-8145-f89a1494997f,3458d214-ebbd-413c-afd8-f919658f7454,c3,DROP,1009,?,i7,
1769501009.3337226,FORWARDED,ddd68d75-2610-4f83-8145-f89a1494997f,3458d214-ebbd-413c-afd8-f919658f7454,c3,DROP,1009,?,i7,
1769501009.3643768,RECEIVED,d4c8797e-c954-4968-a7d4-0fb9e39ea7ef,600f004d-afb8-4054-b576-a0e61ad2a5fb,c3,DROP,1451,p3,?,
1769501009.4422438,SENT,d4c8797e-c954-4968-a7d4-0fb9e39ea7ef,600f004d-afb8-4054-b576-a0e61ad2a5fb,c3,DROP,1017,?,i9,
1769501009.4422846,FORWARDED,d4c8797e-c954-4968-a7d4-0fb9e39ea7ef,600f004d-afb8-4054-b576-a0e61ad2a5fb,c3,DROP,1017,?,i9,
1769501009.45568,SENT,934445e5-436d-46cd-b937-40bc1ea5c2bc,6f7fe330-5195-49d3-ad79-12665f366367,c5,c2,1776,?,i4,
1769501009.4557211,FORWARDED,934445e5-436d-46cd-b937-40bc1ea5c2bc,6f7fe330-5195-49d3-ad79-12665f366367,c5,c2,1776,?,i4,
1769501009.6443903,RECEIVED,ff2dfaf9-c946-4ecf-9eab-0a3673aadfc8,efb59b1b-8dee-4eec-a262-aa12fa349202,c3,DROP,1445,p3,?,
1769501009.6494188,SENT,c689d894-b7c5-483c-bf8c-a0f1d0aab49a,e91cb149-a032-49f7-b1ec-6223f98fde1a,c2,DROP,1008,?,i12,
1769501009.6494591,FORWARDED,c689d894-b7c5-483c-bf8c-a0f1d0aab49a,e91cb149-a032-49f7-b1ec-6223f98fde1a,c2,DROP,1008,?,i12,
1769501009.6737437,RECEIVED,2d5066d2-493d-463c-83c1-351502d212ae,b983d6d9-6054-4230-ada9-78065034bf9a,c2,DROP,1448,p2,?,
1769501009.7333505,RECEIVED,abdcca4b-38df-4bff-be1c-13fc256dc26f,321776bc-b368-4373-8649-e4a7e001a8d6,c1,DROP,1445,p1,?,
1769501009.8459198,SENT,abdcca4b-38df-4bff-be1c-13fc256dc26f,321776bc-b368-4373-8649-e4a7e001a8d6,c1,DROP,1009,?,i12,
1769501009.8459628,FORWARDED,abdcca4b-38df-4bff-be1c-13fc256dc26f,321776bc-b368-4373-8649-e4a7e001a8d6,c1,DROP,1009,?,i12,
1769501009.918487,RECEIVED,b2136edc-fcc1-4bf7-8ba9-354c807dcc94,b19cc6c2-aa39-431c-be36-435cf4696246,c5,DROP,1445,p2,?,
1769501009.9302251,SENT,2d5066d2-493d-463c-83c1-351502d212ae,b983d6d9-6054-4230-ada9-78065034bf9a,c2,DROP,1014,?,i5,
1769501009.930267,FORWARDED,2d5066d2-493d-463c-83c1-351502d212ae,b983d6d9-6054-4230-ada9-78065034bf9a,c2,DROP,1014,?,i5,
1769501009.9451373,SENT,b2136edc-fcc1-4bf7-8ba9-354c807dcc94,b19cc6c2-aa39-431c-be36-435cf4696246,c5,DROP,1009,?,i8,
1769501009.9451754,FORWARDED,b2136edc-fcc1-4bf7-8ba9-354c807dcc94,b19cc6c2-aa39-431c-be36-435cf4696246,c5,DROP,1009,?,i8,
1769501009.9762924,RECEIVED,a1f11c8e-abc7-4f27-bbc0-7a2c789193eb,aac52742-69fa-43fe-8fa0-887ab319dae7,c4,c3,2478,p1,?,
1769501010.028775,SENT,a1f11c8e-abc7-4f27-bbc0-7a2c789193eb,aac52742-69fa-43fe-8fa0-887ab319dae7,c4,c3,1784,?,i10,
1769501010.0288153,FORWARDED,a1f11c8e-abc7-4f27-bbc0-7a2c789193eb,aac52742-69fa-43fe-8fa0-887ab319dae7,c4,c3,1784,?,i10,
1769501010.036545,SENT,ff2dfaf9-c946-4ecf-9eab-0a3673aadfc8,efb59b1b-8dee-4eec-a262-aa12fa349202,c3,DROP,1009,?,i12,
1769501010.0365894,FORWARDED,ff2dfaf9-c946-4ecf-9eab-0a3673aadfc8,efb59b1b-8dee-4eec-a262-aa12fa349202,c3,DROP,1009,?,i12,
1769501010.425107,RECEIVED,7da9246f-0269-4fc4-8ee7-b707e7f2ddd6,4b711618-79e3-4b38-b785-8fd7958aa4ef,c4,DROP,1452,p1,?,
1769501010.4660993,RECEIVED,b8a7e56a-7dea-41ac-b83b-7ca6db1ae306,9388c160-0e94-4c9b-a277-561d50f07e1a,c5,DROP,1439,p2,?,
1769501010.5983744,RECEIVED,ca2bdf63-d36c-4f16-98d4-58e1702916db,3718c0b1-5038-4543-851e-5a02f0a3ef0d,c4,DROP,1450,p1,?,
1769501010.7327209,SENT,7da9246f-0269-4fc4-8ee7-b707e7f2ddd6,4b711618-79e3-4b38-b785-8fd7958aa4ef,c4,DROP,1016,?,i2,
1769501010.7327714,FORWARDED,7da9246f-0269-4fc4-8ee7-b707e7f2ddd6,4b711618-79e3-4b38-b785-8fd7958aa4ef,c4,DROP,1016,?,i2,
1769501010.7390726,RECEIVED,60a64e8d-1e46-45d3-8ac6-326d04bad628,8579a17a-91f3-4ba5-9da9-882e42cecb8f,c4,DROP,1444,p1,?,
1769501010.7955554,RECEIVED,6399dcd8-453f-49e0-bba1-ffdd5893db5e,5d273c42-e48b-48b1-8ea9-5467e99fb06d,c1,DROP,1443,p1,?,
1769501010.8773773,RECEIVED,f264f58b-dab4-451a-b932-26fdcd9b1f0a,94bf5753-5156-4526-bddd-ceba2636e6be,c3,DROP,1444,p3,?,
1769501010.9066274,SENT,60a64e8d-1e46-45d3-8ac6-326d04bad628,8579a17a-91f3-4ba5-9da9-882e42cecb8f,c4,DROP,1010,?,i1,
1769501010.906667,FORWARDED,60a64e8d-1e46-45d3-8ac6-326d04bad628,8579a17a-91f3-4ba5-9da9-882e42cecb8f,c4,DROP,1010,?,i1,
1769501010.9923115,SENT,6399dcd8-453f-49e0-bba1-ffdd5893db5e,5d273c42-e48b-48b1-8ea9-5467e99fb06d,c1,DROP,1011,?,i4,
1769501010.9923525,FORWARDED,6399dcd8-453f-49e0-bba1-ffdd5893db5e,5d273c42-e48b-48b1-8ea9-5467e99fb06d,c1,DROP,1011,?,i4,
1769501011.0611632,SENT,f264f58b-dab4-451a-b932-26fdcd9b1f0a,94bf5753-5156-4526-bddd-ceba2636e6be,c3,DROP,1009,?,i3,
1769501011.0612044,FORWARDED,f264f58b-dab4-451a-b932-26fdcd9b1f0a,94bf5753-5156-4526-bddd-ceba2636e6be,c3,DROP,1009,?,i3,
1769501011.1225235,RECEIVED,f69308d2-7439-458f-82a7-a6fd9d480f58,b160ff4f-83f3-4ead-a7c9-fc04f5014151,c4,c3,2468,p1,?,
1769501011.1374307,SENT,b8a7e56a-7dea-41ac-b83b-7ca6db1ae306,9388c160-0e94-4c9b-a277-561d50f07e1a,c5,DROP,1007,?,i5,
1769501011.1374726,FORWARDED,b8a7e56a-7dea-41ac-b83b-7ca6db1ae306,9388c160-0e94-4c9b-a277-561d50f07e1a,c5,DROP,1007,?,i5,
1769501011.182594,RECEIVED,8a93b397-4b5c-4fc2-b7ae-062166d9ba96,bb61f704-60fb-4338-80f7-73bbe154cdb2,c1,DROP,1461,p1,?,
1769501011.2894747,RECEIVED,ff6f9937-45b6-4ed1-93a4-7a10fb807a8d,be2f2c5c-56f9-493a-b281-0a609bc520b2,c3,DROP,1439,p3,?,
1769501011.385376,RECEIVED,88703ace-ee01-448a-b34d-50d7589e28ff,951cf26b-8344-47aa-b70c-49ddf7782b29,c4,DROP,1436,p1,?,
1769501011.4337783,SENT,8a93b397-4b5c-4fc2-b7ae-062166d9ba96,bb61f704-60fb-4338-80f7-73bbe154cdb2,c1,DROP,1022,?,i10,
1769501011.433822,FORWARDED,8a93b397-4b5c-4fc2-b7ae-062166d9ba96,bb61f704-60fb-4338-80f7-73bbe154cdb2,c1,DROP,1022,?,i10,
1769501011.4747787,SENT,ca2bdf63-d36c-4f16-98d4-58e1702916db,3718c0b1-5038-4543-851e-5a02f0a3ef0d,c4,DROP,1015,?,i1,
1769501011.4748206,FORWARDED,ca2bdf63-d36c-4f16-98d4-58e1702916db,3718c0b1-5038-4543-851e-5a02f0a3ef0d,c4,DROP,1015,?,i1,
1769501011.5218372,SENT,f69308d2-7439-458f-82a7-a6fd9d480f58,b160ff4f-83f3-4ead-a7c9-fc04f5014151,c4,c3,1779,?,i12,
1769501011.5218773,FORWARDED,f69308d2-7439-458f-82a7-a6fd9d480f58,b160ff4f-83f3-4ead-a7c9-fc04f5014151,c4,c3,1779,?,i12,
1769501011.578697,SENT,88703ace-ee01-448a-b34d-50d7589e28ff,951cf26b-8344-47aa-b70c-49ddf7782b29,c4,DROP,1003,?,i9,
1769501011.5787356,FORWARDED,88703ace-ee01-448a-b34d-50d7589e28ff,951cf26b-8344-47aa-b70c-49ddf7782b29,c4,DROP,1003,?,i9,
1769501011.777303,RECEIVED,9f590971-34ca-40c1-b3b7-ee332f5b306f,2a90be79-9e5c-4396-a53b-a39fa3d873f8,c4,DROP,1449,p1,?,
1769501011.8474722,RECEIVED,0f3a5fe9-407a-4eed-b811-a0c51364d3df,401bdf6c-f357-46b6-b48c-705adc8d9fd9,c1,DROP,1444,p1,?,
1769501011.8482509,RECEIVED,d72626da-c2d9-44b5-a9db-f79fd9e25d65,63fef4f3-5f63-4197-8d20-dbcf9af4318f,c5,None,2231,p2,?,
1769501011.892349,RECEIVED,a58175a6-e045-4d80-8326-5e6fe072b19d,1fc0b59c-16fc-4739-a418-af09e6991bab,c4,DROP,1456,p1,?,
1769501011.9452167,RECEIVED,7f56d9b9-c4f3-49e0-a924-3e8261d1b2fd,023f29f4-b47c-4e60-a80e-3c3e4606204b,c2,None,2227,p2,?,
1769501012.0123625,SENT,ff6f9937-45b6-4ed1-93a4-7a10fb807a8d,be2f2c5c-56f9-493a-b281-0a609bc520b2,c3,DROP,1007,?,i1,
1769501012.0124059,FORWARDED,ff6f9937-45b6-4ed1-93a4-7a10fb807a8d,be2f2c5c-56f9-493a-b281-0a609bc520b2,c3,DROP,1007,?,i1,
1769501012.026429,RECEIVED,2a7cfb49-3eb3-43d7-a4d6-2c01e60cffc2,f679648a-9a84-41a5-abc5-e1557e06c70e,c5,c2,2463,p2,?,
1769501012.038294,RECEIVED,8fef867b-7ffb-463a-9340-003958427d51,232fc9e6-9ed7-4731-8c4b-31335557e423,c2,DROP,1453,p2,?,
1769501012.156781,SENT,8fef867b-7ffb-463a-9340-003958427d51,232fc9e6-9ed7-4731-8c4b-31335557e423,c2,DROP,1015,?,i10,
1769501012.1568308,FORWARDED,8fef867b-7ffb-463a-9340-003958427d51,232fc9e6-9ed7-4731-8c4b-31335557e423,c2,DROP,1015,?,i10,
1769501012.2527049,SENT,7f56d9b9-c4f3-49e0-a924-3e8261d1b2fd,023f29f4-b47c-4e60-a80e-3c3e4606204b,c2,None,1599,?,i1,
1769501012.2527478,FORWARDED,7f56d9b9-c4f3-49e0-a924-3e8261d1b2fd,023f29f4-b47c-4e60-a80e-3c3e4606204b,c2,None,1599,?,i1,
1769501012.3512917,SENT,9f590971-34ca-40c1-b3b7-ee332f5b306f,2a90be79-9e5c-4396-a53b-a39fa3d873f8,c4,DROP,1017,?,i5,
1769501012.3514154,FORWARDED,9f590971-34ca-40c1-b3b7-ee332f5b306f,2a90be79-9e5c-4396-a53b-a39fa3d873f8,c4,DROP,1017,?,i5,
1769501012.3782465,SENT,2a7cfb49-3eb3-43d7-a4d6-2c01e60cffc2,f679648a-9a84-41a5-abc5-e1557e06c70e,c5,c2,1775,?,i2,
1769501012.37829,FORWARDED,2a7cfb49-3eb3-43d7-a4d6-2c01e60cffc2,f679648a-9a84-41a5-abc5-e1557e06c70e,c5,c2,1775,?,i2,
1769501012.4705029,SENT,d72626da-c2d9-44b5-a9db-f79fd9e25d65,63fef4f3-5f63-4197-8d20-dbcf9af4318f,c5,None,1601,?,i3,
1769501012.4705422,FORWARDED,d72626da-c2d9-44b5-a9db-f79fd9e25d65,63fef4f3-5f63-4197-8d20-dbcf9af4318f,c5,None,1601,?,i3,
1769501012.6451867,RECEIVED,e130db35-a5a1-4023-a321-ed758210bd04,98484def-c3c7-4bfb-a605-7357f6cc5be9,c4,DROP,441,x10,?,
1769501012.6602628,RECEIVED,269304bf-868b-4786-9a26-8e0e03e2cac1,a69bc40f-f9ed-4284-97dc-0156803852e9,c1,DROP,1444,p1,?,
1769501012.6680665,RECEIVED,38846c16-663f-4448-a343-54a4ad7493ea,27a635f3-3121-4aea-89da-3c298b32b96b,c3,DROP,1451,p3,?,
1769501012.7005696,RECEIVED,9f5792c9-eafd-4df5-bad9-70e027d446e4,25e14968-a468-445b-96df-33d1757e773d,c5,DROP,1444,p2,?,
1769501012.734485,SENT,269304bf-868b-4786-9a26-8e0e03e2cac1,a69bc40f-f9ed-4284-97dc-0156803852e9,c1,DROP,1011,?,i3,
1769501012.7345228,FORWARDED,269304bf-868b-4786-9a26-8e0e03e2cac1,a69bc40f-f9ed-4284-97dc-0156803852e9,c1,DROP,1011,?,i3,
1769501012.9997444,SENT,9f5792c9-eafd-4df5-bad9-70e027d446e4,25e14968-a468-445b-96df-33d1757e773d,c5,DROP,1009,?,i5,
1769501012.9997864,FORWARDED,9f5792c9-eafd-4df5-bad9-70e027d446e4,25e14968-a468-445b-96df-33d1757e773d,c5,DROP,1009,?,i5,
1769501013.1262598,RECEIVED,8cea068d-bce2-4f75-8efd-11eaed428b21,d56b0010-f147-45bf-87f5-3cc8dc9fa4cc,c5,DROP,442,x6,?,
1769501013.2328424,SENT,a58175a6-e045-4d80-8326-5e6fe072b19d,1fc0b59c-16fc-4739-a418-af09e6991bab,c4,DROP,1019,?,i11,
1769501013.2328815,FORWARDED,a58175a6-e045-4d80-8326-5e6fe072b19d,1fc0b59c-16fc-4739-a418-af09e6991bab,c4,DROP,1019,?,i11,
1769501013.2456508,RECEIVED,61df7006-ea4b-48de-b924-a12a70afa973,c57e7cfd-b157-47f1-8db0-99cabf7b23b7,c1,DROP,1443,p1,?,
1769501013.3936286,RECEIVED,654a14ba-936f-483a-81ae-a00841b4ff5f,c6553400-a872-4570-a453-f76625df50ee,c5,DROP,1452,p2,?,
1769501013.4390328,RECEIVED,b3a76dca-f7df-4b34-9382-0f9fa78ead8e,8c762612-efb0-4a98-be67-bed259f6819b,c3,None,2224,p3,?,
1769501013.4913988,SENT,654a14ba-936f-483a-81ae-a00841b4ff5f,c6553400-a872-4570-a453-f76625df50ee,c5,DROP,1015,?,i5,
1769501013.4914422,FORWARDED,654a14ba-936f-483a-81ae-a00841b4ff5f,c6553400-a872-4570-a453-f76625df50ee,c5,DROP,1015,?,i5,
1769501013.5973015,SENT,61df7006-ea4b-48de-b924-a12a70afa973,c57e7cfd-b157-47f1-8db0-99cabf7b23b7,c1,DROP,1011,?,i9,
1769501013.5973427,FORWARDED,61df7006-ea4b-48de-b924-a12a70afa973,c57e7cfd-b157-47f1-8db0-99cabf7b23b7,c1,DROP,1011,?,i9,
1769501013.7503378,RECEIVED,e1d1b12e-a6db-4242-b010-05683fa10b7c,162c0158-fa00-4074-99a2-04ce12326d55,c5,DROP,1445,p2,?,
1769501013.75858,RECEIVED,5e93c76d-7bb3-409f-b6ea-5420e8f09f28,f9cc22ff-a3c2-422f-9022-b5e04ed349d8,c3,DROP,1440,p3,?,
1769501013.9002664,SENT,b3a76dca-f7df-4b34-9382-0f9fa78ead8e,8c762612-efb0-4a98-be67-bed259f6819b,c3,None,1596,?,i2,
1769501013.9003112,FORWARDED,b3a76dca-f7df-4b34-9382-0f9fa78ead8e,8c762612-efb0-4a98-be67-bed259f6819b,c3,None,1596,?,i2,
1769501013.9201148,SENT,38846c16-663f-4448-a343-54a4ad7493ea,27a635f3-3121-4aea-89da-3c298b32b96b,c3,DROP,1015,?,i1,
1769501013.9201548,FORWARDED,38846c16-663f-4448-a343-54a4ad7493ea,27a635f3-3121-4aea-89da-3c298b32b96b,c3,DROP,1015,?,i1,
1769501014.0782855,RECEIVED,30b8ead4-c06a-4fe6-82e2-1d7176b22bed,ab1ba008-8e8a-4450-817b-cff59aca9897,c4,DROP,1447,p1,?,
1769501014.078811,RECEIVED,b5ab3588-847b-452e-9d3e-1c4d5f3b9ccd,7df539ed-9488-46a1-92f2-e1284fb8ca53,c2,DROP,1447,p2,?,
1769501014.0949244,SENT,e1d1b12e-a6db-4242-b010-05683fa10b7c,162c0158-fa00-4074-99a2-04ce12326d55,c5,DROP,1011,?,i10,
1769501014.0949674,FORWARDED,e1d1b12e-a6db-4242-b010-05683fa10b7c,162c0158-fa00-4074-99a2-04ce12326d55,c5,DROP,1011,?,i10,
1769501014.0988486,RECEIVED,4c4e204d-18ff-41db-8056-53ada04ad5cc,8d66c66a-7de8-449a-9a80-6ae05ea2035a,c4,DROP,441,x2,?,
1769501014.1134791,RECEIVED,eb6d9e3a-0217-4b31-8461-7b343ea39808,b04032fd-ed5f-4a1c-b628-44772a06fab2,c2,DROP,1435,p2,?,
1769501014.1774724,SENT,5e93c76d-7bb3-409f-b6ea-5420e8f09f28,f9cc22ff-a3c2-422f-9022-b5e04ed349d8,c3,DROP,1007,?,i1,
1769501014.1775155,FORWARDED,5e93c76d-7bb3-409f-b6ea-5420e8f09f28,f9cc22ff-a3c2-422f-9022-b5e04ed349d8,c3,DROP,1007,?,i1,
1769501014.1956472,SENT,0f3a5fe9-407a-4eed-b811-a0c51364d3df,401bdf6c-f357-46b6-b48c-705adc8d9fd9,c1,DROP,1010,?,i11,
1769501014.1956885,FORWARDED,0f3a5fe9-407a-4eed-b811-a0c51364d3df,401bdf6c-f357-46b6-b48c-705adc8d9fd9,c1,DROP,1010,?,i11,
1769501014.222575,RECEIVED,60986870-2c2b-4c44-8ea3-44c888c0605b,df9b6261-dc04-4073-ae3c-7e57c1121853,c2,DROP,441,x9,?,
1769501014.2803726,SENT,30b8ead4-c06a-4fe6-82e2-1d7176b22bed,ab1ba008-8e8a-4450-817b-cff59aca9897,c4,DROP,1012,?,i11,
1769501014.280414,FORWARDED,30b8ead4-c06a-4fe6-82e2-1d7176b22bed,ab1ba008-8e8a-4450-817b-cff59aca9897,c4,DROP,1012,?,i11,
1769501014.458787,RECEIVED,936eeae8-e153-4c28-9db1-9cc49c296155,e24dd867-f296-408e-97e0-418ebe17bf4b,c4,c3,2459,p1,?,
1769501014.4699972,SENT,eb6d9e3a-0217-4b31-8461-7b343ea39808,b04032fd-ed5f-4a1c-b628-44772a06fab2,c2,DROP,1003,?,i6,
1769501014.4700413,FORWARDED,eb6d9e3a-0217-4b31-8461-7b343ea39808,b04032fd-ed5f-4a1c-b628-44772a06fab2,c2,DROP,1003,?,i6,
1769501014.4712682,RECEIVED,977115a4-be8c-4368-8ee8-2fdb66f33646,d2e700b1-0e19-4a2e-9e41-a61f9c5e3fcb,c5,DROP,440,x9,?,
1769501014.7782192,RECEIVED,5103d543-8c86-4baf-9e3d-8722c8709201,be45654b-d00a-4543-872b-4b87f96f7872,c2,DROP,444,x11,?,
1769501014.7813263,RECEIVED,e12c5c8f-36b9-444a-b6b3-9a0fb4796f13,304d3928-c7f9-4be1-b8a4-753c216e260c,c2,c1,2463,p2,?,
1769501014.8391938,RECEIVED,8d8ecb1f-7293-401f-99c8-b0ec5372d5af,95d2c55b-5973-4055-9b15-711bf6165592,c2,None,2232,p2,?,
1769501014.8537142,RECEIVED,9ab7b882-5b22-43db-a4ac-6188a13927bd,3a213abd-c5ba-4151-8f5e-fae162f629bb,c5,DROP,1435,p2,?,
1769501014.8818462,RECEIVED,c1b50df8-e275-4e5f-9bd4-7ae8aaddbaf1,aa0e842b-100c-4494-8255-b85f0870fe9a,c3,DROP,1451,p3,?,
1769501014.977071,RECEIVED,babb1674-3a39-4872-aab5-c9e2bb612eee,3e2792b0-c373-44b8-b3d4-2abd75a54091,c5,DROP,446,x8,?,
1769501014.9802654,RECEIVED,737f8101-b1b2-4e19-abf2-69e178ebc873,ea88c270-09d1-496b-8357-534383d1b19b,c1,DROP,1458,p1,?,
1769501015.004044,RECEIVED,4b16ee68-a690-41d3-b3e9-432eb86ff842,8034960d-afd7-485d-879e-89b7990ecfe6,c2,DROP,1453,p2,?,
1769501015.0826194,SENT,737f8101-b1b2-4e19-abf2-69e178ebc873,ea88c270-09d1-496b-8357-534383d1b19b,c1,DROP,1020,?,i12,
1769501015.0826623,FORWARDED,737f8101-b1b2-4e19-abf2-69e178ebc873,ea88c270-09d1-496b-8357-534383d1b19b,c1,DROP,1020,?,i12,
1769501015.0859833,SENT,4b16ee68-a690-41d3-b3e9-432eb86ff842,8034960d-afd7-485d-879e-89b7990ecfe6,c2,DROP,1017,?,i2,
1769501015.086027,FORWARDED,4b16ee68-a690-41d3-b3e9-432eb86ff842,8034960d-afd7-485d-879e-89b7990ecfe6,c2,DROP,1017,?,i2,
1769501015.1251209,SENT,e12c5c8f-36b9-444a-b6b3-9a0fb4796f13,304d3928-c7f9-4be1-b8a4-753c216e260c,c2,c1,1775,?,i8,
1769501015.125156,FORWARDED,e12c5c8f-36b9-444a-b6b3-9a0fb4796f13,304d3928-c7f9-4be1-b8a4-753c216e260c,c2,c1,1775,?,i8,
1769501015.1412957,RECEIVED,16a486fb-9632-4d6b-9cd5-3476aedb15b3,0d8b22c2-bbd6-4d14-9dc5-af07b659cbd5,c5,DROP,1454,p2,?,
1769501015.2288454,SENT,16a486fb-9632-4d6b-9cd5-3476aedb15b3,0d8b22c2-bbd6-4d14-9dc5-af07b659cbd5,c5,DROP,1015,?,i10,
1769501015.228883,FORWARDED,16a486fb-9632-4d6b-9cd5-3476aedb15b3,0d8b22c2-bbd6-4d14-9dc5-af07b659cbd5,c5,DROP,1015,?,i10,
1769501015.2977908,RECEIVED,e2fd7b6d-0872-4421-955d-845a8c54e459,310f193f-260e-4a46-9d30-3d2843723a5d,c3,DROP,1438,p3,?,
1769501015.304175,RECEIVED,84662901-9d36-483e-bc65-17d42de4fb44,568ef03a-4e0a-4b42-8b46-22256a10bb5c,c2,DROP,445,x7,?,
1769501015.3340921,RECEIVED,1e7e5ea6-4bbf-40e5-a53d-284a9069ee37,080a11ba-27cc-4d7b-b19e-4072375eedae,c4,c3,2452,p1,?,
1769501015.377904,SENT,936eeae8-e153-4c28-9db1-9cc49c296155,e24dd867-f296-408e-97e0-418ebe17bf4b,c4,c3,1772,?,i2,
1769501015.3779492,FORWARDED,936eeae8-e153-4c28-9db1-9cc49c296155,e24dd867-f296-408e-97e0-418ebe17bf4b,c4,c3,1772,?,i2,
1769501015.3906465,SENT,8d8ecb1f-7293-401f-99c8-b0ec5372d5af,95d2c55b-5973-4055-9b15-711bf6165592,c2,None,1601,?,i11,
1769501015.3906903,FORWARDED,8d8ecb1f-7293-401f-99c8-b0ec5372d5af,95d2c55b-5973-4055-9b15-711bf6165592,c2,None,1601,?,i11,
1769501015.3934433,SENT,9ab7b882-5b22-43db-a4ac-6188a13927bd,3a213abd-c5ba-4151-8f5e-fae162f629bb,c5,DROP,1003,?,i5,
1769501015.3934846,FORWARDED,9ab7b882-5b22-43db-a4ac-6188a13927bd,3a213abd-c5ba-4151-8f5e-fae162f629bb,c5,DROP,1003,?,i5,
1769501015.448125,RECEIVED,7367d2c5-6744-4799-b416-1755b4a3923b,c9c83165-726d-4ce4-a383-b71f0c97db47,c2,DROP,1438,p2,?,
1769501015.558735,SENT,1e7e5ea6-4bbf-40e5-a53d-284a9069ee37,080a11ba-27cc-4d7b-b19e-4072375eedae,c4,c3,1767,?,i6,
1769501015.5587769,FORWARDED,1e7e5ea6-4bbf-40e5-a53d-284a9069ee37,080a11ba-27cc-4d7b-b19e-4072375eedae,c4,c3,1767,?,i6,
1769501015.635865,RECEIVED,866928b3-fb48-4766-aed5-8ea6141fa9c9,8e070af4-80e6-4c4b-8a91-c82392b67ab6,c4,DROP,1441,p1,?,
1769501015.6900249,RECEIVED,78ede38b-fc7a-4e5c-b39a-55a5bee414e8,3dbe6e75-7a9d-495d-b77c-ce717322d743,c1,c5,2463,p1,?,
1769501015.8125913,RECEIVED,030c3ab4-3872-4ccf-847e-6562214ef0c5,9ed185d7-16ea-4bd6-9909-397cb7edb913,c5,DROP,1440,p2,?,
1769501015.866674,SENT,b5ab3588-847b-452e-9d3e-1c4d5f3b9ccd,7df539ed-9488-46a1-92f2-e1284fb8ca53,c2,DROP,1012,?,i3,
1769501015.866718,FORWARDED,b5ab3588-847b-452e-9d3e-1c4d5f3b9ccd,7df539ed-9488-46a1-92f2-e1284fb8ca53,c2,DROP,1012,?,i3,
1769501015.8815932,SENT,e2fd7b6d-0872-4421-955d-845a8c54e459,310f193f-260e-4a46-9d30-3d2843723a5d,c3,DROP,1007,?,i2,
1769501015.8816378,FORWARDED,e2fd7b6d-0872-4421-955d-845a8c54e459,310f193f-260e-4a46-9d30-3d2843723a5d,c3,DROP,1007,?,i2,
1769501015.8831782,RECEIVED,2a8866e7-663e-4fcf-a271-4e415e094693,5921f5e9-6015-4db5-9c98-17781a242150,c5,DROP,1435,p2,?,
1769501015.8881578,RECEIVED,1145b43e-d48f-4ef8-875b-04e2fce4fd87,e633d1b2-816c-463d-85a8-76030f318276,c5,None,2239,p2,?,
1769501015.9654913,RECEIVED,b591bd15-b6ff-4d1e-9875-132e264c2f20,ef3a68ef-1abf-4625-b177-bdc09961fa0e,c4,None,2239,p1,?,
1769501016.004694,SENT,030c3ab4-3872-4ccf-847e-6562214ef0c5,9ed185d7-16ea-4bd6-9909-397cb7edb913,c5,DROP,1008,?,i2,
1769501016.0047352,FORWARDED,030c3ab4-3872-4ccf-847e-6562214ef0c5,9ed185d7-16ea-4bd6-9909-397cb7edb913,c5,DROP,1008,?,i2,
1769501016.053908,SENT,866928b3-fb48-4766-aed5-8ea6141fa9c9,8e070af4-80e6-4c4b-8a91-c82392b67ab6,c4,DROP,1008,?,i11,
1769501016.0542476,FORWARDED,866928b3-fb48-4766-aed5-8ea6141fa9c9,8e070af4-80e6-4c4b-8a91-c82392b67ab6,c4,DROP,1008,?,i11,
1769501016.1913471,RECEIVED,bd0b1ffd-4f14-4d08-bc9d-95741568fbab,22337fbc-b5b5-47e6-95ff-9ac8b838234f,c3,DROP,439,x3,?,
1769501016.3486645,SENT,78ede38b-fc7a-4e5c-b39a-55a5bee414e8,3dbe6e75-7a9d-495d-b77c-ce717322d743,c1,c5,1776,?,i6,
1769501016.3487046,FORWARDED,78ede38b-fc7a-4e5c-b39a-55a5bee414e8,3dbe6e75-7a9d-495d-b77c-ce717322d743,c1,c5,1776,?,i6,
1769501016.4715073,RECEIVED,4fbfa303-8def-4943-b008-2a226cbf0755,15542600-c465-494c-ad33-0d6705da173e,c2,c1,2452,p2,?,
1769501016.537511,SENT,c1b50df8-e275-4e5f-9bd4-7ae8aaddbaf1,aa0e842b-100c-4494-8255-b85f0870fe9a,c3,DROP,1017,?,i7,
1769501016.537552,FORWARDED,c1b50df8-e275-4e5f-9bd4-7ae8aaddbaf1,aa0e842b-100c-4494-8255-b85f0870fe9a,c3,DROP,1017,?,i7,
1769501016.5517404,SENT,4fbfa303-8def-4943-b008-2a226cbf0755,15542600-c465-494c-ad33-0d6705da173e,c2,c1,1767,?,i8,
1769501016.5517774,FORWARDED,4fbfa303-8def-4943-b008-2a226cbf0755,15542600-c465-494c-ad33-0d6705da173e,c2,c1,1767,?,i8,
1769501016.5662694,RECEIVED,ba3d2718-10b8-40cc-8549-60da8e239d01,b08360e8-895c-4e87-9adf-82ef99b5eb0f,c4,DROP,1440,p1,?,
1769501016.707417,SENT,b591bd15-b6ff-4d1e-9875-132e264c2f20,ef3a68ef-1abf-4625-b177-bdc09961fa0e,c4,None,1607,?,i9,
1769501016.707469,FORWARDED,b591bd15-b6ff-4d1e-9875-132e264c2f20,ef3a68ef-1abf-4625-b177-bdc09961fa0e,c4,None,1607,?,i9,
1769501016.7243154,SENT,7367d2c5-6744-4799-b416-1755b4a3923b,c9c83165-726d-4ce4-a383-b71f0c97db47,c2,DROP,1007,?,i9,
1769501016.7243514,FORWARDED,7367d2c5-6744-4799-b416-1755b4a3923b,c9c83165-726d-4ce4-a383-b71f0c97db47,c2,DROP,1007,?,i9,
1769501016.801409,SENT,2a8866e7-663e-4fcf-a271-4e415e094693,5921f5e9-6015-4db5-9c98-17781a242150,c5,DROP,1004,?,i8,
1769501016.8014524,FORWARDED,2a8866e7-663e-4fcf-a271-4e415e094693,5921f5e9-6015-4db5-9c98-17781a242150,c5,DROP,1004,?,i8,
1769501016.8183112,RECEIVED,3e133c3a-b4ce-40cb-895b-ea7813cfb85f,9221a327-52c3-42f3-8a36-ac6ce6fd6fba,c2,DROP,442,x8,?,
1769501016.8466287,RECEIVED,643efe48-7d83-4400-b196-1537c1936e9d,cef41e6e-9e39-4b70-94bf-9178ab65181c,c1,DROP,1452,p1,?,
1769501016.9918828,SENT,ba3d2718-10b8-40cc-8549-60da8e239d01,b08360e8-895c-4e87-9adf-82ef99b5eb0f,c4,DROP,1007,?,i4,
1769501016.9919264,FORWARDED,ba3d2718-10b8-40cc-8549-60da8e239d01,b08360e8-895c-4e87-9adf-82ef99b5eb0f,c4,DROP,1007,?,i4,
1769501017.1693726,RECEIVED,05f9d7dd-dd5b-4c70-b753-2ca0c933a64b,b146b036-1adb-482d-8c91-34e39b8f9262,c1,DROP,441,x3,?,
1769501017.18359,RECEIVED,7fe80863-891b-427e-a9cf-02d67ef7e5fe,cc008afe-38d5-4926-8180-e88cf358613f,c2,DROP,1452,p2,?,
1769501017.2723389,RECEIVED,447eb7cc-c2a7-49a8-bb43-427a163fe423,b1ee954d-e9e0-4765-8908-2ccb7366fd28,c4,DROP,1443,p1,?,
1769501017.2933729,SENT,643efe48-7d83-4400-b196-1537c1936e9d,cef41e6e-9e39-4b70-94bf-9178ab65181c,c1,DROP,1015,?,i10,
1769501017.293416,FORWARDED,643efe48-7d83-4400-b196-1537c1936e9d,cef41e6e-9e39-4b70-94bf-9178ab65181c,c1,DROP,1015,?,i10,
1769501017.3691208,SENT,7fe80863-891b-427e-a9cf-02d67ef7e5fe,cc008afe-38d5-4926-8180-e88cf358613f,c2,DROP,1015,?,i5,
1769501017.3695154,FORWARDED,7fe80863-891b-427e-a9cf-02d67ef7e5fe,cc008afe-38d5-4926-8180-e88cf358613f,c2,DROP,1015,?,i5,
1769501017.3851798,SENT,1145b43e-d48f-4ef8-875b-04e2fce4fd87,e633d1b2-816c-463d-85a8-76030f318276,c5,None,1608,?,i3,
1769501017.385228,FORWARDED,1145b43e-d48f-4ef8-875b-04e2fce4fd87,e633d1b2-816c-463d-85a8-76030f318276,c5,None,1608,?,i3,
1769501017.496132,RECEIVED,5159cb9d-a0c1-49a0-bf51-70b59a609725,99544f42-485a-4143-a66e-4a0bfcbe867c,c5,c2,2460,p2,?,
1769501017.6114488,RECEIVED,7a854990-e4fe-4811-8b6b-780a08acd2b7,14bdf2b5-c422-453f-9cc6-47c08fa0922c,c2,None,2223,p2,?,
1769501017.61778,SENT,5159cb9d-a0c1-49a0-bf51-70b59a609725,99544f42-485a-4143-a66e-4a0bfcbe867c,c5,c2,1771,?,i8,
1769501017.6178215,FORWARDED,5159cb9d-a0c1-49a0-bf51-70b59a609725,99544f42-485a-4143-a66e-4a0bfcbe867c,c5,c2,1771,?,i8,
1769501017.6758761,RECEIVED,dfb44226-8417-4b10-99e9-827ab0b2e195,6779f8d6-0bf6-4370-8fd7-196d9dbd5788,c4,DROP,441,x5,?,
1769501017.8786335,RECEIVED,a1a405ee-6241-4e67-b0f5-b8f845b56da5,c02179f9-2d32-4b09-8e38-5f0ae536a580,c4,DROP,441,x4,?,
1769501017.9117112,RECEIVED,ddadbd12-a071-46e9-8076-f4f7b5f27982,11e7bc69-de9a-4f58-8153-f46620db7a00,c1,DROP,1439,p1,?,
1769501017.9439065,RECEIVED,afc6836c-66ad-47da-8f65-cc82e9db677b,cbaba123-383d-41b3-9edd-7fe298c01e2e,c1,DROP,442,x12,?,
1769501017.9909103,RECEIVED,ca39fd2a-0ec9-41c9-8d59-ee92c2f73f88,19430bdb-9442-4f8d-8372-6c87228875a1,c5,DROP,1452,p2,?,
1769501018.0572393,RECEIVED,96899741-fb1f-4967-90f1-ca19a8e9864b,ae9d1f06-c7ea-4e57-9efa-27f3538be213,c5,DROP,1439,p2,?,
1769501018.1227186,SENT,447eb7cc-c2a7-49a8-bb43-427a163fe423,b1ee954d-e9e0-4765-8908-2ccb7366fd28,c4,DROP,1011,?,i7,
1769501018.1227608,FORWARDED,447eb7cc-c2a7-49a8-bb43-427a163fe423,b1ee954d-e9e0-4765-8908-2ccb7366fd28,c4,DROP,1011,?,i7,
1769501018.2339275,RECEIVED,e590440f-4caf-426f-917e-21a9fe534d34,5fcf6e6e-588f-40a0-92ee-c32bf40d9a95,c4,DROP,1452,p1,?,
1769501018.3796196,RECEIVED,d69d985c-e2e5-43d8-8c94-ec7cbb56b7b5,e1af2b03-2c1b-41e1-8da5-163d222f0b01,c5,DROP,1456,p2,?,
1769501018.420258,SENT,ca39fd2a-0ec9-41c9-8d59-ee92c2f73f88,19430bdb-9442-4f8d-8372-6c87228875a1,c5,DROP,1016,?,i6,
1769501018.4202993,FORWARDED,ca39fd2a-0ec9-41c9-8d59-ee92c2f73f88,19430bdb-9442-4f8d-8372-6c87228875a1,c5,DROP,1016,?,i6,
1769501018.4462755,SENT,e590440f-4caf-426f-917e-21a9fe534d34,5fcf6e6e-588f-40a0-92ee-c32bf40d9a95,c4,DROP,1016,?,i9,
1769501018.4463725,FORWARDED,e590440f-4caf-426f-917e-21a9fe534d34,5fcf6e6e-588f-40a0-92ee-c32bf40d9a95,c4,DROP,1016,?,i9,
1769501018.5154214,RECEIVED,b6fa636d-2527-4ccc-9bf9-bfb128c9b273,66d6a229-41fc-4b96-a83a-1a5ad96aebbb,c1,DROP,1450,p1,?,
1769501018.5865805,SENT,7a854990-e4fe-4811-8b6b-780a08acd2b7,14bdf2b5-c422-453f-9cc6-47c08fa0922c,c2,None,1594,?,i6,
1769501018.5866225,FORWARDED,7a854990-e4fe-4811-8b6b-780a08acd2b7,14bdf2b5-c422-453f-9cc6-47c08fa0922c,c2,None,1594,?,i6,
1769501018.7900336,SENT,96899741-fb1f-4967-90f1-ca19a8e9864b,ae9d1f06-c7ea-4e57-9efa-27f3538be213,c5,DROP,1008,?,i3,
1769501018.790085,FORWARDED,96899741-fb1f-4967-90f1-ca19a8e9864b,ae9d1f06-c7ea-4e57-9efa-27f3538be213,c5,DROP,1008,?,i3,
1769501018.8057067,RECEIVED,28397143-b6dd-42f1-917f-f775d9f83d7d,e57f8638-6e24-4b57-b46d-eff20091addb,c2,DROP,441,x2,?,
1769501018.8853278,RECEIVED,20f69017-dc8a-4152-b096-1b77f8811d2a,f4a79548-d07e-4c30-8321-ec9225190b27,c2,c1,2451,p2,?,
1769501018.94409,RECEIVED,5cc66042-a515-4f26-8774-b96bc372714b,c15d9ab5-bd37-44b0-bb55-07b74544f0c0,c4,DROP,1439,p1,?,
1769501019.0757117,RECEIVED,8b36be59-5125-4fcf-85d8-10a0e2d50e7b,9b8b1d85-3e3d-4a34-9510-f1143059541c,c1,None,2240,p1,?,
1769501019.1062336,SENT,b6fa636d-2527-4ccc-9bf9-bfb128c9b273,66d6a229-41fc-4b96-a83a-1a5ad96aebbb,c1,DROP,1017,?,i9,
1769501019.1062772,FORWARDED,b6fa636d-2527-4ccc-9bf9-bfb128c9b273,66d6a229-41fc-4b96-a83a-1a5ad96aebbb,c1,DROP,1017,?,i9,
1769501019.1455588,SENT,ddadbd12-a071-46e9-8076-f4f7b5f27982,11e7bc69-de9a-4f58-8153-f46620db7a00,c1,DROP,1008,?,i9,
1769501019.1456008,FORWARDED,ddadbd12-a071-46e9-8076-f4f7b5f27982,11e7bc69-de9a-4f58-8153-f46620db7a00,c1,DROP,1008,?,i9,
1769501019.2415602,RECEIVED,c5f5a16e-b943-423a-9005-106dd86b4116,4ae47040-7413-414c-a936-eec6f7b11609,c5,c2,2471,p2,?,
1769501019.2824597,RECEIVED,55f5e955-dbbd-48aa-a0fc-b9b29575ef2e,b4f5623d-dcbb-4e27-a8ff-be243517d9c7,c1,None,2224,p1,?,
1769501019.3740864,SENT,20f69017-dc8a-4152-b096-1b77f8811d2a,f4a79548-d07e-4c30-8321-ec9225190b27,c2,c1,1767,?,i6,
1769501019.3741271,FORWARDED,20f69017-dc8a-4152-b096-1b77f8811d2a,f4a79548-d07e-4c30-8321-ec9225190b27,c2,c1,1767,?,i6,
1769501019.3888793,SENT,d69d985c-e2e5-43d8-8c94-ec7cbb56b7b5,e1af2b03-2c1b-41e1-8da5-163d222f0b01,c5,DROP,1020,?,i11,
1769501019.3889234,FORWARDED,d69d985c-e2e5-43d8-8c94-ec7cbb56b7b5,e1af2b03-2c1b-41e1-8da5-163d222f0b01,c5,DROP,1020,?,i11,
1769501019.440414,SENT,55f5e955-dbbd-48aa-a0fc-b9b29575ef2e,b4f5623d-dcbb-4e27-a8ff-be243517d9c7,c1,None,1595,?,i8,
1769501019.4404597,FORWARDED,55f5e955-dbbd-48aa-a0fc-b9b29575ef2e,b4f5623d-dcbb-4e27-a8ff-be243517d9c7,c1,None,1595,?,i8,
1769501019.8126283,SENT,5cc66042-a515-4f26-8774-b96bc372714b,c15d9ab5-bd37-44b0-bb55-07b74544f0c0,c4,DROP,1008,?,i5,
1769501019.8126655,FORWARDED,5cc66042-a515-4f26-8774-b96bc372714b,c15d9ab5-bd37-44b0-bb55-07b74544f0c0,c4,DROP,1008,?,i5,
1769501019.9319108,RECEIVED,7d56a90d-8686-4497-907d-4e2b306c3fd2,5ef5f4bb-d756-4ead-86d2-26cae63bd7d3,c3,None,2223,p3,?,
1769501020.0317085,RECEIVED,574591f5-c83c-4c90-a190-bd68d2932be9,7a4b2b89-8c1f-4ed1-b895-45733061be30,c5,DROP,1444,p2,?,
1769501020.0664873,RECEIVED,d3a3cac1-6682-4b60-94bd-f083a705ccc6,10c7fb61-9a40-4dcb-98f7-35410cc12c08,c4,c3,2476,p1,?,
1769501020.1292942,RECEIVED,84b547c5-a095-4959-a127-993f433b820b,05cd8f7f-b929-4cc6-bb1a-989a2ec750cd,c2,DROP,1448,p2,?,
1769501020.1548932,RECEIVED,2cbb6ba8-ae61-4041-b37b-cb8990def91a,85b63e78-f9a0-41f5-8371-8d9d037a2bf8,c4,DROP,436,x9,?,
1769501020.4243903,RECEIVED,ba15abf7-994e-4798-8d84-7ea836415198,e7a01d54-c0ea-4d50-9356-56c1159a5dc7,c1,DROP,1443,p1,?,
1769501020.4515622,SENT,8b36be59-5125-4fcf-85d8-10a0e2d50e7b,9b8b1d85-3e3d-4a34-9510-f1143059541c,c1,None,1607,?,i11,
1769501020.4516,FORWARDED,8b36be59-5125-4fcf-85d8-10a0e2d50e7b,9b8b1d85-3e3d-4a34-9510-f1143059541c,c1,None,1607,?,i11,
1769501020.5122714,SENT,84b547c5-a095-4959-a127-993f433b820b,05cd8f7f-b929-4cc6-bb1a-989a2ec750cd,c2,DROP,1012,?,i10,
1769501020.5123158,FORWARDED,84b547c5-a095-4959-a127-993f433b820b,05cd8f7f-b929-4cc6-bb1a-989a2ec750cd,c2,DROP,1012,?,i10,
1769501020.5697849,RECEIVED,87fe132b-d278-4f9b-b5d1-45741de46a0e,f22b5b8b-63a5-4837-9694-dedd301af542,c4,DROP,1443,p1,?,
1769501020.5722384,SENT,c5f5a16e-b943-423a-9005-106dd86b4116,4ae47040-7413-414c-a936-eec6f7b11609,c5,c2,1780,?,i2,
1769501020.5722795,FORWARDED,c5f5a16e-b943-423a-9005-106dd86b4116,4ae47040-7413-414c-a936-eec6f7b11609,c5,c2,1780,?,i2,
1769501020.5939915,SENT,d3a3cac1-6682-4b60-94bd-f083a705ccc6,10c7fb61-9a40-4dcb-98f7-35410cc12c08,c4,c3,1783,?,i10,
1769501020.5940337,FORWARDED,d3a3cac1-6682-4b60-94bd-f083a705ccc6,10c7fb61-9a40-4dcb-98f7-35410cc12c08,c4,c3,1783,?,i10,
1769501020.6004145,RECEIVED,e2b515d7-5db8-4f7e-b0a3-6d333d95f68c,ccaad4af-a560-4d5c-8d9f-f21d546ea56b,c5,DROP,1435,p2,?,
1769501020.868394,SENT,e2b515d7-5db8-4f7e-b0a3-6d333d95f68c,ccaad4af-a560-4d5c-8d9f-f21d546ea56b,c5,DROP,1004,?,i5,
1769501020.868435,FORWARDED,e2b515d7-5db8-4f7e-b0a3-6d333d95f68c,ccaad4af-a560-4d5c-8d9f-f21d546ea56b,c5,DROP,1004,?,i5,
1769501020.8715532,SENT,ba15abf7-994e-4798-8d84-7ea836415198,e7a01d54-c0ea-4d50-9356-56c1159a5dc7,c1,DROP,1011,?,i7,
1769501020.8716009,FORWARDED,ba15abf7-994e-4798-8d84-7ea836415198,e7a01d54-c0ea-4d50-9356-56c1159a5dc7,c1,DROP,1011,?,i7,
1769501020.9547942,RECEIVED,1895551a-c4c8-41d8-a7d1-bd9cdd59cd3d,1f5b3325-caee-4df6-ac84-b1753bfcbad0,c1,DROP,1440,p1,?,
1769501021.0448565,SENT,1895551a-c4c8-41d8-a7d1-bd9cdd59cd3d,1f5b3325-caee-4df6-ac84-b1753bfcbad0,c1,DROP,1007,?,i5,
1769501021.0448964,FORWARDED,1895551a-c4c8-41d8-a7d1-bd9cdd59cd3d,1f5b3325-caee-4df6-ac84-b1753bfcbad0,c1,DROP,1007,?,i5,
1769501021.080178,SENT,87fe132b-d278-4f9b-b5d1-45741de46a0e,f22b5b8b-63a5-4837-9694-dedd301af542,c4,DROP,1011,?,i9,
1769501021.0802188,FORWARDED,87fe132b-d278-4f9b-b5d1-45741de46a0e,f22b5b8b-63a5-4837-9694-dedd301af542,c4,DROP,1011,?,i9,
1769501021.142819,RECEIVED,5801e318-73c2-49cd-9edd-51cf5838fdd9,ba7c49d1-d247-4ae5-8f86-b9bc5981363a,c1,c5,2460,p1,?,
1769501021.1645942,SENT,574591f5-c83c-4c90-a190-bd68d2932be9,7a4b2b89-8c1f-4ed1-b895-45733061be30,c5,DROP,1011,?,i10,
1769501021.1646297,FORWARDED,574591f5-c83c-4c90-a190-bd68d2932be9,7a4b2b89-8c1f-4ed1-b895-45733061be30,c5,DROP,1011,?,i10,
1769501021.1698523,RECEIVED,faca4e22-f0d4-4c3b-8595-e45a40f2e477,ff381e14-a4e4-4a3c-b3d7-cf616469d66b,c3,DROP,445,x3,?,
1769501021.260573,SENT,5801e318-73c2-49cd-9edd-51cf5838fdd9,ba7c49d1-d247-4ae5-8f86-b9bc5981363a,c1,c5,1771,?,i9,
1769501021.260615,FORWARDED,5801e318-73c2-49cd-9edd-51cf5838fdd9,ba7c49d1-d247-4ae5-8f86-b9bc5981363a,c1,c5,1771,?,i9,
1769501021.4602432,SENT,7d56a90d-8686-4497-907d-4e2b306c3fd2,5ef5f4bb-d756-4ead-86d2-26cae63bd7d3,c3,None,1595,?,i2,
1769501021.460286,FORWARDED,7d56a90d-8686-4497-907d-4e2b306c3fd2,5ef5f4bb-d756-4ead-86d2-26cae63bd7d3,c3,None,1595,?,i2,
1769501021.467903,RECEIVED,d9679f93-e422-4561-af23-607d42552062,525e5d2c-c787-4e54-9806-78ebc353da9d,c5,None,2235,p2,?,
1769501021.700295,RECEIVED,57ab10ee-8026-4ce5-8f4a-dc84c4bfd895,17ba1143-ebcb-4cbc-8d56-293dfe5bc4d8,c2,c1,2455,p2,?,
1769501021.7430139,RECEIVED,7635bd30-75ae-431a-b3f5-2ce255f2b90b,587f9607-3440-466c-9b53-74660220246d,c5,DROP,1439,p2,?,
1769501021.7583044,RECEIVED,2f5b08ac-6848-4ca3-a1aa-b5b60db40ff4,07bbe736-c3a6-485a-b550-e2e1c8147b71,c3,DROP,1444,p3,?,
1769501021.773496,RECEIVED,19a83633-b8e9-4bb2-9b3f-0f35f1fc2691,2bb05140-666b-4c05-92a3-7cb27cf4aecc,c3,DROP,1443,p3,?,
1769501021.8818982,RECEIVED,e4f54041-f91d-443c-83aa-78a09c26ea55,3328ae5e-32e1-42b8-a01b-cfecee79a696,c4,DROP,1451,p1,?,
1769501021.912944,SENT,d9679f93-e422-4561-af23-607d42552062,525e5d2c-c787-4e54-9806-78ebc353da9d,c5,None,1604,?,i2,
1769501021.9129856,FORWARDED,d9679f93-e422-4561-af23-607d42552062,525e5d2c-c787-4e54-9806-78ebc353da9d,c5,None,1604,?,i2,
1769501021.9185941,SENT,2f5b08ac-6848-4ca3-a1aa-b5b60db40ff4,07bbe736-c3a6-485a-b550-e2e1c8147b71,c3,DROP,1009,?,i7,
1769501021.918638,FORWARDED,2f5b08ac-6848-4ca3-a1aa-b5b60db40ff4,07bbe736-c3a6-485a-b550-e2e1c8147b71,c3,DROP,1009,?,i7,
1769501022.0717432,RECEIVED,a34133c5-9059-4512-8164-06ca1ae6f787,ef077506-9718-42b7-9e6b-21fb2cd0ee07,c4,DROP,1434,p1,?,
1769501022.203716,SENT,19a83633-b8e9-4bb2-9b3f-0f35f1fc2691,2bb05140-666b-4c05-92a3-7cb27cf4aecc,c3,DROP,1009,?,i2,
1769501022.2037578,FORWARDED,19a83633-b8e9-4bb2-9b3f-0f35f1fc2691,2bb05140-666b-4c05-92a3-7cb27cf4aecc,c3,DROP,1009,?,i2,
1769501022.4128346,RECEIVED,8865d5b5-b9b1-4f35-b60e-ab46df58e26d,593e94dd-dfde-4217-8b30-c8055bc91838,c4,DROP,1439,p1,?,
1769501022.4665833,SENT,57ab10ee-8026-4ce5-8f4a-dc84c4bfd895,17ba1143-ebcb-4cbc-8d56-293dfe5bc4d8,c2,c1,1769,?,i4,
1769501022.4666257,FORWARDED,57ab10ee-8026-4ce5-8f4a-dc84c4bfd895,17ba1143-ebcb-4cbc-8d56-293dfe5bc4d8,c2,c1,1769,?,i4,
1769501022.5723772,RECEIVED,3a1b01dd-b807-4721-b122-965b72563e16,201fc66c-50ac-49b9-9c09-93b9bb016e95,c2,DROP,1439,p2,?,
1769501022.6672857,RECEIVED,3d42abbc-5dc8-4b17-b65e-5ce90e868d69,da6c608f-4fa3-46df-a071-211b5befa04a,c2,DROP,1440,p2,?,
1769501022.6710153,SENT,3a1b01dd-b807-4721-b122-965b72563e16,201fc66c-50ac-49b9-9c09-93b9bb016e95,c2,DROP,1007,?,i9,
1769501022.6710734,FORWARDED,3a1b01dd-b807-4721-b122-965b72563e16,201fc66c-50ac-49b9-9c09-93b9bb016e95,c2,DROP,1007,?,i9,
1769501022.800417,RECEIVED,57e1496b-9896-4780-8f10-7219eb5f997f,15ed283a-3787-4132-8145-5a2be5fb880a,c3,c4,2463,p3,?,
1769501022.911492,SENT,3d42abbc-5dc8-4b17-b65e-5ce90e868d69,da6c608f-4fa3-46df-a071-211b5befa04a,c2,DROP,1008,?,i7,
1769501022.911534,FORWARDED,3d42abbc-5dc8-4b17-b65e-5ce90e868d69,da6c608f-4fa3-46df-a071-211b5befa04a,c2,DROP,1008,?,i7,
1769501023.145926,RECEIVED,64f017bd-23af-4849-87da-c2190d0479e6,73e8dcf4-7c27-44aa-8fbe-352334b2383d,c4,None,2236,p1,?,
1769501023.2910979,RECEIVED,75bd5b4e-94da-47dc-8d19-d1de1249aeef,6253b507-29fc-44ad-ab9c-c4b80dc2dacd,c1,DROP,1447,p1,?,
1769501023.348168,SENT,7635bd30-75ae-431a-b3f5-2ce255f2b90b,587f9607-3440-466c-9b53-74660220246d,c5,DROP,1008,?,i8,
1769501023.348206,FORWARDED,7635bd30-75ae-431a-b3f5-2ce255f2b90b,587f9607-3440-466c-9b53-74660220246d,c5,DROP,1008,?,i8,
1769501023.3580801,SENT,a34133c5-9059-4512-8164-06ca1ae6f787,ef077506-9718-42b7-9e6b-21fb2cd0ee07,c4,DROP,1005,?,i1,
1769501023.3581212,FORWARDED,a34133c5-9059-4512-8164-06ca1ae6f787,ef077506-9718-42b7-9e6b-21fb2cd0ee07,c4,DROP,1005,?,i1,
1769501023.420113,SENT,8865d5b5-b9b1-4f35-b60e-ab46df58e26d,593e94dd-dfde-4217-8b30-c8055bc91838,c4,DROP,1008,?,i9,
1769501023.4201508,FORWARDED,8865d5b5-b9b1-4f35-b60e-ab46df58e26d,593e94dd-dfde-4217-8b30-c8055bc91838,c4,DROP,1008,?,i9,
1769501023.4770255,SENT,64f017bd-23af-4849-87da-c2190d0479e6,73e8dcf4-7c27-44aa-8fbe-352334b2383d,c4,None,1603,?,i10,
1769501023.47708,FORWARDED,64f017bd-23af-4849-87da-c2190d0479e6,73e8dcf4-7c27-44aa-8fbe-352334b2383d,c4,None,1603,?,i10,
1769501023.540425,SENT,75bd5b4e-94da-47dc-8d19-d1de1249aeef,6253b507-29fc-44ad-ab9c-c4b80dc2dacd,c1,DROP,1012,?,i3,
1769501023.5404654,FORWARDED,75bd5b4e-94da-47dc-8d19-d1de1249aeef,6253b507-29fc-44ad-ab9c-c4b80dc2dacd,c1,DROP,1012,?,i3,
1769501023.7771463,RECEIVED,63a8aab0-c7f2-4349-94fa-ab19fe24749a,75787e92-7ef9-4500-8994-821e19c532e6,c5,DROP,1439,p2,?,
1769501023.805665,SENT,e4f54041-f91d-443c-83aa-78a09c26ea55,3328ae5e-32e1-42b8-a01b-cfecee79a696,c4,DROP,1016,?,i7,
1769501023.8057058,FORWARDED,e4f54041-f91d-443c-83aa-78a09c26ea55,3328ae5e-32e1-42b8-a01b-cfecee79a696,c4,DROP,1016,?,i7,
1769501023.9819975,SENT,57e1496b-9896-4780-8f10-7219eb5f997f,15ed283a-3787-4132-8145-5a2be5fb880a,c3,c4,1776,?,i7,
1769501023.9820375,FORWARDED,57e1496b-9896-4780-8f10-7219eb5f997f,15ed283a-3787-4132-8145-5a2be5fb880a,c3,c4,1776,?,i7,
1769501024.0045242,SENT,63a8aab0-c7f2-4349-94fa-ab19fe24749a,75787e92-7ef9-4500-8994-821e19c532e6,c5,DROP,1007,?,i8,
1769501024.0045679,FORWARDED,63a8aab0-c7f2-4349-94fa-ab19fe24749a,75787e92-7ef9-4500-8994-821e19c532e6,c5,DROP,1007,?,i8,
1769501024.295415,RECEIVED,2f4abd0b-478b-4947-b9f3-8fa98fb00247,f95f60d9-834d-4a54-9ec6-1e08da07fd8f,c3,DROP,1453,p3,?,
1769501024.307654,RECEIVED,7827ef03-0ef6-494f-9276-362237ab617e,6c961db7-17d4-4b1a-ba6f-56099c7fa110,c1,DROP,1448,p1,?,
1769501024.324167,SENT,2f4abd0b-478b-4947-b9f3-8fa98fb00247,f95f60d9-834d-4a54-9ec6-1e08da07fd8f,c3,DROP,1017,?,i1,
1769501024.3242195,FORWARDED,2f4abd0b-478b-4947-b9f3-8fa98fb00247,f95f60d9-834d-4a54-9ec6-1e08da07fd8f,c3,DROP,1017,?,i1,
1769501024.431194,RECEIVED,bf23eac2-9afe-4d62-b3ea-d9fdacb4325f,041a03a5-6f78-4f52-b76a-81e937dd6533,c3,c4,2467,p3,?,
1769501024.4497771,SENT,7827ef03-0ef6-494f-9276-362237ab617e,6c961db7-17d4-4b1a-ba6f-56099c7fa110,c1,DROP,1012,?,i3,
1769501024.449818,FORWARDED,7827ef03-0ef6-494f-9276-362237ab617e,6c961db7-17d4-4b1a-ba6f-56099c7fa110,c1,DROP,1012,?,i3,
1769501024.5607734,SENT,bf23eac2-9afe-4d62-b3ea-d9fdacb4325f,041a03a5-6f78-4f52-b76a-81e937dd6533,c3,c4,1779,?,i8,
1769501024.5608146,FORWARDED,bf23eac2-9afe-4d62-b3ea-d9fdacb4325f,041a03a5-6f78-4f52-b76a-81e937dd6533,c3,c4,1779,?,i8,
1769501024.6536553,RECEIVED,e861e4fb-4117-408e-9080-931ec59fd6a8,9b0f04b1-7aaa-49df-ab7f-706c01be0166,c1,c5,2451,p1,?,
1769501024.6986942,RECEIVED,3de3dd75-aba6-4b01-a1b3-fa128b1819ee,705f6a03-b0e1-4851-8e39-cdd915efc50a,c4,c3,2449,p1,?,
1769501024.7005274,RECEIVED,43c0c403-f19a-42d3-9716-045efcd75dc9,66515244-ceef-4fcf-b9b6-a51e9bd82416,c5,DROP,1443,p2,?,
1769501024.763851,SENT,3de3dd75-aba6-4b01-a1b3-fa128b1819ee,705f6a03-b0e1-4851-8e39-cdd915efc50a,c4,c3,1764,?,i5,
1769501024.7638896,FORWARDED,3de3dd75-aba6-4b01-a1b3-fa128b1819ee,705f6a03-b0e1-4851-8e39-cdd915efc50a,c4,c3,1764,?,i5,
1769501024.9886837,SENT,43c0c403-f19a-42d3-9716-045efcd75dc9,66515244-ceef-4fcf-b9b6-a51e9bd82416,c5,DROP,1011,?,i2,
1769501024.9887252,FORWARDED,43c0c403-f19a-42d3-9716-045efcd75dc9,66515244-ceef-4fcf-b9b6-a51e9bd82416,c5,DROP,1011,?,i2,
1769501025.0083065,RECEIVED,4889fe7f-75d1-475e-bb2d-147e1159916c,1c9eaeb2-22cf-40e6-8e93-61caa3822e3f,c2,DROP,442,x8,?,
1769501025.0653102,RECEIVED,32347676-1eb0-416f-ac74-3b3796706cdf,0d3b1d72-d3a5-4677-9cc1-0776dd15f790,c5,c2,2448,p2,?,
1769501025.0797338,RECEIVED,a56859c6-693f-4cae-a396-beb259961054,d5ff85c4-6f69-4577-8b6e-a4478964db85,c5,DROP,1443,p2,?,
1769501025.1445642,SENT,32347676-1eb0-416f-ac74-3b3796706cdf,0d3b1d72-d3a5-4677-9cc1-0776dd15f790,c5,c2,1764,?,i6,
1769501025.1446137,FORWARDED,32347676-1eb0-416f-ac74-3b3796706cdf,0d3b1d72-d3a5-4677-9cc1-0776dd15f790,c5,c2,1764,?,i6,
1769501025.1721163,RECEIVED,7768f88b-8525-4497-8b57-adedbff64ddc,a1e1ce5d-ee61-478b-83e4-3dbc4534ba61,c4,DROP,441,x6,?,
1769501025.1988318,RECEIVED,65aa5c12-bcac-48f8-8248-1f64db29b9aa,dac926c2-6104-492d-b426-3886654ef596,c5,DROP,1439,p2,?,
1769501025.2580154,RECEIVED,e61ee4dc-421c-4b5b-a2cc-e373b517052b,7840b325-db2d-4603-9c19-5ec8b30c1afd,c2,None,2223,p2,?,
1769501025.3095024,RECEIVED,4c488448-94cb-428e-b077-b2ae61b54311,55a9829b-5ad5-40a5-97e3-bf60f7c0ea59,c4,DROP,1442,p1,?,
1769501025.3164184,RECEIVED,2a515181-f743-4a47-8763-3e82dd95f28a,1085f420-6921-4350-8c16-6d72c0d41072,c3,DROP,443,x1,?,
1769501025.5614178,SENT,e61ee4dc-421c-4b5b-a2cc-e373b517052b,7840b325-db2d-4603-9c19-5ec8b30c1afd,c2,None,1596,?,i1,
1769501025.5614603,FORWARDED,e61ee4dc-421c-4b5b-a2cc-e373b517052b,7840b325-db2d-4603-9c19-5ec8b30c1afd,c2,None,1596,?,i1,
1769501025.676959,SENT,a56859c6-693f-4cae-a396-beb259961054,d5ff85c4-6f69-4577-8b6e-a4478964db85,c5,DROP,1010,?,i1,
1769501025.6769986,FORWARDED,a56859c6-693f-4cae-a396-beb259961054,d5ff85c4-6f69-4577-8b6e-a4478964db85,c5,DROP,1010,?,i1,
1769501025.7032585,RECEIVED,4acb01da-807f-4e49-8116-df55993f7648,96dd6007-baf1-4c7f-9211-66721fb78e19,c2,DROP,1444,p2,?,
1769501025.7506416,RECEIVED,44a738cf-6d2b-4393-8755-7fc01ccb46ff,3d1eabd6-0f84-4c37-b2e1-3cbd1e27c81f,c1,DROP,441,x2,?,
1769501025.7917132,RECEIVED,e04d98a8-07a9-4173-b0c2-68456017b4bf,c86ac68c-eab4-49b1-93cf-30ae0813ab91,c3,DROP,1440,p3,?,
1769501025.8179958,RECEIVED,44df94b4-8547-435b-9a1c-edb9e032f9fb,8b1a25ec-b22e-4979-b636-12c66caec225,c2,DROP,1452,p2,?,
1769501025.8475232,RECEIVED,44e23c49-685d-4875-b23f-443956668f9c,c858b9f8-e920-4822-9140-eb2167fd23af,c3,DROP,441,x12,?,
1769501025.8940818,SENT,4acb01da-807f-4e49-8116-df55993f7648,96dd6007-baf1-4c7f-9211-66721fb78e19,c2,DROP,1009,?,i6,
1769501025.8941212,FORWARDED,4acb01da-807f-4e49-8116-df55993f7648,96dd6007-baf1-4c7f-9211-66721fb78e19,c2,DROP,1009,?,i6,
1769501025.9387257,RECEIVED,5c4e2bee-f82d-4da8-a79e-1f7a5459b881,4e3addb2-c84e-40ca-9048-0d3df6daa9a5,c1,DROP,1446,p1,?,
1769501025.9661636,SENT,5c4e2bee-f82d-4da8-a79e-1f7a5459b881,4e3addb2-c84e-40ca-9048-0d3df6daa9a5,c1,DROP,1009,?,i12,
1769501025.9662063,FORWARDED,5c4e2bee-f82d-4da8-a79e-1f7a5459b881,4e3addb2-c84e-40ca-9048-0d3df6daa9a5,c1,DROP,1009,?,i12,
1769501025.9685009,SENT,e861e4fb-4117-408e-9080-931ec59fd6a8,9b0f04b1-7aaa-49df-ab7f-706c01be0166,c1,c5,1766,?,i8,
1769501025.9685462,FORWARDED,e861e4fb-4117-408e-9080-931ec59fd6a8,9b0f04b1-7aaa-49df-ab7f-706c01be0166,c1,c5,1766,?,i8,
1769501026.1418524,RECEIVED,8940a6e5-dfa1-48a0-89e1-fdfa2a3a62fe,f9b67065-c567-4859-9a44-4d5ed3fd0e6a,c5,DROP,1446,p2,?,
1769501026.1430638,SENT,44df94b4-8547-435b-9a1c-edb9e032f9fb,8b1a25ec-b22e-4979-b636-12c66caec225,c2,DROP,1015,?,i12,
1769501026.1431038,FORWARDED,44df94b4-8547-435b-9a1c-edb9e032f9fb,8b1a25ec-b22e-4979-b636-12c66caec225,c2,DROP,1015,?,i12,
1769501026.1439924,RECEIVED,45f95b0e-8ef6-4fad-9047-26bada1793a1,7c3b50a4-9aa9-4b9a-8101-0d3cf6a6effb,c1,DROP,1440,p1,?,
1769501026.3402252,RECEIVED,5c859728-cd5e-4833-9ccf-7853f742d14d,93d05324-3de0-4c66-b08f-c15cd505dda2,c2,DROP,1440,p2,?,
1769501026.3671165,SENT,45f95b0e-8ef6-4fad-9047-26bada1793a1,7c3b50a4-9aa9-4b9a-8101-0d3cf6a6effb,c1,DROP,1007,?,i6,
1769501026.3671598,FORWARDED,45f95b0e-8ef6-4fad-9047-26bada1793a1,7c3b50a4-9aa9-4b9a-8101-0d3cf6a6effb,c1,DROP,1007,?,i6,
1769501026.4270377,SENT,5c859728-cd5e-4833-9ccf-7853f742d14d,93d05324-3de0-4c66-b08f-c15cd505dda2,c2,DROP,1008,?,i9,
1769501026.4270868,FORWARDED,5c859728-cd5e-4833-9ccf-7853f742d14d,93d05324-3de0-4c66-b08f-c15cd505dda2,c2,DROP,1008,?,i9,
1769501026.4510934,SENT,4c488448-94cb-428e-b077-b2ae61b54311,55a9829b-5ad5-40a5-97e3-bf60f7c0ea59,c4,DROP,1011,?,i9,
1769501026.4511333,FORWARDED,4c488448-94cb-428e-b077-b2ae61b54311,55a9829b-5ad5-40a5-97e3-bf60f7c0ea59,c4,DROP,1011,?,i9,
1769501026.4617653,SENT,65aa5c12-bcac-48f8-8248-1f64db29b9aa,dac926c2-6104-492d-b426-3886654ef596,c5,DROP,1008,?,i5,
1769501026.461806,FORWARDED,65aa5c12-bcac-48f8-8248-1f64db29b9aa,dac926c2-6104-492d-b426-3886654ef596,c5,DROP,1008,?,i5,
1769501026.5097015,SENT,8940a6e5-dfa1-48a0-89e1-fdfa2a3a62fe,f9b67065-c567-4859-9a44-4d5ed3fd0e6a,c5,DROP,1012,?,i11,
1769501026.5097418,FORWARDED,8940a6e5-dfa1-48a0-89e1-fdfa2a3a62fe,f9b67065-c567-4859-9a44-4d5ed3fd0e6a,c5,DROP,1012,?,i11,
1769501026.5291045,RECEIVED,0f531576-b379-421c-9b5a-21cb2490dd8a,917220ac-e7f0-4f15-bc1f-5d35c8df1caf,c4,DROP,440,x6,?,
1769501026.6019394,RECEIVED,fd1f403e-28a7-42d4-8ec3-024e281ecd49,5ed0c66d-21f4-4b49-b3d4-770594f7a424,c2,None,2235,p2,?,
1769501026.602068,RECEIVED,c3d4f946-1601-444e-b8fe-6e8c409d79f8,432f1cda-d969-4f2e-ba49-e3f763fc09be,c4,None,2233,p1,?,
1769501026.7217636,SENT,c3d4f946-1601-444e-b8fe-6e8c409d79f8,432f1cda-d969-4f2e-ba49-e3f763fc09be,c4,None,1600,?,i10,
1769501026.7218065,FORWARDED,c3d4f946-1601-444e-b8fe-6e8c409d79f8,432f1cda-d969-4f2e-ba49-e3f763fc09be,c4,None,1600,?,i10,
1769501026.7797165,SENT,e04d98a8-07a9-4173-b0c2-68456017b4bf,c86ac68c-eab4-49b1-93cf-30ae0813ab91,c3,DROP,1008,?,i10,
1769501026.779776,FORWARDED,e04d98a8-07a9-4173-b0c2-68456017b4bf,c86ac68c-eab4-49b1-93cf-30ae0813ab91,c3,DROP,1008,?,i10,
1769501026.8665326,SENT,fd1f403e-28a7-42d4-8ec3-024e281ecd49,5ed0c66d-21f4-4b49-b3d4-770594f7a424,c2,None,1603,?,i8,
1769501026.8665764,FORWARDED,fd1f403e-28a7-42d4-8ec3-024e281ecd49,5ed0c66d-21f4-4b49-b3d4-770594f7a424,c2,None,1603,?,i8,
1769501027.0759757,RECEIVED,f2319cdf-3990-49ef-959b-c54a40b6d642,49fb0aed-6331-4d87-98ca-7ec1e9b6b33c,c5,DROP,1455,p2,?,
1769501027.082419,RECEIVED,9e974c0f-dd55-459f-a7c1-340352706fd4,9e55edc1-2bf7-4f6a-8438-8856ca74bbda,c3,c4,2463,p3,?,
1769501027.2544653,RECEIVED,89d2fc7a-77c4-4f12-a0ee-7573ad088978,5342bdd4-604f-49e3-9e1c-61f7db24ebd6,c1,c5,2464,p1,?,
1769501027.3259678,SENT,89d2fc7a-77c4-4f12-a0ee-7573ad088978,5342bdd4-604f-49e3-9e1c-61f7db24ebd6,c1,c5,1775,?,i9,
1769501027.3260064,FORWARDED,89d2fc7a-77c4-4f12-a0ee-7573ad088978,5342bdd4-604f-49e3-9e1c-61f7db24ebd6,c1,c5,1775,?,i9,
1769501027.3937402,RECEIVED,da36ac1c-196a-4bb5-a032-92911a62e240,36a6e315-e1b1-4148-8403-7a6069a1c038,c2,DROP,1440,p2,?,
1769501027.4570801,SENT,f2319cdf-3990-49ef-959b-c54a40b6d642,49fb0aed-6331-4d87-98ca-7ec1e9b6b33c,c5,DROP,1020,?,i6,
1769501027.4571242,FORWARDED,f2319cdf-3990-49ef-959b-c54a40b6d642,49fb0aed-6331-4d87-98ca-7ec1e9b6b33c,c5,DROP,1020,?,i6,
1769501027.617405,RECEIVED,bb2d287d-8797-4535-8b82-ae302b97eddc,e82e2d68-2b5c-49a2-a81e-566d4ccb53c5,c3,DROP,1443,p3,?,
1769501027.724061,RECEIVED,ee7a6b45-e439-4188-9f6c-b6b1da371b41,3e4b9d5b-b52c-4e4a-af2b-c0b53bbda0ea,c1,DROP,1450,p1,?,
1769501027.7336786,SENT,ee7a6b45-e439-4188-9f6c-b6b1da371b41,3e4b9d5b-b52c-4e4a-af2b-c0b53bbda0ea,c1,DROP,1012,?,i1,
1769501027.73372,FORWARDED,ee7a6b45-e439-4188-9f6c-b6b1da371b41,3e4b9d5b-b52c-4e4a-af2b-c0b53bbda0ea,c1,DROP,1012,?,i1,
1769501027.7359755,SENT,da36ac1c-196a-4bb5-a032-92911a62e240,36a6e315-e1b1-4148-8403-7a6069a1c038,c2,DROP,1008,?,i9,
1769501027.7360187,FORWARDED,da36ac1c-196a-4bb5-a032-92911a62e240,36a6e315-e1b1-4148-8403-7a6069a1c038,c2,DROP,1008,?,i9,
1769501027.837827,RECEIVED,def9bbc2-6ae5-4aea-b378-efe71e181274,1dec60f0-fca2-4092-b3be-c6f9b6e00b80,c3,DROP,1456,p3,?,
1769501027.8549268,SENT,9e974c0f-dd55-459f-a7c1-340352706fd4,9e55edc1-2bf7-4f6a-8438-8856ca74bbda,c3,c4,1776,?,i4,
1769501027.8549714,FORWARDED,9e974c0f-dd55-459f-a7c1-340352706fd4,9e55edc1-2bf7-4f6a-8438-8856ca74bbda,c3,c4,1776,?,i4,
1769501027.8812108,RECEIVED,6d394a77-e344-421b-9bdb-7fb549d34f37,f49422f3-ba15-48d1-97cf-44b3c2873885,c3,DROP,1443,p3,?,
1769501027.9671457,RECEIVED,dd46c7c2-c110-428b-81b0-ead9c5ec81f9,17f31c41-5160-43eb-9fdb-ecb60fcf9f64,c5,None,2235,p2,?,
1769501027.9777846,SENT,bb2d287d-8797-4535-8b82-ae302b97eddc,e82e2d68-2b5c-49a2-a81e-566d4ccb53c5,c3,DROP,1011,?,i4,
1769501027.9778302,FORWARDED,bb2d287d-8797-4535-8b82-ae302b97eddc,e82e2d68-2b5c-49a2-a81e-566d4ccb53c5,c3,DROP,1011,?,i4,
1769501027.9882147,RECEIVED,7cbfa483-6a50-419c-8cd3-91d1a14ad413,a94b33a3-e0fe-42a5-837c-7d3e6bae8f15,c4,DROP,1445,p1,?,
1769501028.0191631,RECEIVED,5decf686-de1c-43b1-8319-b74e9bb935cd,70550e63-b8d7-429e-a0a9-d32ff7c1599c,c5,c2,2463,p2,?,
1769501028.0245686,SENT,def9bbc2-6ae5-4aea-b378-efe71e181274,1dec60f0-fca2-4092-b3be-c6f9b6e00b80,c3,DROP,1019,?,i7,
1769501028.0246093,FORWARDED,def9bbc2-6ae5-4aea-b378-efe71e181274,1dec60f0-fca2-4092-b3be-c6f9b6e00b80,c3,DROP,1019,?,i7,
1769501028.0587804,RECEIVED,3e62dc53-d270-4d19-8cd1-0cfe56686c19,96baa812-5f86-4376-8c98-f80b9d1fd823,c5,c2,2471,p2,?,
1769501028.0656033,RECEIVED,493f656d-68af-4741-a35b-13e4df70c6de,cd71475f-a2c9-4677-bf83-792b62292358,c1,DROP,1444,p1,?,
1769501028.104862,SENT,6d394a77-e344-421b-9bdb-7fb549d34f37,f49422f3-ba15-48d1-97cf-44b3c2873885,c3,DROP,1011,?,i5,
1769501028.104901,FORWARDED,6d394a77-e344-421b-9bdb-7fb549d34f37,f49422f3-ba15-48d1-97cf-44b3c2873885,c3,DROP,1011,?,i5,
1769501028.169584,SENT,7cbfa483-6a50-419c-8cd3-91d1a14ad413,a94b33a3-e0fe-42a5-837c-7d3e6bae8f15,c4,DROP,1009,?,i12,
1769501028.169623,FORWARDED,7cbfa483-6a50-419c-8cd3-91d1a14ad413,a94b33a3-e0fe-42a5-837c-7d3e6bae8f15,c4,DROP,1009,?,i12,
1769501028.274019,SENT,493f656d-68af-4741-a35b-13e4df70c6de,cd71475f-a2c9-4677-bf83-792b62292358,c1,DROP,1010,?,i4,
1769501028.2740657,FORWARDED,493f656d-68af-4741-a35b-13e4df70c6de,cd71475f-a2c9-4677-bf83-792b62292358,c1,DROP,1010,?,i4,
1769501028.2772489,SENT,dd46c7c2-c110-428b-81b0-ead9c5ec81f9,17f31c41-5160-43eb-9fdb-ecb60fcf9f64,c5,None,1603,?,i6,
1769501028.277289,FORWARDED,dd46c7c2-c110-428b-81b0-ead9c5ec81f9,17f31c41-5160-43eb-9fdb-ecb60fcf9f64,c5,None,1603,?,i6,
1769501028.4398763,RECEIVED,0d2ec1ca-2dde-4a22-8881-9468b0ad5bf1,530d9c7d-be1a-4767-9952-3db1fbad41ad,c3,DROP,1440,p3,?,
1769501028.4547195,RECEIVED,af5f00c6-bca8-425c-889c-6d43f8904cbb,f2e49107-33be-4ad3-b9d6-90b847bc2b18,c4,DROP,1440,p1,?,
1769501028.5059817,SENT,af5f00c6-bca8-425c-889c-6d43f8904cbb,f2e49107-33be-4ad3-b9d6-90b847bc2b18,c4,DROP,1008,?,i4,
1769501028.5060222,FORWARDED,af5f00c6-bca8-425c-889c-6d43f8904cbb,f2e49107-33be-4ad3-b9d6-90b847bc2b18,c4,DROP,1008,?,i4,
1769501028.61673,SENT,5decf686-de1c-43b1-8319-b74e9bb935cd,70550e63-b8d7-429e-a0a9-d32ff7c1599c,c5,c2,1775,?,i9,
1769501028.6167803,FORWARDED,5decf686-de1c-43b1-8319-b74e9bb935cd,70550e63-b8d7-429e-a0a9-d32ff7c1599c,c5,c2,1775,?,i9,
1769501028.6324697,RECEIVED,a780db64-7da8-4116-9368-2197ca91e266,15b8dc44-78bb-4919-a2cb-94be56e7deb2,c3,DROP,1446,p3,?,
1769501028.6396897,SENT,3e62dc53-d270-4d19-8cd1-0cfe56686c19,96baa812-5f86-4376-8c98-f80b9d1fd823,c5,c2,1780,?,i7,
1769501028.639733,FORWARDED,3e62dc53-d270-4d19-8cd1-0cfe56686c19,96baa812-5f86-4376-8c98-f80b9d1fd823,c5,c2,1780,?,i7,
1769501028.7373545,RECEIVED,d2131dd0-8363-4acd-83f6-591535059afb,f981c54d-5558-406e-b911-4881f6922e40,c4,DROP,1445,p1,?,
1769501028.8365598,RECEIVED,d740d965-847d-4ae3-87c1-9d637a7bd141,9e893b36-6f8f-4fbf-bd00-d974697166ff,c4,DROP,1457,p1,?,
1769501028.8498967,RECEIVED,15c10f9e-3cde-48ee-9168-0e3f5806f869,7a73e0ab-6098-48b0-8540-7db2120b9b72,c1,DROP,1448,p1,?,
1769501028.879675,RECEIVED,aede31c6-0cf0-4308-b62d-7645a751dc66,3465af42-78f6-4ac0-9499-e504facd226a,c5,DROP,445,x10,?,
1769501028.89119,SENT,d2131dd0-8363-4acd-83f6-591535059afb,f981c54d-5558-406e-b911-4881f6922e40,c4,DROP,1009,?,i12,
1769501028.8912287,FORWARDED,d2131dd0-8363-4acd-83f6-591535059afb,f981c54d-5558-406e-b911-4881f6922e40,c4,DROP,1009,?,i12,
1769501028.904947,SENT,d740d965-847d-4ae3-87c1-9d637a7bd141,9e893b36-6f8f-4fbf-bd00-d974697166ff,c4,DROP,1020,?,i12,
1769501028.9050834,FORWARDED,d740d965-847d-4ae3-87c1-9d637a7bd141,9e893b36-6f8f-4fbf-bd00-d974697166ff,c4,DROP,1020,?,i12,
1769501028.9368818,SENT,0d2ec1ca-2dde-4a22-8881-9468b0ad5bf1,530d9c7d-be1a-4767-9952-3db1fbad41ad,c3,DROP,1007,?,i11,
1769501028.9369242,FORWARDED,0d2ec1ca-2dde-4a22-8881-9468b0ad5bf1,530d9c7d-be1a-4767-9952-3db1fbad41ad,c3,DROP,1007,?,i11,
1769501029.002142,RECEIVED,630e3920-f8aa-40f8-b017-91b99a351c28,0b4fbd1d-0dc8-411e-b83f-0b2d8d8fe520,c3,DROP,443,x2,?,
1769501029.1354628,SENT,15c10f9e-3cde-48ee-9168-0e3f5806f869,7a73e0ab-6098-48b0-8540-7db2120b9b72,c1,DROP,1012,?,i1,
1769501029.135505,FORWARDED,15c10f9e-3cde-48ee-9168-0e3f5806f869,7a73e0ab-6098-48b0-8540-7db2120b9b72,c1,DROP,1012,?,i1,
1769501029.2686486,RECEIVED,1636c304-0911-419f-b142-f7b8dbcff59e,b9b2c269-3b95-419f-b674-af40cdbcb0b3,c1,c5,2447,p1,?,
1769501029.3262422,RECEIVED,8f3a009d-b1b2-47ad-acc7-f43d307cfe72,47839f7f-7246-4de8-8531-9d85f8fc580c,c3,c4,2464,p3,?,
1769501029.453187,RECEIVED,f484ef7f-6ff9-47ae-b11e-80f27ba0499f,bb084dbb-9e31-44a2-931c-71c0189fdf85,c4,DROP,1441,p1,?,
1769501029.5455039,RECEIVED,6fe8b729-6920-4620-a0f0-1dd5a560e24b,837884cd-bfc4-4b4e-a182-3b84e0ac33fe,c3,DROP,442,x7,?,
1769501029.555682,SENT,f484ef7f-6ff9-47ae-b11e-80f27ba0499f,bb084dbb-9e31-44a2-931c-71c0189fdf85,c4,DROP,1008,?,i11,
1769501029.55572,FORWARDED,f484ef7f-6ff9-47ae-b11e-80f27ba0499f,bb084dbb-9e31-44a2-931c-71c0189fdf85,c4,DROP,1008,?,i11,
1769501029.6347394,RECEIVED,a6084f72-1a67-45ad-ad7c-3cea0fbaa3e8,b7f4765b-8fed-45f4-8e61-33bb097f81b6,c1,DROP,442,x10,?,
1769501029.6424754,RECEIVED,13e15e01-4b65-43f2-88b5-adaf9f02fb80,59905e0f-a8c9-4101-964e-f1b0ee59e648,c1,DROP,1453,p1,?,
1769501029.7036455,SENT,13e15e01-4b65-43f2-88b5-adaf9f02fb80,59905e0f-a8c9-4101-964e-f1b0ee59e648,c1,DROP,1016,?,i2,
1769501029.7036886,FORWARDED,13e15e01-4b65-43f2-88b5-adaf9f02fb80,59905e0f-a8c9-4101-964e-f1b0ee59e648,c1,DROP,1016,?,i2,
1769501029.7314472,RECEIVED,c88e0a0b-8406-4655-8d27-1ca223503a8b,64ef104f-f2f4-49b1-8c49-13ab36024c16,c1,None,2239,p1,?,
1769501029.910448,RECEIVED,85cd5805-2275-4618-a6d3-49bec68c88ba,5b8c0dd1-9a1c-441f-b242-81cf9ee0a4b6,c4,DROP,1463,p1,?,
1769501030.0014741,RECEIVED,622cb48d-30d7-421d-9e6f-7620103563e5,2891104c-45c3-4f2d-bdb8-3d9d130d18b6,c5,DROP,1435,p2,?,
1769501030.0935934,SENT,8f3a009d-b1b2-47ad-acc7-f43d307cfe72,47839f7f-7246-4de8-8531-9d85f8fc580c,c3,c4,1775,?,i12,
1769501030.0936356,FORWARDED,8f3a009d-b1b2-47ad-acc7-f43d307cfe72,47839f7f-7246-4de8-8531-9d85f8fc580c,c3,c4,1775,?,i12,
1769501030.2697494,SENT,c88e0a0b-8406-4655-8d27-1ca223503a8b,64ef104f-f2f4-49b1-8c49-13ab36024c16,c1,None,1608,?,i6,
1769501030.269792,FORWARDED,c88e0a0b-8406-4655-8d27-1ca223503a8b,64ef104f-f2f4-49b1-8c49-13ab36024c16,c1,None,1608,?,i6,
1769501030.2745354,SENT,85cd5805-2275-4618-a6d3-49bec68c88ba,5b8c0dd1-9a1c-441f-b242-81cf9ee0a4b6,c4,DROP,1025,?,i2,
1769501030.2745783,FORWARDED,85cd5805-2275-4618-a6d3-49bec68c88ba,5b8c0dd1-9a1c-441f-b242-81cf9ee0a4b6,c4,DROP,1025,?,i2,
1769501030.3625433,SENT,1636c304-0911-419f-b142-f7b8dbcff59e,b9b2c269-3b95-419f-b674-af40cdbcb0b3,c1,c5,1764,?,i6,
1769501030.3625817,FORWARDED,1636c304-0911-419f-b142-f7b8dbcff59e,b9b2c269-3b95-419f-b674-af40cdbcb0b3,c1,c5,1764,?,i6,
1769501030.432797,SENT,a780db64-7da8-4116-9368-2197ca91e266,15b8dc44-78bb-4919-a2cb-94be56e7deb2,c3,DROP,1012,?,i9,
1769501030.4328349,FORWARDED,a780db64-7da8-4116-9368-2197ca91e266,15b8dc44-78bb-4919-a2cb-94be56e7deb2,c3,DROP,1012,?,i9,
1769501030.4500391,RECEIVED,19f54ec6-fe31-48a7-81a7-59049f8b2a8b,ff13cd10-09f3-49f8-98dd-f634bca72383,c4,DROP,442,x5,?,
1769501030.8712938,RECEIVED,298c8a06-9706-47fd-91ad-169d45abde6f,648b10ac-137a-47c8-aa01-6bd88b079d2f,c2,DROP,1440,p2,?,
1769501030.871617,RECEIVED,44b79020-15d9-45b5-b87d-e4173568c613,dd979b48-7e3f-441b-a60b-81e9b3bf7f3b,c4,None,2240,p1,?,
1769501030.9133785,RECEIVED,4fab0b34-b02a-40ec-8c97-47142e82a9e0,8a6fcbf9-fafc-4ec9-ae54-6d22a09091c8,c5,c2,2464,p2,?,
1769501031.080668,SENT,298c8a06-9706-47fd-91ad-169d45abde6f,648b10ac-137a-47c8-aa01-6bd88b079d2f,c2,DROP,1007,?,i7,
1769501031.080711,FORWARDED,298c8a06-9706-47fd-91ad-169d45abde6f,648b10ac-137a-47c8-aa01-6bd88b079d2f,c2,DROP,1007,?,i7,
1769501031.163433,SENT,44b79020-15d9-45b5-b87d-e4173568c613,dd979b48-7e3f-441b-a60b-81e9b3bf7f3b,c4,None,1607,?,i2,
1769501031.1634767,FORWARDED,44b79020-15d9-45b5-b87d-e4173568c613,dd979b48-7e3f-441b-a60b-81e9b3bf7f3b,c4,None,1607,?,i2,
1769501031.1756413,SENT,622cb48d-30d7-421d-9e6f-7620103563e5,2891104c-45c3-4f2d-bdb8-3d9d130d18b6,c5,DROP,1004,?,i4,
1769501031.1756797,FORWARDED,622cb48d-30d7-421d-9e6f-7620103563e5,2891104c-45c3-4f2d-bdb8-3d9d130d18b6,c5,DROP,1004,?,i4,
1769501031.1811292,SENT,4fab0b34-b02a-40ec-8c97-47142e82a9e0,8a6fcbf9-fafc-4ec9-ae54-6d22a09091c8,c5,c2,1774,?,i2,
1769501031.1811707,FORWARDED,4fab0b34-b02a-40ec-8c97-47142e82a9e0,8a6fcbf9-fafc-4ec9-ae54-6d22a09091c8,c5,c2,1774,?,i2,
1769501031.375181,RECEIVED,7b3999d6-1cf7-4d64-8296-588390aedbac,cd30473a-359f-4c50-9be4-dfa659e54883,c5,None,2223,p2,?,
1769501031.3933017,RECEIVED,89ca2299-de6d-4f7c-8ccf-f937941531f2,446a9cd5-65e2-4977-a807-0aef9d9a7674,c2,DROP,440,x2,?,
1769501031.5606372,SENT,7b3999d6-1cf7-4d64-8296-588390aedbac,cd30473a-359f-4c50-9be4-dfa659e54883,c5,None,1596,?,i3,
1769501031.5606792,FORWARDED,7b3999d6-1cf7-4d64-8296-588390aedbac,cd30473a-359f-4c50-9be4-dfa659e54883,c5,None,1596,?,i3,
1769501031.59872,RECEIVED,94e04645-a5a8-4e5e-bf14-5c23ddcfc0d0,189a7801-c2f0-42b9-a45e-525f56a81f48,c4,DROP,441,x10,?,
1769501031.7234585,RECEIVED,a9c67cc7-cdf6-43c8-b0bc-021edbe29143,60e03e22-5fae-453b-a6eb-eb252b4784c8,c3,DROP,1441,p3,?,
1769501031.7874572,RECEIVED,9f0776e0-f9fb-4a59-b248-a0bc6f0e949b,e92675e0-6752-49b0-83b8-00825cca54da,c4,DROP,1441,p1,?,
1769501031.8246758,SENT,a9c67cc7-cdf6-43c8-b0bc-021edbe29143,60e03e22-5fae-453b-a6eb-eb252b4784c8,c3,DROP,1007,?,i11,
1769501031.8247173,FORWARDED,a9c67cc7-cdf6-43c8-b0bc-021edbe29143,60e03e22-5fae-453b-a6eb-eb252b4784c8,c3,DROP,1007,?,i11,
1769501031.829007,RECEIVED,4daddde6-64b2-4b62-aafd-863825d3b20b,d341b04b-8573-4a5e-9a0d-bcdc1891bc89,c1,DROP,1460,p1,?,
1769501031.843851,SENT,9f0776e0-f9fb-4a59-b248-a0bc6f0e949b,e92675e0-6752-49b0-83b8-00825cca54da,c4,DROP,1008,?,i6,
1769501031.8439186,FORWARDED,9f0776e0-f9fb-4a59-b248-a0bc6f0e949b,e92675e0-6752-49b0-83b8-00825cca54da,c4,DROP,1008,?,i6,
1769501031.8593717,RECEIVED,49d6b855-a8bb-46bb-bf48-80a5d55b60af,ba721449-6e3a-44d7-b689-670a9d8425b8,c1,DROP,1439,p1,?,
1769501031.8871183,SENT,4daddde6-64b2-4b62-aafd-863825d3b20b,d341b04b-8573-4a5e-9a0d-bcdc1891bc89,c1,DROP,1022,?,i1,
1769501031.8871613,FORWARDED,4daddde6-64b2-4b62-aafd-863825d3b20b,d341b04b-8573-4a5e-9a0d-bcdc1891bc89,c1,DROP,1022,?,i1,
1769501031.8948472,RECEIVED,8ebd20b4-1866-4fbd-aefb-6f02e22c40c2,b7b94c7c-16a8-4e3e-a20a-c0f5d7a4e530,c1,DROP,1439,p1,?,
1769501031.9077108,RECEIVED,58c65e71-49a5-45a1-8ab1-f1cbda4fcbd5,83242912-f08a-44aa-859b-007231ccb22e,c5,DROP,442,x8,?,
1769501032.1929393,RECEIVED,008d7929-af94-4357-badf-f0898a93f829,d4f29e49-b5ac-4212-902c-e3b76f02ea9f,c4,DROP,1439,p1,?,
1769501032.2261133,RECEIVED,2c581bd2-08a3-4648-a665-644f5c47d669,5764f5e6-2044-46a9-bde0-5031375c2064,c4,DROP,1452,p1,?,
1769501032.2261767,SENT,8ebd20b4-1866-4fbd-aefb-6f02e22c40c2,b7b94c7c-16a8-4e3e-a20a-c0f5d7a4e530,c1,DROP,1007,?,i8,
1769501032.2263582,FORWARDED,8ebd20b4-1866-4fbd-aefb-6f02e22c40c2,b7b94c7c-16a8-4e3e-a20a-c0f5d7a4e530,c1,DROP,1007,?,i8,
1769501032.2378454,RECEIVED,af698e8a-a8db-4f80-b52c-bb18489eb8a0,ad8cab38-58b6-4a39-8c1f-3b738364a6ab,c5,DROP,1443,p2,?,
1769501032.334577,RECEIVED,a9e4c3ca-62ca-4c72-bcab-2cda0d1941bb,58f0ef33-1ade-4944-8876-cb9fca4f3715,c5,DROP,1440,p2,?,
1769501032.3472862,SENT,2c581bd2-08a3-4648-a665-644f5c47d669,5764f5e6-2044-46a9-bde0-5031375c2064,c4,DROP,1016,?,i7,
1769501032.3473291,FORWARDED,2c581bd2-08a3-4648-a665-644f5c47d669,5764f5e6-2044-46a9-bde0-5031375c2064,c4,DROP,1016,?,i7,
1769501032.3610811,RECEIVED,b89c45ca-aec5-4f78-9544-aa1000fb49ba,4aec062a-aa73-4f27-96c3-d24ea110184f,c3,DROP,1442,p3,?,
1769501032.4325511,SENT,b89c45ca-aec5-4f78-9544-aa1000fb49ba,4aec062a-aa73-4f27-96c3-d24ea110184f,c3,DROP,1008,?,i10,
1769501032.4325922,FORWARDED,b89c45ca-aec5-4f78-9544-aa1000fb49ba,4aec062a-aa73-4f27-96c3-d24ea110184f,c3,DROP,1008,?,i10,
1769501032.4351397,SENT,a9e4c3ca-62ca-4c72-bcab-2cda0d1941bb,58f0ef33-1ade-4944-8876-cb9fca4f3715,c5,DROP,1007,?,i9,
1769501032.4351823,FORWARDED,a9e4c3ca-62ca-4c72-bcab-2cda0d1941bb,58f0ef33-1ade-4944-8876-cb9fca4f3715,c5,DROP,1007,?,i9,
1769501032.4706807,RECEIVED,d57f145f-dd31-4011-ab51-1d9c1b2a44b3,138f6176-d73e-4baa-85b3-8860d53e9454,c1,None,2228,p1,?,
1769501032.4909585,SENT,008d7929-af94-4357-badf-f0898a93f829,d4f29e49-b5ac-4212-902c-e3b76f02ea9f,c4,DROP,1007,?,i5,
1769501032.4909997,FORWARDED,008d7929-af94-4357-badf-f0898a93f829,d4f29e49-b5ac-4212-902c-e3b76f02ea9f,c4,DROP,1007,?,i5,
1769501032.5352957,RECEIVED,3de0d9e9-cfb9-4f5a-a965-260d4f35d891,1cb7bc64-e804-4a9c-8106-a6eb4a47d9de,c5,DROP,1439,p2,?,
1769501032.554812,RECEIVED,4451f2c5-8567-438d-b68e-3f8c4b31b950,29e91e8a-bf94-434c-bd67-39de398f4d09,c3,DROP,1441,p3,?,
1769501032.57273,SENT,49d6b855-a8bb-46bb-bf48-80a5d55b60af,ba721449-6e3a-44d7-b689-670a9d8425b8,c1,DROP,1007,?,i2,
1769501032.5727715,FORWARDED,49d6b855-a8bb-46bb-bf48-80a5d55b60af,ba721449-6e3a-44d7-b689-670a9d8425b8,c1,DROP,1007,?,i2,
1769501032.6099625,SENT,4451f2c5-8567-438d-b68e-3f8c4b31b950,29e91e8a-bf94-434c-bd67-39de398f4d09,c3,DROP,1008,?,i11,
1769501032.6100032,FORWARDED,4451f2c5-8567-438d-b68e-3f8c4b31b950,29e91e8a-bf94-434c-bd67-39de398f4d09,c3,DROP,1008,?,i11,
1769501032.6462226,RECEIVED,f9adce06-834a-4b48-97e8-de9e6f878754,bf83c81e-881f-4ce6-8592-dea82cd68043,c5,DROP,442,x2,?,
1769501032.764739,RECEIVED,573bf6fc-74a8-42ed-bbfb-7806a14c4975,33ffbd15-ef4d-4b44-9894-03d14ad61536,c5,DROP,1440,p2,?,
1769501032.7715523,RECEIVED,c05f6d8e-bf41-4c64-9bf2-c2ee5c4a10f9,3aff9bcd-86ce-4435-a002-b327b6d2d7b9,c5,None,2231,p2,?,
1769501032.7744823,RECEIVED,df225c22-62b2-480e-bbf3-f9c638939db3,971facd6-4c74-43fd-9317-b47951540420,c1,DROP,1449,p1,?,
1769501032.7999256,SENT,df225c22-62b2-480e-bbf3-f9c638939db3,971facd6-4c74-43fd-9317-b47951540420,c1,DROP,1012,?,i1,
1769501032.7999685,FORWARDED,df225c22-62b2-480e-bbf3-f9c638939db3,971facd6-4c74-43fd-9317-b47951540420,c1,DROP,1012,?,i1,
1769501032.8025315,SENT,3de0d9e9-cfb9-4f5a-a965-260d4f35d891,1cb7bc64-e804-4a9c-8106-a6eb4a47d9de,c5,DROP,1007,?,i6,
1769501032.8025727,FORWARDED,3de0d9e9-cfb9-4f5a-a965-260d4f35d891,1cb7bc64-e804-4a9c-8106-a6eb4a47d9de,c5,DROP,1007,?,i6,
1769501032.8322675,SENT,573bf6fc-74a8-42ed-bbfb-7806a14c4975,33ffbd15-ef4d-4b44-9894-03d14ad61536,c5,DROP,1006,?,i5,
1769501032.832312,FORWARDED,573bf6fc-74a8-42ed-bbfb-7806a14c4975,33ffbd15-ef4d-4b44-9894-03d14ad61536,c5,DROP,1006,?,i5,
1769501032.8843038,RECEIVED,5432bb16-8e07-4fef-b27b-46dc3ad58ac6,2d900c33-2baf-4dd5-bc5c-987f2a370a67,c2,None,2224,p2,?,
1769501033.1436696,SENT,5432bb16-8e07-4fef-b27b-46dc3ad58ac6,2d900c33-2baf-4dd5-bc5c-987f2a370a67,c2,None,1596,?,i2,
1769501033.1437218,FORWARDED,5432bb16-8e07-4fef-b27b-46dc3ad58ac6,2d900c33-2baf-4dd5-bc5c-987f2a370a67,c2,None,1596,?,i2,
1769501033.1951132,SENT,c05f6d8e-bf41-4c64-9bf2-c2ee5c4a10f9,3aff9bcd-86ce-4435-a002-b327b6d2d7b9,c5,None,1600,?,i6,
1769501033.1951551,FORWARDED,c05f6d8e-bf41-4c64-9bf2-c2ee5c4a10f9,3aff9bcd-86ce-4435-a002-b327b6d2d7b9,c5,None,1600,?,i6,
1769501033.1981404,SENT,d57f145f-dd31-4011-ab51-1d9c1b2a44b3,138f6176-d73e-4baa-85b3-8860d53e9454,c1,None,1599,?,i11,
1769501033.1981816,FORWARDED,d57f145f-dd31-4011-ab51-1d9c1b2a44b3,138f6176-d73e-4baa-85b3-8860d53e9454,c1,None,1599,?,i11,
1769501033.2135649,RECEIVED,757796d8-9285-4a4d-8d63-9d702594bcf6,b2013e88-42c9-462e-91c3-8bd3fe5755da,c2,DROP,1442,p2,?,
1769501033.2231884,SENT,af698e8a-a8db-4f80-b52c-bb18489eb8a0,ad8cab38-58b6-4a39-8c1f-3b738364a6ab,c5,DROP,1011,?,i5,
1769501033.223233,FORWARDED,af698e8a-a8db-4f80-b52c-bb18489eb8a0,ad8cab38-58b6-4a39-8c1f-3b738364a6ab,c5,DROP,1011,?,i5,
1769501033.4140706,RECEIVED,fc588769-8cca-4657-8ee4-23368af73acc,3216a554-bda3-45a7-ab4d-c1fe9e30dfda,c5,c2,2472,p2,?,
1769501033.4168222,RECEIVED,db013651-fca2-45aa-b23d-c4e620b545d8,bbf22d7f-866d-4c9e-bf90-1c04163a23e3,c4,DROP,1438,p1,?,
1769501033.5746412,RECEIVED,3502e696-8ddb-4eec-bc5c-ebf9955e755f,65bd69de-5bf2-4def-a127-8030024991bb,c3,c4,2449,p3,?,
1769501033.6340983,SENT,3502e696-8ddb-4eec-bc5c-ebf9955e755f,65bd69de-5bf2-4def-a127-8030024991bb,c3,c4,1764,?,i5,
1769501033.6341412,FORWARDED,3502e696-8ddb-4eec-bc5c-ebf9955e755f,65bd69de-5bf2-4def-a127-8030024991bb,c3,c4,1764,?,i5,
1769501033.6370428,SENT,fc588769-8cca-4657-8ee4-23368af73acc,3216a554-bda3-45a7-ab4d-c1fe9e30dfda,c5,c2,1780,?,i4,
1769501033.6370888,FORWARDED,fc588769-8cca-4657-8ee4-23368af73acc,3216a554-bda3-45a7-ab4d-c1fe9e30dfda,c5,c2,1780,?,i4,
1769501033.700493,RECEIVED,ad8f4fb2-87c0-48ce-a9e8-4f956ccd69a1,cf54be13-d4e6-40a8-a731-11a5ee425f20,c4,DROP,1443,p1,?,
1769501034.008151,RECEIVED,2be573d6-d489-4e6c-a4c5-d7f329ef4a9d,0794264d-8501-4edd-a8de-ab089491e994,c1,DROP,1448,p1,?,
1769501034.0483298,RECEIVED,71102420-9761-4a54-87ec-e026db29f571,3b5992c6-b0c0-4f8f-9413-a299f8942649,c1,DROP,1451,p1,?,
1769501034.16752,SENT,db013651-fca2-45aa-b23d-c4e620b545d8,bbf22d7f-866d-4c9e-bf90-1c04163a23e3,c4,DROP,1008,?,i3,
1769501034.1675596,FORWARDED,db013651-fca2-45aa-b23d-c4e620b545d8,bbf22d7f-866d-4c9e-bf90-1c04163a23e3,c4,DROP,1008,?,i3,
1769501034.1762853,SENT,ad8f4fb2-87c0-48ce-a9e8-4f956ccd69a1,cf54be13-d4e6-40a8-a731-11a5ee425f20,c4,DROP,1011,?,i7,
1769501034.1763272,FORWARDED,ad8f4fb2-87c0-48ce-a9e8-4f956ccd69a1,cf54be13-d4e6-40a8-a731-11a5ee425f20,c4,DROP,1011,?,i7,
1769501034.271537,SENT,71102420-9761-4a54-87ec-e026db29f571,3b5992c6-b0c0-4f8f-9413-a299f8942649,c1,DROP,1016,?,i2,
1769501034.2715719,FORWARDED,71102420-9761-4a54-87ec-e026db29f571,3b5992c6-b0c0-4f8f-9413-a299f8942649,c1,DROP,1016,?,i2,
1769501034.398623,RECEIVED,8c7b1cbb-cb58-4237-b087-2c907a604549,cb99209f-1a0c-47e5-ae56-d4326bd91ec4,c3,None,2235,p3,?,
1769501034.586634,RECEIVED,f7e9b9aa-a892-49ed-bb51-48254fff4ccd,ce085314-57de-4870-a575-7b283dae7a8e,c4,DROP,442,x3,?,
1769501034.6369457,SENT,2be573d6-d489-4e6c-a4c5-d7f329ef4a9d,0794264d-8501-4edd-a8de-ab089491e994,c1,DROP,1012,?,i11,
1769501034.636989,FORWARDED,2be573d6-d489-4e6c-a4c5-d7f329ef4a9d,0794264d-8501-4edd-a8de-ab089491e994,c1,DROP,1012,?,i11,
1769501034.835216,RECEIVED,38f5fb10-d527-4ee6-bdd1-065a2f1ad77d,1174a54c-957d-4a38-a4a1-7145b3d29de9,c1,DROP,1443,p1,?,
1769501034.9075055,RECEIVED,b9af873c-6c71-43b5-9864-f9e331ca1f4a,75cad3ca-833e-49c0-b9e9-8f2f0ff1ce95,c2,DROP,1439,p2,?,
1769501034.9239032,SENT,8c7b1cbb-cb58-4237-b087-2c907a604549,cb99209f-1a0c-47e5-ae56-d4326bd91ec4,c3,None,1604,?,i8,
1769501034.9239461,FORWARDED,8c7b1cbb-cb58-4237-b087-2c907a604549,cb99209f-1a0c-47e5-ae56-d4326bd91ec4,c3,None,1604,?,i8,
1769501034.9851358,RECEIVED,1291419f-48ae-4733-a438-f978a6d5da56,3175747c-2eec-4f6b-bcaa-4c2879e79915,c4,DROP,1447,p1,?,
1769501035.000897,RECEIVED,18ab4d39-49a6-4fe5-92a2-ebb3d1bcf232,d0aa3cba-3138-4201-aceb-6bfbe09cdda5,c2,None,2223,p2,?,
1769501035.0479093,RECEIVED,1af1b7a7-014f-475e-9e7c-1ff72f1db06b,9151f1e2-0d88-45b4-98c4-aaaed185e367,c4,c3,2456,p1,?,
1769501035.0517292,RECEIVED,344afbc8-f6fc-4049-bc48-53121ff8bee8,4a0de41b-36a0-414b-8872-2f82842c62df,c3,None,2232,p3,?,
1769501035.231934,SENT,18ab4d39-49a6-4fe5-92a2-ebb3d1bcf232,d0aa3cba-3138-4201-aceb-6bfbe09cdda5,c2,None,1595,?,i6,
1769501035.2319717,FORWARDED,18ab4d39-49a6-4fe5-92a2-ebb3d1bcf232,d0aa3cba-3138-4201-aceb-6bfbe09cdda5,c2,None,1595,?,i6,
1769501035.2629797,SENT,1af1b7a7-014f-475e-9e7c-1ff72f1db06b,9151f1e2-0d88-45b4-98c4-aaaed185e367,c4,c3,1770,?,i8,
1769501035.2630227,FORWARDED,1af1b7a7-014f-475e-9e7c-1ff72f1db06b,9151f1e2-0d88-45b4-98c4-aaaed185e367,c4,c3,1770,?,i8,
1769501035.2650838,RECEIVED,4727240e-1e69-4593-be3c-22cc8209f66a,a4a3ee8b-6bca-480d-a3ab-ab7dcfb36d02,c4,DROP,1452,p1,?,
1769501035.412642,SENT,344afbc8-f6fc-4049-bc48-53121ff8bee8,4a0de41b-36a0-414b-8872-2f82842c62df,c3,None,1600,?,i4,
1769501035.4126842,FORWARDED,344afbc8-f6fc-4049-bc48-53121ff8bee8,4a0de41b-36a0-414b-8872-2f82842c62df,c3,None,1600,?,i4,
1769501035.5170248,SENT,4727240e-1e69-4593-be3c-22cc8209f66a,a4a3ee8b-6bca-480d-a3ab-ab7dcfb36d02,c4,DROP,1016,?,i5,
1769501035.517545,FORWARDED,4727240e-1e69-4593-be3c-22cc8209f66a,a4a3ee8b-6bca-480d-a3ab-ab7dcfb36d02,c4,DROP,1016,?,i5,
1769501035.5483375,RECEIVED,0898c474-071f-4e5c-b4b3-6edbfe7455bf,b290c17e-c3d8-4ff9-aeb7-e0f79bcf30c7,c4,DROP,441,x1,?,
1769501035.569857,SENT,38f5fb10-d527-4ee6-bdd1-065a2f1ad77d,1174a54c-957d-4a38-a4a1-7145b3d29de9,c1,DROP,1011,?,i4,
1769501035.5699,FORWARDED,38f5fb10-d527-4ee6-bdd1-065a2f1ad77d,1174a54c-957d-4a38-a4a1-7145b3d29de9,c1,DROP,1011,?,i4,
1769501035.600824,RECEIVED,12238945-7d8b-450d-85c5-b742cfa0bda9,d2c81092-2f1a-480e-ba5e-10c03a284b45,c2,DROP,442,x9,?,
1769501035.6611743,SENT,1291419f-48ae-4733-a438-f978a6d5da56,3175747c-2eec-4f6b-bcaa-4c2879e79915,c4,DROP,1012,?,i8,
1769501035.6612225,FORWARDED,1291419f-48ae-4733-a438-f978a6d5da56,3175747c-2eec-4f6b-bcaa-4c2879e79915,c4,DROP,1012,?,i8,
1769501035.693922,RECEIVED,ac3f7fa4-2451-439d-a7fb-cec306921bb2,a80d5c34-3b04-4b96-b4a2-63de572abe62,c4,DROP,1440,p1,?,
1769501035.706881,RECEIVED,fda9dd8d-3a65-4f5d-9446-7cf44928fe53,62a156e5-d0dc-4f68-b7bf-44707ba36c01,c1,DROP,442,x1,?,
1769501035.709758,RECEIVED,3f216fc3-1f25-49f3-8c38-0ed9d3cecf6c,3c25367f-9a79-4d84-8a89-145bbfa8af3a,c1,DROP,1439,p1,?,
1769501035.7301652,RECEIVED,63d700fb-7620-4dc7-8314-896d6de008d5,dd7f215e-a006-4f95-8a70-4dd5f1184b4b,c4,DROP,1439,p1,?,
1769501035.8616185,SENT,b9af873c-6c71-43b5-9864-f9e331ca1f4a,75cad3ca-833e-49c0-b9e9-8f2f0ff1ce95,c2,DROP,1008,?,i4,
1769501035.8616593,FORWARDED,b9af873c-6c71-43b5-9864-f9e331ca1f4a,75cad3ca-833e-49c0-b9e9-8f2f0ff1ce95,c2,DROP,1008,?,i4,
1769501035.8780844,RECEIVED,5af81103-7f1a-4475-905e-eb012ddd9c2e,474b7be7-3788-4d78-a8f8-213910f057db,c1,DROP,1440,p1,?,
1769501035.9826565,RECEIVED,d3777f67-de1c-4957-ad35-61019f81827f,860ea96b-e607-4f61-900f-34c9b0d9f7dd,c1,DROP,1439,p1,?,
1769501036.011381,SENT,5af81103-7f1a-4475-905e-eb012ddd9c2e,474b7be7-3788-4d78-a8f8-213910f057db,c1,DROP,1008,?,i5,
1769501036.0114155,FORWARDED,5af81103-7f1a-4475-905e-eb012ddd9c2e,474b7be7-3788-4d78-a8f8-213910f057db,c1,DROP,1008,?,i5,
1769501036.0252507,SENT,63d700fb-7620-4dc7-8314-896d6de008d5,dd7f215e-a006-4f95-8a70-4dd5f1184b4b,c4,DROP,1008,?,i6,
1769501036.0252953,FORWARDED,63d700fb-7620-4dc7-8314-896d6de008d5,dd7f215e-a006-4f95-8a70-4dd5f1184b4b,c4,DROP,1008,?,i6,
1769501036.135889,RECEIVED,eb0184b0-bbd8-4fe4-9252-56654e4055d1,b32c315a-3075-445a-81ce-c3d6d4bda77c,c4,DROP,1440,p1,?,
1769501036.179016,RECEIVED,7d3aff76-a297-4e2d-9f7e-f79c13d465ad,51434444-89ae-4c8e-82b1-1c8f25fd4bd4,c4,c3,2458,p1,?,
1769501036.2456648,SENT,3f216fc3-1f25-49f3-8c38-0ed9d3cecf6c,3c25367f-9a79-4d84-8a89-145bbfa8af3a,c1,DROP,1008,?,i9,
1769501036.2456994,FORWARDED,3f216fc3-1f25-49f3-8c38-0ed9d3cecf6c,3c25367f-9a79-4d84-8a89-145bbfa8af3a,c1,DROP,1008,?,i9,
1769501036.2680304,SENT,eb0184b0-bbd8-4fe4-9252-56654e4055d1,b32c315a-3075-445a-81ce-c3d6d4bda77c,c4,DROP,1008,?,i5,
1769501036.2681813,FORWARDED,eb0184b0-bbd8-4fe4-9252-56654e4055d1,b32c315a-3075-445a-81ce-c3d6d4bda77c,c4,DROP,1008,?,i5,
1769501036.334204,RECEIVED,771dd32e-f252-48cf-9c92-44e62325438d,d37ffb2e-fdaa-4270-a655-684468e12ee5,c5,c2,2466,p2,?,
1769501036.4607193,RECEIVED,a27b0dff-2e1a-4fed-84b2-a2bddb682474,581d5779-c1d6-4e6e-9ef7-37beb9710e80,c4,c3,2465,p1,?,
1769501036.492321,SENT,a27b0dff-2e1a-4fed-84b2-a2bddb682474,581d5779-c1d6-4e6e-9ef7-37beb9710e80,c4,c3,1775,?,i7,
1769501036.4923632,FORWARDED,a27b0dff-2e1a-4fed-84b2-a2bddb682474,581d5779-c1d6-4e6e-9ef7-37beb9710e80,c4,c3,1775,?,i7,
1769501036.5586925,SENT,ac3f7fa4-2451-439d-a7fb-cec306921bb2,a80d5c34-3b04-4b96-b4a2-63de572abe62,c4,DROP,1007,?,i11,
1769501036.5587316,FORWARDED,ac3f7fa4-2451-439d-a7fb-cec306921bb2,a80d5c34-3b04-4b96-b4a2-63de572abe62,c4,DROP,1007,?,i11,
1769501036.57133,RECEIVED,b95005a4-e19e-44b4-a80b-3ac31c51a6c2,c020882e-7f81-4a38-b0c1-364de1d4f8d6,c5,DROP,1443,p2,?,
1769501036.6446295,SENT,d3777f67-de1c-4957-ad35-61019f81827f,860ea96b-e607-4f61-900f-34c9b0d9f7dd,c1,DROP,1007,?,i4,
1769501036.6446707,FORWARDED,d3777f67-de1c-4957-ad35-61019f81827f,860ea96b-e607-4f61-900f-34c9b0d9f7dd,c1,DROP,1007,?,i4,
1769501036.8411932,RECEIVED,99ad72c3-1b7c-4e23-8ee9-71f09c4e8e32,ad45b8e8-1560-4eea-9584-89c74bcc7b2a,c1,DROP,1436,p1,?,
1769501036.8628848,SENT,757796d8-9285-4a4d-8d63-9d702594bcf6,b2013e88-42c9-462e-91c3-8bd3fe5755da,c2,DROP,1011,?,i5,
1769501036.8629262,FORWARDED,757796d8-9285-4a4d-8d63-9d702594bcf6,b2013e88-42c9-462e-91c3-8bd3fe5755da,c2,DROP,1011,?,i5,
1769501036.9317882,SENT,7d3aff76-a297-4e2d-9f7e-f79c13d465ad,51434444-89ae-4c8e-82b1-1c8f25fd4bd4,c4,c3,1773,?,i6,
1769501036.931837,FORWARDED,7d3aff76-a297-4e2d-9f7e-f79c13d465ad,51434444-89ae-4c8e-82b1-1c8f25fd4bd4,c4,c3,1773,?,i6,
1769501036.998333,SENT,99ad72c3-1b7c-4e23-8ee9-71f09c4e8e32,ad45b8e8-1560-4eea-9584-89c74bcc7b2a,c1,DROP,1003,?,i6,
1769501036.9983723,FORWARDED,99ad72c3-1b7c-4e23-8ee9-71f09c4e8e32,ad45b8e8-1560-4eea-9584-89c74bcc7b2a,c1,DROP,1003,?,i6,
1769501037.1080618,RECEIVED,3ca213ee-0b0a-439f-80ed-a98afc9076e6,d17c008e-f12a-4935-a956-181d25a3eb48,c5,None,2235,p2,?,
1769501037.1245983,RECEIVED,fb88aca0-0113-4892-b018-845adad0ae08,59ebb606-6ade-4d5f-9696-a6fc8514f31a,c5,None,2235,p2,?,
1769501037.1773188,RECEIVED,8ce8a264-289d-4998-a40c-202b38616669,07f1771a-058e-49b2-8447-b01a93801e04,c5,DROP,1449,p2,?,
1769501037.4341798,RECEIVED,89619e2b-08cd-42df-8d42-1ba8e5f1a00e,4fd7ad41-fc95-43e0-8120-741d1232a4e3,c4,DROP,1444,p1,?,
1769501037.436284,SENT,8ce8a264-289d-4998-a40c-202b38616669,07f1771a-058e-49b2-8447-b01a93801e04,c5,DROP,1012,?,i10,
1769501037.436324,FORWARDED,8ce8a264-289d-4998-a40c-202b38616669,07f1771a-058e-49b2-8447-b01a93801e04,c5,DROP,1012,?,i10,
1769501037.5608044,SENT,3ca213ee-0b0a-439f-80ed-a98afc9076e6,d17c008e-f12a-4935-a956-181d25a3eb48,c5,None,1604,?,i8,
1769501037.560845,FORWARDED,3ca213ee-0b0a-439f-80ed-a98afc9076e6,d17c008e-f12a-4935-a956-181d25a3eb48,c5,None,1604,?,i8,
1769501037.6151109,SENT,89619e2b-08cd-42df-8d42-1ba8e5f1a00e,4fd7ad41-fc95-43e0-8120-741d1232a4e3,c4,DROP,1009,?,i7,
1769501037.6151478,FORWARDED,89619e2b-08cd-42df-8d42-1ba8e5f1a00e,4fd7ad41-fc95-43e0-8120-741d1232a4e3,c4,DROP,1009,?,i7,
1769501037.631092,RECEIVED,c1c0a537-d738-4d1b-b108-f8555a10e3ca,5f3f5295-7575-4b80-b2ac-c93ba4b78a4f,c3,DROP,1448,p3,?,
1769501037.713335,SENT,771dd32e-f252-48cf-9c92-44e62325438d,d37ffb2e-fdaa-4270-a655-684468e12ee5,c5,c2,1778,?,i12,
1769501037.7134163,FORWARDED,771dd32e-f252-48cf-9c92-44e62325438d,d37ffb2e-fdaa-4270-a655-684468e12ee5,c5,c2,1778,?,i12,
1769501037.7248652,RECEIVED,7ec2d9a5-3864-4b56-801f-8f99b3df074f,f270979e-57e7-4419-a69c-8476122c9d82,c5,DROP,1441,p2,?,
1769501037.7477105,SENT,c1c0a537-d738-4d1b-b108-f8555a10e3ca,5f3f5295-7575-4b80-b2ac-c93ba4b78a4f,c3,DROP,1012,?,i9,
1769501037.7477503,FORWARDED,c1c0a537-d738-4d1b-b108-f8555a10e3ca,5f3f5295-7575-4b80-b2ac-c93ba4b78a4f,c3,DROP,1012,?,i9,
1769501037.787626,SENT,7ec2d9a5-3864-4b56-801f-8f99b3df074f,f270979e-57e7-4419-a69c-8476122c9d82,c5,DROP,1007,?,i11,
1769501037.787666,FORWARDED,7ec2d9a5-3864-4b56-801f-8f99b3df074f,f270979e-57e7-4419-a69c-8476122c9d82,c5,DROP,1007,?,i11,
1769501037.7913275,RECEIVED,3c42dd53-ddf9-4879-8474-a902c49c5eb0,c6107af5-3d6a-4d9e-87e5-32648b1d5a87,c3,None,2234,p3,?,
1769501037.822862,RECEIVED,798dd6b3-0797-4f10-89cc-718a1ecf33a5,6c9100c4-ff6a-472a-88fd-43e12877860c,c5,DROP,440,x9,?,
1769501037.8406126,SENT,b95005a4-e19e-44b4-a80b-3ac31c51a6c2,c020882e-7f81-4a38-b0c1-364de1d4f8d6,c5,DROP,1011,?,i4,
1769501037.840655,FORWARDED,b95005a4-e19e-44b4-a80b-3ac31c51a6c2,c020882e-7f81-4a38-b0c1-364de1d4f8d6,c5,DROP,1011,?,i4,
1769501038.0712311,RECEIVED,3f3e51d5-1e08-4c5e-b6d2-60d9bff3ea56,2c4a8b2b-03f8-49d4-9290-0d5fcefc5f15,c2,c1,2460,p2,?,
1769501038.349245,SENT,3c42dd53-ddf9-4879-8474-a902c49c5eb0,c6107af5-3d6a-4d9e-87e5-32648b1d5a87,c3,None,1603,?,i1,
1769501038.3492897,FORWARDED,3c42dd53-ddf9-4879-8474-a902c49c5eb0,c6107af5-3d6a-4d9e-87e5-32648b1d5a87,c3,None,1603,?,i1,
1769501038.4457726,RECEIVED,86c9a7f6-2c62-438d-a356-f7fa70433b4e,1139e020-bb37-4c07-a7bd-5ac2e44dc8be,c3,c4,2464,p3,?,
1769501038.4585612,SENT,3f3e51d5-1e08-4c5e-b6d2-60d9bff3ea56,2c4a8b2b-03f8-49d4-9290-0d5fcefc5f15,c2,c1,1771,?,i9,
1769501038.4585974,FORWARDED,3f3e51d5-1e08-4c5e-b6d2-60d9bff3ea56,2c4a8b2b-03f8-49d4-9290-0d5fcefc5f15,c2,c1,1771,?,i9,
1769501038.6182213,RECEIVED,d3a710a4-2356-46e4-b46c-c7b7aecfc262,c55f62b9-ccd8-4d41-ac66-c86c54aecb35,c2,DROP,1440,p2,?,
1769501038.6287894,SENT,86c9a7f6-2c62-438d-a356-f7fa70433b4e,1139e020-bb37-4c07-a7bd-5ac2e44dc8be,c3,c4,1775,?,i6,
1769501038.6288228,FORWARDED,86c9a7f6-2c62-438d-a356-f7fa70433b4e,1139e020-bb37-4c07-a7bd-5ac2e44dc8be,c3,c4,1775,?,i6,
1769501038.7013233,SENT,d3a710a4-2356-46e4-b46c-c7b7aecfc262,c55f62b9-ccd8-4d41-ac66-c86c54aecb35,c2,DROP,1008,?,i7,
1769501038.7013671,FORWARDED,d3a710a4-2356-46e4-b46c-c7b7aecfc262,c55f62b9-ccd8-4d41-ac66-c86c54aecb35,c2,DROP,1008,?,i7,
1769501039.0881338,RECEIVED,1ed4b23b-b90f-4fde-b442-b424e2f9caf3,c71c44b8-3e86-4893-84f0-bd4bf05dc64a,c2,DROP,1441,p2,?,
1769501039.3288586,RECEIVED,d9d93923-1a87-42de-9c8d-9fcb77881f59,bdd781c3-cffd-44d8-b0c1-c70b5624bfbe,c3,c4,2455,p3,?,
1769501039.3375003,RECEIVED,2458e579-2db7-4657-8f21-7fe57ed04698,bf5afabe-007b-4e12-9103-be0e3f83c5f2,c4,c3,2456,p1,?,
1769501039.3924208,SENT,1ed4b23b-b90f-4fde-b442-b424e2f9caf3,c71c44b8-3e86-4893-84f0-bd4bf05dc64a,c2,DROP,1007,?,i10,
1769501039.392465,FORWARDED,1ed4b23b-b90f-4fde-b442-b424e2f9caf3,c71c44b8-3e86-4893-84f0-bd4bf05dc64a,c2,DROP,1007,?,i10,
1769501039.5237305,SENT,2458e579-2db7-4657-8f21-7fe57ed04698,bf5afabe-007b-4e12-9103-be0e3f83c5f2,c4,c3,1768,?,i8,
1769501039.5237675,FORWARDED,2458e579-2db7-4657-8f21-7fe57ed04698,bf5afabe-007b-4e12-9103-be0e3f83c5f2,c4,c3,1768,?,i8,
1769501039.9121718,RECEIVED,f223851e-a82f-4531-ae6a-eaf13a524fcc,dccfb9d2-70fd-4423-b894-863be11a57c9,c1,None,2239,p1,?,
1769501039.9132082,RECEIVED,782e60c6-47c5-4950-8cb1-9595d3a22f32,adf797bc-f036-45fa-afb0-97dd7ba4021c,c2,DROP,1439,p2,?,
1769501040.0198433,RECEIVED,e957c36b-6a10-4ae7-a02c-a66ab6891fcf,2e768b7a-7ccb-4870-8613-e6b7efcc480a,c5,DROP,1435,p2,?,
1769501040.0356858,SENT,fb88aca0-0113-4892-b018-845adad0ae08,59ebb606-6ade-4d5f-9696-a6fc8514f31a,c5,None,1603,?,i11,
1769501040.0357287,FORWARDED,fb88aca0-0113-4892-b018-845adad0ae08,59ebb606-6ade-4d5f-9696-a6fc8514f31a,c5,None,1603,?,i11,
1769501040.1125534,RECEIVED,b6631061-5898-4a1e-8097-5b56c99638ef,4da07ec3-de94-44e0-bd4c-951d3597c904,c3,DROP,1444,p3,?,
1769501040.2452826,SENT,d9d93923-1a87-42de-9c8d-9fcb77881f59,bdd781c3-cffd-44d8-b0c1-c70b5624bfbe,c3,c4,1768,?,i5,
1769501040.2453227,FORWARDED,d9d93923-1a87-42de-9c8d-9fcb77881f59,bdd781c3-cffd-44d8-b0c1-c70b5624bfbe,c3,c4,1768,?,i5,
1769501040.5408988,SENT,782e60c6-47c5-4950-8cb1-9595d3a22f32,adf797bc-f036-45fa-afb0-97dd7ba4021c,c2,DROP,1007,?,i8,
1769501040.5409405,FORWARDED,782e60c6-47c5-4950-8cb1-9595d3a22f32,adf797bc-f036-45fa-afb0-97dd7ba4021c,c2,DROP,1007,?,i8,
1769501040.5696902,SENT,f223851e-a82f-4531-ae6a-eaf13a524fcc,dccfb9d2-70fd-4423-b894-863be11a57c9,c1,None,1608,?,i9,
1769501040.569727,FORWARDED,f223851e-a82f-4531-ae6a-eaf13a524fcc,dccfb9d2-70fd-4423-b894-863be11a57c9,c1,None,1608,?,i9,
1769501040.697601,RECEIVED,eafd5703-9a31-42ed-9a69-7ba28ae4aa98,8be9bef2-a386-4ef8-9a52-e555b4c0b8b5,c4,DROP,442,x8,?,
1769501040.9550068,SENT,e957c36b-6a10-4ae7-a02c-a66ab6891fcf,2e768b7a-7ccb-4870-8613-e6b7efcc480a,c5,DROP,1004,?,i2,
1769501040.9550722,FORWARDED,e957c36b-6a10-4ae7-a02c-a66ab6891fcf,2e768b7a-7ccb-4870-8613-e6b7efcc480a,c5,DROP,1004,?,i2,
1769501041.0175633,RECEIVED,c20d5a9d-ac55-497a-be9b-6126709adf88,e6147a09-2fb3-40f2-ba8a-edffb4960eaa,c4,c3,2476,p1,?,
1769501041.0730221,SENT,b6631061-5898-4a1e-8097-5b56c99638ef,4da07ec3-de94-44e0-bd4c-951d3597c904,c3,DROP,1010,?,i12,
1769501041.0730731,FORWARDED,b6631061-5898-4a1e-8097-5b56c99638ef,4da07ec3-de94-44e0-bd4c-951d3597c904,c3,DROP,1010,?,i12,
1769501041.4482112,SENT,c20d5a9d-ac55-497a-be9b-6126709adf88,e6147a09-2fb3-40f2-ba8a-edffb4960eaa,c4,c3,1783,?,i3,
1769501041.4482522,FORWARDED,c20d5a9d-ac55-497a-be9b-6126709adf88,e6147a09-2fb3-40f2-ba8a-edffb4960eaa,c4,c3,1783,?,i3,
1769501041.4686773,RECEIVED,8db076ff-2637-44ae-9693-ccb012b67172,618721b5-4031-4bc7-9627-a301c4959a7b,c4,c3,2463,p1,?,
1769501041.604932,RECEIVED,7f7a7a37-b83b-47a8-9891-979bf1321fa8,a4a4e6d8-a21f-44e0-8301-fadcefdb8f21,c4,DROP,1452,p1,?,
1769501041.6284952,RECEIVED,db9980b5-53f5-4c0b-a62f-9fb906c7c02e,984ef105-c68e-4199-845b-2443e61bc5f6,c3,None,2239,p3,?,
1769501041.6586955,RECEIVED,9022cecc-1d64-445d-9f92-cbdddc630780,6f1468b8-6fc1-4119-8533-6f419c756591,c2,DROP,1440,p2,?,
1769501041.6796184,SENT,7f7a7a37-b83b-47a8-9891-979bf1321fa8,a4a4e6d8-a21f-44e0-8301-fadcefdb8f21,c4,DROP,1015,?,i8,
1769501041.6796608,FORWARDED,7f7a7a37-b83b-47a8-9891-979bf1321fa8,a4a4e6d8-a21f-44e0-8301-fadcefdb8f21,c4,DROP,1015,?,i8,
1769501041.715938,SENT,9022cecc-1d64-445d-9f92-cbdddc630780,6f1468b8-6fc1-4119-8533-6f419c756591,c2,DROP,1008,?,i3,
1769501041.71598,FORWARDED,9022cecc-1d64-445d-9f92-cbdddc630780,6f1468b8-6fc1-4119-8533-6f419c756591,c2,DROP,1008,?,i3,
1769501041.7474368,RECEIVED,fd65209f-1c99-4887-a240-076ecc93e276,744bc69b-7952-49ad-b80e-2021070c0474,c4,DROP,1440,p1,?,
1769501041.7679102,RECEIVED,aeab5807-8955-43aa-a65d-fb81eb27133f,fbfd9752-7d0f-4c8c-a8e2-666e7cec459d,c1,DROP,1440,p1,?,
1769501041.886548,SENT,fd65209f-1c99-4887-a240-076ecc93e276,744bc69b-7952-49ad-b80e-2021070c0474,c4,DROP,1008,?,i1,
1769501041.8865888,FORWARDED,fd65209f-1c99-4887-a240-076ecc93e276,744bc69b-7952-49ad-b80e-2021070c0474,c4,DROP,1008,?,i1,
1769501041.9722624,SENT,8db076ff-2637-44ae-9693-ccb012b67172,618721b5-4031-4bc7-9627-a301c4959a7b,c4,c3,1774,?,i8,
1769501041.972306,FORWARDED,8db076ff-2637-44ae-9693-ccb012b67172,618721b5-4031-4bc7-9627-a301c4959a7b,c4,c3,1774,?,i8,
1769501042.0078697,SENT,aeab5807-8955-43aa-a65d-fb81eb27133f,fbfd9752-7d0f-4c8c-a8e2-666e7cec459d,c1,DROP,1008,?,i9,
1769501042.0079124,FORWARDED,aeab5807-8955-43aa-a65d-fb81eb27133f,fbfd9752-7d0f-4c8c-a8e2-666e7cec459d,c1,DROP,1008,?,i9,
1769501042.0628288,RECEIVED,c270370d-131b-4b65-a78b-2c1fbbc87a96,78ed9037-2549-4243-8edd-923c8119732e,c1,DROP,1447,p1,?,
1769501042.106133,RECEIVED,fb458f14-f0c1-4bef-9966-20d05d799602,16f8dd2a-4839-419a-a8c3-082f7f355a6a,c5,DROP,1439,p2,?,
1769501042.1630197,SENT,db9980b5-53f5-4c0b-a62f-9fb906c7c02e,984ef105-c68e-4199-845b-2443e61bc5f6,c3,None,1607,?,i7,
1769501042.1630642,FORWARDED,db9980b5-53f5-4c0b-a62f-9fb906c7c02e,984ef105-c68e-4199-845b-2443e61bc5f6,c3,None,1607,?,i7,
1769501042.1643486,RECEIVED,a4a79338-3e30-4669-99a5-6b9e7270ae9b,39725262-1ad7-426d-aae1-cf417a626ceb,c4,DROP,1448,p1,?,
1769501042.3000185,RECEIVED,c4428bff-7b3b-492c-b1e6-8347605597ad,b597848f-d26e-46bf-bde3-1cf767bb24de,c4,DROP,1447,p1,?,
1769501042.3657877,SENT,c270370d-131b-4b65-a78b-2c1fbbc87a96,78ed9037-2549-4243-8edd-923c8119732e,c1,DROP,1012,?,i5,
1769501042.3658412,FORWARDED,c270370d-131b-4b65-a78b-2c1fbbc87a96,78ed9037-2549-4243-8edd-923c8119732e,c1,DROP,1012,?,i5,
1769501042.3815706,SENT,a4a79338-3e30-4669-99a5-6b9e7270ae9b,39725262-1ad7-426d-aae1-cf417a626ceb,c4,DROP,1012,?,i1,
1769501042.381612,FORWARDED,a4a79338-3e30-4669-99a5-6b9e7270ae9b,39725262-1ad7-426d-aae1-cf417a626ceb,c4,DROP,1012,?,i1,
1769501042.4488049,RECEIVED,bee01b08-048e-4b2a-a717-22c044ea0adf,abed9525-9fb5-4336-9314-556427ea6588,c3,DROP,1443,p3,?,
1769501042.617411,RECEIVED,b40fe86d-0813-43b1-8c7a-95fd11fc19f4,943c7683-ee0b-4e97-b7f3-b3c5a681e19b,c4,DROP,1444,p1,?,
1769501042.6839516,SENT,b40fe86d-0813-43b1-8c7a-95fd11fc19f4,943c7683-ee0b-4e97-b7f3-b3c5a681e19b,c4,DROP,1009,?,i4,
1769501042.683993,FORWARDED,b40fe86d-0813-43b1-8c7a-95fd11fc19f4,943c7683-ee0b-4e97-b7f3-b3c5a681e19b,c4,DROP,1009,?,i4,
1769501042.744535,RECEIVED,ef06546d-838b-4881-8edb-2872a16ea37d,809e992e-35e0-4688-9765-fba2cf8800e8,c1,DROP,441,x2,?,
1769501042.764352,SENT,bee01b08-048e-4b2a-a717-22c044ea0adf,abed9525-9fb5-4336-9314-556427ea6588,c3,DROP,1010,?,i9,
1769501042.764387,FORWARDED,bee01b08-048e-4b2a-a717-22c044ea0adf,abed9525-9fb5-4336-9314-556427ea6588,c3,DROP,1010,?,i9,
1769501042.8039722,RECEIVED,0185aa64-7116-4baf-a919-6d9a28dc520e,518de8ee-ef40-4868-af53-6d739cb7333f,c3,DROP,1450,p3,?,
1769501042.867352,SENT,0185aa64-7116-4baf-a919-6d9a28dc520e,518de8ee-ef40-4868-af53-6d739cb7333f,c3,DROP,1012,?,i1,
1769501042.8673952,FORWARDED,0185aa64-7116-4baf-a919-6d9a28dc520e,518de8ee-ef40-4868-af53-6d739cb7333f,c3,DROP,1012,?,i1,
1769501042.9511685,RECEIVED,4df94c6f-4cd1-4b35-b19b-be31bdf42734,f095d53f-90c3-45f2-b648-58c6b8c7b8ab,c1,DROP,1431,p1,?,
1769501042.9642663,SENT,fb458f14-f0c1-4bef-9966-20d05d799602,16f8dd2a-4839-419a-a8c3-082f7f355a6a,c5,DROP,1007,?,i5,
1769501042.9643092,FORWARDED,fb458f14-f0c1-4bef-9966-20d05d799602,16f8dd2a-4839-419a-a8c3-082f7f355a6a,c5,DROP,1007,?,i5,
1769501042.9843695,RECEIVED,0046ed5e-d101-4640-9300-8d94cc4c22a3,b400504e-e680-4505-9684-71ea5219498a,c1,DROP,1436,p1,?,
1769501043.1507444,SENT,0046ed5e-d101-4640-9300-8d94cc4c22a3,b400504e-e680-4505-9684-71ea5219498a,c1,DROP,1003,?,i9,
1769501043.1507807,FORWARDED,0046ed5e-d101-4640-9300-8d94cc4c22a3,b400504e-e680-4505-9684-71ea5219498a,c1,DROP,1003,?,i9,
1769501043.1542296,RECEIVED,c85b324a-72bf-4bdc-b1bb-cfb640be36ce,1ea47d90-c701-4470-b4e5-0889d2a8d6ba,c3,DROP,1445,p3,?,
1769501043.162023,RECEIVED,c4795219-8f87-4062-b60b-b35b7f508066,e4d1bac1-3116-43bf-be45-25723885872f,c3,DROP,1447,p3,?,
1769501043.2069101,RECEIVED,c2346418-ed01-4a84-a098-31304c524137,c7cfdc15-e2d8-43a6-ac64-004ac3cf0042,c4,DROP,1439,p1,?,
1769501043.2306402,RECEIVED,a7b5dfd1-691f-44c5-b622-f2661fcfe9b6,2c515df4-573b-4c3f-9baa-c173cbfcaa4e,c4,None,2237,p1,?,
1769501043.231197,SENT,4df94c6f-4cd1-4b35-b19b-be31bdf42734,f095d53f-90c3-45f2-b648-58c6b8c7b8ab,c1,DROP,1001,?,i2,
1769501043.2312357,FORWARDED,4df94c6f-4cd1-4b35-b19b-be31bdf42734,f095d53f-90c3-45f2-b648-58c6b8c7b8ab,c1,DROP,1001,?,i2,
1769501043.2685628,RECEIVED,c24ed1f0-89e7-4137-b15d-b0707d45c071,af49b5ae-713d-4816-987e-e4cce3b79662,c1,DROP,1461,p1,?,
1769501043.2843108,SENT,a7b5dfd1-691f-44c5-b622-f2661fcfe9b6,2c515df4-573b-4c3f-9baa-c173cbfcaa4e,c4,None,1603,?,i10,
1769501043.2843492,FORWARDED,a7b5dfd1-691f-44c5-b622-f2661fcfe9b6,2c515df4-573b-4c3f-9baa-c173cbfcaa4e,c4,None,1603,?,i10,
1769501043.406269,SENT,c4428bff-7b3b-492c-b1e6-8347605597ad,b597848f-d26e-46bf-bde3-1cf767bb24de,c4,DROP,1014,?,i5,
1769501043.4063096,FORWARDED,c4428bff-7b3b-492c-b1e6-8347605597ad,b597848f-d26e-46bf-bde3-1cf767bb24de,c4,DROP,1014,?,i5,
1769501043.4218442,SENT,c4795219-8f87-4062-b60b-b35b7f508066,e4d1bac1-3116-43bf-be45-25723885872f,c3,DROP,1013,?,i12,
1769501043.421886,FORWARDED,c4795219-8f87-4062-b60b-b35b7f508066,e4d1bac1-3116-43bf-be45-25723885872f,c3,DROP,1013,?,i12,
1769501043.5164564,SENT,c85b324a-72bf-4bdc-b1bb-cfb640be36ce,1ea47d90-c701-4470-b4e5-0889d2a8d6ba,c3,DROP,1011,?,i12,
1769501043.516497,FORWARDED,c85b324a-72bf-4bdc-b1bb-cfb640be36ce,1ea47d90-c701-4470-b4e5-0889d2a8d6ba,c3,DROP,1011,?,i12,
1769501043.5917363,SENT,c2346418-ed01-4a84-a098-31304c524137,c7cfdc15-e2d8-43a6-ac64-004ac3cf0042,c4,DROP,1008,?,i9,
1769501043.5917764,FORWARDED,c2346418-ed01-4a84-a098-31304c524137,c7cfdc15-e2d8-43a6-ac64-004ac3cf0042,c4,DROP,1008,?,i9,
1769501043.6889083,RECEIVED,d22dc0c7-32d3-4dfb-8e02-b063af336628,84414dad-b9c5-4555-a797-5528f7798cfa,c2,DROP,1449,p2,?,
1769501043.7166693,RECEIVED,23e6959b-29a0-4e8e-8977-3b1bbb71afc3,51330638-4a62-47e6-9a7f-d6b8543b1592,c4,c3,2459,p1,?,
1769501043.7372293,SENT,d22dc0c7-32d3-4dfb-8e02-b063af336628,84414dad-b9c5-4555-a797-5528f7798cfa,c2,DROP,1012,?,i7,
1769501043.7372687,FORWARDED,d22dc0c7-32d3-4dfb-8e02-b063af336628,84414dad-b9c5-4555-a797-5528f7798cfa,c2,DROP,1012,?,i7,
1769501043.7609754,RECEIVED,7bead745-1b1e-4f09-926d-9740e8979cd0,e4279c2e-425a-413f-867e-bb5bcf6a2555,c1,DROP,1440,p1,?,
1769501043.766297,RECEIVED,431d1009-6a26-477d-a043-a6c2be74b42e,54c14f16-0362-4df2-9a43-3bc7dc689e4e,c3,c4,2455,p3,?,
1769501043.7687593,SENT,c24ed1f0-89e7-4137-b15d-b0707d45c071,af49b5ae-713d-4816-987e-e4cce3b79662,c1,DROP,1021,?,i10,
1769501043.7688003,FORWARDED,c24ed1f0-89e7-4137-b15d-b0707d45c071,af49b5ae-713d-4816-987e-e4cce3b79662,c1,DROP,1021,?,i10,
1769501043.841332,RECEIVED,794b6199-e335-4aa3-b6fc-b1d701e08aca,e3aeca8a-9bcd-4a28-ba1f-0cb5c7e361a2,c2,c1,2461,p2,?,
1769501043.8771603,SENT,794b6199-e335-4aa3-b6fc-b1d701e08aca,e3aeca8a-9bcd-4a28-ba1f-0cb5c7e361a2,c2,c1,1772,?,i7,
1769501043.8772016,FORWARDED,794b6199-e335-4aa3-b6fc-b1d701e08aca,e3aeca8a-9bcd-4a28-ba1f-0cb5c7e361a2,c2,c1,1772,?,i7,
1769501043.9132752,RECEIVED,d11dc855-bfd0-4b33-baea-2d54134432c2,c4b3c144-1542-4827-a4ce-ee944eefb976,c1,DROP,1439,p1,?,
1769501043.9230967,RECEIVED,2f8161b1-59ba-43bc-b6f8-eeccc10dc192,3fdc74c4-cfd3-4615-905d-4a17560852e0,c2,DROP,1447,p2,?,
1769501043.9264631,RECEIVED,02f4d6a9-12e4-4c13-bd99-8b174cbca286,5d4f2f27-9c1d-45d4-b50f-67f5da5a4bd8,c5,DROP,1460,p2,?,
1769501043.9391687,RECEIVED,f8cc09f1-ffd2-4528-9154-f75c8c0039ae,bc1fec55-c106-404f-9a49-88dcb3e05ea4,c5,c2,2446,p2,?,
1769501043.976471,RECEIVED,89fab6ce-41aa-4979-8d82-35a80647601d,ff30f65b-5d19-4834-be8a-763953efa86c,c1,DROP,1453,p1,?,
1769501043.9784029,SENT,2f8161b1-59ba-43bc-b6f8-eeccc10dc192,3fdc74c4-cfd3-4615-905d-4a17560852e0,c2,DROP,1009,?,i12,
1769501043.9784424,FORWARDED,2f8161b1-59ba-43bc-b6f8-eeccc10dc192,3fdc74c4-cfd3-4615-905d-4a17560852e0,c2,DROP,1009,?,i12,
1769501043.9852397,SENT,f8cc09f1-ffd2-4528-9154-f75c8c0039ae,bc1fec55-c106-404f-9a49-88dcb3e05ea4,c5,c2,1760,?,i8,
1769501043.9852796,FORWARDED,f8cc09f1-ffd2-4528-9154-f75c8c0039ae,bc1fec55-c106-404f-9a49-88dcb3e05ea4,c5,c2,1760,?,i8,
1769501043.9895215,RECEIVED,4581829e-f292-4bdc-b1c4-97aee99f39f1,596cdac4-77d1-4ea1-9e34-3b11a3376df4,c3,DROP,441,x1,?,
1769501044.0024757,SENT,89fab6ce-41aa-4979-8d82-35a80647601d,ff30f65b-5d19-4834-be8a-763953efa86c,c1,DROP,1017,?,i8,
1769501044.0025153,FORWARDED,89fab6ce-41aa-4979-8d82-35a80647601d,ff30f65b-5d19-4834-be8a-763953efa86c,c1,DROP,1017,?,i8,
1769501044.0058498,SENT,7bead745-1b1e-4f09-926d-9740e8979cd0,e4279c2e-425a-413f-867e-bb5bcf6a2555,c1,DROP,1008,?,i2,
1769501044.0058892,FORWARDED,7bead745-1b1e-4f09-926d-9740e8979cd0,e4279c2e-425a-413f-867e-bb5bcf6a2555,c1,DROP,1008,?,i2,
1769501044.0669277,RECEIVED,e20da049-9c42-4024-87ce-f576e339c8df,2a81f70b-1764-4e60-8196-50a4b39d331d,c4,DROP,1443,p1,?,
1769501044.0673726,SENT,d11dc855-bfd0-4b33-baea-2d54134432c2,c4b3c144-1542-4827-a4ce-ee944eefb976,c1,DROP,1008,?,i8,
1769501044.0674117,FORWARDED,d11dc855-bfd0-4b33-baea-2d54134432c2,c4b3c144-1542-4827-a4ce-ee944eefb976,c1,DROP,1008,?,i8,
1769501044.093349,SENT,02f4d6a9-12e4-4c13-bd99-8b174cbca286,5d4f2f27-9c1d-45d4-b50f-67f5da5a4bd8,c5,DROP,1021,?,i10,
1769501044.0933902,FORWARDED,02f4d6a9-12e4-4c13-bd99-8b174cbca286,5d4f2f27-9c1d-45d4-b50f-67f5da5a4bd8,c5,DROP,1021,?,i10,
1769501044.1279578,RECEIVED,e95dd8c3-4c6f-4123-b224-227c3a11cc3d,9683ed42-1ae7-40b5-bba1-b716f013caf0,c2,DROP,1448,p2,?,
1769501044.1558373,RECEIVED,c4cbe350-4257-4cc2-97ee-efc9062ebab4,a076e1d5-eb98-4243-bc14-1c02a9f9ee8b,c2,None,2228,p2,?,
1769501044.2555265,SENT,c4cbe350-4257-4cc2-97ee-efc9062ebab4,a076e1d5-eb98-4243-bc14-1c02a9f9ee8b,c2,None,1599,?,i9,
1769501044.2555695,FORWARDED,c4cbe350-4257-4cc2-97ee-efc9062ebab4,a076e1d5-eb98-4243-bc14-1c02a9f9ee8b,c2,None,1599,?,i9,
1769501044.2956173,SENT,e20da049-9c42-4024-87ce-f576e339c8df,2a81f70b-1764-4e60-8196-50a4b39d331d,c4,DROP,1010,?,i1,
1769501044.2956598,FORWARDED,e20da049-9c42-4024-87ce-f576e339c8df,2a81f70b-1764-4e60-8196-50a4b39d331d,c4,DROP,1010,?,i1,
1769501044.4451678,RECEIVED,7e4bce27-c9db-4969-bf76-ff9b7f0f8b4c,726b4b6e-0385-48ad-99cb-3d071ee93c4c,c5,DROP,441,x5,?,
1769501044.5440185,RECEIVED,2103af69-c0cc-4e9d-9828-faaa8dbeca22,60b0e953-abb5-4ae4-b4c4-32bb1b2609a5,c4,DROP,1452,p1,?,
1769501044.5454485,RECEIVED,a4363025-c6eb-4e24-a08e-d152ccc648fd,70e798e9-45f3-4328-a4a0-74144c1e9d3c,c2,None,2228,p2,?,
1769501044.568589,SENT,e95dd8c3-4c6f-4123-b224-227c3a11cc3d,9683ed42-1ae7-40b5-bba1-b716f013caf0,c2,DROP,1012,?,i1,
1769501044.5686276,FORWARDED,e95dd8c3-4c6f-4123-b224-227c3a11cc3d,9683ed42-1ae7-40b5-bba1-b716f013caf0,c2,DROP,1012,?,i1,
1769501044.612766,SENT,23e6959b-29a0-4e8e-8977-3b1bbb71afc3,51330638-4a62-47e6-9a7f-d6b8543b1592,c4,c3,1771,?,i3,
1769501044.6128078,FORWARDED,23e6959b-29a0-4e8e-8977-3b1bbb71afc3,51330638-4a62-47e6-9a7f-d6b8543b1592,c4,c3,1771,?,i3,
1769501044.7298176,RECEIVED,417cb08e-8dda-4da4-8c76-eb29826972f8,62264bc1-9535-4c25-8ab4-f6167178013f,c1,c5,2471,p1,?,
1769501044.8887386,SENT,431d1009-6a26-477d-a043-a6c2be74b42e,54c14f16-0362-4df2-9a43-3bc7dc689e4e,c3,c4,1768,?,i3,
1769501044.8891351,FORWARDED,431d1009-6a26-477d-a043-a6c2be74b42e,54c14f16-0362-4df2-9a43-3bc7dc689e4e,c3,c4,1768,?,i3,
1769501044.9217947,SENT,a4363025-c6eb-4e24-a08e-d152ccc648fd,70e798e9-45f3-4328-a4a0-74144c1e9d3c,c2,None,1599,?,i10,
1769501044.9218361,FORWARDED,a4363025-c6eb-4e24-a08e-d152ccc648fd,70e798e9-45f3-4328-a4a0-74144c1e9d3c,c2,None,1599,?,i10,
1769501045.083303,SENT,2103af69-c0cc-4e9d-9828-faaa8dbeca22,60b0e953-abb5-4ae4-b4c4-32bb1b2609a5,c4,DROP,1016,?,i11,
1769501045.0833433,FORWARDED,2103af69-c0cc-4e9d-9828-faaa8dbeca22,60b0e953-abb5-4ae4-b4c4-32bb1b2609a5,c4,DROP,1016,?,i11,
1769501045.4348242,SENT,417cb08e-8dda-4da4-8c76-eb29826972f8,62264bc1-9535-4c25-8ab4-f6167178013f,c1,c5,1780,?,i7,
1769501045.4348636,FORWARDED,417cb08e-8dda-4da4-8c76-eb29826972f8,62264bc1-9535-4c25-8ab4-f6167178013f,c1,c5,1780,?,i7,
1769501045.5844698,RECEIVED,050d76e0-a42d-4d55-9987-25f51fc18bd0,7702beb6-45c0-424f-b85c-21c2764c514e,c1,None,2229,p1,?,
1769501045.6166105,RECEIVED,302a4d89-4a7c-44aa-8780-f4221cbcf765,4b8b1f55-4be9-4d24-a49d-5235d16900b3,c4,DROP,1442,p1,?,
1769501045.6235566,SENT,050d76e0-a42d-4d55-9987-25f51fc18bd0,7702beb6-45c0-424f-b85c-21c2764c514e,c1,None,1599,?,i6,
1769501045.6235948,FORWARDED,050d76e0-a42d-4d55-9987-25f51fc18bd0,7702beb6-45c0-424f-b85c-21c2764c514e,c1,None,1599,?,i6,
1769501045.6748421,SENT,302a4d89-4a7c-44aa-8780-f4221cbcf765,4b8b1f55-4be9-4d24-a49d-5235d16900b3,c4,DROP,1007,?,i10,
1769501045.674897,FORWARDED,302a4d89-4a7c-44aa-8780-f4221cbcf765,4b8b1f55-4be9-4d24-a49d-5235d16900b3,c4,DROP,1007,?,i10,
1769501045.7056003,RECEIVED,05877c48-aa7b-42ca-8471-0178a01ff2a8,6e3ffb1f-ad15-4925-be0e-9557613a05d1,c3,None,2226,p3,?,
1769501046.1557145,RECEIVED,29bdaa32-3421-487e-8100-1ccf95a26b2d,994b37a5-88ea-4d15-967b-ca6467f11094,c2,DROP,1456,p2,?,
1769501046.2687807,SENT,29bdaa32-3421-487e-8100-1ccf95a26b2d,994b37a5-88ea-4d15-967b-ca6467f11094,c2,DROP,1020,?,i8,
1769501046.2688181,FORWARDED,29bdaa32-3421-487e-8100-1ccf95a26b2d,994b37a5-88ea-4d15-967b-ca6467f11094,c2,DROP,1020,?,i8,
1769501046.6449053,RECEIVED,5449a9fc-df90-4e57-bbfa-d1be8dd773c6,8c7cd88a-5c79-4c3c-a780-f0a7874b8231,c2,DROP,1453,p2,?,
1769501046.7030838,RECEIVED,0fee0073-c72a-48a0-b924-20c39a3483f0,47c822ac-fb66-4caa-a756-fb385def070f,c4,DROP,1444,p1,?,
1769501046.8471708,RECEIVED,c8863687-9017-49e4-9673-d52c32e8f37f,8402080b-41a9-40b2-ae3b-0d5edd33dca9,c2,None,2224,p2,?,
1769501046.9043865,SENT,c8863687-9017-49e4-9673-d52c32e8f37f,8402080b-41a9-40b2-ae3b-0d5edd33dca9,c2,None,1595,?,i6,
1769501046.9044273,FORWARDED,c8863687-9017-49e4-9673-d52c32e8f37f,8402080b-41a9-40b2-ae3b-0d5edd33dca9,c2,None,1595,?,i6,
1769501046.9571984,SENT,5449a9fc-df90-4e57-bbfa-d1be8dd773c6,8c7cd88a-5c79-4c3c-a780-f0a7874b8231,c2,DROP,1015,?,i11,
1769501046.9572399,FORWARDED,5449a9fc-df90-4e57-bbfa-d1be8dd773c6,8c7cd88a-5c79-4c3c-a780-f0a7874b8231,c2,DROP,1015,?,i11,
1769501046.9864454,RECEIVED,deadea88-9b3b-40d3-b27d-41bef857c63c,e6946f8a-fbd7-4d3b-862e-4b85e3ae3d7f,c1,c5,2455,p1,?,
1769501047.0648546,SENT,0fee0073-c72a-48a0-b924-20c39a3483f0,47c822ac-fb66-4caa-a756-fb385def070f,c4,DROP,1010,?,i6,
1769501047.0649002,FORWARDED,0fee0073-c72a-48a0-b924-20c39a3483f0,47c822ac-fb66-4caa-a756-fb385def070f,c4,DROP,1010,?,i6,
1769501047.415464,RECEIVED,d20cdcd5-e997-4a33-904d-5936bf167d76,2d671c1e-d37d-4f0c-af2d-3f7ea8375fe1,c5,DROP,1448,p2,?,
1769501047.444555,RECEIVED,cf36fcef-7208-4f97-8a15-6643f194b2ee,eecc7688-7c85-4463-baee-1ad4329f1323,c5,None,2249,p2,?,
1769501047.4718623,RECEIVED,225be254-38d0-4ca7-823c-77fdb2a95ca2,14b9f304-5c0c-4296-8007-d737f9dea59c,c1,c5,2473,p1,?,
1769501047.5506394,RECEIVED,ac906f68-fec4-4501-acc8-5400d7a58209,f873bb0a-aba2-4467-a132-6e98f5950708,c1,DROP,1445,p1,?,
1769501047.5640953,SENT,cf36fcef-7208-4f97-8a15-6643f194b2ee,eecc7688-7c85-4463-baee-1ad4329f1323,c5,None,1613,?,i11,
1769501047.5641406,FORWARDED,cf36fcef-7208-4f97-8a15-6643f194b2ee,eecc7688-7c85-4463-baee-1ad4329f1323,c5,None,1613,?,i11,
1769501047.5936282,RECEIVED,fdf77162-6937-4cf8-9404-8a6b83e38e86,e8858cc1-3559-4c9d-9bcc-89a8036d3ed8,c5,None,2228,p2,?,
1769501047.5942998,RECEIVED,70675ade-ff13-41a0-8143-39d5005d6ea3,c1645105-8475-4aba-b3c3-9836dd2d74fb,c3,c4,2444,p3,?,
1769501047.6100705,SENT,deadea88-9b3b-40d3-b27d-41bef857c63c,e6946f8a-fbd7-4d3b-862e-4b85e3ae3d7f,c1,c5,1768,?,i7,
1769501047.61011,FORWARDED,deadea88-9b3b-40d3-b27d-41bef857c63c,e6946f8a-fbd7-4d3b-862e-4b85e3ae3d7f,c1,c5,1768,?,i7,
1769501047.7439404,SENT,ac906f68-fec4-4501-acc8-5400d7a58209,f873bb0a-aba2-4467-a132-6e98f5950708,c1,DROP,1011,?,i11,
1769501047.7439823,FORWARDED,ac906f68-fec4-4501-acc8-5400d7a58209,f873bb0a-aba2-4467-a132-6e98f5950708,c1,DROP,1011,?,i11,
1769501047.7650967,SENT,225be254-38d0-4ca7-823c-77fdb2a95ca2,14b9f304-5c0c-4296-8007-d737f9dea59c,c1,c5,1781,?,i10,
1769501047.7651408,FORWARDED,225be254-38d0-4ca7-823c-77fdb2a95ca2,14b9f304-5c0c-4296-8007-d737f9dea59c,c1,c5,1781,?,i10,
1769501047.8968675,SENT,d20cdcd5-e997-4a33-904d-5936bf167d76,2d671c1e-d37d-4f0c-af2d-3f7ea8375fe1,c5,DROP,1012,?,i11,
1769501047.896911,FORWARDED,d20cdcd5-e997-4a33-904d-5936bf167d76,2d671c1e-d37d-4f0c-af2d-3f7ea8375fe1,c5,DROP,1012,?,i11,
1769501047.9256384,SENT,70675ade-ff13-41a0-8143-39d5005d6ea3,c1645105-8475-4aba-b3c3-9836dd2d74fb,c3,c4,1760,?,i11,
1769501047.9256809,FORWARDED,70675ade-ff13-41a0-8143-39d5005d6ea3,c1645105-8475-4aba-b3c3-9836dd2d74fb,c3,c4,1760,?,i11,
1769501047.9597456,RECEIVED,444f5849-c3df-411c-b58e-e6e774bf2fa0,f4de93bb-7533-4f41-a9b0-7fe55e209c13,c1,DROP,1440,p1,?,
1769501047.9692638,SENT,fdf77162-6937-4cf8-9404-8a6b83e38e86,e8858cc1-3559-4c9d-9bcc-89a8036d3ed8,c5,None,1599,?,i10,
1769501047.9693081,FORWARDED,fdf77162-6937-4cf8-9404-8a6b83e38e86,e8858cc1-3559-4c9d-9bcc-89a8036d3ed8,c5,None,1599,?,i10,
1769501048.1170797,RECEIVED,00d08d78-e333-438b-a87c-ef46913c8bc2,70851896-b777-4b95-8cd3-dc6da7d12ef5,c1,DROP,1439,p1,?,
1769501048.1214652,RECEIVED,47750e20-1640-4e12-841e-577f7953a847,350ae7bf-c0c2-4332-a7de-bb51d2a16294,c2,DROP,439,x5,?,
1769501048.1753688,RECEIVED,88d0614e-1d2f-487c-8f5a-5c266fed2bc6,9695d41b-984c-40e9-afe8-9d73c8b5d6d4,c4,DROP,1444,p1,?,
1769501048.2481692,RECEIVED,dac29631-ce0f-47ce-aba9-1b8b01f70512,fe50941c-4eab-44f1-8f00-328ac6f2fdb1,c1,DROP,1448,p1,?,
1769501048.2573955,RECEIVED,245daa4f-45e3-4ffd-8be9-113701584222,edcb0362-c796-4ca1-85aa-145e8f8e5a35,c2,DROP,441,x3,?,
1769501048.2719657,SENT,88d0614e-1d2f-487c-8f5a-5c266fed2bc6,9695d41b-984c-40e9-afe8-9d73c8b5d6d4,c4,DROP,1011,?,i2,
1769501048.2720068,FORWARDED,88d0614e-1d2f-487c-8f5a-5c266fed2bc6,9695d41b-984c-40e9-afe8-9d73c8b5d6d4,c4,DROP,1011,?,i2,
1769501048.2902358,SENT,00d08d78-e333-438b-a87c-ef46913c8bc2,70851896-b777-4b95-8cd3-dc6da7d12ef5,c1,DROP,1007,?,i8,
1769501048.2902765,FORWARDED,00d08d78-e333-438b-a87c-ef46913c8bc2,70851896-b777-4b95-8cd3-dc6da7d12ef5,c1,DROP,1007,?,i8,
1769501048.3090808,SENT,444f5849-c3df-411c-b58e-e6e774bf2fa0,f4de93bb-7533-4f41-a9b0-7fe55e209c13,c1,DROP,1008,?,i4,
1769501048.3091218,FORWARDED,444f5849-c3df-411c-b58e-e6e774bf2fa0,f4de93bb-7533-4f41-a9b0-7fe55e209c13,c1,DROP,1008,?,i4,
1769501048.3099248,RECEIVED,6ae273d9-54fa-4e38-9f9c-9da67130df42,2345ad00-61c1-4925-b823-726e8bfe36dd,c3,DROP,1434,p3,?,
1769501048.5808578,RECEIVED,00e38cb5-68f9-4a6b-9f90-03bcf18496bd,142e3ca1-8a32-4c38-80a8-66a5219c736b,c4,DROP,1440,p1,?,
1769501048.670845,SENT,00e38cb5-68f9-4a6b-9f90-03bcf18496bd,142e3ca1-8a32-4c38-80a8-66a5219c736b,c4,DROP,1008,?,i6,
1769501048.6709208,FORWARDED,00e38cb5-68f9-4a6b-9f90-03bcf18496bd,142e3ca1-8a32-4c38-80a8-66a5219c736b,c4,DROP,1008,?,i6,
1769501048.6807928,SENT,6ae273d9-54fa-4e38-9f9c-9da67130df42,2345ad00-61c1-4925-b823-726e8bfe36dd,c3,DROP,1005,?,i2,
1769501048.6808364,FORWARDED,6ae273d9-54fa-4e38-9f9c-9da67130df42,2345ad00-61c1-4925-b823-726e8bfe36dd,c3,DROP,1005,?,i2,
1769501048.70599,RECEIVED,d1e9cf01-4183-4507-8dbf-f01d475458da,cdaa3f2c-47a5-4f0e-b87d-5ad9e1233954,c5,DROP,442,x5,?,
1769501048.7083614,RECEIVED,24c044b1-7f26-479f-90ba-3547d2c20737,445f5e1a-b940-41b5-a05e-e053548f7fce,c4,DROP,1443,p1,?,
1769501048.7189507,SENT,05877c48-aa7b-42ca-8471-0178a01ff2a8,6e3ffb1f-ad15-4925-be0e-9557613a05d1,c3,None,1599,?,i11,
1769501048.7189918,FORWARDED,05877c48-aa7b-42ca-8471-0178a01ff2a8,6e3ffb1f-ad15-4925-be0e-9557613a05d1,c3,None,1599,?,i11,
1769501048.7505221,RECEIVED,d751c15f-ed7b-453e-a15d-fd603cc01cfd,f75e4651-94c5-4154-b2e2-42995f718855,c4,c3,2463,p1,?,
1769501049.0366492,SENT,d751c15f-ed7b-453e-a15d-fd603cc01cfd,f75e4651-94c5-4154-b2e2-42995f718855,c4,c3,1776,?,i1,
1769501049.0366874,FORWARDED,d751c15f-ed7b-453e-a15d-fd603cc01cfd,f75e4651-94c5-4154-b2e2-42995f718855,c4,c3,1776,?,i1,
1769501049.225763,RECEIVED,cf91310c-b48e-4477-a4b7-e7cf151a51be,a97c6017-6d42-486e-a6aa-d3f9b33f0ba8,c2,DROP,1441,p2,?,
1769501049.2789414,SENT,dac29631-ce0f-47ce-aba9-1b8b01f70512,fe50941c-4eab-44f1-8f00-328ac6f2fdb1,c1,DROP,1012,?,i12,
1769501049.2789812,FORWARDED,dac29631-ce0f-47ce-aba9-1b8b01f70512,fe50941c-4eab-44f1-8f00-328ac6f2fdb1,c1,DROP,1012,?,i12,
1769501049.329693,SENT,cf91310c-b48e-4477-a4b7-e7cf151a51be,a97c6017-6d42-486e-a6aa-d3f9b33f0ba8,c2,DROP,1008,?,i11,
1769501049.3297358,FORWARDED,cf91310c-b48e-4477-a4b7-e7cf151a51be,a97c6017-6d42-486e-a6aa-d3f9b33f0ba8,c2,DROP,1008,?,i11,
1769501049.3384738,RECEIVED,2a0be0f3-85ea-428f-aefd-8efca0ba882b,24cfb422-2a06-4ed4-8060-2fc41a703ae6,c2,DROP,1439,p2,?,
1769501049.4994009,RECEIVED,e66ec4d9-7c9a-44ef-8d9f-5021358b1f11,b4420a2a-0ed2-4bfb-9a2d-5eb3b6c192d5,c1,DROP,1452,p1,?,
1769501049.5310245,RECEIVED,b493bdd2-517c-4b8d-bb3f-8750a6442127,3166634c-f8e3-460f-8fe9-2ef5e09b6321,c4,DROP,1431,p1,?,
1769501049.7868917,SENT,e66ec4d9-7c9a-44ef-8d9f-5021358b1f11,b4420a2a-0ed2-4bfb-9a2d-5eb3b6c192d5,c1,DROP,1015,?,i3,
1769501049.78693,FORWARDED,e66ec4d9-7c9a-44ef-8d9f-5021358b1f11,b4420a2a-0ed2-4bfb-9a2d-5eb3b6c192d5,c1,DROP,1015,?,i3,
1769501049.841263,RECEIVED,3ca03eea-f028-4aae-a78b-b5675808ebd7,dd6737fc-a5ec-4d00-ab6e-937b2a78708c,c3,DROP,1451,p3,?,
1769501049.939806,SENT,24c044b1-7f26-479f-90ba-3547d2c20737,445f5e1a-b940-41b5-a05e-e053548f7fce,c4,DROP,1009,?,i5,
1769501049.9398506,FORWARDED,24c044b1-7f26-479f-90ba-3547d2c20737,445f5e1a-b940-41b5-a05e-e053548f7fce,c4,DROP,1009,?,i5,
1769501050.1479201,RECEIVED,af2061bd-0f83-40ca-8329-a231645800b9,34095ead-c752-402b-aa64-f667adf7377a,c4,DROP,1444,p1,?,
1769501050.3162901,SENT,af2061bd-0f83-40ca-8329-a231645800b9,34095ead-c752-402b-aa64-f667adf7377a,c4,DROP,1009,?,i9,
1769501050.3163283,FORWARDED,af2061bd-0f83-40ca-8329-a231645800b9,34095ead-c752-402b-aa64-f667adf7377a,c4,DROP,1009,?,i9,
1769501050.3266678,RECEIVED,099c1456-8642-4534-a4d1-f6fb35271017,ad2bb0b3-0ecb-46d2-801a-36617a9544ff,c1,DROP,1439,p1,?,
1769501050.3291464,RECEIVED,5daa31c4-5267-4936-9857-adc10b4f94d9,ddb73234-4118-4e45-bd93-00dcd8ae8221,c1,DROP,1452,p1,?,
1769501050.3982022,SENT,5daa31c4-5267-4936-9857-adc10b4f94d9,ddb73234-4118-4e45-bd93-00dcd8ae8221,c1,DROP,1015,?,i3,
1769501050.3982484,FORWARDED,5daa31c4-5267-4936-9857-adc10b4f94d9,ddb73234-4118-4e45-bd93-00dcd8ae8221,c1,DROP,1015,?,i3,
1769501050.4022262,SENT,b493bdd2-517c-4b8d-bb3f-8750a6442127,3166634c-f8e3-460f-8fe9-2ef5e09b6321,c4,DROP,1000,?,i9,
1769501050.402278,FORWARDED,b493bdd2-517c-4b8d-bb3f-8750a6442127,3166634c-f8e3-460f-8fe9-2ef5e09b6321,c4,DROP,1000,?,i9,
1769501050.489987,RECEIVED,3ded9583-259c-4a00-a217-75921352b265,e502c112-a0e1-48a7-914a-3b04233ea687,c1,DROP,438,x6,?,
1769501050.6374762,SENT,2a0be0f3-85ea-428f-aefd-8efca0ba882b,24cfb422-2a06-4ed4-8060-2fc41a703ae6,c2,DROP,1007,?,i9,
1769501050.6375191,FORWARDED,2a0be0f3-85ea-428f-aefd-8efca0ba882b,24cfb422-2a06-4ed4-8060-2fc41a703ae6,c2,DROP,1007,?,i9,
1769501050.7180629,SENT,099c1456-8642-4534-a4d1-f6fb35271017,ad2bb0b3-0ecb-46d2-801a-36617a9544ff,c1,DROP,1007,?,i5,
1769501050.7181048,FORWARDED,099c1456-8642-4534-a4d1-f6fb35271017,ad2bb0b3-0ecb-46d2-801a-36617a9544ff,c1,DROP,1007,?,i5,
1769501050.7307627,RECEIVED,d24e73d2-456e-401d-915f-643726850641,a16b3c46-ac8a-495e-96e3-9005e855721b,c3,DROP,1439,p3,?,
1769501050.9184227,RECEIVED,66f3b8fc-9770-45db-8550-f129ea8806b1,35b24959-d4c0-47b6-affb-68cbc21b57e8,c4,DROP,442,x9,?,
1769501051.0592775,SENT,d24e73d2-456e-401d-915f-643726850641,a16b3c46-ac8a-495e-96e3-9005e855721b,c3,DROP,1008,?,i7,
1769501051.0593107,FORWARDED,d24e73d2-456e-401d-915f-643726850641,a16b3c46-ac8a-495e-96e3-9005e855721b,c3,DROP,1008,?,i7,
1769501051.3120549,RECEIVED,efeb2cf5-33e9-49ca-9c8a-88102505d02f,a085b09f-8677-4cb2-abf8-47f5ba5328d0,c1,DROP,1453,p1,?,
1769501051.3178742,SENT,3ca03eea-f028-4aae-a78b-b5675808ebd7,dd6737fc-a5ec-4d00-ab6e-937b2a78708c,c3,DROP,1017,?,i9,
1769501051.3179162,FORWARDED,3ca03eea-f028-4aae-a78b-b5675808ebd7,dd6737fc-a5ec-4d00-ab6e-937b2a78708c,c3,DROP,1017,?,i9,
1769501051.3212378,SENT,efeb2cf5-33e9-49ca-9c8a-88102505d02f,a085b09f-8677-4cb2-abf8-47f5ba5328d0,c1,DROP,1015,?,i5,
1769501051.3212774,FORWARDED,efeb2cf5-33e9-49ca-9c8a-88102505d02f,a085b09f-8677-4cb2-abf8-47f5ba5328d0,c1,DROP,1015,?,i5,
1769501051.3364289,RECEIVED,a29df37e-6499-4434-80b9-fa1455d2c5f8,188a2d6c-680e-4178-aa17-e43bfcf4fe9a,c5,DROP,1439,p2,?,
1769501051.366348,RECEIVED,80f99369-b723-4dbb-8fa6-ade6e98cc648,0dce0e7f-60fc-4d6c-9464-718de106c641,c4,DROP,1440,p1,?,
1769501051.4922745,RECEIVED,072af2b9-9930-4dbd-b312-e43562379dd0,41b31c22-2365-4de9-84ed-375ef49b2de4,c4,c3,2468,p1,?,
1769501051.5198748,RECEIVED,d381bad2-dcc9-4da4-9830-25ce529462f1,d88f8d7e-9860-46d3-b119-a66e602556a8,c1,DROP,1450,p1,?,
1769501051.531578,SENT,80f99369-b723-4dbb-8fa6-ade6e98cc648,0dce0e7f-60fc-4d6c-9464-718de106c641,c4,DROP,1007,?,i4,
1769501051.5316164,FORWARDED,80f99369-b723-4dbb-8fa6-ade6e98cc648,0dce0e7f-60fc-4d6c-9464-718de106c641,c4,DROP,1007,?,i4,
1769501051.8089066,SENT,072af2b9-9930-4dbd-b312-e43562379dd0,41b31c22-2365-4de9-84ed-375ef49b2de4,c4,c3,1779,?,i4,
1769501051.8089485,FORWARDED,072af2b9-9930-4dbd-b312-e43562379dd0,41b31c22-2365-4de9-84ed-375ef49b2de4,c4,c3,1779,?,i4,
1769501051.8651307,RECEIVED,54d317fc-7e0e-4ce5-9ef8-0a0e1072b461,a4944d5d-4c1d-403c-a3f2-ca27030fcdd3,c2,c1,2459,p2,?,
1769501052.123881,SENT,54d317fc-7e0e-4ce5-9ef8-0a0e1072b461,a4944d5d-4c1d-403c-a3f2-ca27030fcdd3,c2,c1,1771,?,i8,
1769501052.1239235,FORWARDED,54d317fc-7e0e-4ce5-9ef8-0a0e1072b461,a4944d5d-4c1d-403c-a3f2-ca27030fcdd3,c2,c1,1771,?,i8,
1769501052.194171,RECEIVED,10f93dad-dbf3-4d4a-a66a-d90736d533fe,44e28921-ee21-4a81-93a6-81603f5d4f70,c3,DROP,1435,p3,?,
1769501052.34053,SENT,a29df37e-6499-4434-80b9-fa1455d2c5f8,188a2d6c-680e-4178-aa17-e43bfcf4fe9a,c5,DROP,1006,?,i3,
1769501052.3405735,FORWARDED,a29df37e-6499-4434-80b9-fa1455d2c5f8,188a2d6c-680e-4178-aa17-e43bfcf4fe9a,c5,DROP,1006,?,i3,
1769501052.379155,RECEIVED,4408a2d1-80c6-4089-ae79-0c2a0da520f9,92e04690-17a7-4df1-8e39-1387d2eac7e9,c1,c5,2463,p1,?,
1769501052.4670994,RECEIVED,9d607fbb-bc36-4387-b168-4b2c47809328,bbf6b05f-8241-4558-9ea8-6c0cd9325e07,c5,DROP,1443,p2,?,
1769501052.619413,RECEIVED,81949194-1c1f-44d8-af8c-1d40da081452,fde4ec59-ca19-4926-a4a7-c3ec88970efa,c4,DROP,1440,p1,?,
1769501052.6452944,SENT,4408a2d1-80c6-4089-ae79-0c2a0da520f9,92e04690-17a7-4df1-8e39-1387d2eac7e9,c1,c5,1776,?,i9,
1769501052.645343,FORWARDED,4408a2d1-80c6-4089-ae79-0c2a0da520f9,92e04690-17a7-4df1-8e39-1387d2eac7e9,c1,c5,1776,?,i9,
1769501052.7168722,SENT,9d607fbb-bc36-4387-b168-4b2c47809328,bbf6b05f-8241-4558-9ea8-6c0cd9325e07,c5,DROP,1009,?,i8,
1769501052.7169213,FORWARDED,9d607fbb-bc36-4387-b168-4b2c47809328,bbf6b05f-8241-4558-9ea8-6c0cd9325e07,c5,DROP,1009,?,i8,
1769501052.9299788,SENT,81949194-1c1f-44d8-af8c-1d40da081452,fde4ec59-ca19-4926-a4a7-c3ec88970efa,c4,DROP,1008,?,i5,
1769501052.930019,FORWARDED,81949194-1c1f-44d8-af8c-1d40da081452,fde4ec59-ca19-4926-a4a7-c3ec88970efa,c4,DROP,1008,?,i5,
1769501052.9532726,RECEIVED,868a88ca-73aa-419a-b75a-39b8fa9e78bc,02e23500-020d-444c-af62-de478c4a31bd,c3,c4,2460,p3,?,
1769501052.9859607,SENT,d381bad2-dcc9-4da4-9830-25ce529462f1,d88f8d7e-9860-46d3-b119-a66e602556a8,c1,DROP,1015,?,i9,
1769501052.9860048,FORWARDED,d381bad2-dcc9-4da4-9830-25ce529462f1,d88f8d7e-9860-46d3-b119-a66e602556a8,c1,DROP,1015,?,i9,
1769501053.004943,RECEIVED,b7835f16-16ae-4f45-b08a-f9eab29a8da2,6e547971-15c9-4d0e-99f3-dd7ea1f25ba4,c1,DROP,1440,p1,?,
1769501053.1935701,SENT,868a88ca-73aa-419a-b75a-39b8fa9e78bc,02e23500-020d-444c-af62-de478c4a31bd,c3,c4,1771,?,i1,
1769501053.1936107,FORWARDED,868a88ca-73aa-419a-b75a-39b8fa9e78bc,02e23500-020d-444c-af62-de478c4a31bd,c3,c4,1771,?,i1,
1769501053.2961743,RECEIVED,d8df5167-1fff-4985-a663-de0d799d0245,51c8eecf-36bf-40ae-9592-29d57adc1292,c5,c2,2462,p2,?,
1769501053.401164,RECEIVED,fd9f6875-c8be-47cc-8f6e-1346e3419136,f9989104-ad3e-4ea9-9437-e041b3b904b3,c5,DROP,1448,p2,?,
1769501053.5017045,RECEIVED,fe690c47-e8c0-4af8-83fd-21432de8059d,be9c91b3-9807-45cc-b347-2f8b2e7df821,c1,DROP,1443,p1,?,
1769501053.532876,RECEIVED,06f66c6e-fe8b-4649-b641-f01dde8f6851,d19c7d15-dca8-4f23-922c-06c9bbfa6d4c,c3,DROP,1441,p3,?,
1769501053.547841,RECEIVED,56c0a107-74c2-47fe-8478-48707788655b,ff058ecb-4bbd-45d0-8d92-4a84dd5b2737,c4,DROP,441,x10,?,
1769501053.575639,RECEIVED,369c7767-791b-44d1-bd92-03cadbac1e05,4deea05e-bdb9-4ca9-964e-ce07fca0f90b,c3,DROP,441,x3,?,
1769501053.6026511,SENT,06f66c6e-fe8b-4649-b641-f01dde8f6851,d19c7d15-dca8-4f23-922c-06c9bbfa6d4c,c3,DROP,1008,?,i12,
1769501053.6026936,FORWARDED,06f66c6e-fe8b-4649-b641-f01dde8f6851,d19c7d15-dca8-4f23-922c-06c9bbfa6d4c,c3,DROP,1008,?,i12,
1769501053.6317303,SENT,b7835f16-16ae-4f45-b08a-f9eab29a8da2,6e547971-15c9-4d0e-99f3-dd7ea1f25ba4,c1,DROP,1007,?,i10,
1769501053.6317668,FORWARDED,b7835f16-16ae-4f45-b08a-f9eab29a8da2,6e547971-15c9-4d0e-99f3-dd7ea1f25ba4,c1,DROP,1007,?,i10,
1769501053.786338,SENT,10f93dad-dbf3-4d4a-a66a-d90736d533fe,44e28921-ee21-4a81-93a6-81603f5d4f70,c3,DROP,1004,?,i1,
1769501053.7863808,FORWARDED,10f93dad-dbf3-4d4a-a66a-d90736d533fe,44e28921-ee21-4a81-93a6-81603f5d4f70,c3,DROP,1004,?,i1,
1769501053.8026843,SENT,fd9f6875-c8be-47cc-8f6e-1346e3419136,f9989104-ad3e-4ea9-9437-e041b3b904b3,c5,DROP,1014,?,i9,
1769501053.802727,FORWARDED,fd9f6875-c8be-47cc-8f6e-1346e3419136,f9989104-ad3e-4ea9-9437-e041b3b904b3,c5,DROP,1014,?,i9,
1769501053.9012573,RECEIVED,16de276b-dedc-4fc3-9547-9028da9cddc1,278ca0e7-1fa4-4ad4-a7c6-88eeec173357,c1,DROP,1453,p1,?,
1769501053.9225588,RECEIVED,3ba14b8c-0353-49fb-bf8e-b2a34d1e5124,8073e26a-bbb3-4f18-9f25-f0f82a20d750,c4,DROP,446,x11,?,
1769501053.9485385,RECEIVED,3d635aee-6d9d-4cb4-b8a8-4e35e3907ab0,32a15584-2538-409d-9f9a-db1671f6de2e,c2,None,2240,p2,?,
1769501053.9498525,RECEIVED,1f8334ca-8e70-47c5-b732-ff00ed72e7e3,d38f3913-20e8-4889-a5b3-8ecfe18cc133,c5,DROP,1451,p2,?,
1769501053.9961412,SENT,16de276b-dedc-4fc3-9547-9028da9cddc1,278ca0e7-1fa4-4ad4-a7c6-88eeec173357,c1,DROP,1016,?,i6,
1769501053.9961827,FORWARDED,16de276b-dedc-4fc3-9547-9028da9cddc1,278ca0e7-1fa4-4ad4-a7c6-88eeec173357,c1,DROP,1016,?,i6,
1769501054.0005243,RECEIVED,949ebd23-886c-4216-a8b8-8c74e51bb162,6ab57646-c7d5-4633-84dd-cd6c41d9cb8b,c4,None,2235,p1,?,
1769501054.0702536,RECEIVED,a7babe4c-3047-4995-8eff-2b8f701d5925,6ba3ea74-2bb2-4a72-89f4-4c66f1d9514b,c4,DROP,442,x5,?,
1769501054.0726204,RECEIVED,0ec407da-c887-4b70-ab52-7b134d56d9bf,9bc742d0-7b38-4dd8-a15d-cbeef5ddc21f,c4,DROP,1460,p1,?,
1769501054.100155,RECEIVED,9b0b2fc6-e6df-4db1-af35-4143608eceb9,57f4ecec-0246-4881-b8f5-478e28688c74,c5,DROP,442,x1,?,
1769501054.1175692,RECEIVED,a0cf245e-a901-4342-a037-e7cfb2b622bf,387f44aa-c7ea-4ae8-ba3d-7efa55499a9c,c2,DROP,1439,p2,?,
1769501054.195322,RECEIVED,8d6e6423-c705-4fd5-a05d-3cef976c4e2f,d7f65401-72ef-4c35-b25a-f4df8051896b,c3,c4,2448,p3,?,
1769501054.2527199,SENT,3d635aee-6d9d-4cb4-b8a8-4e35e3907ab0,32a15584-2538-409d-9f9a-db1671f6de2e,c2,None,1607,?,i5,
1769501054.2527616,FORWARDED,3d635aee-6d9d-4cb4-b8a8-4e35e3907ab0,32a15584-2538-409d-9f9a-db1671f6de2e,c2,None,1607,?,i5,
1769501054.266695,SENT,1f8334ca-8e70-47c5-b732-ff00ed72e7e3,d38f3913-20e8-4889-a5b3-8ecfe18cc133,c5,DROP,1016,?,i7,
1769501054.2667332,FORWARDED,1f8334ca-8e70-47c5-b732-ff00ed72e7e3,d38f3913-20e8-4889-a5b3-8ecfe18cc133,c5,DROP,1016,?,i7,
1769501054.2834995,RECEIVED,b5d72984-0180-4480-b7c5-97f6d7a8111e,d439369e-0b6a-4a22-9d74-60258e02b9f3,c4,DROP,441,x1,?,
1769501054.4119933,SENT,d8df5167-1fff-4985-a663-de0d799d0245,51c8eecf-36bf-40ae-9592-29d57adc1292,c5,c2,1775,?,i3,
1769501054.4120293,FORWARDED,d8df5167-1fff-4985-a663-de0d799d0245,51c8eecf-36bf-40ae-9592-29d57adc1292,c5,c2,1775,?,i3,
1769501054.4132586,RECEIVED,28334f3c-8bfd-4798-afd1-aec6a1e7868e,5aced4bc-7337-491a-a759-d764bc0694d4,c4,DROP,1446,p1,?,
1769501054.57388,SENT,fe690c47-e8c0-4af8-83fd-21432de8059d,be9c91b3-9807-45cc-b347-2f8b2e7df821,c1,DROP,1010,?,i8,
1769501054.573923,FORWARDED,fe690c47-e8c0-4af8-83fd-21432de8059d,be9c91b3-9807-45cc-b347-2f8b2e7df821,c1,DROP,1010,?,i8,
1769501054.5856302,SENT,8d6e6423-c705-4fd5-a05d-3cef976c4e2f,d7f65401-72ef-4c35-b25a-f4df8051896b,c3,c4,1763,?,i1,
1769501054.5856655,FORWARDED,8d6e6423-c705-4fd5-a05d-3cef976c4e2f,d7f65401-72ef-4c35-b25a-f4df8051896b,c3,c4,1763,?,i1,
1769501054.5995162,SENT,28334f3c-8bfd-4798-afd1-aec6a1e7868e,5aced4bc-7337-491a-a759-d764bc0694d4,c4,DROP,1012,?,i4,
1769501054.599551,FORWARDED,28334f3c-8bfd-4798-afd1-aec6a1e7868e,5aced4bc-7337-491a-a759-d764bc0694d4,c4,DROP,1012,?,i4,
1769501054.601222,RECEIVED,b5ca779f-23f3-434e-9c6d-7f9c99e89287,5efac70b-1863-461a-9a8b-43f73b2382cf,c3,DROP,1451,p3,?,
1769501054.7911434,RECEIVED,e1474b87-fbef-4e7f-90d4-2225b0a364ab,a732772f-31d6-43c4-8322-3356903bff46,c3,DROP,1439,p3,?,
1769501054.7939553,SENT,0ec407da-c887-4b70-ab52-7b134d56d9bf,9bc742d0-7b38-4dd8-a15d-cbeef5ddc21f,c4,DROP,1023,?,i10,
1769501054.7939994,FORWARDED,0ec407da-c887-4b70-ab52-7b134d56d9bf,9bc742d0-7b38-4dd8-a15d-cbeef5ddc21f,c4,DROP,1023,?,i10,
1769501054.808933,SENT,949ebd23-886c-4216-a8b8-8c74e51bb162,6ab57646-c7d5-4633-84dd-cd6c41d9cb8b,c4,None,1604,?,i2,
1769501054.808976,FORWARDED,949ebd23-886c-4216-a8b8-8c74e51bb162,6ab57646-c7d5-4633-84dd-cd6c41d9cb8b,c4,None,1604,?,i2,
1769501054.8223116,SENT,a0cf245e-a901-4342-a037-e7cfb2b622bf,387f44aa-c7ea-4ae8-ba3d-7efa55499a9c,c2,DROP,1007,?,i6,
1769501054.8223555,FORWARDED,a0cf245e-a901-4342-a037-e7cfb2b622bf,387f44aa-c7ea-4ae8-ba3d-7efa55499a9c,c2,DROP,1007,?,i6,
1769501055.1332362,SENT,e1474b87-fbef-4e7f-90d4-2225b0a364ab,a732772f-31d6-43c4-8322-3356903bff46,c3,DROP,1008,?,i11,
1769501055.1332798,FORWARDED,e1474b87-fbef-4e7f-90d4-2225b0a364ab,a732772f-31d6-43c4-8322-3356903bff46,c3,DROP,1008,?,i11,
1769501055.1850054,RECEIVED,26e4ef9d-439a-479b-b92b-ef49aa7b14f6,3dd431b4-5e41-4511-b09a-54f90a315d1b,c5,DROP,1447,p2,?,
1769501055.2452343,SENT,b5ca779f-23f3-434e-9c6d-7f9c99e89287,5efac70b-1863-461a-9a8b-43f73b2382cf,c3,DROP,1017,?,i3,
1769501055.245273,FORWARDED,b5ca779f-23f3-434e-9c6d-7f9c99e89287,5efac70b-1863-461a-9a8b-43f73b2382cf,c3,DROP,1017,?,i3,
1769501055.5070984,RECEIVED,11946d5a-81c0-427b-aec1-1384a98148a6,81685f04-2360-4ebd-aa98-dad2e67d0210,c1,c5,2447,p1,?,
1769501055.5497909,RECEIVED,9ff9c13b-164e-40d9-b8cd-5bb97e4728b5,02fc84a1-44ef-48ec-af93-2738ceafd0ce,c2,DROP,1439,p2,?,
1769501055.635461,RECEIVED,7e16ffe0-f0bb-40c2-a4a6-f61512fbc66f,6e2bb951-5281-48f5-835f-68ed06144e1f,c3,DROP,441,x2,?,
1769501055.7791038,RECEIVED,93abba97-c6b6-4b08-8c6f-ab2f2671492b,9612c948-c98e-46bb-98fa-66c7f0c44c86,c3,DROP,1449,p3,?,
1769501055.8528821,SENT,93abba97-c6b6-4b08-8c6f-ab2f2671492b,9612c948-c98e-46bb-98fa-66c7f0c44c86,c3,DROP,1013,?,i2,
1769501055.8529189,FORWARDED,93abba97-c6b6-4b08-8c6f-ab2f2671492b,9612c948-c98e-46bb-98fa-66c7f0c44c86,c3,DROP,1013,?,i2,
1769501055.8753746,RECEIVED,6734ce17-24f0-49b9-b93b-8e8e96ed8f40,bcf06aff-84b6-4c26-bc5b-a8c50187c2f6,c4,DROP,1440,p1,?,
1769501055.9663737,RECEIVED,56a8a95f-a1ad-4da7-bcd9-61d613ca0d09,47cf8be1-542c-4f84-bbd7-ac46fcacf15d,c3,None,2236,p3,?,
1769501056.0573568,RECEIVED,79f84384-a16b-4c1d-83b5-065f9a0e6a15,8da47526-2a58-4c4f-adbb-0dd2497ede10,c1,None,2224,p1,?,
1769501056.1682448,SENT,79f84384-a16b-4c1d-83b5-065f9a0e6a15,8da47526-2a58-4c4f-adbb-0dd2497ede10,c1,None,1595,?,i1,
1769501056.1682844,FORWARDED,79f84384-a16b-4c1d-83b5-065f9a0e6a15,8da47526-2a58-4c4f-adbb-0dd2497ede10,c1,None,1595,?,i1,
1769501056.2486186,SENT,56a8a95f-a1ad-4da7-bcd9-61d613ca0d09,47cf8be1-542c-4f84-bbd7-ac46fcacf15d,c3,None,1603,?,i12,
1769501056.248662,FORWARDED,56a8a95f-a1ad-4da7-bcd9-61d613ca0d09,47cf8be1-542c-4f84-bbd7-ac46fcacf15d,c3,None,1603,?,i12,
1769501056.2640104,SENT,6734ce17-24f0-49b9-b93b-8e8e96ed8f40,bcf06aff-84b6-4c26-bc5b-a8c50187c2f6,c4,DROP,1007,?,i6,
1769501056.2640584,FORWARDED,6734ce17-24f0-49b9-b93b-8e8e96ed8f40,bcf06aff-84b6-4c26-bc5b-a8c50187c2f6,c4,DROP,1007,?,i6,
1769501056.350784,SENT,9ff9c13b-164e-40d9-b8cd-5bb97e4728b5,02fc84a1-44ef-48ec-af93-2738ceafd0ce,c2,DROP,1006,?,i9,
1769501056.3508246,FORWARDED,9ff9c13b-164e-40d9-b8cd-5bb97e4728b5,02fc84a1-44ef-48ec-af93-2738ceafd0ce,c2,DROP,1006,?,i9,
1769501056.607889,RECEIVED,35a0f189-4efa-476e-9a98-2a7c1d308ebe,b2a1bf02-c6e0-4622-ba48-291ac84b36a4,c5,DROP,1439,p2,?,
1769501056.9187944,SENT,11946d5a-81c0-427b-aec1-1384a98148a6,81685f04-2360-4ebd-aa98-dad2e67d0210,c1,c5,1763,?,i9,
1769501056.9188373,FORWARDED,11946d5a-81c0-427b-aec1-1384a98148a6,81685f04-2360-4ebd-aa98-dad2e67d0210,c1,c5,1763,?,i9,
1769501056.920802,RECEIVED,0d7b19e0-5785-4e89-94dc-6c9eba7b45e1,6ed64551-e525-4f99-8dd4-2bc98aa4df8c,c3,DROP,1440,p3,?,
1769501057.092213,RECEIVED,7bb90383-851d-40aa-82ef-28fddb2f02bc,589fbd87-f397-46d3-80cf-815785e63459,c1,DROP,1440,p1,?,
1769501057.1674826,SENT,7bb90383-851d-40aa-82ef-28fddb2f02bc,589fbd87-f397-46d3-80cf-815785e63459,c1,DROP,1008,?,i3,
1769501057.167522,FORWARDED,7bb90383-851d-40aa-82ef-28fddb2f02bc,589fbd87-f397-46d3-80cf-815785e63459,c1,DROP,1008,?,i3,
1769501057.2623284,RECEIVED,9548a1cb-a2de-406f-bc74-87b1d4d7a5f3,8183fe5c-fbc0-4fb6-82f2-4a3ec4e4c54d,c2,DROP,1443,p2,?,
1769501057.307154,RECEIVED,32ac5604-001f-4478-b831-354f05c83908,89d95e9a-117e-45ca-9d28-a3731b1db4a2,c4,DROP,1450,p1,?,
1769501057.3546252,SENT,26e4ef9d-439a-479b-b92b-ef49aa7b14f6,3dd431b4-5e41-4511-b09a-54f90a315d1b,c5,DROP,1014,?,i9,
1769501057.3546636,FORWARDED,26e4ef9d-439a-479b-b92b-ef49aa7b14f6,3dd431b4-5e41-4511-b09a-54f90a315d1b,c5,DROP,1014,?,i9,
1769501057.3697774,SENT,0d7b19e0-5785-4e89-94dc-6c9eba7b45e1,6ed64551-e525-4f99-8dd4-2bc98aa4df8c,c3,DROP,1008,?,i4,
1769501057.369818,FORWARDED,0d7b19e0-5785-4e89-94dc-6c9eba7b45e1,6ed64551-e525-4f99-8dd4-2bc98aa4df8c,c3,DROP,1008,?,i4,
1769501057.5006979,SENT,35a0f189-4efa-476e-9a98-2a7c1d308ebe,b2a1bf02-c6e0-4622-ba48-291ac84b36a4,c5,DROP,1007,?,i2,
1769501057.5007405,FORWARDED,35a0f189-4efa-476e-9a98-2a7c1d308ebe,b2a1bf02-c6e0-4622-ba48-291ac84b36a4,c5,DROP,1007,?,i2,
1769501057.548921,RECEIVED,229caf9f-bb62-4b0e-b997-e9f8d5642c85,887b452b-db08-47ad-b979-c1729cc1855c,c5,c2,2448,p2,?,
1769501057.5786486,RECEIVED,81a3d710-b221-481e-8d29-a0cb04525255,65989077-0d79-4b91-a16d-df6938855e91,c5,c2,2453,p2,?,
1769501057.6052065,SENT,81a3d710-b221-481e-8d29-a0cb04525255,65989077-0d79-4b91-a16d-df6938855e91,c5,c2,1767,?,i8,
1769501057.605251,FORWARDED,81a3d710-b221-481e-8d29-a0cb04525255,65989077-0d79-4b91-a16d-df6938855e91,c5,c2,1767,?,i8,
1769501057.6391997,SENT,229caf9f-bb62-4b0e-b997-e9f8d5642c85,887b452b-db08-47ad-b979-c1729cc1855c,c5,c2,1763,?,i6,
1769501057.639242,FORWARDED,229caf9f-bb62-4b0e-b997-e9f8d5642c85,887b452b-db08-47ad-b979-c1729cc1855c,c5,c2,1763,?,i6,
1769501057.764218,SENT,32ac5604-001f-4478-b831-354f05c83908,89d95e9a-117e-45ca-9d28-a3731b1db4a2,c4,DROP,1016,?,i5,
1769501057.7642574,FORWARDED,32ac5604-001f-4478-b831-354f05c83908,89d95e9a-117e-45ca-9d28-a3731b1db4a2,c4,DROP,1016,?,i5,
1769501057.7952974,RECEIVED,09f317ed-7c85-4463-94d6-44745bcd3c7c,fdfc4f0d-0524-4066-9d5f-a6710356ee8d,c3,DROP,1435,p3,?,
1769501057.910485,RECEIVED,4d07a134-5115-4441-aefb-717bdb4aad97,098c8ade-d8cb-46b0-a8da-5d37400d825f,c1,DROP,1440,p1,?,
1769501057.9757047,SENT,9548a1cb-a2de-406f-bc74-87b1d4d7a5f3,8183fe5c-fbc0-4fb6-82f2-4a3ec4e4c54d,c2,DROP,1011,?,i8,
1769501057.9757483,FORWARDED,9548a1cb-a2de-406f-bc74-87b1d4d7a5f3,8183fe5c-fbc0-4fb6-82f2-4a3ec4e4c54d,c2,DROP,1011,?,i8,
1769501058.047789,RECEIVED,fcaa7aa3-e69f-49d1-9347-72320f42a2cd,9adc7cbd-77b2-421c-9088-8442934f1b8d,c1,DROP,1453,p1,?,
1769501058.0785007,SENT,fcaa7aa3-e69f-49d1-9347-72320f42a2cd,9adc7cbd-77b2-421c-9088-8442934f1b8d,c1,DROP,1016,?,i12,
1769501058.0785418,FORWARDED,fcaa7aa3-e69f-49d1-9347-72320f42a2cd,9adc7cbd-77b2-421c-9088-8442934f1b8d,c1,DROP,1016,?,i12,
1769501058.1533608,SENT,4d07a134-5115-4441-aefb-717bdb4aad97,098c8ade-d8cb-46b0-a8da-5d37400d825f,c1,DROP,1007,?,i7,
1769501058.1534007,FORWARDED,4d07a134-5115-4441-aefb-717bdb4aad97,098c8ade-d8cb-46b0-a8da-5d37400d825f,c1,DROP,1007,?,i7,
1769501058.3730896,SENT,09f317ed-7c85-4463-94d6-44745bcd3c7c,fdfc4f0d-0524-4066-9d5f-a6710356ee8d,c3,DROP,1005,?,i9,
1769501058.373132,FORWARDED,09f317ed-7c85-4463-94d6-44745bcd3c7c,fdfc4f0d-0524-4066-9d5f-a6710356ee8d,c3,DROP,1005,?,i9,
1769501058.4887881,RECEIVED,8c8fbc6d-a91a-4d6a-b968-cdfbaa2474f5,467029fe-c9d9-4071-993e-aead2d0f8e8e,c4,DROP,1440,p1,?,
1769501058.492954,RECEIVED,ca416aa5-cb0f-4f8b-90d6-a879f411c49c,9f72bf11-c7ef-4d2d-98f2-74409fd7a97e,c1,DROP,1442,p1,?,
1769501058.5007632,SENT,ca416aa5-cb0f-4f8b-90d6-a879f411c49c,9f72bf11-c7ef-4d2d-98f2-74409fd7a97e,c1,DROP,1007,?,i6,
1769501058.5008059,FORWARDED,ca416aa5-cb0f-4f8b-90d6-a879f411c49c,9f72bf11-c7ef-4d2d-98f2-74409fd7a97e,c1,DROP,1007,?,i6,
1769501058.6893945,RECEIVED,19fcad35-a3e7-4014-9e59-b2c9aa0fd258,ff87d719-ff35-429c-8e65-b61d2b8cd664,c1,DROP,1439,p1,?,
1769501058.7587488,SENT,8c8fbc6d-a91a-4d6a-b968-cdfbaa2474f5,467029fe-c9d9-4071-993e-aead2d0f8e8e,c4,DROP,1008,?,i2,
1769501058.7587914,FORWARDED,8c8fbc6d-a91a-4d6a-b968-cdfbaa2474f5,467029fe-c9d9-4071-993e-aead2d0f8e8e,c4,DROP,1008,?,i2,
1769501058.9898121,RECEIVED,bbe0c27f-5900-4b92-8042-5c7f6bd7f1bb,a518a579-f6c4-4349-a740-fb0d0ca82222,c1,DROP,1431,p1,?,
1769501059.0161211,RECEIVED,103cdfed-4e24-4ad2-814b-0c0f31fc9744,74dc2d5d-b03e-449b-9354-7a5ff86435e7,c1,DROP,1439,p1,?,
1769501059.0973427,SENT,19fcad35-a3e7-4014-9e59-b2c9aa0fd258,ff87d719-ff35-429c-8e65-b61d2b8cd664,c1,DROP,1007,?,i7,
1769501059.0973892,FORWARDED,19fcad35-a3e7-4014-9e59-b2c9aa0fd258,ff87d719-ff35-429c-8e65-b61d2b8cd664,c1,DROP,1007,?,i7,
1769501059.1679366,SENT,bbe0c27f-5900-4b92-8042-5c7f6bd7f1bb,a518a579-f6c4-4349-a740-fb0d0ca82222,c1,DROP,1002,?,i2,
1769501059.1679769,FORWARDED,bbe0c27f-5900-4b92-8042-5c7f6bd7f1bb,a518a579-f6c4-4349-a740-fb0d0ca82222,c1,DROP,1002,?,i2,
1769501059.2046695,SENT,103cdfed-4e24-4ad2-814b-0c0f31fc9744,74dc2d5d-b03e-449b-9354-7a5ff86435e7,c1,DROP,1007,?,i8,
1769501059.2047122,FORWARDED,103cdfed-4e24-4ad2-814b-0c0f31fc9744,74dc2d5d-b03e-449b-9354-7a5ff86435e7,c1,DROP,1007,?,i8,
1769501059.2151299,RECEIVED,eb8b465b-c42a-4ad0-9871-6e6d193a05f3,4ae6790e-ac9c-4424-96d7-a352e788f988,c2,DROP,1441,p2,?,
1769501059.2287133,RECEIVED,9657fb82-0665-4b4e-9e49-55c55467db13,64892300-d2a8-4cd9-8ac4-720e9f1464c2,c3,DROP,440,x7,?,
1769501059.2907257,RECEIVED,2a9d3194-1ee0-44f6-b4d5-e67ba69ff408,81447821-2348-4db1-a77a-6a29bbbac4b6,c4,DROP,1451,p1,?,
1769501059.306035,RECEIVED,e9ac233d-adab-41b4-a463-fc48087d901f,df9f45a5-1a18-4efb-a5fa-8c5467f3ef45,c4,DROP,442,x8,?,
1769501059.4540737,SENT,eb8b465b-c42a-4ad0-9871-6e6d193a05f3,4ae6790e-ac9c-4424-96d7-a352e788f988,c2,DROP,1008,?,i10,
1769501059.4541543,FORWARDED,eb8b465b-c42a-4ad0-9871-6e6d193a05f3,4ae6790e-ac9c-4424-96d7-a352e788f988,c2,DROP,1008,?,i10,
1769501059.575014,RECEIVED,45eb1859-3e61-4507-b217-32042a4bf57a,59aaa4d6-6f8b-499c-bec2-dd040f16e966,c4,DROP,1453,p1,?,
1769501059.59329,RECEIVED,11fe557a-2d70-4125-b145-d576518a25c2,b76b7d2b-b88d-49e2-87c0-7ccf68a7eeb0,c3,DROP,1456,p3,?,
1769501059.6058273,RECEIVED,33b42797-13bf-4b7a-b3d6-07eb00d2e84b,3eb35f9b-48c9-47cd-bde5-5b2ec537d55a,c5,c2,2460,p2,?,
1769501059.6512356,SENT,33b42797-13bf-4b7a-b3d6-07eb00d2e84b,3eb35f9b-48c9-47cd-bde5-5b2ec537d55a,c5,c2,1772,?,i6,
1769501059.651277,FORWARDED,33b42797-13bf-4b7a-b3d6-07eb00d2e84b,3eb35f9b-48c9-47cd-bde5-5b2ec537d55a,c5,c2,1772,?,i6,
1769501059.6980882,SENT,45eb1859-3e61-4507-b217-32042a4bf57a,59aaa4d6-6f8b-499c-bec2-dd040f16e966,c4,DROP,1016,?,i10,
1769501059.6981225,FORWARDED,45eb1859-3e61-4507-b217-32042a4bf57a,59aaa4d6-6f8b-499c-bec2-dd040f16e966,c4,DROP,1016,?,i10,
1769501059.8832052,RECEIVED,9d5f8ff2-d836-4c8d-9923-3e5e6ca261a3,97e1569a-49c2-4b6e-88b6-5337ee80e216,c4,None,2248,p1,?,
1769501059.9009101,RECEIVED,f6345d32-8b92-4f56-90fa-279d1d3ea1d9,9c26e7fd-2e7e-413a-bf0b-c68bda95aef7,c4,DROP,1452,p1,?,
1769501059.903477,SENT,2a9d3194-1ee0-44f6-b4d5-e67ba69ff408,81447821-2348-4db1-a77a-6a29bbbac4b6,c4,DROP,1015,?,i4,
1769501059.903518,FORWARDED,2a9d3194-1ee0-44f6-b4d5-e67ba69ff408,81447821-2348-4db1-a77a-6a29bbbac4b6,c4,DROP,1015,?,i4,
1769501059.9162598,RECEIVED,627ed09c-7602-4c16-8621-56c7a65f51f0,0614dfc9-c032-498b-a948-76bb75eeb62e,c1,DROP,441,x6,?,
1769501060.1479144,RECEIVED,68e7bbda-db91-48c1-bdd5-048d1d19d69f,7411a368-27bb-4210-bb2a-0fa70b7ce389,c2,DROP,1452,p2,?,
1769501060.17442,SENT,f6345d32-8b92-4f56-90fa-279d1d3ea1d9,9c26e7fd-2e7e-413a-bf0b-c68bda95aef7,c4,DROP,1015,?,i12,
1769501060.1744647,FORWARDED,f6345d32-8b92-4f56-90fa-279d1d3ea1d9,9c26e7fd-2e7e-413a-bf0b-c68bda95aef7,c4,DROP,1015,?,i12,
1769501060.213653,RECEIVED,6d1818c6-7f8b-4491-a5f8-8563583cf3d2,3757b904-b8e7-457d-8bee-bae5017a7434,c3,DROP,441,x3,?,
1769501060.336533,SENT,11fe557a-2d70-4125-b145-d576518a25c2,b76b7d2b-b88d-49e2-87c0-7ccf68a7eeb0,c3,DROP,1020,?,i11,
1769501060.3365717,FORWARDED,11fe557a-2d70-4125-b145-d576518a25c2,b76b7d2b-b88d-49e2-87c0-7ccf68a7eeb0,c3,DROP,1020,?,i11,
1769501060.3499289,SENT,9d5f8ff2-d836-4c8d-9923-3e5e6ca261a3,97e1569a-49c2-4b6e-88b6-5337ee80e216,c4,None,1613,?,i12,
1769501060.3499732,FORWARDED,9d5f8ff2-d836-4c8d-9923-3e5e6ca261a3,97e1569a-49c2-4b6e-88b6-5337ee80e216,c4,None,1613,?,i12,
1769501060.4346716,RECEIVED,d0a13961-b07e-48a3-9e54-116d9263730c,57b1da8b-5a02-43e6-95fb-b86be24d6ad6,c2,DROP,1454,p2,?,
1769501060.451373,SENT,68e7bbda-db91-48c1-bdd5-048d1d19d69f,7411a368-27bb-4210-bb2a-0fa70b7ce389,c2,DROP,1015,?,i12,
1769501060.4514143,FORWARDED,68e7bbda-db91-48c1-bdd5-048d1d19d69f,7411a368-27bb-4210-bb2a-0fa70b7ce389,c2,DROP,1015,?,i12,
1769501060.4764962,RECEIVED,c708c34e-0d00-49cf-aa95-4528adc4f3cc,0b229648-0e16-4c27-9fa1-d66b8441aae8,c2,DROP,1441,p2,?,
1769501060.491119,RECEIVED,fc08340f-8251-4067-9439-17de679b5203,0bc6a3fa-12c3-43f9-850c-636fb3b58d18,c4,DROP,1451,p1,?,
1769501060.4936628,SENT,c708c34e-0d00-49cf-aa95-4528adc4f3cc,0b229648-0e16-4c27-9fa1-d66b8441aae8,c2,DROP,1008,?,i7,
1769501060.4937048,FORWARDED,c708c34e-0d00-49cf-aa95-4528adc4f3cc,0b229648-0e16-4c27-9fa1-d66b8441aae8,c2,DROP,1008,?,i7,
1769501060.4960375,SENT,d0a13961-b07e-48a3-9e54-116d9263730c,57b1da8b-5a02-43e6-95fb-b86be24d6ad6,c2,DROP,1015,?,i11,
1769501060.4961016,FORWARDED,d0a13961-b07e-48a3-9e54-116d9263730c,57b1da8b-5a02-43e6-95fb-b86be24d6ad6,c2,DROP,1015,?,i11,
1769501060.6329007,RECEIVED,e087989f-d8b6-47db-8472-86c4cb7c306f,a64ee7c4-3cba-47bb-b159-bce861238b8d,c2,DROP,1444,p2,?,
1769501060.705876,SENT,e087989f-d8b6-47db-8472-86c4cb7c306f,a64ee7c4-3cba-47bb-b159-bce861238b8d,c2,DROP,1011,?,i4,
1769501060.7059188,FORWARDED,e087989f-d8b6-47db-8472-86c4cb7c306f,a64ee7c4-3cba-47bb-b159-bce861238b8d,c2,DROP,1011,?,i4,
1769501060.762938,SENT,fc08340f-8251-4067-9439-17de679b5203,0bc6a3fa-12c3-43f9-850c-636fb3b58d18,c4,DROP,1017,?,i8,
1769501060.7629821,FORWARDED,fc08340f-8251-4067-9439-17de679b5203,0bc6a3fa-12c3-43f9-850c-636fb3b58d18,c4,DROP,1017,?,i8,
1769501060.7798033,RECEIVED,dfc3aa8c-badb-42d6-aad2-7e05a9aa7bf9,fba3f7fa-c43c-4de6-a904-d63b97cd3aff,c1,c5,2456,p1,?,
1769501060.8429809,RECEIVED,2439db42-e212-40c1-a1a1-c6527183ab00,1fd10ec5-4c61-443f-ab20-bf49f537adc3,c5,DROP,1441,p2,?,
1769501060.9397326,SENT,2439db42-e212-40c1-a1a1-c6527183ab00,1fd10ec5-4c61-443f-ab20-bf49f537adc3,c5,DROP,1007,?,i10,
1769501060.939781,FORWARDED,2439db42-e212-40c1-a1a1-c6527183ab00,1fd10ec5-4c61-443f-ab20-bf49f537adc3,c5,DROP,1007,?,i10,
1769501060.9513679,RECEIVED,b7fb27ed-7ad5-490b-a200-89c1fb6c1f38,b020c1a3-1035-4e24-a5cf-c2c96f2d6467,c5,DROP,442,x10,?,
1769501061.0097764,SENT,dfc3aa8c-badb-42d6-aad2-7e05a9aa7bf9,fba3f7fa-c43c-4de6-a904-d63b97cd3aff,c1,c5,1768,?,i1,
1769501061.0098155,FORWARDED,dfc3aa8c-badb-42d6-aad2-7e05a9aa7bf9,fba3f7fa-c43c-4de6-a904-d63b97cd3aff,c1,c5,1768,?,i1,
1769501061.121159,RECEIVED,96f27533-4a38-4e8f-b051-e8c97fce90f1,2b4d4bcc-5a31-402d-bce6-bf4290f7c166,c2,DROP,440,x5,?,
1769501061.4753203,RECEIVED,8cac698f-0cce-4bcb-8a31-b2054ed4fa61,9dae34d8-89e2-440f-8d8b-c276d170595e,c1,DROP,1443,p1,?,
1769501061.6329253,RECEIVED,a0c29aa7-fb5a-4acd-b968-90a2039b20a7,f51a30cc-2be5-4a92-a225-b0f946cb238d,c3,None,2227,p3,?,
1769501061.748123,RECEIVED,62525468-7d4c-4f0c-b46c-659522096de9,55087f5e-edcc-4751-96ea-5277aef50ca0,c4,DROP,446,x7,?,
1769501061.7694604,RECEIVED,a784f9cf-ae2f-43c7-be61-237cb6f8293b,f6213b5d-3316-4321-9d36-fb226fe66f1a,c3,DROP,1440,p3,?,
1769501061.8313828,RECEIVED,0cf4568b-d5e3-4aac-9a10-6b56051dad56,89e67e8b-41a9-4ab9-aee2-6b0d916ae3cd,c1,None,2219,p1,?,
1769501061.9235017,RECEIVED,48987a52-f1b8-4275-b677-d5decc58e999,31c43bef-3839-4310-9b2d-19a4907363ef,c2,DROP,1447,p2,?,
1769501061.9334438,SENT,48987a52-f1b8-4275-b677-d5decc58e999,31c43bef-3839-4310-9b2d-19a4907363ef,c2,DROP,1010,?,i12,
1769501061.933484,FORWARDED,48987a52-f1b8-4275-b677-d5decc58e999,31c43bef-3839-4310-9b2d-19a4907363ef,c2,DROP,1010,?,i12,
1769501061.9718657,RECEIVED,f4a21a78-eb60-4174-81ba-db0e27237a70,0e554415-c0b7-4d3b-be02-2f3f96f11955,c5,DROP,1452,p2,?,
1769501062.0792725,SENT,f4a21a78-eb60-4174-81ba-db0e27237a70,0e554415-c0b7-4d3b-be02-2f3f96f11955,c5,DROP,1016,?,i10,
1769501062.0793152,FORWARDED,f4a21a78-eb60-4174-81ba-db0e27237a70,0e554415-c0b7-4d3b-be02-2f3f96f11955,c5,DROP,1016,?,i10,
1769501062.1221068,RECEIVED,7c2d0a89-de92-49e3-a86b-8012a0de448a,461237d2-8746-484e-aa2e-c8fd6e6da857,c5,DROP,1452,p2,?,
1769501062.1588116,RECEIVED,fea20d13-9b00-40b9-ab6f-4e12590f069d,cc6c1b08-b219-4ba1-90f8-581a8f341e1c,c2,DROP,1439,p2,?,
1769501062.1779253,RECEIVED,f5047e07-c7b8-4b19-9847-84d85a12f820,08e18919-c6e6-4604-bd2f-45be5e16b17b,c1,DROP,1456,p1,?,
1769501062.2898064,SENT,0cf4568b-d5e3-4aac-9a10-6b56051dad56,89e67e8b-41a9-4ab9-aee2-6b0d916ae3cd,c1,None,1592,?,i9,
1769501062.2898636,FORWARDED,0cf4568b-d5e3-4aac-9a10-6b56051dad56,89e67e8b-41a9-4ab9-aee2-6b0d916ae3cd,c1,None,1592,?,i9,
1769501062.3012989,SENT,a784f9cf-ae2f-43c7-be61-237cb6f8293b,f6213b5d-3316-4321-9d36-fb226fe66f1a,c3,DROP,1008,?,i10,
1769501062.3013415,FORWARDED,a784f9cf-ae2f-43c7-be61-237cb6f8293b,f6213b5d-3316-4321-9d36-fb226fe66f1a,c3,DROP,1008,?,i10,
1769501062.4721534,SENT,a0c29aa7-fb5a-4acd-b968-90a2039b20a7,f51a30cc-2be5-4a92-a225-b0f946cb238d,c3,None,1599,?,i2,
1769501062.472199,FORWARDED,a0c29aa7-fb5a-4acd-b968-90a2039b20a7,f51a30cc-2be5-4a92-a225-b0f946cb238d,c3,None,1599,?,i2,
1769501062.5161326,SENT,7c2d0a89-de92-49e3-a86b-8012a0de448a,461237d2-8746-484e-aa2e-c8fd6e6da857,c5,DROP,1016,?,i8,
1769501062.5161812,FORWARDED,7c2d0a89-de92-49e3-a86b-8012a0de448a,461237d2-8746-484e-aa2e-c8fd6e6da857,c5,DROP,1016,?,i8,
1769501062.6197836,SENT,8cac698f-0cce-4bcb-8a31-b2054ed4fa61,9dae34d8-89e2-440f-8d8b-c276d170595e,c1,DROP,1011,?,i4,
1769501062.6198244,FORWARDED,8cac698f-0cce-4bcb-8a31-b2054ed4fa61,9dae34d8-89e2-440f-8d8b-c276d170595e,c1,DROP,1011,?,i4,
1769501062.643406,RECEIVED,3cb71589-ba53-42ad-86fc-39a9cfc25c82,8bf0a3a5-50dd-41fa-acf3-af9c86a6bfa9,c1,DROP,1441,p1,?,
1769501062.6623006,RECEIVED,f49edd68-747d-48d2-b677-67526a5c1559,76aa8725-1b2b-4cb5-8e3e-4db08ffe73ce,c2,DROP,1443,p2,?,
1769501062.6927845,SENT,3cb71589-ba53-42ad-86fc-39a9cfc25c82,8bf0a3a5-50dd-41fa-acf3-af9c86a6bfa9,c1,DROP,1008,?,i4,
1769501062.6928387,FORWARDED,3cb71589-ba53-42ad-86fc-39a9cfc25c82,8bf0a3a5-50dd-41fa-acf3-af9c86a6bfa9,c1,DROP,1008,?,i4,
1769501062.6956487,SENT,fea20d13-9b00-40b9-ab6f-4e12590f069d,cc6c1b08-b219-4ba1-90f8-581a8f341e1c,c2,DROP,1008,?,i8,
1769501062.6956968,FORWARDED,fea20d13-9b00-40b9-ab6f-4e12590f069d,cc6c1b08-b219-4ba1-90f8-581a8f341e1c,c2,DROP,1008,?,i8,
1769501062.7921395,RECEIVED,aa464cd6-e181-4516-a397-a652eab8e3da,0bb1fde3-8e15-4b07-a613-8eb92dedba8b,c3,DROP,1437,p3,?,
1769501062.7996824,RECEIVED,db6d04a6-bcf7-4175-8ef8-92295b7c7e2c,e671c3c2-d98d-49ec-99da-0ca98136a3d9,c5,c2,2470,p2,?,
1769501062.8319752,RECEIVED,4c1e33e7-fc61-4671-8a35-301157aec5c4,4951a378-ce6f-474d-af9c-71437756b289,c4,c3,2464,p1,?,
1769501062.9545105,SENT,f49edd68-747d-48d2-b677-67526a5c1559,76aa8725-1b2b-4cb5-8e3e-4db08ffe73ce,c2,DROP,1011,?,i8,
1769501062.9545465,FORWARDED,f49edd68-747d-48d2-b677-67526a5c1559,76aa8725-1b2b-4cb5-8e3e-4db08ffe73ce,c2,DROP,1011,?,i8,
1769501062.9784591,SENT,aa464cd6-e181-4516-a397-a652eab8e3da,0bb1fde3-8e15-4b07-a613-8eb92dedba8b,c3,DROP,1004,?,i10,
1769501062.9784987,FORWARDED,aa464cd6-e181-4516-a397-a652eab8e3da,0bb1fde3-8e15-4b07-a613-8eb92dedba8b,c3,DROP,1004,?,i10,
1769501063.0377784,RECEIVED,0bd1a3a7-1174-400f-b956-0936f0826ec2,eb4deb8a-f204-4281-a335-23a7b3be638b,c3,DROP,1440,p3,?,
1769501063.1137948,SENT,4c1e33e7-fc61-4671-8a35-301157aec5c4,4951a378-ce6f-474d-af9c-71437756b289,c4,c3,1775,?,i3,
1769501063.1138358,FORWARDED,4c1e33e7-fc61-4671-8a35-301157aec5c4,4951a378-ce6f-474d-af9c-71437756b289,c4,c3,1775,?,i3,
1769501063.1612275,RECEIVED,a254d5ef-2916-4905-a2f2-6cfa072c33de,47ea4ed4-7c27-4bec-9457-ec9fcd370e04,c4,DROP,1440,p1,?,
1769501063.350611,SENT,0bd1a3a7-1174-400f-b956-0936f0826ec2,eb4deb8a-f204-4281-a335-23a7b3be638b,c3,DROP,1007,?,i10,
1769501063.3506505,FORWARDED,0bd1a3a7-1174-400f-b956-0936f0826ec2,eb4deb8a-f204-4281-a335-23a7b3be638b,c3,DROP,1007,?,i10,
1769501063.3711624,RECEIVED,114e576c-51b8-4001-babd-c2889d4ea7f3,6e7b954f-ab31-41b5-bf86-23309927fcad,c2,DROP,1443,p2,?,
1769501063.3808224,RECEIVED,55f46a4b-4619-4984-a3b9-4661825d93e5,9b4852ac-1c3c-42d6-9770-716c8d1b9cd9,c3,DROP,445,x10,?,
1769501063.4293685,RECEIVED,640ece90-5377-4ec5-b1d9-6694dc972c1a,5fdfcce1-d4e0-4465-8bdb-8e934cc29c46,c1,c5,2462,p1,?,
1769501063.536829,RECEIVED,d26183cb-902d-4138-8522-bfee8b581e57,74a3f26a-3047-49b9-bbde-960a995d014d,c4,c3,2459,p1,?,
1769501063.6023676,SENT,a254d5ef-2916-4905-a2f2-6cfa072c33de,47ea4ed4-7c27-4bec-9457-ec9fcd370e04,c4,DROP,1006,?,i2,
1769501063.60241,FORWARDED,a254d5ef-2916-4905-a2f2-6cfa072c33de,47ea4ed4-7c27-4bec-9457-ec9fcd370e04,c4,DROP,1006,?,i2,
1769501063.6085222,RECEIVED,85ca3669-0e64-4b6e-a104-9babb5693b6f,4d58b52b-cb37-47a7-a13c-c4736c155ec6,c4,DROP,440,x3,?,
1769501063.6368296,SENT,114e576c-51b8-4001-babd-c2889d4ea7f3,6e7b954f-ab31-41b5-bf86-23309927fcad,c2,DROP,1011,?,i5,
1769501063.636864,FORWARDED,114e576c-51b8-4001-babd-c2889d4ea7f3,6e7b954f-ab31-41b5-bf86-23309927fcad,c2,DROP,1011,?,i5,
1769501063.6483185,SENT,f5047e07-c7b8-4b19-9847-84d85a12f820,08e18919-c6e6-4604-bd2f-45be5e16b17b,c1,DROP,1020,?,i11,
1769501063.6483526,FORWARDED,f5047e07-c7b8-4b19-9847-84d85a12f820,08e18919-c6e6-4604-bd2f-45be5e16b17b,c1,DROP,1020,?,i11,
1769501063.666135,SENT,db6d04a6-bcf7-4175-8ef8-92295b7c7e2c,e671c3c2-d98d-49ec-99da-0ca98136a3d9,c5,c2,1781,?,i6,
1769501063.6661742,FORWARDED,db6d04a6-bcf7-4175-8ef8-92295b7c7e2c,e671c3c2-d98d-49ec-99da-0ca98136a3d9,c5,c2,1781,?,i6,
1769501063.6890154,RECEIVED,db1f32f4-c33d-461b-91dd-722fd307ee07,2f201f39-45df-4f9a-9438-caaba4f3959d,c5,None,2236,p2,?,
1769501063.89616,RECEIVED,8315f010-0feb-42e1-a0bb-f9794c26cc3d,b0ad0af8-f0d6-4a47-a12f-9fb08c8bfb98,c1,None,2237,p1,?,
1769501063.9353518,SENT,8315f010-0feb-42e1-a0bb-f9794c26cc3d,b0ad0af8-f0d6-4a47-a12f-9fb08c8bfb98,c1,None,1603,?,i5,
1769501063.9353936,FORWARDED,8315f010-0feb-42e1-a0bb-f9794c26cc3d,b0ad0af8-f0d6-4a47-a12f-9fb08c8bfb98,c1,None,1603,?,i5,
1769501064.0006673,SENT,d26183cb-902d-4138-8522-bfee8b581e57,74a3f26a-3047-49b9-bbde-960a995d014d,c4,c3,1771,?,i6,
1769501064.0007088,FORWARDED,d26183cb-902d-4138-8522-bfee8b581e57,74a3f26a-3047-49b9-bbde-960a995d014d,c4,c3,1771,?,i6,
1769501064.0052981,SENT,640ece90-5377-4ec5-b1d9-6694dc972c1a,5fdfcce1-d4e0-4465-8bdb-8e934cc29c46,c1,c5,1775,?,i2,
1769501064.0053468,FORWARDED,640ece90-5377-4ec5-b1d9-6694dc972c1a,5fdfcce1-d4e0-4465-8bdb-8e934cc29c46,c1,c5,1775,?,i2,
1769501064.0151067,RECEIVED,594c18cd-4c34-42c4-a529-43d02b986c1e,ed1571c7-4edc-48e5-b8d6-8d585fac558a,c2,c1,2464,p2,?,
1769501064.176988,RECEIVED,b1d669cf-534d-4a30-b08a-f3de7dd7d42a,dcc84f90-e2a8-499f-ab8d-663d5d1a7f51,c4,DROP,1443,p1,?,
1769501064.1939282,SENT,594c18cd-4c34-42c4-a529-43d02b986c1e,ed1571c7-4edc-48e5-b8d6-8d585fac558a,c2,c1,1775,?,i6,
1769501064.193968,FORWARDED,594c18cd-4c34-42c4-a529-43d02b986c1e,ed1571c7-4edc-48e5-b8d6-8d585fac558a,c2,c1,1775,?,i6,
1769501064.260495,RECEIVED,c9af150e-0eb3-4a5d-9b5d-db10fe77bc01,f8d656d1-7c80-4a52-981b-321399b7a116,c2,DROP,1439,p2,?,
1769501064.540918,RECEIVED,b7512e19-0ba7-4b71-847b-16cf490e6e03,a01ae0a8-2f53-4b03-b113-ac9e230f5406,c1,DROP,1439,p1,?,
1769501064.6342747,RECEIVED,9813bc58-b7a0-49c4-a60a-14301d4b53bf,8d69d732-720e-4672-b903-99999c3a769d,c3,DROP,1440,p3,?,
1769501064.6681244,RECEIVED,4c0bc125-f61e-4ce3-93d0-b46471000dc8,ae437759-4542-4221-9d55-e7f1e43780e7,c5,DROP,1450,p2,?,
1769501064.704229,RECEIVED,22403353-61ff-49f6-bb01-f65e65b30c34,ed3fcc17-106e-4c3b-81b2-5486afd28501,c2,c1,2459,p2,?,
1769501064.7116995,SENT,b1d669cf-534d-4a30-b08a-f3de7dd7d42a,dcc84f90-e2a8-499f-ab8d-663d5d1a7f51,c4,DROP,1009,?,i5,
1769501064.7117403,FORWARDED,b1d669cf-534d-4a30-b08a-f3de7dd7d42a,dcc84f90-e2a8-499f-ab8d-663d5d1a7f51,c4,DROP,1009,?,i5,
1769501064.724746,RECEIVED,acd2ee8a-631e-4842-b655-cca33e90dcb4,befd319a-45bc-4794-88fb-174d8e078708,c4,DROP,1451,p1,?,
1769501064.728473,RECEIVED,ae349f14-df5e-4721-bb06-15b33fc868e9,5e7c989a-5acd-4c07-a359-b261cf3826f4,c4,DROP,1443,p1,?,
1769501064.8143682,SENT,ae349f14-df5e-4721-bb06-15b33fc868e9,5e7c989a-5acd-4c07-a359-b261cf3826f4,c4,DROP,1008,?,i11,
1769501064.8144145,FORWARDED,ae349f14-df5e-4721-bb06-15b33fc868e9,5e7c989a-5acd-4c07-a359-b261cf3826f4,c4,DROP,1008,?,i11,
1769501064.8210244,RECEIVED,75c2f0b4-7388-47fa-bb67-30e842872aca,6eeef655-c7ba-4eb9-88df-02a1bc882cf1,c3,DROP,1451,p3,?,
1769501064.8309445,SENT,9813bc58-b7a0-49c4-a60a-14301d4b53bf,8d69d732-720e-4672-b903-99999c3a769d,c3,DROP,1007,?,i4,
1769501064.830988,FORWARDED,9813bc58-b7a0-49c4-a60a-14301d4b53bf,8d69d732-720e-4672-b903-99999c3a769d,c3,DROP,1007,?,i4,
1769501064.8967936,SENT,b7512e19-0ba7-4b71-847b-16cf490e6e03,a01ae0a8-2f53-4b03-b113-ac9e230f5406,c1,DROP,1008,?,i1,
1769501064.8968346,FORWARDED,b7512e19-0ba7-4b71-847b-16cf490e6e03,a01ae0a8-2f53-4b03-b113-ac9e230f5406,c1,DROP,1008,?,i1,
1769501064.946058,RECEIVED,c93f30fa-5f79-4642-895d-099d7291605f,223507d4-87ef-4b03-8af2-de4059fbe321,c3,DROP,1451,p3,?,
1769501064.9469419,SENT,db1f32f4-c33d-461b-91dd-722fd307ee07,2f201f39-45df-4f9a-9438-caaba4f3959d,c5,None,1603,?,i11,
1769501064.946985,FORWARDED,db1f32f4-c33d-461b-91dd-722fd307ee07,2f201f39-45df-4f9a-9438-caaba4f3959d,c5,None,1603,?,i11,
1769501065.1077046,RECEIVED,09f8bfb7-8639-4630-8a93-7a981682c18b,8d42a553-5104-46a3-8448-ac98eae1d08d,c5,DROP,1451,p2,?,
1769501065.2878606,RECEIVED,6b10422d-939a-4226-bcc7-3b78227ae310,996639c8-0d17-4231-9cd9-1daa62a4597a,c4,None,2226,p1,?,
1769501065.3035269,SENT,c9af150e-0eb3-4a5d-9b5d-db10fe77bc01,f8d656d1-7c80-4a52-981b-321399b7a116,c2,DROP,1008,?,i4,
1769501065.303568,FORWARDED,c9af150e-0eb3-4a5d-9b5d-db10fe77bc01,f8d656d1-7c80-4a52-981b-321399b7a116,c2,DROP,1008,?,i4,
1769501065.4882715,SENT,75c2f0b4-7388-47fa-bb67-30e842872aca,6eeef655-c7ba-4eb9-88df-02a1bc882cf1,c3,DROP,1015,?,i1,
1769501065.4884267,FORWARDED,75c2f0b4-7388-47fa-bb67-30e842872aca,6eeef655-c7ba-4eb9-88df-02a1bc882cf1,c3,DROP,1015,?,i1,
1769501065.5517485,SENT,6b10422d-939a-4226-bcc7-3b78227ae310,996639c8-0d17-4231-9cd9-1daa62a4597a,c4,None,1599,?,i4,
1769501065.5517917,FORWARDED,6b10422d-939a-4226-bcc7-3b78227ae310,996639c8-0d17-4231-9cd9-1daa62a4597a,c4,None,1599,?,i4,
1769501065.6258411,SENT,acd2ee8a-631e-4842-b655-cca33e90dcb4,befd319a-45bc-4794-88fb-174d8e078708,c4,DROP,1015,?,i4,
1769501065.6258824,FORWARDED,acd2ee8a-631e-4842-b655-cca33e90dcb4,befd319a-45bc-4794-88fb-174d8e078708,c4,DROP,1015,?,i4,
1769501065.8299842,RECEIVED,14b07238-cd3a-43b3-ab51-881c7444746d,c3deac33-20c9-447b-9e26-8ea093022c4c,c3,None,2232,p3,?,
1769501065.883949,RECEIVED,14e8647d-07a6-4aba-9d2d-f4ff005dabc8,b29738a1-4bf4-4680-8367-9cad4cb9044b,c1,DROP,1439,p1,?,
1769501065.9338055,SENT,14b07238-cd3a-43b3-ab51-881c7444746d,c3deac33-20c9-447b-9e26-8ea093022c4c,c3,None,1600,?,i8,
1769501065.9338515,FORWARDED,14b07238-cd3a-43b3-ab51-881c7444746d,c3deac33-20c9-447b-9e26-8ea093022c4c,c3,None,1600,?,i8,
1769501066.0645218,RECEIVED,e9594bcb-123d-4f09-9000-2e3d1913e7ca,dcb7e115-481e-4a2c-b023-221b0f9a42c0,c2,DROP,1441,p2,?,
1769501066.064753,SENT,14e8647d-07a6-4aba-9d2d-f4ff005dabc8,b29738a1-4bf4-4680-8367-9cad4cb9044b,c1,DROP,1008,?,i8,
1769501066.0651066,FORWARDED,14e8647d-07a6-4aba-9d2d-f4ff005dabc8,b29738a1-4bf4-4680-8367-9cad4cb9044b,c1,DROP,1008,?,i8,
1769501066.0819004,SENT,e9594bcb-123d-4f09-9000-2e3d1913e7ca,dcb7e115-481e-4a2c-b023-221b0f9a42c0,c2,DROP,1007,?,i9,
1769501066.08194,FORWARDED,e9594bcb-123d-4f09-9000-2e3d1913e7ca,dcb7e115-481e-4a2c-b023-221b0f9a42c0,c2,DROP,1007,?,i9,
1769501066.0978293,SENT,22403353-61ff-49f6-bb01-f65e65b30c34,ed3fcc17-106e-4c3b-81b2-5486afd28501,c2,c1,1772,?,i2,
1769501066.0978715,FORWARDED,22403353-61ff-49f6-bb01-f65e65b30c34,ed3fcc17-106e-4c3b-81b2-5486afd28501,c2,c1,1772,?,i2,
1769501066.1389296,SENT,c93f30fa-5f79-4642-895d-099d7291605f,223507d4-87ef-4b03-8af2-de4059fbe321,c3,DROP,1015,?,i7,
1769501066.1389706,FORWARDED,c93f30fa-5f79-4642-895d-099d7291605f,223507d4-87ef-4b03-8af2-de4059fbe321,c3,DROP,1015,?,i7,
1769501066.1873615,SENT,4c0bc125-f61e-4ce3-93d0-b46471000dc8,ae437759-4542-4221-9d55-e7f1e43780e7,c5,DROP,1015,?,i1,
1769501066.1874037,FORWARDED,4c0bc125-f61e-4ce3-93d0-b46471000dc8,ae437759-4542-4221-9d55-e7f1e43780e7,c5,DROP,1015,?,i1,
1769501066.2568905,RECEIVED,539bf381-887d-488c-a03c-d178089de084,8191aa9d-5988-4f86-9a02-e615b7f0c775,c4,DROP,1441,p1,?,
1769501066.3580782,SENT,539bf381-887d-488c-a03c-d178089de084,8191aa9d-5988-4f86-9a02-e615b7f0c775,c4,DROP,1007,?,i12,
1769501066.3581235,FORWARDED,539bf381-887d-488c-a03c-d178089de084,8191aa9d-5988-4f86-9a02-e615b7f0c775,c4,DROP,1007,?,i12,
1769501066.3586178,RECEIVED,343d3f59-a8e1-43c8-a413-4f50ebd3a367,e636b90f-551f-4497-9b11-6f781920cda8,c4,c3,2459,p1,?,
1769501066.4161253,RECEIVED,548a73df-e7a8-4a26-9c5b-73912b9fb9ec,7d7e36da-4bdc-47a6-a110-8bcccf5d38bf,c4,DROP,1452,p1,?,
1769501066.5199366,RECEIVED,62988daa-91ce-4ede-9f6c-ee7dbf29cea3,99d78d52-9e74-4038-93ce-41db3edae05c,c2,DROP,1440,p2,?,
1769501066.5532286,RECEIVED,7e7e2fb1-b158-4d99-a9de-917c4abb683e,810beaee-e97e-4e39-bba9-a7c3310c122f,c3,DROP,441,x3,?,
1769501066.553995,SENT,548a73df-e7a8-4a26-9c5b-73912b9fb9ec,7d7e36da-4bdc-47a6-a110-8bcccf5d38bf,c4,DROP,1016,?,i8,
1769501066.5540338,FORWARDED,548a73df-e7a8-4a26-9c5b-73912b9fb9ec,7d7e36da-4bdc-47a6-a110-8bcccf5d38bf,c4,DROP,1016,?,i8,
1769501066.59125,SENT,343d3f59-a8e1-43c8-a413-4f50ebd3a367,e636b90f-551f-4497-9b11-6f781920cda8,c4,c3,1772,?,i9,
1769501066.5912921,FORWARDED,343d3f59-a8e1-43c8-a413-4f50ebd3a367,e636b90f-551f-4497-9b11-6f781920cda8,c4,c3,1772,?,i9,
1769501066.6518784,SENT,09f8bfb7-8639-4630-8a93-7a981682c18b,8d42a553-5104-46a3-8448-ac98eae1d08d,c5,DROP,1016,?,i10,
1769501066.6519217,FORWARDED,09f8bfb7-8639-4630-8a93-7a981682c18b,8d42a553-5104-46a3-8448-ac98eae1d08d,c5,DROP,1016,?,i10,
1769501066.9042745,RECEIVED,48ebf13e-76eb-40d5-9b15-eee171fd51c5,e786f71a-8cfb-4089-8061-ede1af2d0120,c2,DROP,1452,p2,?,
1769501066.922934,RECEIVED,52d0e657-615e-4b90-9c25-f1fe937f5f33,e68b76a0-6be0-44b8-8548-35d9653457ff,c2,DROP,1447,p2,?,
1769501066.957299,SENT,62988daa-91ce-4ede-9f6c-ee7dbf29cea3,99d78d52-9e74-4038-93ce-41db3edae05c,c2,DROP,1007,?,i2,
1769501066.9573402,FORWARDED,62988daa-91ce-4ede-9f6c-ee7dbf29cea3,99d78d52-9e74-4038-93ce-41db3edae05c,c2,DROP,1007,?,i2,
1769501066.9749658,RECEIVED,626e963e-b974-453e-85e1-dba8117e79a6,8265c7bf-3439-4a00-bbe4-952807f3a754,c4,DROP,1434,p1,?,
1769501067.018763,RECEIVED,4f8a7597-3069-4e72-a2c6-7494eb3f85de,19c07817-ae4f-4b5b-bb1d-68a0cbad3af0,c4,DROP,1445,p1,?,
1769501067.0282953,SENT,48ebf13e-76eb-40d5-9b15-eee171fd51c5,e786f71a-8cfb-4089-8061-ede1af2d0120,c2,DROP,1016,?,i2,
1769501067.0283413,FORWARDED,48ebf13e-76eb-40d5-9b15-eee171fd51c5,e786f71a-8cfb-4089-8061-ede1af2d0120,c2,DROP,1016,?,i2,
1769501067.059969,SENT,4f8a7597-3069-4e72-a2c6-7494eb3f85de,19c07817-ae4f-4b5b-bb1d-68a0cbad3af0,c4,DROP,1010,?,i4,
1769501067.060004,FORWARDED,4f8a7597-3069-4e72-a2c6-7494eb3f85de,19c07817-ae4f-4b5b-bb1d-68a0cbad3af0,c4,DROP,1010,?,i4,
1769501067.275185,RECEIVED,2dbd98ed-9c71-4500-8b22-a83df51fd8ba,08435375-0be4-4b8a-bac2-5f410652c159,c5,DROP,442,x5,?,
1769501067.3220928,RECEIVED,44162404-b70b-47be-b050-4c117cd3dc44,ae724933-54d9-404c-8c55-ffdbc67fd056,c1,DROP,1439,p1,?,
1769501067.334209,RECEIVED,10a488a6-5846-48e7-9c85-8ea95545884a,aefe40dc-c805-41c0-bd5f-2255e7128d30,c1,DROP,1439,p1,?,
1769501067.3540564,RECEIVED,5f271656-4163-4085-9a7b-cfbae58cdbd7,e26c0fcd-a913-4878-9247-c7d4ffc69421,c3,DROP,1440,p3,?,
1769501067.4840958,RECEIVED,ccd6fc8e-ed1e-4856-b7d8-662a0fe4ea56,eb5afcb0-dea2-4a74-9f26-95b87b72530f,c1,DROP,441,x3,?,
1769501067.536576,SENT,5f271656-4163-4085-9a7b-cfbae58cdbd7,e26c0fcd-a913-4878-9247-c7d4ffc69421,c3,DROP,1007,?,i4,
1769501067.5366168,FORWARDED,5f271656-4163-4085-9a7b-cfbae58cdbd7,e26c0fcd-a913-4878-9247-c7d4ffc69421,c3,DROP,1007,?,i4,
1769501067.5496268,RECEIVED,a932a5d8-4d5d-47b1-b68d-29d81a662328,d5c9ad86-4125-4191-82fd-102335352a8c,c4,DROP,1447,p1,?,
1769501067.5952592,SENT,626e963e-b974-453e-85e1-dba8117e79a6,8265c7bf-3439-4a00-bbe4-952807f3a754,c4,DROP,1003,?,i6,
1769501067.5953016,FORWARDED,626e963e-b974-453e-85e1-dba8117e79a6,8265c7bf-3439-4a00-bbe4-952807f3a754,c4,DROP,1003,?,i6,
1769501067.6225345,RECEIVED,02c68997-42a4-4b74-952d-4fc70b52addc,b65c2391-4c80-4233-9b6d-59cea1a5a7b1,c3,DROP,1452,p3,?,
1769501067.6325402,RECEIVED,d0edacda-9de0-43c7-9a07-251464f6033d,7dd8d88d-a368-4e33-a591-b42f5c7105b3,c2,DROP,1439,p2,?,
1769501067.7560012,RECEIVED,413492aa-c525-4516-b118-0ed96c366f0e,80cebb11-591f-45f5-8792-aab5f6e2b079,c5,DROP,438,x5,?,
1769501067.7689152,SENT,52d0e657-615e-4b90-9c25-f1fe937f5f33,e68b76a0-6be0-44b8-8548-35d9653457ff,c2,DROP,1013,?,i7,
1769501067.7689521,FORWARDED,52d0e657-615e-4b90-9c25-f1fe937f5f33,e68b76a0-6be0-44b8-8548-35d9653457ff,c2,DROP,1013,?,i7,
1769501067.8043368,SENT,02c68997-42a4-4b74-952d-4fc70b52addc,b65c2391-4c80-4233-9b6d-59cea1a5a7b1,c3,DROP,1015,?,i3,
1769501067.8043773,FORWARDED,02c68997-42a4-4b74-952d-4fc70b52addc,b65c2391-4c80-4233-9b6d-59cea1a5a7b1,c3,DROP,1015,?,i3,
1769501067.8353584,SENT,44162404-b70b-47be-b050-4c117cd3dc44,ae724933-54d9-404c-8c55-ffdbc67fd056,c1,DROP,1007,?,i6,
1769501067.8354008,FORWARDED,44162404-b70b-47be-b050-4c117cd3dc44,ae724933-54d9-404c-8c55-ffdbc67fd056,c1,DROP,1007,?,i6,
1769501067.8463619,RECEIVED,21b9407a-ccf5-42f4-adab-2fa7659df616,88db19c7-79b8-4c2f-a06d-452786f4525d,c3,DROP,1441,p3,?,
1769501067.846881,RECEIVED,806791aa-6854-4749-80a7-c89ae753ee29,ce6c9282-260a-41b3-bb3f-ecdd794c5e5c,c4,c3,2443,p1,?,
1769501067.8795578,RECEIVED,afa4274a-993c-4487-a1cb-d1e5cce8ba26,dcefc28a-1c9a-4230-bd20-d2d566923a33,c2,None,2227,p2,?,
1769501067.939273,SENT,21b9407a-ccf5-42f4-adab-2fa7659df616,88db19c7-79b8-4c2f-a06d-452786f4525d,c3,DROP,1008,?,i10,
1769501067.9393141,FORWARDED,21b9407a-ccf5-42f4-adab-2fa7659df616,88db19c7-79b8-4c2f-a06d-452786f4525d,c3,DROP,1008,?,i10,
1769501068.0372055,RECEIVED,beb2422e-4ef4-4467-9be2-8be70029be04,7b86c327-acf9-472e-a41e-683f852ee319,c1,DROP,444,x4,?,
1769501068.0980797,SENT,a932a5d8-4d5d-47b1-b68d-29d81a662328,d5c9ad86-4125-4191-82fd-102335352a8c,c4,DROP,1012,?,i2,
1769501068.0981297,FORWARDED,a932a5d8-4d5d-47b1-b68d-29d81a662328,d5c9ad86-4125-4191-82fd-102335352a8c,c4,DROP,1012,?,i2,
1769501068.1141856,SENT,d0edacda-9de0-43c7-9a07-251464f6033d,7dd8d88d-a368-4e33-a591-b42f5c7105b3,c2,DROP,1008,?,i6,
1769501068.1142232,FORWARDED,d0edacda-9de0-43c7-9a07-251464f6033d,7dd8d88d-a368-4e33-a591-b42f5c7105b3,c2,DROP,1008,?,i6,
1769501068.1326697,RECEIVED,0572e7c4-821a-4fb2-95b3-8135f644bd7c,c449393c-bfb7-4d9e-ad36-a92f9eec53c8,c5,DROP,1443,p2,?,
1769501068.193196,SENT,806791aa-6854-4749-80a7-c89ae753ee29,ce6c9282-260a-41b3-bb3f-ecdd794c5e5c,c4,c3,1759,?,i4,
1769501068.1932585,FORWARDED,806791aa-6854-4749-80a7-c89ae753ee29,ce6c9282-260a-41b3-bb3f-ecdd794c5e5c,c4,c3,1759,?,i4,
1769501068.3023841,SENT,afa4274a-993c-4487-a1cb-d1e5cce8ba26,dcefc28a-1c9a-4230-bd20-d2d566923a33,c2,None,1597,?,i2,
1769501068.3024273,FORWARDED,afa4274a-993c-4487-a1cb-d1e5cce8ba26,dcefc28a-1c9a-4230-bd20-d2d566923a33,c2,None,1597,?,i2,
1769501068.316627,RECEIVED,7ec54519-28ea-4bbe-b288-225eea1c30c9,950f1771-4a5a-4a1c-a6be-8443249f3ee0,c2,c1,2472,p2,?,
1769501068.3181865,RECEIVED,8ffff8d3-2143-459e-b8f9-9ad6118cd20e,76c3f007-c16f-4de5-83b9-6ce7f7e1a984,c4,DROP,1450,p1,?,
1769501068.4013135,RECEIVED,f9b804a1-2547-42ad-887a-3770d17fb839,851a5af5-4e94-40b4-80ce-9332a67e949e,c1,DROP,1461,p1,?,
1769501068.410541,SENT,f9b804a1-2547-42ad-887a-3770d17fb839,851a5af5-4e94-40b4-80ce-9332a67e949e,c1,DROP,1021,?,i6,
1769501068.4105804,FORWARDED,f9b804a1-2547-42ad-887a-3770d17fb839,851a5af5-4e94-40b4-80ce-9332a67e949e,c1,DROP,1021,?,i6,
1769501068.4602246,SENT,7ec54519-28ea-4bbe-b288-225eea1c30c9,950f1771-4a5a-4a1c-a6be-8443249f3ee0,c2,c1,1781,?,i4,
1769501068.4602675,FORWARDED,7ec54519-28ea-4bbe-b288-225eea1c30c9,950f1771-4a5a-4a1c-a6be-8443249f3ee0,c2,c1,1781,?,i4,
1769501068.4733372,RECEIVED,4c21e218-94ce-4503-ac67-b36ff50cb7c2,d500e749-b9dc-4512-a1ef-1b35b83c8ed2,c1,DROP,1439,p1,?,
1769501068.5359967,RECEIVED,ab74bac1-665b-4108-92ce-033056797a67,88581a21-08a5-46d4-ab3f-e118104e12a7,c2,DROP,1457,p2,?,
1769501068.5614135,SENT,ab74bac1-665b-4108-92ce-033056797a67,88581a21-08a5-46d4-ab3f-e118104e12a7,c2,DROP,1020,?,i11,
1769501068.5614548,FORWARDED,ab74bac1-665b-4108-92ce-033056797a67,88581a21-08a5-46d4-ab3f-e118104e12a7,c2,DROP,1020,?,i11,
1769501068.6151104,RECEIVED,240c848e-2cf9-479f-abab-0a3c2cbaa5ce,8fa3d502-5707-46fa-a82d-0c3377765a18,c3,DROP,1442,p3,?,
1769501068.6499393,RECEIVED,ca9a9dfb-355c-4938-9904-19fb643d8976,9a3ecb85-21fd-4283-8a4f-c0a40d8d9a46,c1,None,2239,p1,?,
1769501068.6648443,SENT,240c848e-2cf9-479f-abab-0a3c2cbaa5ce,8fa3d502-5707-46fa-a82d-0c3377765a18,c3,DROP,1006,?,i12,
1769501068.6648889,FORWARDED,240c848e-2cf9-479f-abab-0a3c2cbaa5ce,8fa3d502-5707-46fa-a82d-0c3377765a18,c3,DROP,1006,?,i12,
1769501068.6797678,RECEIVED,e706cd91-cb5f-48a1-86e9-485db97f7411,11ca62eb-c6fa-47cc-ae55-681773e08d65,c1,DROP,1441,p1,?,
1769501068.9243379,SENT,0572e7c4-821a-4fb2-95b3-8135f644bd7c,c449393c-bfb7-4d9e-ad36-a92f9eec53c8,c5,DROP,1011,?,i3,
1769501068.9243803,FORWARDED,0572e7c4-821a-4fb2-95b3-8135f644bd7c,c449393c-bfb7-4d9e-ad36-a92f9eec53c8,c5,DROP,1011,?,i3,
1769501068.9566622,SENT,e706cd91-cb5f-48a1-86e9-485db97f7411,11ca62eb-c6fa-47cc-ae55-681773e08d65,c1,DROP,1007,?,i12,
1769501068.956702,FORWARDED,e706cd91-cb5f-48a1-86e9-485db97f7411,11ca62eb-c6fa-47cc-ae55-681773e08d65,c1,DROP,1007,?,i12,
1769501069.0527375,SENT,4c21e218-94ce-4503-ac67-b36ff50cb7c2,d500e749-b9dc-4512-a1ef-1b35b83c8ed2,c1,DROP,1008,?,i9,
1769501069.0527763,FORWARDED,4c21e218-94ce-4503-ac67-b36ff50cb7c2,d500e749-b9dc-4512-a1ef-1b35b83c8ed2,c1,DROP,1008,?,i9,
1769501069.2771258,RECEIVED,cd81b03e-2a78-4690-b0de-9f4e4850f522,687c5460-e310-471d-9add-d3ed4f5d1090,c3,DROP,1460,p3,?,
1769501069.4002552,RECEIVED,9ba4f2fc-04dd-4aee-bc8e-8620597578d3,0f72c97c-2471-4393-8e0e-55ef4ee24a18,c1,DROP,441,x4,?,
1769501069.5176158,SENT,ca9a9dfb-355c-4938-9904-19fb643d8976,9a3ecb85-21fd-4283-8a4f-c0a40d8d9a46,c1,None,1607,?,i4,
1769501069.51766,FORWARDED,ca9a9dfb-355c-4938-9904-19fb643d8976,9a3ecb85-21fd-4283-8a4f-c0a40d8d9a46,c1,None,1607,?,i4,
1769501069.569884,SENT,10a488a6-5846-48e7-9c85-8ea95545884a,aefe40dc-c805-41c0-bd5f-2255e7128d30,c1,DROP,1007,?,i12,
1769501069.5699255,FORWARDED,10a488a6-5846-48e7-9c85-8ea95545884a,aefe40dc-c805-41c0-bd5f-2255e7128d30,c1,DROP,1007,?,i12,
1769501069.6863067,RECEIVED,60bdafea-4032-417a-aaa9-ede835b9ce4d,e5bdb838-f395-4660-909a-bf20cd0edd2f,c1,c5,2447,p1,?,
1769501069.7212377,SENT,8ffff8d3-2143-459e-b8f9-9ad6118cd20e,76c3f007-c16f-4de5-83b9-6ce7f7e1a984,c4,DROP,1015,?,i3,
1769501069.7212818,FORWARDED,8ffff8d3-2143-459e-b8f9-9ad6118cd20e,76c3f007-c16f-4de5-83b9-6ce7f7e1a984,c4,DROP,1015,?,i3,
1769501069.8590152,RECEIVED,c4fd8a7a-87bd-414e-b58d-1a13f0d48e78,fed02fb2-ef10-4283-a4f5-70af15386fbc,c5,DROP,442,x2,?,
1769501069.8702607,RECEIVED,c9d18831-0370-4344-ad0b-40040e46e3ef,e278a4f8-7912-4ecd-9ddb-869951b75e15,c2,None,2227,p2,?,
1769501069.9537964,RECEIVED,42ad5024-bf77-47d2-8991-35cd22565b2e,e5cf729e-1898-4a59-a601-f05d9de9c5fb,c4,DROP,1448,p1,?,
1769501070.1567698,RECEIVED,dba97449-ea57-46f3-a010-42ce12f342ac,9eb707c3-9e5c-407b-89d1-49d71f9cf853,c1,DROP,1439,p1,?,
1769501070.200579,SENT,42ad5024-bf77-47d2-8991-35cd22565b2e,e5cf729e-1898-4a59-a601-f05d9de9c5fb,c4,DROP,1012,?,i1,
1769501070.200623,FORWARDED,42ad5024-bf77-47d2-8991-35cd22565b2e,e5cf729e-1898-4a59-a601-f05d9de9c5fb,c4,DROP,1012,?,i1,
1769501070.213862,SENT,60bdafea-4032-417a-aaa9-ede835b9ce4d,e5bdb838-f395-4660-909a-bf20cd0edd2f,c1,c5,1763,?,i3,
1769501070.2139041,FORWARDED,60bdafea-4032-417a-aaa9-ede835b9ce4d,e5bdb838-f395-4660-909a-bf20cd0edd2f,c1,c5,1763,?,i3,
1769501070.2366216,RECEIVED,c9a174e7-7707-4327-bb45-3662b19411ec,738c7087-6e70-4495-a71e-33abf9fdc15c,c1,c5,2449,p1,?,
1769501070.2870123,RECEIVED,77b884a3-2c48-4bfa-b357-bb1275e47e7b,30f1cf3a-6f38-47af-af1d-83f449c0a7dd,c5,DROP,1439,p2,?,
1769501070.4288943,RECEIVED,6c85c8fb-e93c-46d6-9c57-dbdac22c8428,2e2e75ed-9760-4773-a7b0-dde28f377794,c1,c5,2468,p1,?,
1769501070.6658607,SENT,c9a174e7-7707-4327-bb45-3662b19411ec,738c7087-6e70-4495-a71e-33abf9fdc15c,c1,c5,1764,?,i11,
1769501070.6659017,FORWARDED,c9a174e7-7707-4327-bb45-3662b19411ec,738c7087-6e70-4495-a71e-33abf9fdc15c,c1,c5,1764,?,i11,
1769501070.7195377,RECEIVED,f0138e67-40ab-4cba-9daf-0ba73490300d,9177f5f2-e6e2-4c32-8bf4-e5c2d08d6548,c1,DROP,441,x5,?,
1769501070.7251024,RECEIVED,5286b1ea-7ebf-4aa3-9cdf-183103369402,804f56cf-fdc4-4b3f-bd9a-03417bd8205a,c2,None,2223,p2,?,
1769501070.74416,RECEIVED,ead5a260-41b8-44f7-9dfe-4e48e6155896,07ab4314-270b-40e0-89e5-e7b060ddfacc,c2,DROP,1443,p2,?,
1769501070.8218915,RECEIVED,e758a343-ce3f-434b-a087-557f4d6b0c99,1ba56c89-f39b-401c-b5c0-5a0e669be50e,c3,DROP,1449,p3,?,
1769501070.8285034,SENT,77b884a3-2c48-4bfa-b357-bb1275e47e7b,30f1cf3a-6f38-47af-af1d-83f449c0a7dd,c5,DROP,1007,?,i9,
1769501070.8285472,FORWARDED,77b884a3-2c48-4bfa-b357-bb1275e47e7b,30f1cf3a-6f38-47af-af1d-83f449c0a7dd,c5,DROP,1007,?,i9,
1769501070.865778,RECEIVED,a78c513d-303b-4086-9e40-2369a555f6be,de5297a6-b9f1-46e1-958f-2679f6c29e18,c4,DROP,1452,p1,?,
1769501070.8857863,SENT,e758a343-ce3f-434b-a087-557f4d6b0c99,1ba56c89-f39b-401c-b5c0-5a0e669be50e,c3,DROP,1012,?,i11,
1769501070.8858306,FORWARDED,e758a343-ce3f-434b-a087-557f4d6b0c99,1ba56c89-f39b-401c-b5c0-5a0e669be50e,c3,DROP,1012,?,i11,
1769501070.9494545,SENT,a78c513d-303b-4086-9e40-2369a555f6be,de5297a6-b9f1-46e1-958f-2679f6c29e18,c4,DROP,1016,?,i9,
1769501070.9494934,FORWARDED,a78c513d-303b-4086-9e40-2369a555f6be,de5297a6-b9f1-46e1-958f-2679f6c29e18,c4,DROP,1016,?,i9,
1769501070.9618173,SENT,c9d18831-0370-4344-ad0b-40040e46e3ef,e278a4f8-7912-4ecd-9ddb-869951b75e15,c2,None,1597,?,i6,
1769501070.961859,FORWARDED,c9d18831-0370-4344-ad0b-40040e46e3ef,e278a4f8-7912-4ecd-9ddb-869951b75e15,c2,None,1597,?,i6,
1769501071.0214407,SENT,cd81b03e-2a78-4690-b0de-9f4e4850f522,687c5460-e310-471d-9add-d3ed4f5d1090,c3,DROP,1021,?,i10,
1769501071.021485,FORWARDED,cd81b03e-2a78-4690-b0de-9f4e4850f522,687c5460-e310-471d-9add-d3ed4f5d1090,c3,DROP,1021,?,i10,
1769501071.0711772,RECEIVED,a075dc89-090c-4372-869d-2fd8b07e544a,6d06d29d-e191-4d7b-9ec7-1a396601d51a,c1,DROP,1440,p1,?,
1769501071.1202202,SENT,6c85c8fb-e93c-46d6-9c57-dbdac22c8428,2e2e75ed-9760-4773-a7b0-dde28f377794,c1,c5,1779,?,i12,
1769501071.1202598,FORWARDED,6c85c8fb-e93c-46d6-9c57-dbdac22c8428,2e2e75ed-9760-4773-a7b0-dde28f377794,c1,c5,1779,?,i12,
1769501071.203509,SENT,a075dc89-090c-4372-869d-2fd8b07e544a,6d06d29d-e191-4d7b-9ec7-1a396601d51a,c1,DROP,1008,?,i8,
1769501071.2035494,FORWARDED,a075dc89-090c-4372-869d-2fd8b07e544a,6d06d29d-e191-4d7b-9ec7-1a396601d51a,c1,DROP,1008,?,i8,
1769501071.531651,RECEIVED,ac94c128-2aec-407c-8c73-edcf5508d301,b39bc734-f5c1-43d1-8acf-0f74dd88180f,c1,DROP,1452,p1,?,
1769501071.6045573,SENT,dba97449-ea57-46f3-a010-42ce12f342ac,9eb707c3-9e5c-407b-89d1-49d71f9cf853,c1,DROP,1007,?,i8,
1769501071.6046085,FORWARDED,dba97449-ea57-46f3-a010-42ce12f342ac,9eb707c3-9e5c-407b-89d1-49d71f9cf853,c1,DROP,1007,?,i8,
1769501071.6478405,SENT,ead5a260-41b8-44f7-9dfe-4e48e6155896,07ab4314-270b-40e0-89e5-e7b060ddfacc,c2,DROP,1011,?,i9,
1769501071.6478786,FORWARDED,ead5a260-41b8-44f7-9dfe-4e48e6155896,07ab4314-270b-40e0-89e5-e7b060ddfacc,c2,DROP,1011,?,i9,
1769501071.7041085,RECEIVED,a5c02129-33b3-43da-a936-fab69d0369b6,711354f8-da16-4f53-acf4-183ff859620c,c2,DROP,1443,p2,?,
1769501071.7444582,SENT,ac94c128-2aec-407c-8c73-edcf5508d301,b39bc734-f5c1-43d1-8acf-0f74dd88180f,c1,DROP,1017,?,i4,
1769501071.7445014,FORWARDED,ac94c128-2aec-407c-8c73-edcf5508d301,b39bc734-f5c1-43d1-8acf-0f74dd88180f,c1,DROP,1017,?,i4,
1769501071.8693078,RECEIVED,fada5055-a132-4185-b07f-be61db1c1656,6f16fb9b-0f13-4030-8589-206e6f2fc931,c3,DROP,445,x11,?,
1769501071.8926482,RECEIVED,7982a4a8-9447-401d-928d-c737ee20281d,6324789a-4955-4a5b-a991-f9f47a1bf1e0,c4,None,2247,p1,?,
1769501071.909772,RECEIVED,df59683b-5ed3-423b-a14c-b38ccbfe8f7f,3a480667-5136-46e0-a532-700f48aab71e,c3,DROP,1451,p3,?,
1769501072.0697093,RECEIVED,f1b7031d-d962-4521-afb4-89bb4f744f86,21d3ce67-0659-47d4-9d0f-03f2a13616c0,c3,DROP,1441,p3,?,
1769501072.112121,RECEIVED,e1c9466b-00c7-44e7-b7b7-937a4e6f8f82,deafa620-1eb5-4786-8357-161a375f0225,c3,DROP,1440,p3,?,
1769501072.156154,SENT,e1c9466b-00c7-44e7-b7b7-937a4e6f8f82,deafa620-1eb5-4786-8357-161a375f0225,c3,DROP,1006,?,i4,
1769501072.1561935,FORWARDED,e1c9466b-00c7-44e7-b7b7-937a4e6f8f82,deafa620-1eb5-4786-8357-161a375f0225,c3,DROP,1006,?,i4,
1769501072.1576905,RECEIVED,c7bd3d96-1e01-4baf-85ed-d2122dc55844,8dca911c-5e59-4506-9ce9-7be85018f7c9,c2,DROP,1445,p2,?,
1769501072.263385,SENT,c7bd3d96-1e01-4baf-85ed-d2122dc55844,8dca911c-5e59-4506-9ce9-7be85018f7c9,c2,DROP,1009,?,i11,
1769501072.2634263,FORWARDED,c7bd3d96-1e01-4baf-85ed-d2122dc55844,8dca911c-5e59-4506-9ce9-7be85018f7c9,c2,DROP,1009,?,i11,
1769501072.3700118,RECEIVED,001173cf-e54c-430e-9c53-92251a31724b,6febb588-5481-4e47-bd9c-6277a5f9b853,c3,DROP,1452,p3,?,
1769501072.3822062,SENT,5286b1ea-7ebf-4aa3-9cdf-183103369402,804f56cf-fdc4-4b3f-bd9a-03417bd8205a,c2,None,1595,?,i6,
1769501072.3822477,FORWARDED,5286b1ea-7ebf-4aa3-9cdf-183103369402,804f56cf-fdc4-4b3f-bd9a-03417bd8205a,c2,None,1595,?,i6,
1769501072.3844993,RECEIVED,145580a5-ad84-469a-8c55-4b1236247f9c,3eaac564-1f08-4f39-8992-1272b8713a79,c5,DROP,1449,p2,?,
1769501072.4495153,SENT,145580a5-ad84-469a-8c55-4b1236247f9c,3eaac564-1f08-4f39-8992-1272b8713a79,c5,DROP,1012,?,i7,
1769501072.4495542,FORWARDED,145580a5-ad84-469a-8c55-4b1236247f9c,3eaac564-1f08-4f39-8992-1272b8713a79,c5,DROP,1012,?,i7,
1769501072.455217,SENT,f1b7031d-d962-4521-afb4-89bb4f744f86,21d3ce67-0659-47d4-9d0f-03f2a13616c0,c3,DROP,1008,?,i10,
1769501072.4552622,FORWARDED,f1b7031d-d962-4521-afb4-89bb4f744f86,21d3ce67-0659-47d4-9d0f-03f2a13616c0,c3,DROP,1008,?,i10,
1769501072.5081916,SENT,a5c02129-33b3-43da-a936-fab69d0369b6,711354f8-da16-4f53-acf4-183ff859620c,c2,DROP,1009,?,i2,
1769501072.5082304,FORWARDED,a5c02129-33b3-43da-a936-fab69d0369b6,711354f8-da16-4f53-acf4-183ff859620c,c2,DROP,1009,?,i2,
1769501072.5458434,SENT,df59683b-5ed3-423b-a14c-b38ccbfe8f7f,3a480667-5136-46e0-a532-700f48aab71e,c3,DROP,1016,?,i5,
1769501072.5458872,FORWARDED,df59683b-5ed3-423b-a14c-b38ccbfe8f7f,3a480667-5136-46e0-a532-700f48aab71e,c3,DROP,1016,?,i5,
1769501072.6044493,SENT,7982a4a8-9447-401d-928d-c737ee20281d,6324789a-4955-4a5b-a991-f9f47a1bf1e0,c4,None,1613,?,i5,
1769501072.604487,FORWARDED,7982a4a8-9447-401d-928d-c737ee20281d,6324789a-4955-4a5b-a991-f9f47a1bf1e0,c4,None,1613,?,i5,
1769501072.6350617,RECEIVED,3fac1e34-dfc2-4e68-9275-d9a9c988257d,90ab4b46-a0dd-4b58-86b8-c69ad702db50,c5,DROP,1452,p2,?,
1769501072.7133894,RECEIVED,f3927938-b554-44e0-b9a5-653bc687f053,dd95aae3-f4e1-406f-adea-292483bbef51,c1,c5,2464,p1,?,
1769501072.7353368,RECEIVED,970b5895-ef25-4b54-9a5e-f007ee9f5051,b7816588-92c9-4c37-ae48-347605613b2e,c5,None,2236,p2,?,
1769501072.7391813,RECEIVED,f315db4d-e4ad-4cb1-877c-7c52948e9f8b,dab99f56-5f9a-489d-8635-14c3ecdc1fa2,c3,DROP,1451,p3,?,
1769501072.7786453,SENT,3fac1e34-dfc2-4e68-9275-d9a9c988257d,90ab4b46-a0dd-4b58-86b8-c69ad702db50,c5,DROP,1015,?,i3,
1769501072.7786872,FORWARDED,3fac1e34-dfc2-4e68-9275-d9a9c988257d,90ab4b46-a0dd-4b58-86b8-c69ad702db50,c5,DROP,1015,?,i3,
1769501072.7816343,RECEIVED,5b59b2c7-b860-4231-86f6-57248e7fbc27,480debde-a0a5-42ec-824b-1eebe05558b5,c1,DROP,1457,p1,?,
1769501072.8182743,RECEIVED,dee46759-5dd6-4d19-adb4-2a6d6f8b9bae,7c901d45-6eab-4435-b9e9-dc822d985fc8,c4,DROP,1440,p1,?,
1769501072.903755,SENT,f3927938-b554-44e0-b9a5-653bc687f053,dd95aae3-f4e1-406f-adea-292483bbef51,c1,c5,1775,?,i8,
1769501072.9042792,FORWARDED,f3927938-b554-44e0-b9a5-653bc687f053,dd95aae3-f4e1-406f-adea-292483bbef51,c1,c5,1775,?,i8,
1769501072.90608,RECEIVED,42ffc1da-963f-4776-afcb-19c8a99dfada,0ab349ee-f5f6-47df-8551-127861bec7a4,c2,DROP,1452,p2,?,
1769501072.911611,SENT,5b59b2c7-b860-4231-86f6-57248e7fbc27,480debde-a0a5-42ec-824b-1eebe05558b5,c1,DROP,1019,?,i11,
1769501072.9116578,FORWARDED,5b59b2c7-b860-4231-86f6-57248e7fbc27,480debde-a0a5-42ec-824b-1eebe05558b5,c1,DROP,1019,?,i11,
1769501072.9216003,RECEIVED,bfcb5655-696e-4833-9b1f-ad5369065bc6,16d91749-77e7-4187-8316-5476f41550f9,c4,None,2230,p1,?,
1769501072.934777,SENT,970b5895-ef25-4b54-9a5e-f007ee9f5051,b7816588-92c9-4c37-ae48-347605613b2e,c5,None,1604,?,i4,
1769501072.9348214,FORWARDED,970b5895-ef25-4b54-9a5e-f007ee9f5051,b7816588-92c9-4c37-ae48-347605613b2e,c5,None,1604,?,i4,
1769501072.9531162,SENT,bfcb5655-696e-4833-9b1f-ad5369065bc6,16d91749-77e7-4187-8316-5476f41550f9,c4,None,1598,?,i10,
1769501072.95322,FORWARDED,bfcb5655-696e-4833-9b1f-ad5369065bc6,16d91749-77e7-4187-8316-5476f41550f9,c4,None,1598,?,i10,
1769501073.054148,RECEIVED,4f85ec05-40ac-4869-ab40-cb9df951997c,382e76ac-3eae-47a5-89ec-a91548d5e201,c2,DROP,1444,p2,?,
1769501073.1085687,RECEIVED,166b87fe-d273-4f3c-8252-334fd85bf2df,6d7c00e9-a638-4345-8528-71b882f86900,c5,c2,2472,p2,?,
1769501073.1145458,SENT,4f85ec05-40ac-4869-ab40-cb9df951997c,382e76ac-3eae-47a5-89ec-a91548d5e201,c2,DROP,1011,?,i9,
1769501073.1145868,FORWARDED,4f85ec05-40ac-4869-ab40-cb9df951997c,382e76ac-3eae-47a5-89ec-a91548d5e201,c2,DROP,1011,?,i9,
1769501073.1158094,SENT,dee46759-5dd6-4d19-adb4-2a6d6f8b9bae,7c901d45-6eab-4435-b9e9-dc822d985fc8,c4,DROP,1007,?,i7,
1769501073.11585,FORWARDED,dee46759-5dd6-4d19-adb4-2a6d6f8b9bae,7c901d45-6eab-4435-b9e9-dc822d985fc8,c4,DROP,1007,?,i7,
1769501073.1996841,RECEIVED,8acd7ff5-99c9-48c2-80c3-e93e95f1cc0a,3f6d6ee3-1fba-46a9-a0d3-f513c69609e4,c4,DROP,442,x9,?,
1769501073.20042,SENT,42ffc1da-963f-4776-afcb-19c8a99dfada,0ab349ee-f5f6-47df-8551-127861bec7a4,c2,DROP,1015,?,i4,
1769501073.2004597,FORWARDED,42ffc1da-963f-4776-afcb-19c8a99dfada,0ab349ee-f5f6-47df-8551-127861bec7a4,c2,DROP,1015,?,i4,
1769501073.241184,SENT,166b87fe-d273-4f3c-8252-334fd85bf2df,6d7c00e9-a638-4345-8528-71b882f86900,c5,c2,1781,?,i1,
1769501073.241222,FORWARDED,166b87fe-d273-4f3c-8252-334fd85bf2df,6d7c00e9-a638-4345-8528-71b882f86900,c5,c2,1781,?,i1,
1769501073.3033345,RECEIVED,e5dacbb2-db16-43ab-ae09-cd2911f666d7,63d7673e-3d9a-4ea4-8fe8-391901a5a8bf,c3,DROP,442,x2,?,
1769501073.321998,RECEIVED,3364d5f2-0d4b-49a5-bca2-1696d2b28943,aec85343-038b-47df-b7f7-4772c5a894ba,c1,DROP,442,x10,?,
1769501073.3507605,SENT,001173cf-e54c-430e-9c53-92251a31724b,6febb588-5481-4e47-bd9c-6277a5f9b853,c3,DROP,1015,?,i10,
1769501073.3508046,FORWARDED,001173cf-e54c-430e-9c53-92251a31724b,6febb588-5481-4e47-bd9c-6277a5f9b853,c3,DROP,1015,?,i10,
1769501073.3512745,RECEIVED,fc2a6742-293c-4444-9a35-deada6e42be3,58c91b5c-2110-44b0-8a9e-b9faa0fb6157,c2,DROP,442,x7,?,
1769501073.3562903,RECEIVED,20a60c88-5bdf-4b64-9f1c-c58b8bf8f77e,3c0f7310-934a-4459-bda5-4481cee01bdc,c3,DROP,1440,p3,?,
1769501073.365128,SENT,f315db4d-e4ad-4cb1-877c-7c52948e9f8b,dab99f56-5f9a-489d-8635-14c3ecdc1fa2,c3,DROP,1017,?,i5,
1769501073.3651705,FORWARDED,f315db4d-e4ad-4cb1-877c-7c52948e9f8b,dab99f56-5f9a-489d-8635-14c3ecdc1fa2,c3,DROP,1017,?,i5,
1769501073.366768,RECEIVED,3548b586-031f-4624-b5ac-b682998507c5,d617e104-d7bd-4877-a943-87ff47ac985e,c2,None,2223,p2,?,
1769501073.3807762,RECEIVED,189d7dff-ae50-4e23-b0e7-12a4463cc1b7,1ae79d5e-9b09-49af-984b-c752cc506604,c2,DROP,1440,p2,?,
1769501073.4142163,RECEIVED,6dcfbf6a-2175-4146-8da5-737a2716e016,c0f33f44-a51c-4655-bf0a-bfc0008216f9,c1,DROP,1443,p1,?,
1769501073.5935125,SENT,6dcfbf6a-2175-4146-8da5-737a2716e016,c0f33f44-a51c-4655-bf0a-bfc0008216f9,c1,DROP,1011,?,i8,
1769501073.5935543,FORWARDED,6dcfbf6a-2175-4146-8da5-737a2716e016,c0f33f44-a51c-4655-bf0a-bfc0008216f9,c1,DROP,1011,?,i8,
1769501073.603956,SENT,189d7dff-ae50-4e23-b0e7-12a4463cc1b7,1ae79d5e-9b09-49af-984b-c752cc506604,c2,DROP,1007,?,i5,
1769501073.603999,FORWARDED,189d7dff-ae50-4e23-b0e7-12a4463cc1b7,1ae79d5e-9b09-49af-984b-c752cc506604,c2,DROP,1007,?,i5,
1769501073.6348395,SENT,20a60c88-5bdf-4b64-9f1c-c58b8bf8f77e,3c0f7310-934a-4459-bda5-4481cee01bdc,c3,DROP,1007,?,i3,
1769501073.6348836,FORWARDED,20a60c88-5bdf-4b64-9f1c-c58b8bf8f77e,3c0f7310-934a-4459-bda5-4481cee01bdc,c3,DROP,1007,?,i3,
1769501073.7818556,SENT,3548b586-031f-4624-b5ac-b682998507c5,d617e104-d7bd-4877-a943-87ff47ac985e,c2,None,1595,?,i8,
1769501073.781898,FORWARDED,3548b586-031f-4624-b5ac-b682998507c5,d617e104-d7bd-4877-a943-87ff47ac985e,c2,None,1595,?,i8,
1769501074.086771,RECEIVED,14e2dc4d-14a7-444f-bafb-e4ebc0051111,2b6e044c-40c2-45d0-ab65-926bb0251dee,c1,DROP,441,x12,?,
1769501074.1698196,RECEIVED,58db8860-d1ee-4197-9ff4-123fe8c13f71,f7be50c3-5afb-45a6-a8c4-96817bfa2cd0,c5,None,2234,p2,?,
1769501074.1872802,RECEIVED,d4aafbc8-35a4-4bd5-8e19-92d0f385d163,8768522b-3b61-43b8-b86e-5f71db7da6c0,c5,DROP,1439,p2,?,
1769501074.2211175,RECEIVED,a55fffad-1151-4809-a01c-b8eca0943aeb,47a69ac4-2be0-4042-8e6a-be18a0331ee8,c1,c5,2459,p1,?,
1769501074.2317822,RECEIVED,85fdad4b-f6c1-4c61-8e15-a65f72e3bfe2,9bc4dd3b-234d-4910-8987-275b66844f48,c1,DROP,441,x3,?,
1769501074.7604427,SENT,a55fffad-1151-4809-a01c-b8eca0943aeb,47a69ac4-2be0-4042-8e6a-be18a0331ee8,c1,c5,1772,?,i9,
1769501074.7613947,FORWARDED,a55fffad-1151-4809-a01c-b8eca0943aeb,47a69ac4-2be0-4042-8e6a-be18a0331ee8,c1,c5,1772,?,i9,
1769501074.761688,RECEIVED,a5e6372f-7f37-4a31-a93c-ebdd73750adb,97668b25-9f0e-46c1-9b1a-cae892c00941,c3,DROP,1439,p3,?,
1769501074.863734,SENT,58db8860-d1ee-4197-9ff4-123fe8c13f71,f7be50c3-5afb-45a6-a8c4-96817bfa2cd0,c5,None,1603,?,i5,
1769501074.8637784,FORWARDED,58db8860-d1ee-4197-9ff4-123fe8c13f71,f7be50c3-5afb-45a6-a8c4-96817bfa2cd0,c5,None,1603,?,i5,
1769501074.8949628,RECEIVED,a650506f-8e91-4e34-890a-b251b6e1dd30,5a775fb4-5079-46e7-a0cd-24671680363c,c4,DROP,442,x7,?,
1769501075.2522776,RECEIVED,212c92e3-e17d-4558-aa0f-0790954efa02,9ccdffc4-3443-4d1f-8aaf-9f6c3267651e,c2,c1,2471,p2,?,
1769501075.3463352,RECEIVED,9985d3d0-473f-4992-996c-a591f6fe191c,9fcf1dce-e54b-4571-94e2-96410949ffde,c5,DROP,442,x7,?,
1769501075.5135684,RECEIVED,bcf75de0-f6d3-48fc-b2ad-9d4430532981,c1d4893b-3558-4c8d-b25a-d43694d888c8,c2,DROP,1442,p2,?,
1769501075.5705428,SENT,bcf75de0-f6d3-48fc-b2ad-9d4430532981,c1d4893b-3558-4c8d-b25a-d43694d888c8,c2,DROP,1008,?,i9,
1769501075.5705843,FORWARDED,bcf75de0-f6d3-48fc-b2ad-9d4430532981,c1d4893b-3558-4c8d-b25a-d43694d888c8,c2,DROP,1008,?,i9,
1769501075.7139168,SENT,212c92e3-e17d-4558-aa0f-0790954efa02,9ccdffc4-3443-4d1f-8aaf-9f6c3267651e,c2,c1,1780,?,i3,
1769501075.7139506,FORWARDED,212c92e3-e17d-4558-aa0f-0790954efa02,9ccdffc4-3443-4d1f-8aaf-9f6c3267651e,c2,c1,1780,?,i3,
1769501075.7566779,SENT,d4aafbc8-35a4-4bd5-8e19-92d0f385d163,8768522b-3b61-43b8-b86e-5f71db7da6c0,c5,DROP,1007,?,i2,
1769501075.7567198,FORWARDED,d4aafbc8-35a4-4bd5-8e19-92d0f385d163,8768522b-3b61-43b8-b86e-5f71db7da6c0,c5,DROP,1007,?,i2,
1769501075.8967133,SENT,a5e6372f-7f37-4a31-a93c-ebdd73750adb,97668b25-9f0e-46c1-9b1a-cae892c00941,c3,DROP,1008,?,i9,
1769501075.896755,FORWARDED,a5e6372f-7f37-4a31-a93c-ebdd73750adb,97668b25-9f0e-46c1-9b1a-cae892c00941,c3,DROP,1008,?,i9,
1769501075.9223819,RECEIVED,408bc991-b2da-49a2-8d30-83a15ed4bd42,69dacc16-fe28-4c76-8cdd-4f59de0b6cb6,c3,DROP,1444,p3,?,
1769501076.142654,SENT,408bc991-b2da-49a2-8d30-83a15ed4bd42,69dacc16-fe28-4c76-8cdd-4f59de0b6cb6,c3,DROP,1009,?,i6,
1769501076.1427073,FORWARDED,408bc991-b2da-49a2-8d30-83a15ed4bd42,69dacc16-fe28-4c76-8cdd-4f59de0b6cb6,c3,DROP,1009,?,i6,
1769501076.259244,RECEIVED,2cd1c2b8-36b8-457d-9d1e-18784f1b5273,95d0e590-17d6-4253-872e-2f782b5fa46d,c1,DROP,1440,p1,?,
1769501076.272582,RECEIVED,edfff0e8-5534-4774-9af1-e25acf51568c,d7294765-4cbb-43a3-ae28-57047cfc0ee2,c4,DROP,1448,p1,?,
1769501076.314021,SENT,2cd1c2b8-36b8-457d-9d1e-18784f1b5273,95d0e590-17d6-4253-872e-2f782b5fa46d,c1,DROP,1008,?,i2,
1769501076.314074,FORWARDED,2cd1c2b8-36b8-457d-9d1e-18784f1b5273,95d0e590-17d6-4253-872e-2f782b5fa46d,c1,DROP,1008,?,i2,
1769501076.332882,RECEIVED,df83db54-0b9c-4796-84d3-cbfa2e7c5d77,49d4d5a4-fc48-4cf6-938a-d7f2cea10567,c5,c2,2456,p2,?,
1769501076.3992617,SENT,edfff0e8-5534-4774-9af1-e25acf51568c,d7294765-4cbb-43a3-ae28-57047cfc0ee2,c4,DROP,1014,?,i4,
1769501076.399307,FORWARDED,edfff0e8-5534-4774-9af1-e25acf51568c,d7294765-4cbb-43a3-ae28-57047cfc0ee2,c4,DROP,1014,?,i4,
1769501076.4127839,SENT,df83db54-0b9c-4796-84d3-cbfa2e7c5d77,49d4d5a4-fc48-4cf6-938a-d7f2cea10567,c5,c2,1770,?,i8,
1769501076.4128273,FORWARDED,df83db54-0b9c-4796-84d3-cbfa2e7c5d77,49d4d5a4-fc48-4cf6-938a-d7f2cea10567,c5,c2,1770,?,i8,
1769501076.5021245,RECEIVED,52ea76d9-ac5a-4b5c-b84a-310dd5da1e9e,7c596c99-2395-4d55-b332-9f40e81690be,c2,c1,2471,p2,?,
1769501076.5136063,RECEIVED,74e4bb17-96be-4285-a63d-ff5917274af0,ec894d29-5362-4d6e-9144-49009992fb94,c1,DROP,441,x4,?,
1769501076.5897193,RECEIVED,b50d4a6f-85ce-4a4e-accd-4ff4d6465270,86f6891b-605e-4b2e-81c4-b36f85b796f3,c3,DROP,1457,p3,?,
1769501076.7158134,RECEIVED,e2e64094-810b-41b8-bcc7-29b16ad82326,3c35711c-064f-4dc4-8f03-e9223551d8c7,c4,DROP,445,x11,?,
1769501076.737843,RECEIVED,cd9f012f-621f-4e5e-9d75-48ac88b573c1,593b0fcf-4f5f-4e5e-b98c-499c46d653dd,c3,c4,2451,p3,?,
1769501076.839345,RECEIVED,cfaafe7f-6dc3-4c31-a430-188d4abc114a,44941833-1124-422b-95fa-48e7e262ea46,c2,DROP,1431,p2,?,
1769501077.0163164,RECEIVED,58abfdab-b72c-4a10-b37e-07277b3f4c0e,aae9002f-dc72-41f6-bfcd-6bec68e6ffc3,c5,DROP,441,x5,?,
1769501077.105137,RECEIVED,b2e1c4e1-6668-44bd-9b4b-67c3b31799c2,c591a8d5-d0b4-48a1-961c-953014c9bc08,c1,c5,2471,p1,?,
1769501077.1649728,RECEIVED,cc8aebed-8ee2-438e-9987-da51693144aa,f044be64-9b91-400c-9b9f-00def71f66cb,c2,None,2235,p2,?,
1769501077.3507025,SENT,cfaafe7f-6dc3-4c31-a430-188d4abc114a,44941833-1124-422b-95fa-48e7e262ea46,c2,DROP,1001,?,i8,
1769501077.3507452,FORWARDED,cfaafe7f-6dc3-4c31-a430-188d4abc114a,44941833-1124-422b-95fa-48e7e262ea46,c2,DROP,1001,?,i8,
1769501077.4256527,RECEIVED,289203db-0fe5-4277-8987-f2bbc3a7a4ce,47e5d3f8-5c13-4369-a694-6246ce0f0048,c2,DROP,1440,p2,?,
1769501077.4273844,SENT,cd9f012f-621f-4e5e-9d75-48ac88b573c1,593b0fcf-4f5f-4e5e-b98c-499c46d653dd,c3,c4,1767,?,i9,
1769501077.4274228,FORWARDED,cd9f012f-621f-4e5e-9d75-48ac88b573c1,593b0fcf-4f5f-4e5e-b98c-499c46d653dd,c3,c4,1767,?,i9,
1769501077.5436716,SENT,289203db-0fe5-4277-8987-f2bbc3a7a4ce,47e5d3f8-5c13-4369-a694-6246ce0f0048,c2,DROP,1008,?,i6,
1769501077.5440438,FORWARDED,289203db-0fe5-4277-8987-f2bbc3a7a4ce,47e5d3f8-5c13-4369-a694-6246ce0f0048,c2,DROP,1008,?,i6,
1769501077.5976634,RECEIVED,26e79af7-7002-4617-8884-0017de43dac8,d83277e1-a776-4b33-be46-f8c59a827bd7,c4,DROP,1439,p1,?,
1769501077.6001463,RECEIVED,ef3fc659-a028-46c9-8404-ec0bc084afb6,a04647f3-38e2-4239-91b5-6ea073359811,c5,None,2243,p2,?,
1769501077.7019901,SENT,cc8aebed-8ee2-438e-9987-da51693144aa,f044be64-9b91-400c-9b9f-00def71f66cb,c2,None,1604,?,i7,
1769501077.7020326,FORWARDED,cc8aebed-8ee2-438e-9987-da51693144aa,f044be64-9b91-400c-9b9f-00def71f66cb,c2,None,1604,?,i7,
1769501077.7595527,SENT,52ea76d9-ac5a-4b5c-b84a-310dd5da1e9e,7c596c99-2395-4d55-b332-9f40e81690be,c2,c1,1780,?,i5,
1769501077.7595894,FORWARDED,52ea76d9-ac5a-4b5c-b84a-310dd5da1e9e,7c596c99-2395-4d55-b332-9f40e81690be,c2,c1,1780,?,i5,
1769501077.778969,SENT,ef3fc659-a028-46c9-8404-ec0bc084afb6,a04647f3-38e2-4239-91b5-6ea073359811,c5,None,1610,?,i1,
1769501077.7790117,FORWARDED,ef3fc659-a028-46c9-8404-ec0bc084afb6,a04647f3-38e2-4239-91b5-6ea073359811,c5,None,1610,?,i1,
1769501077.8026884,SENT,b2e1c4e1-6668-44bd-9b4b-67c3b31799c2,c591a8d5-d0b4-48a1-961c-953014c9bc08,c1,c5,1780,?,i4,
1769501077.8027346,FORWARDED,b2e1c4e1-6668-44bd-9b4b-67c3b31799c2,c591a8d5-d0b4-48a1-961c-953014c9bc08,c1,c5,1780,?,i4,
1769501077.8262258,RECEIVED,8f227874-fd4f-4e51-982a-93e0253f5a57,b41c7cb7-1270-4ea4-a3a3-dda1f001f504,c5,DROP,1439,p2,?,
1769501077.9945543,RECEIVED,b58a4357-4cc9-4c8d-a94c-11e2ebf9623d,8a9553c2-3a60-4325-8be4-cd8d82611dce,c1,DROP,1449,p1,?,
1769501078.0370827,RECEIVED,97f2188b-425f-4030-bcbc-fc333447c3e0,bd015254-5ef9-4a69-ba78-1b7d2859e4c0,c2,None,2229,p2,?,
1769501078.1156273,RECEIVED,6f37a5c1-ba36-4e07-9897-2af851fba44a,6c2bcbf3-8015-4852-944d-52033d9e088c,c4,DROP,1452,p1,?,
1769501078.1159887,SENT,97f2188b-425f-4030-bcbc-fc333447c3e0,bd015254-5ef9-4a69-ba78-1b7d2859e4c0,c2,None,1597,?,i9,
1769501078.1160226,FORWARDED,97f2188b-425f-4030-bcbc-fc333447c3e0,bd015254-5ef9-4a69-ba78-1b7d2859e4c0,c2,None,1597,?,i9,
1769501078.1981914,RECEIVED,f0d38693-fdcf-42aa-b5d2-3c764af222ab,a318d7e9-9a85-449e-96d2-65c996e6dc5c,c4,None,2223,p1,?,
1769501078.544529,SENT,6f37a5c1-ba36-4e07-9897-2af851fba44a,6c2bcbf3-8015-4852-944d-52033d9e088c,c4,DROP,1015,?,i3,
1769501078.5445669,FORWARDED,6f37a5c1-ba36-4e07-9897-2af851fba44a,6c2bcbf3-8015-4852-944d-52033d9e088c,c4,DROP,1015,?,i3,
1769501078.610896,SENT,b58a4357-4cc9-4c8d-a94c-11e2ebf9623d,8a9553c2-3a60-4325-8be4-cd8d82611dce,c1,DROP,1017,?,i5,
1769501078.6109376,FORWARDED,b58a4357-4cc9-4c8d-a94c-11e2ebf9623d,8a9553c2-3a60-4325-8be4-cd8d82611dce,c1,DROP,1017,?,i5,
1769501078.7270794,RECEIVED,383c2573-79b7-4a8c-9933-246fd3042a31,dcc8a480-7a5c-456d-8ee3-726d5058a920,c3,DROP,1457,p3,?,
1769501078.7298388,RECEIVED,e6b4bc41-100d-445a-a490-d0647d0805e5,19765d09-7eff-4a74-81e6-f0e96c7f4200,c5,DROP,1452,p2,?,
1769501078.7888904,SENT,383c2573-79b7-4a8c-9933-246fd3042a31,dcc8a480-7a5c-456d-8ee3-726d5058a920,c3,DROP,1019,?,i10,
1769501078.7889292,FORWARDED,383c2573-79b7-4a8c-9933-246fd3042a31,dcc8a480-7a5c-456d-8ee3-726d5058a920,c3,DROP,1019,?,i10,
1769501078.795488,SENT,f0d38693-fdcf-42aa-b5d2-3c764af222ab,a318d7e9-9a85-449e-96d2-65c996e6dc5c,c4,None,1595,?,i7,
1769501078.7955287,FORWARDED,f0d38693-fdcf-42aa-b5d2-3c764af222ab,a318d7e9-9a85-449e-96d2-65c996e6dc5c,c4,None,1595,?,i7,
1769501078.855728,SENT,b50d4a6f-85ce-4a4e-accd-4ff4d6465270,86f6891b-605e-4b2e-81c4-b36f85b796f3,c3,DROP,1021,?,i7,
1769501078.855771,FORWARDED,b50d4a6f-85ce-4a4e-accd-4ff4d6465270,86f6891b-605e-4b2e-81c4-b36f85b796f3,c3,DROP,1021,?,i7,
1769501078.8576295,RECEIVED,0540cfac-5cd0-4889-b393-914d3ed95337,5a363762-efd4-4b26-9288-cd4af267fc8c,c2,DROP,442,x11,?,
1769501078.9296405,SENT,e6b4bc41-100d-445a-a490-d0647d0805e5,19765d09-7eff-4a74-81e6-f0e96c7f4200,c5,DROP,1017,?,i11,
1769501078.929681,FORWARDED,e6b4bc41-100d-445a-a490-d0647d0805e5,19765d09-7eff-4a74-81e6-f0e96c7f4200,c5,DROP,1017,?,i11,
1769501078.9684641,RECEIVED,a69d918f-f6f9-41d8-b95b-82d3a78b9e83,107b95c0-87eb-4f4d-91b7-1c1b515812a3,c4,c3,2463,p1,?,
1769501078.9852087,SENT,26e79af7-7002-4617-8884-0017de43dac8,d83277e1-a776-4b33-be46-f8c59a827bd7,c4,DROP,1007,?,i3,
1769501078.9852498,FORWARDED,26e79af7-7002-4617-8884-0017de43dac8,d83277e1-a776-4b33-be46-f8c59a827bd7,c4,DROP,1007,?,i3,
1769501079.1285849,SENT,8f227874-fd4f-4e51-982a-93e0253f5a57,b41c7cb7-1270-4ea4-a3a3-dda1f001f504,c5,DROP,1007,?,i3,
1769501079.1286273,FORWARDED,8f227874-fd4f-4e51-982a-93e0253f5a57,b41c7cb7-1270-4ea4-a3a3-dda1f001f504,c5,DROP,1007,?,i3,
1769501079.3581269,RECEIVED,3c1ddf53-436c-4b19-a441-a0c3a6b9f9d1,dd9dd276-9b01-4a28-b5d3-abc9bc79d442,c3,None,2243,p3,?,
1769501079.4262252,RECEIVED,fbb82caa-ebad-4b45-8fab-ef00bc838fe4,d1e53ef3-224b-46a3-a6be-8e301add16e0,c1,DROP,1449,p1,?,
1769501079.5143979,SENT,a69d918f-f6f9-41d8-b95b-82d3a78b9e83,107b95c0-87eb-4f4d-91b7-1c1b515812a3,c4,c3,1776,?,i9,
1769501079.5144377,FORWARDED,a69d918f-f6f9-41d8-b95b-82d3a78b9e83,107b95c0-87eb-4f4d-91b7-1c1b515812a3,c4,c3,1776,?,i9,
1769501079.5269725,RECEIVED,2a70a167-45ae-4736-a68c-afaedabb9a0e,ae2e9deb-bd47-40e3-85e1-e8d93b01754a,c5,DROP,1440,p2,?,
1769501079.5467823,RECEIVED,06fb7704-fbf4-4f35-93d9-f945b827a9f6,aaac84aa-33d6-4c51-9c43-e5e0d8512c61,c1,None,2239,p1,?,
1769501079.6346204,SENT,2a70a167-45ae-4736-a68c-afaedabb9a0e,ae2e9deb-bd47-40e3-85e1-e8d93b01754a,c5,DROP,1007,?,i5,
1769501079.6346653,FORWARDED,2a70a167-45ae-4736-a68c-afaedabb9a0e,ae2e9deb-bd47-40e3-85e1-e8d93b01754a,c5,DROP,1007,?,i5,
1769501079.6901517,SENT,3c1ddf53-436c-4b19-a441-a0c3a6b9f9d1,dd9dd276-9b01-4a28-b5d3-abc9bc79d442,c3,None,1609,?,i1,
1769501079.690193,FORWARDED,3c1ddf53-436c-4b19-a441-a0c3a6b9f9d1,dd9dd276-9b01-4a28-b5d3-abc9bc79d442,c3,None,1609,?,i1,
1769501079.7738397,RECEIVED,4296aaf0-f458-4d73-9d4c-664acf76cff2,60256aa1-191f-4297-936a-c9c9e55d0a21,c1,DROP,442,x1,?,
1769501079.80201,SENT,fbb82caa-ebad-4b45-8fab-ef00bc838fe4,d1e53ef3-224b-46a3-a6be-8e301add16e0,c1,DROP,1016,?,i6,
1769501079.80206,FORWARDED,fbb82caa-ebad-4b45-8fab-ef00bc838fe4,d1e53ef3-224b-46a3-a6be-8e301add16e0,c1,DROP,1016,?,i6,
1769501079.816172,SENT,06fb7704-fbf4-4f35-93d9-f945b827a9f6,aaac84aa-33d6-4c51-9c43-e5e0d8512c61,c1,None,1607,?,i2,
1769501079.816216,FORWARDED,06fb7704-fbf4-4f35-93d9-f945b827a9f6,aaac84aa-33d6-4c51-9c43-e5e0d8512c61,c1,None,1607,?,i2,
1769501079.819278,RECEIVED,f233bed0-69a3-488a-b562-1862c5e570d8,ec49ded7-055c-46a2-9f38-d4214b5599dc,c5,DROP,441,x5,?,
1769501079.821767,RECEIVED,3a009f01-26c3-42cc-a312-e55f022e881b,1883dcef-7aab-4685-aa9e-385dd41f22df,c3,DROP,442,x5,?,
1769501079.8866801,RECEIVED,c9523ba2-603c-45ae-a225-a3c844398c3c,aa9a6c22-790f-4e69-ba9a-beafc74c89f8,c4,c3,2447,p1,?,
1769501079.9393923,RECEIVED,ff4c66bf-d406-4865-a48c-324f538837c1,2b2c6011-9d08-41c3-9039-df557d68b702,c3,None,2225,p3,?,
1769501080.1184936,RECEIVED,9e2cbf1c-0797-4197-bea9-4cc6defaeb0c,c376866d-e32a-47ad-bd7d-bb4984d27b49,c4,DROP,1447,p1,?,
1769501080.157015,RECEIVED,25064208-35b0-4744-8155-654959ed98c2,5b85dcd1-215d-4e98-8a95-4123ed8ff066,c1,DROP,1440,p1,?,
1769501080.183897,SENT,ff4c66bf-d406-4865-a48c-324f538837c1,2b2c6011-9d08-41c3-9039-df557d68b702,c3,None,1595,?,i10,
1769501080.183944,FORWARDED,ff4c66bf-d406-4865-a48c-324f538837c1,2b2c6011-9d08-41c3-9039-df557d68b702,c3,None,1595,?,i10,
1769501080.3846903,RECEIVED,0176c12d-ddc2-43be-8c67-66f9364968d8,3519e50e-bfde-493c-8d30-3aa425f99ef1,c3,None,2226,p3,?,
1769501080.5606759,SENT,c9523ba2-603c-45ae-a225-a3c844398c3c,aa9a6c22-790f-4e69-ba9a-beafc74c89f8,c4,c3,1762,?,i3,
1769501080.5607183,FORWARDED,c9523ba2-603c-45ae-a225-a3c844398c3c,aa9a6c22-790f-4e69-ba9a-beafc74c89f8,c4,c3,1762,?,i3,
1769501080.5726416,RECEIVED,bf7a3ca9-72ed-45e7-b269-08721feee8c2,8e78eb0c-fe24-40a1-b7bb-7ce620ebfad5,c4,DROP,1439,p1,?,
1769501080.5838594,RECEIVED,3358abc4-7dc1-4096-9d5e-fbfda4e32727,99540690-adfc-4c46-9359-12cbd4a24c2d,c5,DROP,1452,p2,?,
1769501080.6169627,RECEIVED,a3841f6d-806a-4292-b8e5-8906a4c3f9ea,d40064f3-e223-4b5d-b103-513ae3048060,c2,c1,2467,p2,?,
1769501080.7242644,SENT,9e2cbf1c-0797-4197-bea9-4cc6defaeb0c,c376866d-e32a-47ad-bd7d-bb4984d27b49,c4,DROP,1012,?,i6,
1769501080.7243066,FORWARDED,9e2cbf1c-0797-4197-bea9-4cc6defaeb0c,c376866d-e32a-47ad-bd7d-bb4984d27b49,c4,DROP,1012,?,i6,
1769501080.7435334,RECEIVED,b037998d-e333-47dd-a998-e19176ed6ec7,8fde5819-31df-4bad-8ee8-b453ffa47b39,c4,DROP,1439,p1,?,
1769501080.8068001,RECEIVED,a9906501-0182-43d3-8325-fbf19b305f59,54aca06c-8b0d-4677-8329-b9fca3564581,c3,DROP,1453,p3,?,
1769501080.8291996,SENT,a9906501-0182-43d3-8325-fbf19b305f59,54aca06c-8b0d-4677-8329-b9fca3564581,c3,DROP,1016,?,i8,
1769501080.8292415,FORWARDED,a9906501-0182-43d3-8325-fbf19b305f59,54aca06c-8b0d-4677-8329-b9fca3564581,c3,DROP,1016,?,i8,
1769501080.9558415,RECEIVED,4a982eaa-1e49-416e-acdb-05e35a05693f,3c04ca92-3b91-478f-8ade-703ca7743eaa,c1,DROP,1440,p1,?,
1769501081.0264435,SENT,0176c12d-ddc2-43be-8c67-66f9364968d8,3519e50e-bfde-493c-8d30-3aa425f99ef1,c3,None,1597,?,i8,
1769501081.0264802,FORWARDED,0176c12d-ddc2-43be-8c67-66f9364968d8,3519e50e-bfde-493c-8d30-3aa425f99ef1,c3,None,1597,?,i8,
1769501081.0419576,SENT,25064208-35b0-4744-8155-654959ed98c2,5b85dcd1-215d-4e98-8a95-4123ed8ff066,c1,DROP,1007,?,i12,
1769501081.0419958,FORWARDED,25064208-35b0-4744-8155-654959ed98c2,5b85dcd1-215d-4e98-8a95-4123ed8ff066,c1,DROP,1007,?,i12,
1769501081.0610325,SENT,4a982eaa-1e49-416e-acdb-05e35a05693f,3c04ca92-3b91-478f-8ade-703ca7743eaa,c1,DROP,1008,?,i6,
1769501081.0610986,FORWARDED,4a982eaa-1e49-416e-acdb-05e35a05693f,3c04ca92-3b91-478f-8ade-703ca7743eaa,c1,DROP,1008,?,i6,
1769501081.123132,SENT,3358abc4-7dc1-4096-9d5e-fbfda4e32727,99540690-adfc-4c46-9359-12cbd4a24c2d,c5,DROP,1015,?,i11,
1769501081.1231737,FORWARDED,3358abc4-7dc1-4096-9d5e-fbfda4e32727,99540690-adfc-4c46-9359-12cbd4a24c2d,c5,DROP,1015,?,i11,
1769501081.1699574,SENT,bf7a3ca9-72ed-45e7-b269-08721feee8c2,8e78eb0c-fe24-40a1-b7bb-7ce620ebfad5,c4,DROP,1007,?,i5,
1769501081.1699972,FORWARDED,bf7a3ca9-72ed-45e7-b269-08721feee8c2,8e78eb0c-fe24-40a1-b7bb-7ce620ebfad5,c4,DROP,1007,?,i5,
1769501081.3362753,SENT,b037998d-e333-47dd-a998-e19176ed6ec7,8fde5819-31df-4bad-8ee8-b453ffa47b39,c4,DROP,1008,?,i8,
1769501081.3363166,FORWARDED,b037998d-e333-47dd-a998-e19176ed6ec7,8fde5819-31df-4bad-8ee8-b453ffa47b39,c4,DROP,1008,?,i8,
1769501081.3714612,RECEIVED,27b8e54c-920b-4d5f-8054-2271bde80960,0ab5c694-e750-4350-8f43-436da654509e,c5,None,2224,p2,?,
1769501081.3809884,RECEIVED,2f3ff525-4312-49f5-bb4b-fbe79fdad866,e8f8061a-2de3-4563-87e2-b2ccca82aecf,c2,DROP,1435,p2,?,
1769501081.4706347,SENT,27b8e54c-920b-4d5f-8054-2271bde80960,0ab5c694-e750-4350-8f43-436da654509e,c5,None,1594,?,i6,
1769501081.4706767,FORWARDED,27b8e54c-920b-4d5f-8054-2271bde80960,0ab5c694-e750-4350-8f43-436da654509e,c5,None,1594,?,i6,
1769501081.6870391,RECEIVED,0588ef2d-d4e1-41a8-88f3-b4b039a32745,c8a465a0-5d85-46d3-a997-21110ac90a33,c2,DROP,1440,p2,?,
1769501081.7282722,RECEIVED,b5ce6376-51a0-409f-b956-5ad891ed1b06,7607a95c-e682-4681-9a94-5ad93c97a7f8,c4,DROP,441,x4,?,
1769501081.7712133,RECEIVED,78174870-7b44-4367-8579-1b3da8990301,6ef44bf1-7d9e-42e9-8f00-ef92dabd75ff,c2,DROP,1448,p2,?,
1769501081.7901275,SENT,0588ef2d-d4e1-41a8-88f3-b4b039a32745,c8a465a0-5d85-46d3-a997-21110ac90a33,c2,DROP,1007,?,i10,
1769501081.790169,FORWARDED,0588ef2d-d4e1-41a8-88f3-b4b039a32745,c8a465a0-5d85-46d3-a997-21110ac90a33,c2,DROP,1007,?,i10,
1769501081.8151062,RECEIVED,e14eba8a-d105-4699-9d70-0061941ff720,602030d6-ac89-4d4d-8c43-d1d9ff28b0d7,c3,DROP,1444,p3,?,
1769501081.877117,SENT,78174870-7b44-4367-8579-1b3da8990301,6ef44bf1-7d9e-42e9-8f00-ef92dabd75ff,c2,DROP,1013,?,i2,
1769501081.877159,FORWARDED,78174870-7b44-4367-8579-1b3da8990301,6ef44bf1-7d9e-42e9-8f00-ef92dabd75ff,c2,DROP,1013,?,i2,
1769501081.9038465,SENT,e14eba8a-d105-4699-9d70-0061941ff720,602030d6-ac89-4d4d-8c43-d1d9ff28b0d7,c3,DROP,1011,?,i6,
1769501081.903883,FORWARDED,e14eba8a-d105-4699-9d70-0061941ff720,602030d6-ac89-4d4d-8c43-d1d9ff28b0d7,c3,DROP,1011,?,i6,
1769501082.2124715,RECEIVED,c4d2e291-c634-4805-a778-3736062b53ff,93ae7a72-90e6-48b1-ac21-3593cdc613d6,c4,DROP,441,x7,?,
1769501082.2368839,SENT,2f3ff525-4312-49f5-bb4b-fbe79fdad866,e8f8061a-2de3-4563-87e2-b2ccca82aecf,c2,DROP,1003,?,i7,
1769501082.2369223,FORWARDED,2f3ff525-4312-49f5-bb4b-fbe79fdad866,e8f8061a-2de3-4563-87e2-b2ccca82aecf,c2,DROP,1003,?,i7,
1769501082.309688,RECEIVED,2caadf17-c94e-4d04-9ada-0e75aa2846e0,c2527acc-ea1b-4054-9336-732bda79b52b,c1,c5,2448,p1,?,
1769501082.3792994,RECEIVED,10954b01-985b-44ab-a102-4a140a82cd91,a81d9c8d-b290-41da-ac30-5e51be455daf,c4,DROP,1453,p1,?,
1769501082.3946424,RECEIVED,dde5d32d-c866-41c2-bb1f-b8a7412debc7,2ce446a3-c81e-4e2f-b2a0-8f31c343ea0d,c2,DROP,1439,p2,?,
1769501082.4036286,SENT,2caadf17-c94e-4d04-9ada-0e75aa2846e0,c2527acc-ea1b-4054-9336-732bda79b52b,c1,c5,1763,?,i6,
1769501082.4036705,FORWARDED,2caadf17-c94e-4d04-9ada-0e75aa2846e0,c2527acc-ea1b-4054-9336-732bda79b52b,c1,c5,1763,?,i6,
1769501082.4061704,SENT,10954b01-985b-44ab-a102-4a140a82cd91,a81d9c8d-b290-41da-ac30-5e51be455daf,c4,DROP,1015,?,i5,
1769501082.4062097,FORWARDED,10954b01-985b-44ab-a102-4a140a82cd91,a81d9c8d-b290-41da-ac30-5e51be455daf,c4,DROP,1015,?,i5,
1769501082.408423,RECEIVED,6f570732-3f54-4a84-806e-70f7a0b0cb07,e637dd14-1470-439d-b6e5-5441c2c3544e,c1,DROP,1444,p1,?,
1769501082.5186908,RECEIVED,e80787ee-5157-467f-b9b6-76da61a05517,97cc5b6a-226f-4c95-b806-af5844f5c73c,c1,DROP,1445,p1,?,
1769501082.608476,SENT,e80787ee-5157-467f-b9b6-76da61a05517,97cc5b6a-226f-4c95-b806-af5844f5c73c,c1,DROP,1011,?,i12,
1769501082.6085281,FORWARDED,e80787ee-5157-467f-b9b6-76da61a05517,97cc5b6a-226f-4c95-b806-af5844f5c73c,c1,DROP,1011,?,i12,
1769501082.646761,RECEIVED,dd0228b7-6412-4edf-aad0-004f0b7fbe37,8566e717-4bc2-4a1e-a53d-9d1a210ecbbe,c1,None,2231,p1,?,
1769501082.8023531,RECEIVED,d474e042-8618-4bfe-a1eb-4d583552647e,59de73d4-3f93-4e48-acdb-ab0cee27069b,c3,None,2227,p3,?,
1769501082.8614557,RECEIVED,7f4bdc10-9a6e-4bbf-833d-810571d9dde3,f4276237-62b1-4459-9660-37dd2b45712f,c5,DROP,1439,p2,?,
1769501082.8622158,RECEIVED,7f306588-d571-4c04-936f-b48aefb7f833,2b8bc812-731e-40fb-819d-d9d476a6bbf8,c1,None,2229,p1,?,
1769501082.8679922,SENT,6f570732-3f54-4a84-806e-70f7a0b0cb07,e637dd14-1470-439d-b6e5-5441c2c3544e,c1,DROP,1010,?,i10,
1769501082.8680356,FORWARDED,6f570732-3f54-4a84-806e-70f7a0b0cb07,e637dd14-1470-439d-b6e5-5441c2c3544e,c1,DROP,1010,?,i10,
1769501082.9006755,SENT,7f306588-d571-4c04-936f-b48aefb7f833,2b8bc812-731e-40fb-819d-d9d476a6bbf8,c1,None,1599,?,i7,
1769501082.9007244,FORWARDED,7f306588-d571-4c04-936f-b48aefb7f833,2b8bc812-731e-40fb-819d-d9d476a6bbf8,c1,None,1599,?,i7,
1769501082.917024,SENT,a3841f6d-806a-4292-b8e5-8906a4c3f9ea,d40064f3-e223-4b5d-b103-513ae3048060,c2,c1,1779,?,i12,
1769501082.9171684,FORWARDED,a3841f6d-806a-4292-b8e5-8906a4c3f9ea,d40064f3-e223-4b5d-b103-513ae3048060,c2,c1,1779,?,i12,
1769501082.998837,RECEIVED,7688adeb-858f-4a8a-ab1d-1116232f3d8c,788035cc-898d-43a0-a437-286618e5e174,c3,DROP,1459,p3,?,
1769501083.0018332,RECEIVED,0535f8e4-442f-4de3-9a39-a81b83e7ceb2,938d5e04-f672-4ddd-88dc-c2c2ba18f789,c1,DROP,1436,p1,?,
1769501083.028787,RECEIVED,62dc6ac6-d402-41d8-ac78-c8606007b7cc,5c6e3cf7-e5c6-4b17-93ee-7c2a6a649251,c3,c4,2463,p3,?,
1769501083.102564,SENT,7688adeb-858f-4a8a-ab1d-1116232f3d8c,788035cc-898d-43a0-a437-286618e5e174,c3,DROP,1021,?,i5,
1769501083.1026073,FORWARDED,7688adeb-858f-4a8a-ab1d-1116232f3d8c,788035cc-898d-43a0-a437-286618e5e174,c3,DROP,1021,?,i5,
1769501083.1341872,RECEIVED,66bf2d3c-86b0-42d8-941c-a348349b2c9e,852ca57e-0b6a-4aef-a6e6-f8a71857e1ce,c4,None,2243,p1,?,
1769501083.2279878,SENT,dde5d32d-c866-41c2-bb1f-b8a7412debc7,2ce446a3-c81e-4e2f-b2a0-8f31c343ea0d,c2,DROP,1007,?,i4,
1769501083.2280233,FORWARDED,dde5d32d-c866-41c2-bb1f-b8a7412debc7,2ce446a3-c81e-4e2f-b2a0-8f31c343ea0d,c2,DROP,1007,?,i4,
1769501083.3306577,RECEIVED,52f5ccdf-43ed-49b9-b8ce-8890583c1e91,ac8947a1-d64c-46e3-a667-339b32eeba47,c3,DROP,1451,p3,?,
1769501083.3340874,SENT,62dc6ac6-d402-41d8-ac78-c8606007b7cc,5c6e3cf7-e5c6-4b17-93ee-7c2a6a649251,c3,c4,1776,?,i2,
1769501083.3341334,FORWARDED,62dc6ac6-d402-41d8-ac78-c8606007b7cc,5c6e3cf7-e5c6-4b17-93ee-7c2a6a649251,c3,c4,1776,?,i2,
1769501083.3706527,SENT,dd0228b7-6412-4edf-aad0-004f0b7fbe37,8566e717-4bc2-4a1e-a53d-9d1a210ecbbe,c1,None,1602,?,i2,
1769501083.370698,FORWARDED,dd0228b7-6412-4edf-aad0-004f0b7fbe37,8566e717-4bc2-4a1e-a53d-9d1a210ecbbe,c1,None,1602,?,i2,
1769501083.3859212,RECEIVED,b08bc649-127a-431f-8c4e-803dc3e9c8e7,42362ae9-c4e2-42fd-8a5e-47a01486d0b0,c5,DROP,1443,p2,?,
1769501083.386509,SENT,d474e042-8618-4bfe-a1eb-4d583552647e,59de73d4-3f93-4e48-acdb-ab0cee27069b,c3,None,1597,?,i1,
1769501083.3866138,FORWARDED,d474e042-8618-4bfe-a1eb-4d583552647e,59de73d4-3f93-4e48-acdb-ab0cee27069b,c3,None,1597,?,i1,
1769501083.4206073,SENT,0535f8e4-442f-4de3-9a39-a81b83e7ceb2,938d5e04-f672-4ddd-88dc-c2c2ba18f789,c1,DROP,1004,?,i2,
1769501083.4206448,FORWARDED,0535f8e4-442f-4de3-9a39-a81b83e7ceb2,938d5e04-f672-4ddd-88dc-c2c2ba18f789,c1,DROP,1004,?,i2,
1769501083.4648542,SENT,7f4bdc10-9a6e-4bbf-833d-810571d9dde3,f4276237-62b1-4459-9660-37dd2b45712f,c5,DROP,1008,?,i4,
1769501083.464894,FORWARDED,7f4bdc10-9a6e-4bbf-833d-810571d9dde3,f4276237-62b1-4459-9660-37dd2b45712f,c5,DROP,1008,?,i4,
1769501083.4762504,RECEIVED,7b667905-3c2f-4558-9369-0c01ea9c2c96,6618bb2d-d9bb-42eb-bfd6-61082da91d98,c2,DROP,1435,p2,?,
1769501083.4912703,RECEIVED,50fe5a28-60ed-45e6-b54f-901086352e96,c3814a52-9701-49ca-8dc1-d2de5fa18373,c1,c5,2471,p1,?,
1769501083.5054727,RECEIVED,a093f844-28c6-40d2-9e38-0b41081602a3,a70547b6-ccc5-4c68-958c-b98784e9ceb8,c2,DROP,1443,p2,?,
1769501083.5882187,RECEIVED,88a70a83-d9fa-41ca-9c2b-e4db92f0b54b,d522d7ee-8af6-45e4-9c81-69814708c1a1,c4,c3,2464,p1,?,
1769501083.6762967,RECEIVED,b1d6c940-7b0f-426f-b77b-8c861215e207,e0190015-38fa-4083-881d-90804b2c2e65,c2,DROP,1449,p2,?,
1769501083.7126698,RECEIVED,cba7e48f-f567-42dd-a0c7-b08bead1787b,8000e65c-d0ff-44ee-bc71-64a6c4ed3e7e,c3,c4,2463,p3,?,
1769501083.768111,SENT,b1d6c940-7b0f-426f-b77b-8c861215e207,e0190015-38fa-4083-881d-90804b2c2e65,c2,DROP,1012,?,i6,
1769501083.7681522,FORWARDED,b1d6c940-7b0f-426f-b77b-8c861215e207,e0190015-38fa-4083-881d-90804b2c2e65,c2,DROP,1012,?,i6,
1769501083.784337,RECEIVED,115b63a3-1dd2-4350-9c2e-f27d78eb4abe,7cc1b8cb-eb18-4eb2-a9fa-15f5bf0a0ded,c3,c4,2464,p3,?,
1769501083.8107655,RECEIVED,5519d02d-0bde-4031-bb42-8198bb3fd216,104f1a51-bcf3-4903-9eb6-e7b992dd0006,c3,DROP,1447,p3,?,
1769501083.850174,SENT,88a70a83-d9fa-41ca-9c2b-e4db92f0b54b,d522d7ee-8af6-45e4-9c81-69814708c1a1,c4,c3,1776,?,i2,
1769501083.85023,FORWARDED,88a70a83-d9fa-41ca-9c2b-e4db92f0b54b,d522d7ee-8af6-45e4-9c81-69814708c1a1,c4,c3,1776,?,i2,
1769501083.8791492,RECEIVED,cbd1369c-2561-4a74-a6a1-47dcd8e00566,19586d2c-a032-473f-9431-469c2bfe30c3,c4,None,2227,p1,?,
1769501083.9809277,SENT,115b63a3-1dd2-4350-9c2e-f27d78eb4abe,7cc1b8cb-eb18-4eb2-a9fa-15f5bf0a0ded,c3,c4,1776,?,i6,
1769501083.9809725,FORWARDED,115b63a3-1dd2-4350-9c2e-f27d78eb4abe,7cc1b8cb-eb18-4eb2-a9fa-15f5bf0a0ded,c3,c4,1776,?,i6,
1769501084.027712,SENT,50fe5a28-60ed-45e6-b54f-901086352e96,c3814a52-9701-49ca-8dc1-d2de5fa18373,c1,c5,1781,?,i10,
1769501084.0277555,FORWARDED,50fe5a28-60ed-45e6-b54f-901086352e96,c3814a52-9701-49ca-8dc1-d2de5fa18373,c1,c5,1781,?,i10,
1769501084.0409353,SENT,cbd1369c-2561-4a74-a6a1-47dcd8e00566,19586d2c-a032-473f-9431-469c2bfe30c3,c4,None,1599,?,i7,
1769501084.0409813,FORWARDED,cbd1369c-2561-4a74-a6a1-47dcd8e00566,19586d2c-a032-473f-9431-469c2bfe30c3,c4,None,1599,?,i7,
1769501084.0504804,RECEIVED,04b452db-6196-47f7-978a-e0612e25e0b7,fc2117af-7d38-4d30-bf72-cfcaebddde68,c3,c4,2463,p3,?,
1769501084.0825906,SENT,7b667905-3c2f-4558-9369-0c01ea9c2c96,6618bb2d-d9bb-42eb-bfd6-61082da91d98,c2,DROP,1005,?,i8,
1769501084.08263,FORWARDED,7b667905-3c2f-4558-9369-0c01ea9c2c96,6618bb2d-d9bb-42eb-bfd6-61082da91d98,c2,DROP,1005,?,i8,
1769501084.1734724,RECEIVED,1e1db4d2-a7ce-4970-85b4-fc9726c91623,e7af79ca-c7dd-459b-b524-6d473426621b,c5,DROP,1457,p2,?,
1769501084.1906157,SENT,b08bc649-127a-431f-8c4e-803dc3e9c8e7,42362ae9-c4e2-42fd-8a5e-47a01486d0b0,c5,DROP,1009,?,i9,
1769501084.190656,FORWARDED,b08bc649-127a-431f-8c4e-803dc3e9c8e7,42362ae9-c4e2-42fd-8a5e-47a01486d0b0,c5,DROP,1009,?,i9,
1769501084.2039866,SENT,66bf2d3c-86b0-42d8-941c-a348349b2c9e,852ca57e-0b6a-4aef-a6e6-f8a71857e1ce,c4,None,1609,?,i2,
1769501084.2040255,FORWARDED,66bf2d3c-86b0-42d8-941c-a348349b2c9e,852ca57e-0b6a-4aef-a6e6-f8a71857e1ce,c4,None,1609,?,i2,
1769501084.232155,RECEIVED,52df6156-d1d1-4d18-a185-282d1d20d6d0,fc5e27d3-c839-4da6-9bde-ee2c90370c06,c4,c3,2466,p1,?,
1769501084.3056107,SENT,52df6156-d1d1-4d18-a185-282d1d20d6d0,fc5e27d3-c839-4da6-9bde-ee2c90370c06,c4,c3,1775,?,i11,
1769501084.305651,FORWARDED,52df6156-d1d1-4d18-a185-282d1d20d6d0,fc5e27d3-c839-4da6-9bde-ee2c90370c06,c4,c3,1775,?,i11,
1769501084.3638291,SENT,52f5ccdf-43ed-49b9-b8ce-8890583c1e91,ac8947a1-d64c-46e3-a667-339b32eeba47,c3,DROP,1015,?,i1,
1769501084.3638709,FORWARDED,52f5ccdf-43ed-49b9-b8ce-8890583c1e91,ac8947a1-d64c-46e3-a667-339b32eeba47,c3,DROP,1015,?,i1,
1769501084.3904274,RECEIVED,04f27e61-6850-4061-9487-487da2fd2f7c,e2e9b6eb-3c3c-42fb-a131-adb5e66afe13,c4,None,2232,p1,?,
1769501084.4204178,SENT,a093f844-28c6-40d2-9e38-0b41081602a3,a70547b6-ccc5-4c68-958c-b98784e9ceb8,c2,DROP,1011,?,i3,
1769501084.4204571,FORWARDED,a093f844-28c6-40d2-9e38-0b41081602a3,a70547b6-ccc5-4c68-958c-b98784e9ceb8,c2,DROP,1011,?,i3,
1769501084.6061842,SENT,1e1db4d2-a7ce-4970-85b4-fc9726c91623,e7af79ca-c7dd-459b-b524-6d473426621b,c5,DROP,1019,?,i11,
1769501084.606226,FORWARDED,1e1db4d2-a7ce-4970-85b4-fc9726c91623,e7af79ca-c7dd-459b-b524-6d473426621b,c5,DROP,1019,?,i11,
1769501084.7075663,SENT,cba7e48f-f567-42dd-a0c7-b08bead1787b,8000e65c-d0ff-44ee-bc71-64a6c4ed3e7e,c3,c4,1775,?,i5,
1769501084.7076097,FORWARDED,cba7e48f-f567-42dd-a0c7-b08bead1787b,8000e65c-d0ff-44ee-bc71-64a6c4ed3e7e,c3,c4,1775,?,i5,
1769501084.826018,RECEIVED,227412c0-dc02-4cdd-8428-02e588efbe05,1f263628-2b3f-4a2e-bd61-b1f673b33e59,c2,DROP,445,x11,?,
1769501084.9443314,SENT,04f27e61-6850-4061-9487-487da2fd2f7c,e2e9b6eb-3c3c-42fb-a131-adb5e66afe13,c4,None,1600,?,i12,
1769501084.9443731,FORWARDED,04f27e61-6850-4061-9487-487da2fd2f7c,e2e9b6eb-3c3c-42fb-a131-adb5e66afe13,c4,None,1600,?,i12,
1769501085.1363378,RECEIVED,bc2c1306-6aef-4e31-ac0d-5b07beb8b119,6ac3c04c-3e86-4b7e-ba77-8a2de8080d32,c5,c2,2464,p2,?,
1769501085.1378503,RECEIVED,269db10f-7d21-4c0c-8036-1197301a1625,c7cce67e-78ce-4951-97df-f2aa061c62ae,c4,DROP,441,x6,?,
1769501085.213128,RECEIVED,437012f4-3e86-4d01-9a21-2ca544613cc8,444a3a12-ab33-44ac-b644-96702e2374a6,c3,DROP,1445,p3,?,
1769501085.2547152,SENT,437012f4-3e86-4d01-9a21-2ca544613cc8,444a3a12-ab33-44ac-b644-96702e2374a6,c3,DROP,1011,?,i12,
1769501085.2547548,FORWARDED,437012f4-3e86-4d01-9a21-2ca544613cc8,444a3a12-ab33-44ac-b644-96702e2374a6,c3,DROP,1011,?,i12,
1769501085.2838032,RECEIVED,bb697463-db62-4f4f-ab46-48eb9f412fc8,60651b3b-5cea-4725-a372-2bc85249885f,c5,DROP,1445,p2,?,
1769501085.3061483,RECEIVED,408eaf28-d2b4-4e8e-aeea-1cd2c29df913,a0c476d3-f174-4d91-910d-d2e78cf3509c,c2,DROP,1444,p2,?,
1769501085.4251683,SENT,408eaf28-d2b4-4e8e-aeea-1cd2c29df913,a0c476d3-f174-4d91-910d-d2e78cf3509c,c2,DROP,1009,?,i7,
1769501085.4252143,FORWARDED,408eaf28-d2b4-4e8e-aeea-1cd2c29df913,a0c476d3-f174-4d91-910d-d2e78cf3509c,c2,DROP,1009,?,i7,
1769501085.5648932,RECEIVED,32835481-f6f6-405a-b28d-234156d6ab7c,f22aa394-0ce4-4478-a038-991f9b173ac4,c4,c3,2463,p1,?,
1769501085.6308856,SENT,bb697463-db62-4f4f-ab46-48eb9f412fc8,60651b3b-5cea-4725-a372-2bc85249885f,c5,DROP,1011,?,i10,
1769501085.630929,FORWARDED,bb697463-db62-4f4f-ab46-48eb9f412fc8,60651b3b-5cea-4725-a372-2bc85249885f,c5,DROP,1011,?,i10,
1769501085.7475128,SENT,bc2c1306-6aef-4e31-ac0d-5b07beb8b119,6ac3c04c-3e86-4b7e-ba77-8a2de8080d32,c5,c2,1775,?,i10,
1769501085.7475562,FORWARDED,bc2c1306-6aef-4e31-ac0d-5b07beb8b119,6ac3c04c-3e86-4b7e-ba77-8a2de8080d32,c5,c2,1775,?,i10,
1769501085.9400575,RECEIVED,53200fd4-b181-4472-ac7d-d6d53ad0dedf,d35381c5-bb40-4b30-8374-ce16829d06cc,c3,DROP,1439,p3,?,
1769501086.2216666,SENT,53200fd4-b181-4472-ac7d-d6d53ad0dedf,d35381c5-bb40-4b30-8374-ce16829d06cc,c3,DROP,1007,?,i1,
1769501086.2217088,FORWARDED,53200fd4-b181-4472-ac7d-d6d53ad0dedf,d35381c5-bb40-4b30-8374-ce16829d06cc,c3,DROP,1007,?,i1,
1769501086.2223682,RECEIVED,0b22c29e-047a-43f5-a7b2-a070124270e9,ffe50d12-c95d-4580-a259-5919ffa9742e,c4,None,2240,p1,?,
1769501086.2644618,SENT,5519d02d-0bde-4031-bb42-8198bb3fd216,104f1a51-bcf3-4903-9eb6-e7b992dd0006,c3,DROP,1012,?,i4,
1769501086.2645044,FORWARDED,5519d02d-0bde-4031-bb42-8198bb3fd216,104f1a51-bcf3-4903-9eb6-e7b992dd0006,c3,DROP,1012,?,i4,
1769501086.2690432,SENT,0b22c29e-047a-43f5-a7b2-a070124270e9,ffe50d12-c95d-4580-a259-5919ffa9742e,c4,None,1606,?,i6,
1769501086.2690992,FORWARDED,0b22c29e-047a-43f5-a7b2-a070124270e9,ffe50d12-c95d-4580-a259-5919ffa9742e,c4,None,1606,?,i6,
1769501086.41202,RECEIVED,51f316fc-609e-4b68-b091-c47b8b66c663,8d82d6c7-fd0f-45ff-b899-2c4421930d01,c4,None,2224,p1,?,
1769501086.5117857,SENT,04b452db-6196-47f7-978a-e0612e25e0b7,fc2117af-7d38-4d30-bf72-cfcaebddde68,c3,c4,1775,?,i3,
1769501086.5118332,FORWARDED,04b452db-6196-47f7-978a-e0612e25e0b7,fc2117af-7d38-4d30-bf72-cfcaebddde68,c3,c4,1775,?,i3,
1769501086.5339656,SENT,51f316fc-609e-4b68-b091-c47b8b66c663,8d82d6c7-fd0f-45ff-b899-2c4421930d01,c4,None,1594,?,i6,
1769501086.5340095,FORWARDED,51f316fc-609e-4b68-b091-c47b8b66c663,8d82d6c7-fd0f-45ff-b899-2c4421930d01,c4,None,1594,?,i6,
1769501086.5848162,RECEIVED,27ba0d26-31eb-4597-9611-45ad702bafed,c25fd728-474a-41ea-94e4-ea24494e52ef,c5,DROP,1451,p2,?,
1769501086.5969908,RECEIVED,b7350c9d-1abc-4b4a-b343-a1456780eeef,99217974-fd30-45db-9569-ab2648abb787,c2,DROP,1445,p2,?,
1769501086.6158705,RECEIVED,f5df61af-303f-4b0c-a217-c2dddbc4acd1,4968c6f7-f368-47d9-8cee-08a432e56683,c2,None,2220,p2,?,
1769501086.637871,RECEIVED,c8555cd8-abd4-40c0-9284-c6cacee20f0f,4afda907-6ac7-4350-9774-6fa523ed6390,c5,None,2216,p2,?,
1769501086.7020354,RECEIVED,839c8cc6-8314-49f3-96ae-482a1c057344,5f0ceeff-32ab-47e9-8b5a-fade5823d9ee,c1,None,2238,p1,?,
1769501086.7121263,RECEIVED,3eef7b54-b49b-4280-94a6-0ee5c8dac04b,a8b23f05-2262-459e-80c8-7d8b61a9e4ea,c1,DROP,1448,p1,?,
1769501086.8180754,SENT,c8555cd8-abd4-40c0-9284-c6cacee20f0f,4afda907-6ac7-4350-9774-6fa523ed6390,c5,None,1588,?,i8,
1769501086.8181205,FORWARDED,c8555cd8-abd4-40c0-9284-c6cacee20f0f,4afda907-6ac7-4350-9774-6fa523ed6390,c5,None,1588,?,i8,
1769501086.8631916,SENT,3eef7b54-b49b-4280-94a6-0ee5c8dac04b,a8b23f05-2262-459e-80c8-7d8b61a9e4ea,c1,DROP,1012,?,i4,
1769501086.8632317,FORWARDED,3eef7b54-b49b-4280-94a6-0ee5c8dac04b,a8b23f05-2262-459e-80c8-7d8b61a9e4ea,c1,DROP,1012,?,i4,
1769501086.8828475,SENT,32835481-f6f6-405a-b28d-234156d6ab7c,f22aa394-0ce4-4478-a038-991f9b173ac4,c4,c3,1776,?,i1,
1769501086.8828905,FORWARDED,32835481-f6f6-405a-b28d-234156d6ab7c,f22aa394-0ce4-4478-a038-991f9b173ac4,c4,c3,1776,?,i1,
1769501086.8844554,RECEIVED,df952b03-9de2-4bcc-8116-5512d6d264de,2dfdc345-218c-483a-8b6d-94a6392e4ae3,c4,DROP,441,x6,?,
1769501086.9233327,RECEIVED,16a7a5c2-cc3b-47f8-94bd-e69521e746b1,fc7ecf47-cbcb-473b-949d-d48e8efafc34,c3,DROP,1457,p3,?,
1769501086.9335406,SENT,27ba0d26-31eb-4597-9611-45ad702bafed,c25fd728-474a-41ea-94e4-ea24494e52ef,c5,DROP,1016,?,i1,
1769501086.9335828,FORWARDED,27ba0d26-31eb-4597-9611-45ad702bafed,c25fd728-474a-41ea-94e4-ea24494e52ef,c5,DROP,1016,?,i1,
1769501086.9772596,SENT,b7350c9d-1abc-4b4a-b343-a1456780eeef,99217974-fd30-45db-9569-ab2648abb787,c2,DROP,1011,?,i10,
1769501086.977302,FORWARDED,b7350c9d-1abc-4b4a-b343-a1456780eeef,99217974-fd30-45db-9569-ab2648abb787,c2,DROP,1011,?,i10,
1769501087.1835213,SENT,16a7a5c2-cc3b-47f8-94bd-e69521e746b1,fc7ecf47-cbcb-473b-949d-d48e8efafc34,c3,DROP,1020,?,i12,
1769501087.1835582,FORWARDED,16a7a5c2-cc3b-47f8-94bd-e69521e746b1,fc7ecf47-cbcb-473b-949d-d48e8efafc34,c3,DROP,1020,?,i12,
1769501087.3583906,SENT,f5df61af-303f-4b0c-a217-c2dddbc4acd1,4968c6f7-f368-47d9-8cee-08a432e56683,c2,None,1596,?,i2,
1769501087.3584332,FORWARDED,f5df61af-303f-4b0c-a217-c2dddbc4acd1,4968c6f7-f368-47d9-8cee-08a432e56683,c2,None,1596,?,i2,
1769501087.6897762,RECEIVED,5a10c5fd-4c02-4124-8e03-2d182b99a7be,d47e09e6-5d28-4f4f-97d4-5464cde14984,c4,c3,2481,p1,?,
1769501087.7164066,RECEIVED,58c30577-54eb-4bb3-b066-db0eb12def25,a4c6100a-891d-493f-8af6-b4ef30764b28,c2,DROP,1443,p2,?,
1769501087.763011,SENT,5a10c5fd-4c02-4124-8e03-2d182b99a7be,d47e09e6-5d28-4f4f-97d4-5464cde14984,c4,c3,1786,?,i6,
1769501087.763062,FORWARDED,5a10c5fd-4c02-4124-8e03-2d182b99a7be,d47e09e6-5d28-4f4f-97d4-5464cde14984,c4,c3,1786,?,i6,
1769501087.9681964,RECEIVED,3028a0bf-3d32-4de3-8324-22a7d5fe22a7,701cbd76-4428-45f2-9acd-a436c7919d88,c2,DROP,1440,p2,?,
1769501088.0113149,RECEIVED,0a0fbe58-f323-4a94-8bfa-7d93f61e6257,a9506703-edce-4254-b0ae-a62975f2859d,c4,DROP,1448,p1,?,
1769501088.107763,SENT,0a0fbe58-f323-4a94-8bfa-7d93f61e6257,a9506703-edce-4254-b0ae-a62975f2859d,c4,DROP,1012,?,i7,
1769501088.1078057,FORWARDED,0a0fbe58-f323-4a94-8bfa-7d93f61e6257,a9506703-edce-4254-b0ae-a62975f2859d,c4,DROP,1012,?,i7,
1769501088.195471,RECEIVED,bc7218ce-09ac-4351-8f1d-b7b78dcfe494,ca740468-fc6d-4c5d-8057-41c594986e37,c4,DROP,1456,p1,?,
1769501088.2019548,SENT,3028a0bf-3d32-4de3-8324-22a7d5fe22a7,701cbd76-4428-45f2-9acd-a436c7919d88,c2,DROP,1006,?,i11,
1769501088.2019908,FORWARDED,3028a0bf-3d32-4de3-8324-22a7d5fe22a7,701cbd76-4428-45f2-9acd-a436c7919d88,c2,DROP,1006,?,i11,
1769501088.3115072,SENT,bc7218ce-09ac-4351-8f1d-b7b78dcfe494,ca740468-fc6d-4c5d-8057-41c594986e37,c4,DROP,1020,?,i10,
1769501088.311575,FORWARDED,bc7218ce-09ac-4351-8f1d-b7b78dcfe494,ca740468-fc6d-4c5d-8057-41c594986e37,c4,DROP,1020,?,i10,
1769501088.435925,RECEIVED,071a3f57-ff4f-4dbd-966a-b2d808071682,c882501a-ad86-4805-ac96-2a2632197622,c4,None,2231,p1,?,
1769501088.460378,RECEIVED,7de092e8-e172-4908-b832-ece5571210e7,75931e1d-9dee-4afe-b610-235d9ae9a287,c3,DROP,1451,p3,?,
1769501088.6096065,RECEIVED,42eecd70-c504-49ff-9a32-cc69d731383d,3079ed58-217a-411a-8898-53612100ad20,c2,DROP,1441,p2,?,
1769501088.7073123,SENT,839c8cc6-8314-49f3-96ae-482a1c057344,5f0ceeff-32ab-47e9-8b5a-fade5823d9ee,c1,None,1607,?,i2,
1769501088.707355,FORWARDED,839c8cc6-8314-49f3-96ae-482a1c057344,5f0ceeff-32ab-47e9-8b5a-fade5823d9ee,c1,None,1607,?,i2,
1769501088.7278562,SENT,42eecd70-c504-49ff-9a32-cc69d731383d,3079ed58-217a-411a-8898-53612100ad20,c2,DROP,1008,?,i10,
1769501088.7278988,FORWARDED,42eecd70-c504-49ff-9a32-cc69d731383d,3079ed58-217a-411a-8898-53612100ad20,c2,DROP,1008,?,i10,
1769501088.7308245,SENT,58c30577-54eb-4bb3-b066-db0eb12def25,a4c6100a-891d-493f-8af6-b4ef30764b28,c2,DROP,1009,?,i6,
1769501088.730865,FORWARDED,58c30577-54eb-4bb3-b066-db0eb12def25,a4c6100a-891d-493f-8af6-b4ef30764b28,c2,DROP,1009,?,i6,
1769501088.9855428,RECEIVED,9da2040a-dc9e-44f3-acb6-373a453d0e69,620ae198-f8d6-4cae-b7ad-2cc84bced1cb,c1,DROP,1444,p1,?,
1769501089.0194983,RECEIVED,9fbbf9d9-7691-4829-bca5-a6e3f96f79f4,19a3e16d-9717-4498-a253-38c3b3e7fa8e,c5,None,2229,p2,?,
1769501089.0479715,SENT,071a3f57-ff4f-4dbd-966a-b2d808071682,c882501a-ad86-4805-ac96-2a2632197622,c4,None,1600,?,i1,
1769501089.048016,FORWARDED,071a3f57-ff4f-4dbd-966a-b2d808071682,c882501a-ad86-4805-ac96-2a2632197622,c4,None,1600,?,i1,
1769501089.0833726,RECEIVED,3903af36-5fe3-462d-8efd-09dd914eaf3d,30ab5027-a88a-4237-97ee-d82df22b9c16,c3,DROP,446,x11,?,
1769501089.129294,SENT,9da2040a-dc9e-44f3-acb6-373a453d0e69,620ae198-f8d6-4cae-b7ad-2cc84bced1cb,c1,DROP,1011,?,i6,
1769501089.129334,FORWARDED,9da2040a-dc9e-44f3-acb6-373a453d0e69,620ae198-f8d6-4cae-b7ad-2cc84bced1cb,c1,DROP,1011,?,i6,
1769501089.145662,RECEIVED,f5d17891-cdfd-41c7-8920-a2202219b838,c1923137-4a7a-4ba9-9c4f-bbd8bbdf8802,c2,DROP,1450,p2,?,
1769501089.213305,RECEIVED,2c42059f-6d1f-4312-b6bc-5f5486d03041,ff5c725b-5a1c-4ab1-bf94-90f427daef3d,c4,DROP,1435,p1,?,
1769501089.319177,SENT,7de092e8-e172-4908-b832-ece5571210e7,75931e1d-9dee-4afe-b610-235d9ae9a287,c3,DROP,1015,?,i5,
1769501089.31922,FORWARDED,7de092e8-e172-4908-b832-ece5571210e7,75931e1d-9dee-4afe-b610-235d9ae9a287,c3,DROP,1015,?,i5,
1769501089.3984382,SENT,2c42059f-6d1f-4312-b6bc-5f5486d03041,ff5c725b-5a1c-4ab1-bf94-90f427daef3d,c4,DROP,1003,?,i9,
1769501089.3984787,FORWARDED,2c42059f-6d1f-4312-b6bc-5f5486d03041,ff5c725b-5a1c-4ab1-bf94-90f427daef3d,c4,DROP,1003,?,i9,
1769501089.4252331,RECEIVED,714d2812-9208-49a0-9470-84553a96a315,4358fef9-f734-46e2-90f2-b6b0c171e11d,c3,None,2228,p3,?,
1769501089.5134954,SENT,9fbbf9d9-7691-4829-bca5-a6e3f96f79f4,19a3e16d-9717-4498-a253-38c3b3e7fa8e,c5,None,1599,?,i12,
1769501089.5135365,FORWARDED,9fbbf9d9-7691-4829-bca5-a6e3f96f79f4,19a3e16d-9717-4498-a253-38c3b3e7fa8e,c5,None,1599,?,i12,
1769501089.6384125,RECEIVED,60a05d14-2d53-431f-a73a-9a5aa031def3,7e82719f-cf26-47c4-855a-0f0ba5d8fcb4,c1,None,2228,p1,?,
1769501089.7081904,RECEIVED,3f8aaefa-0079-4417-a638-daeb5008ff18,396534cc-b456-4fdb-9d99-57f43a90bb9a,c2,c1,2459,p2,?,
1769501089.7806764,SENT,f5d17891-cdfd-41c7-8920-a2202219b838,c1923137-4a7a-4ba9-9c4f-bbd8bbdf8802,c2,DROP,1016,?,i9,
1769501089.7807198,FORWARDED,f5d17891-cdfd-41c7-8920-a2202219b838,c1923137-4a7a-4ba9-9c4f-bbd8bbdf8802,c2,DROP,1016,?,i9,
1769501089.8399053,SENT,714d2812-9208-49a0-9470-84553a96a315,4358fef9-f734-46e2-90f2-b6b0c171e11d,c3,None,1597,?,i3,
1769501089.8399482,FORWARDED,714d2812-9208-49a0-9470-84553a96a315,4358fef9-f734-46e2-90f2-b6b0c171e11d,c3,None,1597,?,i3,
1769501089.8419533,SENT,60a05d14-2d53-431f-a73a-9a5aa031def3,7e82719f-cf26-47c4-855a-0f0ba5d8fcb4,c1,None,1599,?,i4,
1769501089.8419938,FORWARDED,60a05d14-2d53-431f-a73a-9a5aa031def3,7e82719f-cf26-47c4-855a-0f0ba5d8fcb4,c1,None,1599,?,i4,
1769501089.8848178,RECEIVED,54486798-6a82-4eb1-b0f3-75c9ea862b39,b3d1b84b-4a00-4ef8-9f7c-093992cdc8d6,c3,c4,2461,p3,?,
1769501089.9519606,SENT,54486798-6a82-4eb1-b0f3-75c9ea862b39,b3d1b84b-4a00-4ef8-9f7c-093992cdc8d6,c3,c4,1771,?,i12,
1769501089.952002,FORWARDED,54486798-6a82-4eb1-b0f3-75c9ea862b39,b3d1b84b-4a00-4ef8-9f7c-093992cdc8d6,c3,c4,1771,?,i12,
1769501090.1666605,SENT,3f8aaefa-0079-4417-a638-daeb5008ff18,396534cc-b456-4fdb-9d99-57f43a90bb9a,c2,c1,1772,?,i9,
1769501090.1667054,FORWARDED,3f8aaefa-0079-4417-a638-daeb5008ff18,396534cc-b456-4fdb-9d99-57f43a90bb9a,c2,c1,1772,?,i9,
1769501090.196411,RECEIVED,88a84158-c455-4e2a-8ae1-5e30ff8bbb70,d732af2b-6b82-4c02-8dfb-0c80a907f2b7,c3,DROP,1446,p3,?,
1769501090.2106042,RECEIVED,8794179e-f489-4121-be19-6d4442ad3b8f,3d5a5c60-4c38-4c7b-92a8-3628ffa3c34d,c4,None,2236,p1,?,
1769501090.318184,SENT,8794179e-f489-4121-be19-6d4442ad3b8f,3d5a5c60-4c38-4c7b-92a8-3628ffa3c34d,c4,None,1605,?,i1,
1769501090.3182282,FORWARDED,8794179e-f489-4121-be19-6d4442ad3b8f,3d5a5c60-4c38-4c7b-92a8-3628ffa3c34d,c4,None,1605,?,i1,
1769501090.434409,RECEIVED,6fa52f24-1e00-4498-8725-fe4558354bd6,c9d5d823-6c53-4b8e-9fb7-a8e3fab4fbf9,c4,DROP,1451,p1,?,
1769501090.845539,RECEIVED,910d488b-47f2-4b48-81af-315eee3b108b,127d407d-674c-41c6-b3d9-a49c61015ed3,c3,DROP,1446,p3,?,
1769501090.8861234,RECEIVED,35ac1997-ebc6-4981-84eb-cd7e1ce52636,00ee70a8-52a7-404b-8646-358becc0ec92,c3,DROP,1441,p3,?,
1769501090.8873582,SENT,6fa52f24-1e00-4498-8725-fe4558354bd6,c9d5d823-6c53-4b8e-9fb7-a8e3fab4fbf9,c4,DROP,1015,?,i7,
1769501090.8874555,RECEIVED,3fd382f7-16a0-42a4-ab74-a580ad75ecee,031ce836-3123-425c-b4d5-d0c9e58b3ee2,c5,DROP,1440,p2,?,
1769501090.8910203,FORWARDED,6fa52f24-1e00-4498-8725-fe4558354bd6,c9d5d823-6c53-4b8e-9fb7-a8e3fab4fbf9,c4,DROP,1015,?,i7,
1769501090.9139714,SENT,35ac1997-ebc6-4981-84eb-cd7e1ce52636,00ee70a8-52a7-404b-8646-358becc0ec92,c3,DROP,1008,?,i1,
1769501090.9140117,FORWARDED,35ac1997-ebc6-4981-84eb-cd7e1ce52636,00ee70a8-52a7-404b-8646-358becc0ec92,c3,DROP,1008,?,i1,
1769501091.272631,RECEIVED,1b05171e-738c-4ef0-9799-10db36c8f1b6,be643072-8ac8-4cf5-a2c8-18b156a106db,c5,None,2240,p2,?,
1769501091.2952871,RECEIVED,4f6e6177-f30a-4d0b-94d9-72803e852d54,dd2c2e75-716f-4f69-bfa5-160d293ab6de,c1,DROP,1455,p1,?,
1769501091.3158457,SENT,4f6e6177-f30a-4d0b-94d9-72803e852d54,dd2c2e75-716f-4f69-bfa5-160d293ab6de,c1,DROP,1017,?,i12,
1769501091.3161633,FORWARDED,4f6e6177-f30a-4d0b-94d9-72803e852d54,dd2c2e75-716f-4f69-bfa5-160d293ab6de,c1,DROP,1017,?,i12,
1769501091.3434415,SENT,88a84158-c455-4e2a-8ae1-5e30ff8bbb70,d732af2b-6b82-4c02-8dfb-0c80a907f2b7,c3,DROP,1012,?,i9,
1769501091.343486,FORWARDED,88a84158-c455-4e2a-8ae1-5e30ff8bbb70,d732af2b-6b82-4c02-8dfb-0c80a907f2b7,c3,DROP,1012,?,i9,
1769501091.5619934,SENT,1b05171e-738c-4ef0-9799-10db36c8f1b6,be643072-8ac8-4cf5-a2c8-18b156a106db,c5,None,1607,?,i5,
1769501091.5620384,FORWARDED,1b05171e-738c-4ef0-9799-10db36c8f1b6,be643072-8ac8-4cf5-a2c8-18b156a106db,c5,None,1607,?,i5,
1769501091.6880841,RECEIVED,67abec78-f768-4f92-aba9-50d2586a4f96,d6ece677-ae01-40d8-b633-e0d49343d4e9,c4,DROP,1448,p1,?,
1769501091.7669823,SENT,67abec78-f768-4f92-aba9-50d2586a4f96,d6ece677-ae01-40d8-b633-e0d49343d4e9,c4,DROP,1012,?,i9,
1769501091.7670257,FORWARDED,67abec78-f768-4f92-aba9-50d2586a4f96,d6ece677-ae01-40d8-b633-e0d49343d4e9,c4,DROP,1012,?,i9,
1769501091.842157,RECEIVED,603e4f3c-fb02-4081-a4a1-c41fdca4580c,1f4a2d77-282a-4cf1-bd3a-e221f04c789e,c2,DROP,1440,p2,?,
1769501091.8598306,RECEIVED,e0fe6f93-3a29-41e9-b9cb-b16f748ca258,3e4f2d8d-3984-46ea-910e-a757035f77c7,c5,DROP,1460,p2,?,
1769501091.899512,RECEIVED,d3835238-178b-4414-ac29-c93a93d46d98,0a0fdf88-d64d-463a-b3ff-53a44b8d1677,c4,None,2240,p1,?,
1769501091.9258645,SENT,3fd382f7-16a0-42a4-ab74-a580ad75ecee,031ce836-3123-425c-b4d5-d0c9e58b3ee2,c5,DROP,1007,?,i12,
1769501091.9259074,FORWARDED,3fd382f7-16a0-42a4-ab74-a580ad75ecee,031ce836-3123-425c-b4d5-d0c9e58b3ee2,c5,DROP,1007,?,i12,
1769501092.0405896,SENT,d3835238-178b-4414-ac29-c93a93d46d98,0a0fdf88-d64d-463a-b3ff-53a44b8d1677,c4,None,1607,?,i9,
1769501092.0406363,FORWARDED,d3835238-178b-4414-ac29-c93a93d46d98,0a0fdf88-d64d-463a-b3ff-53a44b8d1677,c4,None,1607,?,i9,
1769501092.0481896,RECEIVED,762b10b6-0657-4565-9dfc-c84b162373c4,4d1ecac0-88da-47f6-91d5-594d4ab64236,c5,c2,2464,p2,?,
1769501092.0618546,SENT,603e4f3c-fb02-4081-a4a1-c41fdca4580c,1f4a2d77-282a-4cf1-bd3a-e221f04c789e,c2,DROP,1007,?,i6,
1769501092.0619059,FORWARDED,603e4f3c-fb02-4081-a4a1-c41fdca4580c,1f4a2d77-282a-4cf1-bd3a-e221f04c789e,c2,DROP,1007,?,i6,
1769501092.1134963,RECEIVED,829e54db-3e2a-4622-a21d-9ec3b4ab358c,70440b47-dcbc-4185-a612-affb8dec6056,c4,DROP,1436,p1,?,
1769501092.1347413,RECEIVED,1ad2bf19-09ca-4909-8fa3-d0058fc0a42f,7ef79420-7053-48a2-a5da-95d72c8adccc,c4,DROP,443,x7,?,
1769501092.203765,SENT,e0fe6f93-3a29-41e9-b9cb-b16f748ca258,3e4f2d8d-3984-46ea-910e-a757035f77c7,c5,DROP,1021,?,i12,
1769501092.2038066,FORWARDED,e0fe6f93-3a29-41e9-b9cb-b16f748ca258,3e4f2d8d-3984-46ea-910e-a757035f77c7,c5,DROP,1021,?,i12,
1769501092.3510392,RECEIVED,913a3891-4c0c-447c-aaea-ad12732277d8,252f45ba-fe99-403b-8ce1-3dfaf5e1ed7a,c2,DROP,1440,p2,?,
1769501092.4074793,SENT,829e54db-3e2a-4622-a21d-9ec3b4ab358c,70440b47-dcbc-4185-a612-affb8dec6056,c4,DROP,1003,?,i8,
1769501092.4075282,FORWARDED,829e54db-3e2a-4622-a21d-9ec3b4ab358c,70440b47-dcbc-4185-a612-affb8dec6056,c4,DROP,1003,?,i8,
1769501092.4312155,RECEIVED,62f970a8-1673-4321-ac65-f47e7966bff2,2522ecf4-aa4d-4e96-bb24-ad56f53631a5,c5,DROP,1451,p2,?,
1769501092.4472284,SENT,913a3891-4c0c-447c-aaea-ad12732277d8,252f45ba-fe99-403b-8ce1-3dfaf5e1ed7a,c2,DROP,1007,?,i1,
1769501092.4472692,FORWARDED,913a3891-4c0c-447c-aaea-ad12732277d8,252f45ba-fe99-403b-8ce1-3dfaf5e1ed7a,c2,DROP,1007,?,i1,
1769501092.5485606,SENT,762b10b6-0657-4565-9dfc-c84b162373c4,4d1ecac0-88da-47f6-91d5-594d4ab64236,c5,c2,1775,?,i4,
1769501092.548603,FORWARDED,762b10b6-0657-4565-9dfc-c84b162373c4,4d1ecac0-88da-47f6-91d5-594d4ab64236,c5,c2,1775,?,i4,
1769501092.6275272,SENT,910d488b-47f2-4b48-81af-315eee3b108b,127d407d-674c-41c6-b3d9-a49c61015ed3,c3,DROP,1012,?,i4,
1769501092.6275675,FORWARDED,910d488b-47f2-4b48-81af-315eee3b108b,127d407d-674c-41c6-b3d9-a49c61015ed3,c3,DROP,1012,?,i4,
1769501092.679268,RECEIVED,6e6c7f6e-f06a-4377-ad1d-23d57d15f965,241833a0-5869-4f53-8cd4-9529550816d0,c2,DROP,440,x8,?,
1769501092.845518,RECEIVED,1b31b4de-27fb-48eb-95bd-dd90a6a59ae3,04146566-8d68-43ad-a6f4-a605cf96b90c,c3,None,2232,p3,?,
1769501093.2339704,SENT,1b31b4de-27fb-48eb-95bd-dd90a6a59ae3,04146566-8d68-43ad-a6f4-a605cf96b90c,c3,None,1600,?,i12,
1769501093.2340145,FORWARDED,1b31b4de-27fb-48eb-95bd-dd90a6a59ae3,04146566-8d68-43ad-a6f4-a605cf96b90c,c3,None,1600,?,i12,
1769501093.4569218,SENT,62f970a8-1673-4321-ac65-f47e7966bff2,2522ecf4-aa4d-4e96-bb24-ad56f53631a5,c5,DROP,1017,?,i5,
1769501093.4569623,FORWARDED,62f970a8-1673-4321-ac65-f47e7966bff2,2522ecf4-aa4d-4e96-bb24-ad56f53631a5,c5,DROP,1017,?,i5,
1769501093.5676098,RECEIVED,3f074ae2-1c73-4843-86cc-e5cff5c7279a,02c630ce-77c4-49dc-94df-c8c33f904b8d,c3,DROP,441,x2,?,
1769501093.6658394,RECEIVED,a44a069d-aec4-46ca-8495-ac4fb7a12527,7c149ec4-63ad-4b1b-bb10-5fdb1c043932,c1,DROP,1456,p1,?,
1769501093.7878354,RECEIVED,09211e25-b1d7-465e-a58d-154bcfc3b8cc,99ec9582-c485-4f42-bf41-7ec56b7a9846,c4,DROP,1444,p1,?,
1769501093.7993891,SENT,a44a069d-aec4-46ca-8495-ac4fb7a12527,7c149ec4-63ad-4b1b-bb10-5fdb1c043932,c1,DROP,1020,?,i3,
1769501093.7994316,FORWARDED,a44a069d-aec4-46ca-8495-ac4fb7a12527,7c149ec4-63ad-4b1b-bb10-5fdb1c043932,c1,DROP,1020,?,i3,
1769501093.8150804,RECEIVED,8b4efdef-d63f-4fe1-bdca-a71709f1d922,4f080767-8b67-4ee3-94da-760a7f20c19c,c5,DROP,446,x5,?,
1769501094.3971395,RECEIVED,2c147e0e-dd92-46d7-92ad-be8e44e4357b,2a532ae0-8e61-4b18-8d0e-7ca8d37397d0,c5,DROP,1448,p2,?,
1769501094.440076,RECEIVED,c43081a2-d3e3-46db-91f7-30cfe7f17352,6f455630-32a4-4aa6-9dc9-be5e5ffa7371,c1,DROP,1442,p1,?,
1769501094.5949569,SENT,2c147e0e-dd92-46d7-92ad-be8e44e4357b,2a532ae0-8e61-4b18-8d0e-7ca8d37397d0,c5,DROP,1012,?,i5,
1769501094.594999,FORWARDED,2c147e0e-dd92-46d7-92ad-be8e44e4357b,2a532ae0-8e61-4b18-8d0e-7ca8d37397d0,c5,DROP,1012,?,i5,
1769501094.6481602,SENT,09211e25-b1d7-465e-a58d-154bcfc3b8cc,99ec9582-c485-4f42-bf41-7ec56b7a9846,c4,DROP,1009,?,i10,
1769501094.6482034,FORWARDED,09211e25-b1d7-465e-a58d-154bcfc3b8cc,99ec9582-c485-4f42-bf41-7ec56b7a9846,c4,DROP,1009,?,i10,
1769501094.8468509,RECEIVED,fa4814c6-9ffe-4c10-a842-84feb675984c,72154e4a-bb1f-43c2-b275-1e33302f477e,c2,None,2227,p2,?,
1769501094.960635,RECEIVED,92b4683c-df7f-48c9-9f73-5e3d86e29418,9c5eb4ac-f0a2-4614-9b9c-32a643bea0b5,c5,DROP,1452,p2,?,
1769501095.2117708,RECEIVED,34bf39f8-7f75-442a-a897-58407ade7d10,2aa06c3e-ce8e-4260-9fb6-849eaaa8c79e,c3,DROP,1451,p3,?,
1769501095.2129416,SENT,fa4814c6-9ffe-4c10-a842-84feb675984c,72154e4a-bb1f-43c2-b275-1e33302f477e,c2,None,1598,?,i4,
1769501095.2129831,FORWARDED,fa4814c6-9ffe-4c10-a842-84feb675984c,72154e4a-bb1f-43c2-b275-1e33302f477e,c2,None,1598,?,i4,
1769501095.4123425,SENT,92b4683c-df7f-48c9-9f73-5e3d86e29418,9c5eb4ac-f0a2-4614-9b9c-32a643bea0b5,c5,DROP,1016,?,i11,
1769501095.4123867,FORWARDED,92b4683c-df7f-48c9-9f73-5e3d86e29418,9c5eb4ac-f0a2-4614-9b9c-32a643bea0b5,c5,DROP,1016,?,i11,
1769501095.4665213,RECEIVED,9decc992-342a-4f5a-b6e8-373e062df37d,f236ac43-afc5-416f-9208-08693bdcb294,c2,DROP,442,x10,?,
1769501095.6359491,RECEIVED,55b1ceb6-1264-4a27-ab00-f3877593cc4a,f43a9d1c-d409-4802-b8bf-fb0bdc63599b,c4,c3,2476,p1,?,
1769501095.6526926,RECEIVED,2220c6f1-a773-43b6-af21-156bc4b2db08,2949e9f3-0247-46c3-a7b6-6d2c5b88c186,c2,DROP,1457,p2,?,
1769501095.697158,RECEIVED,b4f9af91-922a-4978-ac0c-7ca97b1b68a4,d89f2c6b-d7d0-4971-a20f-289a5e25bf70,c5,DROP,1450,p2,?,
1769501095.7050853,SENT,55b1ceb6-1264-4a27-ab00-f3877593cc4a,f43a9d1c-d409-4802-b8bf-fb0bdc63599b,c4,c3,1784,?,i4,
1769501095.705128,FORWARDED,55b1ceb6-1264-4a27-ab00-f3877593cc4a,f43a9d1c-d409-4802-b8bf-fb0bdc63599b,c4,c3,1784,?,i4,
1769501095.739868,RECEIVED,ff020629-d197-4caf-894b-c90ba8edf1bb,a999c591-e17e-4dc1-ae0f-dcdf0a769ab4,c3,DROP,1439,p3,?,
1769501095.7966027,SENT,34bf39f8-7f75-442a-a897-58407ade7d10,2aa06c3e-ce8e-4260-9fb6-849eaaa8c79e,c3,DROP,1016,?,i6,
1769501095.7966464,FORWARDED,34bf39f8-7f75-442a-a897-58407ade7d10,2aa06c3e-ce8e-4260-9fb6-849eaaa8c79e,c3,DROP,1016,?,i6,
1769501095.8057523,RECEIVED,70832564-42a6-45a0-923b-f4d7f69c86ef,262e5cc0-33b0-409a-8b1b-611119d55013,c5,c2,2460,p2,?,
1769501095.8268313,SENT,2220c6f1-a773-43b6-af21-156bc4b2db08,2949e9f3-0247-46c3-a7b6-6d2c5b88c186,c2,DROP,1020,?,i12,
1769501095.8268728,FORWARDED,2220c6f1-a773-43b6-af21-156bc4b2db08,2949e9f3-0247-46c3-a7b6-6d2c5b88c186,c2,DROP,1020,?,i12,
1769501095.9101427,RECEIVED,4c9b53b7-b232-4670-8da1-2af7e73e2677,9973921c-d37f-46d8-99b2-6b0da1d5517a,c4,DROP,1453,p1,?,
1769501095.924519,SENT,b4f9af91-922a-4978-ac0c-7ca97b1b68a4,d89f2c6b-d7d0-4971-a20f-289a5e25bf70,c5,DROP,1016,?,i4,
1769501095.9245584,FORWARDED,b4f9af91-922a-4978-ac0c-7ca97b1b68a4,d89f2c6b-d7d0-4971-a20f-289a5e25bf70,c5,DROP,1016,?,i4,
1769501095.9907053,SENT,70832564-42a6-45a0-923b-f4d7f69c86ef,262e5cc0-33b0-409a-8b1b-611119d55013,c5,c2,1771,?,i8,
1769501095.9907477,FORWARDED,70832564-42a6-45a0-923b-f4d7f69c86ef,262e5cc0-33b0-409a-8b1b-611119d55013,c5,c2,1771,?,i8,
1769501096.0416198,SENT,4c9b53b7-b232-4670-8da1-2af7e73e2677,9973921c-d37f-46d8-99b2-6b0da1d5517a,c4,DROP,1016,?,i11,
1769501096.041662,FORWARDED,4c9b53b7-b232-4670-8da1-2af7e73e2677,9973921c-d37f-46d8-99b2-6b0da1d5517a,c4,DROP,1016,?,i11,
1769501096.0600383,RECEIVED,5feb0419-6d42-442c-a8ef-ec9d0efdfaa6,a97f2592-9966-47df-b7e8-2654a7a68165,c5,c2,2477,p2,?,
1769501096.219147,SENT,5feb0419-6d42-442c-a8ef-ec9d0efdfaa6,a97f2592-9966-47df-b7e8-2654a7a68165,c5,c2,1783,?,i12,
1769501096.2191901,FORWARDED,5feb0419-6d42-442c-a8ef-ec9d0efdfaa6,a97f2592-9966-47df-b7e8-2654a7a68165,c5,c2,1783,?,i12,
1769501096.232039,RECEIVED,077c3c80-2367-4d03-96eb-e9db7615bdc4,d88affda-77eb-48f9-8e88-886355f67447,c5,DROP,1440,p2,?,
1769501096.2516992,RECEIVED,bf76183e-0879-4520-8909-339cc1ac2646,5cb25fa8-172e-4d75-8419-b5e5115a2bd1,c3,DROP,441,x5,?,
1769501096.3876112,SENT,077c3c80-2367-4d03-96eb-e9db7615bdc4,d88affda-77eb-48f9-8e88-886355f67447,c5,DROP,1007,?,i3,
1769501096.3876529,FORWARDED,077c3c80-2367-4d03-96eb-e9db7615bdc4,d88affda-77eb-48f9-8e88-886355f67447,c5,DROP,1007,?,i3,
1769501096.415069,SENT,ff020629-d197-4caf-894b-c90ba8edf1bb,a999c591-e17e-4dc1-ae0f-dcdf0a769ab4,c3,DROP,1007,?,i6,
1769501096.4151132,FORWARDED,ff020629-d197-4caf-894b-c90ba8edf1bb,a999c591-e17e-4dc1-ae0f-dcdf0a769ab4,c3,DROP,1007,?,i6,
1769501096.474214,RECEIVED,01be8c09-4dde-42d4-b2bb-fc1924659bc1,af3ebe83-2058-4105-b536-361576eb4d55,c3,DROP,442,x5,?,
1769501096.7123246,RECEIVED,835b0c31-02d7-4e1c-98a6-97bcc91c887d,468088c4-3dd0-4ed5-b584-d60d211862cc,c3,c4,2459,p3,?,
1769501096.766619,SENT,c43081a2-d3e3-46db-91f7-30cfe7f17352,6f455630-32a4-4aa6-9dc9-be5e5ffa7371,c1,DROP,1011,?,i5,
1769501096.7666633,FORWARDED,c43081a2-d3e3-46db-91f7-30cfe7f17352,6f455630-32a4-4aa6-9dc9-be5e5ffa7371,c1,DROP,1011,?,i5,
1769501096.8581653,RECEIVED,9aef145a-4c58-40e6-b84e-9f33d284d4a1,bb5b7453-58e7-4611-b700-3640c35bdc96,c2,DROP,1439,p2,?,
1769501096.873204,RECEIVED,6cc7e3ec-bb9c-4758-ab5d-37613ff912cc,2c0d2b3e-4f37-41a9-86cc-550b088c1841,c4,DROP,1445,p1,?,
1769501096.9735577,SENT,835b0c31-02d7-4e1c-98a6-97bcc91c887d,468088c4-3dd0-4ed5-b584-d60d211862cc,c3,c4,1771,?,i8,
1769501096.9736009,FORWARDED,835b0c31-02d7-4e1c-98a6-97bcc91c887d,468088c4-3dd0-4ed5-b584-d60d211862cc,c3,c4,1771,?,i8,
1769501096.99568,SENT,9aef145a-4c58-40e6-b84e-9f33d284d4a1,bb5b7453-58e7-4611-b700-3640c35bdc96,c2,DROP,1008,?,i4,
1769501096.995722,FORWARDED,9aef145a-4c58-40e6-b84e-9f33d284d4a1,bb5b7453-58e7-4611-b700-3640c35bdc96,c2,DROP,1008,?,i4,
1769501097.0803888,RECEIVED,ba88d65e-d812-4f3e-8b0a-64d90577ba40,49fabd8a-ee9a-437d-958f-a42d856270f8,c4,DROP,1451,p1,?,
1769501097.0846138,RECEIVED,3244ed4c-785a-4a20-a100-7913d2330b70,d3106320-8bf4-42af-a67c-fd0268cf5ab9,c2,None,2228,p2,?,
1769501097.0857506,RECEIVED,74c974b8-30cd-4d30-943f-474ac0e5f885,d4843c86-57db-4339-8626-8c14c3a699f7,c1,DROP,1452,p1,?,
1769501097.1014254,SENT,6cc7e3ec-bb9c-4758-ab5d-37613ff912cc,2c0d2b3e-4f37-41a9-86cc-550b088c1841,c4,DROP,1009,?,i11,
1769501097.101468,FORWARDED,6cc7e3ec-bb9c-4758-ab5d-37613ff912cc,2c0d2b3e-4f37-41a9-86cc-550b088c1841,c4,DROP,1009,?,i11,
1769501097.1303487,RECEIVED,7070f997-8cc0-424a-8c18-a1fac7a94137,00d0582b-1882-4da5-80c4-c4e7e0b14138,c5,DROP,1450,p2,?,
1769501097.1795886,RECEIVED,75e41d42-e8c4-4e7b-a152-ece8883fe59f,3a30ea53-6a23-45b9-88fc-af9a05a9ba9b,c2,DROP,442,x11,?,
1769501097.1920836,SENT,74c974b8-30cd-4d30-943f-474ac0e5f885,d4843c86-57db-4339-8626-8c14c3a699f7,c1,DROP,1016,?,i4,
1769501097.192128,FORWARDED,74c974b8-30cd-4d30-943f-474ac0e5f885,d4843c86-57db-4339-8626-8c14c3a699f7,c1,DROP,1016,?,i4,
1769501097.1968927,RECEIVED,316a2d1c-c207-4ab3-aa39-9ad64d42c9a6,a533de4a-9bee-4515-8a4d-dbe728452226,c3,DROP,441,x9,?,
1769501097.2671542,SENT,3244ed4c-785a-4a20-a100-7913d2330b70,d3106320-8bf4-42af-a67c-fd0268cf5ab9,c2,None,1599,?,i12,
1769501097.2671995,FORWARDED,3244ed4c-785a-4a20-a100-7913d2330b70,d3106320-8bf4-42af-a67c-fd0268cf5ab9,c2,None,1599,?,i12,
1769501097.5384777,RECEIVED,d8acf54d-29c8-40ad-87cc-88659d1afc9a,910f445a-48ea-4274-9e9b-201cbd7ec1dd,c4,DROP,1463,p1,?,
1769501097.5943007,SENT,d8acf54d-29c8-40ad-87cc-88659d1afc9a,910f445a-48ea-4274-9e9b-201cbd7ec1dd,c4,DROP,1021,?,i10,
1769501097.5943546,FORWARDED,d8acf54d-29c8-40ad-87cc-88659d1afc9a,910f445a-48ea-4274-9e9b-201cbd7ec1dd,c4,DROP,1021,?,i10,
1769501097.6489677,SENT,ba88d65e-d812-4f3e-8b0a-64d90577ba40,49fabd8a-ee9a-437d-958f-a42d856270f8,c4,DROP,1015,?,i6,
1769501097.6490102,FORWARDED,ba88d65e-d812-4f3e-8b0a-64d90577ba40,49fabd8a-ee9a-437d-958f-a42d856270f8,c4,DROP,1015,?,i6,
1769501097.6678786,RECEIVED,2031b4a1-c4bf-4a4b-8ebe-fb1bc37a1b60,3ee7094c-bcf8-4de7-bbb4-91e439fc6f87,c1,DROP,1440,p1,?,
1769501097.896229,RECEIVED,709d80ef-0f7c-4c7f-b84b-bd62f1d57842,28c870ef-1858-4bb0-bc77-bc568c7a9fc8,c1,DROP,1440,p1,?,
1769501097.8964884,SENT,2031b4a1-c4bf-4a4b-8ebe-fb1bc37a1b60,3ee7094c-bcf8-4de7-bbb4-91e439fc6f87,c1,DROP,1008,?,i3,
1769501097.8971987,FORWARDED,2031b4a1-c4bf-4a4b-8ebe-fb1bc37a1b60,3ee7094c-bcf8-4de7-bbb4-91e439fc6f87,c1,DROP,1008,?,i3,
1769501098.1036932,RECEIVED,589dff95-6887-4ff2-9eaf-27df3c83077c,60a2002b-e1b1-49ac-b094-d0281879e232,c1,DROP,1449,p1,?,
1769501098.318799,SENT,589dff95-6887-4ff2-9eaf-27df3c83077c,60a2002b-e1b1-49ac-b094-d0281879e232,c1,DROP,1012,?,i12,
1769501098.3188376,FORWARDED,589dff95-6887-4ff2-9eaf-27df3c83077c,60a2002b-e1b1-49ac-b094-d0281879e232,c1,DROP,1012,?,i12,
1769501098.3567674,RECEIVED,47d1b35d-593d-4c5d-9620-dc03553744c6,bb7d0edf-21b8-4311-809a-9e808a3e3d98,c3,DROP,1443,p3,?,
1769501098.5033538,RECEIVED,2897a2c3-b5b1-4193-9a8e-c0a978fad149,f023131a-f662-4505-b108-c1f318c3bc7e,c2,DROP,1445,p2,?,
1769501098.5083468,RECEIVED,6cb27814-b125-481c-82e5-785f5b930a1b,2910705e-4140-4858-8379-62b7637cbf96,c1,DROP,1438,p1,?,
1769501098.542554,SENT,2897a2c3-b5b1-4193-9a8e-c0a978fad149,f023131a-f662-4505-b108-c1f318c3bc7e,c2,DROP,1010,?,i3,
1769501098.5425913,FORWARDED,2897a2c3-b5b1-4193-9a8e-c0a978fad149,f023131a-f662-4505-b108-c1f318c3bc7e,c2,DROP,1010,?,i3,
1769501098.587772,SENT,709d80ef-0f7c-4c7f-b84b-bd62f1d57842,28c870ef-1858-4bb0-bc77-bc568c7a9fc8,c1,DROP,1008,?,i10,
1769501098.5878136,FORWARDED,709d80ef-0f7c-4c7f-b84b-bd62f1d57842,28c870ef-1858-4bb0-bc77-bc568c7a9fc8,c1,DROP,1008,?,i10,
1769501098.6631932,RECEIVED,c2c02227-92f0-4313-9070-8b56d4142066,2ce4530c-c7d3-4504-805b-6db586e944a3,c3,c4,2447,p3,?,
1769501098.7676866,SENT,47d1b35d-593d-4c5d-9620-dc03553744c6,bb7d0edf-21b8-4311-809a-9e808a3e3d98,c3,DROP,1011,?,i8,
1769501098.7677257,FORWARDED,47d1b35d-593d-4c5d-9620-dc03553744c6,bb7d0edf-21b8-4311-809a-9e808a3e3d98,c3,DROP,1011,?,i8,
1769501098.784366,SENT,6cb27814-b125-481c-82e5-785f5b930a1b,2910705e-4140-4858-8379-62b7637cbf96,c1,DROP,1007,?,i5,
1769501098.7844074,FORWARDED,6cb27814-b125-481c-82e5-785f5b930a1b,2910705e-4140-4858-8379-62b7637cbf96,c1,DROP,1007,?,i5,
1769501098.8808007,RECEIVED,ba0f902a-e0fb-4bf8-8c2e-21e150e6bd7d,6a753a30-585e-45cd-bad3-e85ed85eaae2,c4,DROP,1457,p1,?,
1769501098.9135687,RECEIVED,9047e618-7c60-4d10-b543-22a036784130,27c58884-fced-4b0d-b8e9-fb242208e83c,c5,DROP,1439,p2,?,
1769501098.9211776,SENT,ba0f902a-e0fb-4bf8-8c2e-21e150e6bd7d,6a753a30-585e-45cd-bad3-e85ed85eaae2,c4,DROP,1020,?,i10,
1769501098.921219,FORWARDED,ba0f902a-e0fb-4bf8-8c2e-21e150e6bd7d,6a753a30-585e-45cd-bad3-e85ed85eaae2,c4,DROP,1020,?,i10,
1769501098.9819584,RECEIVED,3e1c80c0-8873-45e9-ac07-7a996bf3e60d,889a271c-c98e-4a0d-9557-1a6ce83b50e2,c3,DROP,1444,p3,?,
1769501099.0197904,RECEIVED,df3240c9-5138-4188-a84f-e98d04c4e8f0,eb9dc908-4ed7-480b-962f-bc0bdb93bd19,c5,DROP,1443,p2,?,
1769501099.1245146,SENT,9047e618-7c60-4d10-b543-22a036784130,27c58884-fced-4b0d-b8e9-fb242208e83c,c5,DROP,1008,?,i2,
1769501099.1245584,FORWARDED,9047e618-7c60-4d10-b543-22a036784130,27c58884-fced-4b0d-b8e9-fb242208e83c,c5,DROP,1008,?,i2,
1769501099.1789672,RECEIVED,6f63ffd7-03e0-41aa-a450-b14341bf9a7a,defb3eb6-c860-4232-8c7d-21f9b6c6966e,c1,DROP,1447,p1,?,
1769501099.2463171,SENT,c2c02227-92f0-4313-9070-8b56d4142066,2ce4530c-c7d3-4504-805b-6db586e944a3,c3,c4,1764,?,i9,
1769501099.2463586,FORWARDED,c2c02227-92f0-4313-9070-8b56d4142066,2ce4530c-c7d3-4504-805b-6db586e944a3,c3,c4,1764,?,i9,
1769501099.299621,SENT,7070f997-8cc0-424a-8c18-a1fac7a94137,00d0582b-1882-4da5-80c4-c4e7e0b14138,c5,DROP,1016,?,i5,
1769501099.2996647,FORWARDED,7070f997-8cc0-424a-8c18-a1fac7a94137,00d0582b-1882-4da5-80c4-c4e7e0b14138,c5,DROP,1016,?,i5,
1769501099.4973211,SENT,3e1c80c0-8873-45e9-ac07-7a996bf3e60d,889a271c-c98e-4a0d-9557-1a6ce83b50e2,c3,DROP,1011,?,i10,
1769501099.4973624,FORWARDED,3e1c80c0-8873-45e9-ac07-7a996bf3e60d,889a271c-c98e-4a0d-9557-1a6ce83b50e2,c3,DROP,1011,?,i10,
1769501099.5017114,RECEIVED,102d8115-9302-4225-bb18-50de24f376d9,28ee00e8-f676-4928-9ef6-761589c0b468,c5,c2,2448,p2,?,
1769501099.5315702,SENT,df3240c9-5138-4188-a84f-e98d04c4e8f0,eb9dc908-4ed7-480b-962f-bc0bdb93bd19,c5,DROP,1011,?,i4,
1769501099.5316057,FORWARDED,df3240c9-5138-4188-a84f-e98d04c4e8f0,eb9dc908-4ed7-480b-962f-bc0bdb93bd19,c5,DROP,1011,?,i4,
1769501099.603857,SENT,102d8115-9302-4225-bb18-50de24f376d9,28ee00e8-f676-4928-9ef6-761589c0b468,c5,c2,1764,?,i2,
1769501099.6038985,FORWARDED,102d8115-9302-4225-bb18-50de24f376d9,28ee00e8-f676-4928-9ef6-761589c0b468,c5,c2,1764,?,i2,
1769501099.717151,RECEIVED,32150db0-3889-4252-a110-e529d29f670f,e4522a41-d483-4441-b3e7-1c9457c54f6e,c2,DROP,1441,p2,?,
1769501099.7619634,RECEIVED,8878ac8a-b9f8-4adb-9122-f0c8bffff2f1,502a2410-f69c-4267-9318-d0a44570933c,c3,DROP,1440,p3,?,
1769501099.8063242,SENT,32150db0-3889-4252-a110-e529d29f670f,e4522a41-d483-4441-b3e7-1c9457c54f6e,c2,DROP,1006,?,i1,
1769501099.8063743,FORWARDED,32150db0-3889-4252-a110-e529d29f670f,e4522a41-d483-4441-b3e7-1c9457c54f6e,c2,DROP,1006,?,i1,
1769501099.8127239,SENT,8878ac8a-b9f8-4adb-9122-f0c8bffff2f1,502a2410-f69c-4267-9318-d0a44570933c,c3,DROP,1008,?,i4,
1769501099.8127608,FORWARDED,8878ac8a-b9f8-4adb-9122-f0c8bffff2f1,502a2410-f69c-4267-9318-d0a44570933c,c3,DROP,1008,?,i4,
1769501099.8313575,SENT,6f63ffd7-03e0-41aa-a450-b14341bf9a7a,defb3eb6-c860-4232-8c7d-21f9b6c6966e,c1,DROP,1014,?,i1,
1769501099.8313997,FORWARDED,6f63ffd7-03e0-41aa-a450-b14341bf9a7a,defb3eb6-c860-4232-8c7d-21f9b6c6966e,c1,DROP,1014,?,i1,
1769501099.929318,RECEIVED,e5d622be-c793-443c-ac2a-a2c9b2c2a78c,1df749bf-96cd-4b9f-b0ab-5aa334ecb681,c3,DROP,1443,p3,?,
1769501100.0866494,RECEIVED,b8896ac1-fb8f-45f5-848c-c25021e6a30a,7f5d0762-563d-4b59-8157-8f75d78c8bf6,c5,DROP,1452,p2,?,
1769501100.1608868,RECEIVED,9a026ecf-13f2-4251-ad00-68f278f6d138,784d7afd-003c-45ed-8a5c-c124ea8d7e90,c5,None,2232,p2,?,
1769501100.3024962,RECEIVED,eeee9f3c-fd80-4731-b520-4bad71929f1b,f2b32446-5fb0-4c3a-9bd1-3a545624d6a6,c4,DROP,1435,p1,?,
1769501100.3395293,RECEIVED,120e86b5-a73d-445c-b471-a39b83ab7e74,062f0b39-e00d-40d9-b22a-91a119f7abdb,c3,DROP,1441,p3,?,
1769501100.3500674,SENT,9a026ecf-13f2-4251-ad00-68f278f6d138,784d7afd-003c-45ed-8a5c-c124ea8d7e90,c5,None,1600,?,i3,
1769501100.3501089,FORWARDED,9a026ecf-13f2-4251-ad00-68f278f6d138,784d7afd-003c-45ed-8a5c-c124ea8d7e90,c5,None,1600,?,i3,
1769501100.3627665,SENT,120e86b5-a73d-445c-b471-a39b83ab7e74,062f0b39-e00d-40d9-b22a-91a119f7abdb,c3,DROP,1008,?,i2,
1769501100.3628025,FORWARDED,120e86b5-a73d-445c-b471-a39b83ab7e74,062f0b39-e00d-40d9-b22a-91a119f7abdb,c3,DROP,1008,?,i2,
1769501100.3919346,RECEIVED,62027419-e38c-445d-b522-e66def9f9d7d,5912b2c1-ff1c-4ae4-a75a-a60be87c6b06,c1,DROP,1452,p1,?,
1769501100.4295192,SENT,e5d622be-c793-443c-ac2a-a2c9b2c2a78c,1df749bf-96cd-4b9f-b0ab-5aa334ecb681,c3,DROP,1009,?,i5,
1769501100.4295616,FORWARDED,e5d622be-c793-443c-ac2a-a2c9b2c2a78c,1df749bf-96cd-4b9f-b0ab-5aa334ecb681,c3,DROP,1009,?,i5,
1769501100.5418844,SENT,62027419-e38c-445d-b522-e66def9f9d7d,5912b2c1-ff1c-4ae4-a75a-a60be87c6b06,c1,DROP,1015,?,i5,
1769501100.5419273,FORWARDED,62027419-e38c-445d-b522-e66def9f9d7d,5912b2c1-ff1c-4ae4-a75a-a60be87c6b06,c1,DROP,1015,?,i5,
1769501100.7402577,RECEIVED,b34ee749-4371-4fb2-8814-dcbfc32ab812,10d3db73-7bbc-4478-a444-f9801e3562f0,c5,DROP,441,x8,?,
1769501100.7604644,RECEIVED,9ef9360f-2da2-48c1-8690-485bd7a77b58,dba98a0d-c271-4634-9904-8fe7751e0685,c2,DROP,1439,p2,?,
1769501100.8222582,SENT,eeee9f3c-fd80-4731-b520-4bad71929f1b,f2b32446-5fb0-4c3a-9bd1-3a545624d6a6,c4,DROP,1003,?,i5,
1769501100.8222969,FORWARDED,eeee9f3c-fd80-4731-b520-4bad71929f1b,f2b32446-5fb0-4c3a-9bd1-3a545624d6a6,c4,DROP,1003,?,i5,
1769501100.8723183,RECEIVED,9b80837e-c0a0-4268-937f-92b278ff1ebe,489322ef-ffa6-42dd-a88d-86661ab03235,c1,DROP,1439,p1,?,
1769501100.8979864,RECEIVED,9877b20f-f378-4440-a0c4-2f4bbbb0f9b2,97e3a23c-3be6-4564-b62d-0dbed94276c4,c1,DROP,445,x12,?,
1769501100.9072878,RECEIVED,b74578a1-7568-49d3-bfa7-53edf3b79cb4,b754166a-5b47-4c1f-a9a0-e16c1683d0a7,c1,c5,2460,p1,?,
1769501100.9622374,RECEIVED,709bf676-5963-4ee2-a75f-47002d8abfe4,d239077d-042f-40e2-b711-2f8f0759e937,c3,DROP,1439,p3,?,
1769501101.0083804,SENT,b8896ac1-fb8f-45f5-848c-c25021e6a30a,7f5d0762-563d-4b59-8157-8f75d78c8bf6,c5,DROP,1016,?,i11,
1769501101.0084188,FORWARDED,b8896ac1-fb8f-45f5-848c-c25021e6a30a,7f5d0762-563d-4b59-8157-8f75d78c8bf6,c5,DROP,1016,?,i11,
1769501101.0479848,SENT,b74578a1-7568-49d3-bfa7-53edf3b79cb4,b754166a-5b47-4c1f-a9a0-e16c1683d0a7,c1,c5,1771,?,i4,
1769501101.048021,FORWARDED,b74578a1-7568-49d3-bfa7-53edf3b79cb4,b754166a-5b47-4c1f-a9a0-e16c1683d0a7,c1,c5,1771,?,i4,
1769501101.0782673,RECEIVED,e946898d-1111-43dc-9dc9-870b29d83b3b,648f7b44-8b4e-4062-aa16-14a35729ac93,c2,DROP,1453,p2,?,
1769501101.1063223,RECEIVED,1f427672-36ff-4965-b972-9ede4e18c676,a7983df9-3cd1-4c25-b048-641585cf1efc,c4,DROP,1444,p1,?,
1769501101.1494503,SENT,e946898d-1111-43dc-9dc9-870b29d83b3b,648f7b44-8b4e-4062-aa16-14a35729ac93,c2,DROP,1016,?,i8,
1769501101.1494997,FORWARDED,e946898d-1111-43dc-9dc9-870b29d83b3b,648f7b44-8b4e-4062-aa16-14a35729ac93,c2,DROP,1016,?,i8,
1769501101.2462986,RECEIVED,906dd84f-96f5-4a94-b5c0-29a94b67cb58,09942857-4d79-42f5-9cba-264a16be2441,c5,DROP,441,x5,?,
1769501101.2544837,SENT,1f427672-36ff-4965-b972-9ede4e18c676,a7983df9-3cd1-4c25-b048-641585cf1efc,c4,DROP,1009,?,i8,
1769501101.2545264,FORWARDED,1f427672-36ff-4965-b972-9ede4e18c676,a7983df9-3cd1-4c25-b048-641585cf1efc,c4,DROP,1009,?,i8,
1769501101.27024,RECEIVED,489402a4-772e-4192-92ca-b28faec50b65,16fba596-33f5-41b6-877e-5fe9380daf93,c1,DROP,1450,p1,?,
1769501101.2845423,RECEIVED,019c2de0-4df2-4065-9c61-d00417d1fb56,ad31bf4c-1a6a-4123-a4af-4b18d48e0068,c1,DROP,1446,p1,?,
1769501101.3032205,RECEIVED,d6bd946f-ded3-4c75-b9e0-48581cc2cfde,161ae382-9fdb-46f4-84c9-87caf894e57b,c2,c1,2452,p2,?,
1769501101.3249438,RECEIVED,55037cb8-320d-43d3-808f-2bdd024c7739,dfa9e866-3f43-4303-ac7d-8ca8cd2a13e3,c1,c5,2458,p1,?,
1769501101.3324664,RECEIVED,c07c4da1-d3e2-4105-9879-d4f79e315d83,e5cc8640-0a4c-43bd-80be-f26f3c822678,c2,DROP,437,x6,?,
1769501101.348382,RECEIVED,345007bc-65fa-447b-a2bf-0c9285251335,6622546e-2d60-482a-b691-43408404cede,c1,c5,2463,p1,?,
1769501101.3558438,SENT,019c2de0-4df2-4065-9c61-d00417d1fb56,ad31bf4c-1a6a-4123-a4af-4b18d48e0068,c1,DROP,1009,?,i6,
1769501101.3558834,FORWARDED,019c2de0-4df2-4065-9c61-d00417d1fb56,ad31bf4c-1a6a-4123-a4af-4b18d48e0068,c1,DROP,1009,?,i6,
1769501101.4408596,RECEIVED,9babced0-db83-401c-ae36-7a1e350421bb,7d6e0060-371f-417b-9655-a3d45a5ceaa4,c1,DROP,1437,p1,?,
1769501101.5323102,SENT,9ef9360f-2da2-48c1-8690-485bd7a77b58,dba98a0d-c271-4634-9904-8fe7751e0685,c2,DROP,1008,?,i5,
1769501101.5323532,FORWARDED,9ef9360f-2da2-48c1-8690-485bd7a77b58,dba98a0d-c271-4634-9904-8fe7751e0685,c2,DROP,1008,?,i5,
1769501101.5383577,SENT,d6bd946f-ded3-4c75-b9e0-48581cc2cfde,161ae382-9fdb-46f4-84c9-87caf894e57b,c2,c1,1767,?,i6,
1769501101.538405,FORWARDED,d6bd946f-ded3-4c75-b9e0-48581cc2cfde,161ae382-9fdb-46f4-84c9-87caf894e57b,c2,c1,1767,?,i6,
1769501101.666675,RECEIVED,950a93dc-3402-40d4-9885-1870d5de29c8,1b45803f-00b2-4b71-bf17-27f57c11a079,c2,c1,2472,p2,?,
1769501101.6769648,SENT,489402a4-772e-4192-92ca-b28faec50b65,16fba596-33f5-41b6-877e-5fe9380daf93,c1,DROP,1015,?,i3,
1769501101.6770096,FORWARDED,489402a4-772e-4192-92ca-b28faec50b65,16fba596-33f5-41b6-877e-5fe9380daf93,c1,DROP,1015,?,i3,
1769501101.6904874,RECEIVED,a9ab597d-92e9-4c2a-b87e-5de76c3454fd,ee515e6d-8d0c-4339-8e41-d8318489d656,c2,DROP,1443,p2,?,
1769501101.7783077,RECEIVED,c235766c-1761-4574-aa40-1dac8e9e27c8,90567e00-1d1c-4a21-914a-b0a511697351,c3,None,2224,p3,?,
1769501101.78855,RECEIVED,5310bcc5-138a-4449-9111-fb20b5984a72,5a2b5013-256a-4c13-9d85-0e85ef48b918,c2,DROP,1443,p2,?,
1769501101.7964375,SENT,950a93dc-3402-40d4-9885-1870d5de29c8,1b45803f-00b2-4b71-bf17-27f57c11a079,c2,c1,1780,?,i3,
1769501101.7964797,FORWARDED,950a93dc-3402-40d4-9885-1870d5de29c8,1b45803f-00b2-4b71-bf17-27f57c11a079,c2,c1,1780,?,i3,
1769501101.8452437,RECEIVED,e16799b3-773a-4186-ad7e-2178bc5e000e,d121d1c8-f56c-43fe-b6d1-999eb45ffd61,c2,DROP,1438,p2,?,
1769501101.8527439,RECEIVED,7ccd848e-3e3d-48a3-96e6-8028ef04c48e,d1c4e1b6-418b-4c57-8725-c3b91cd039e6,c4,DROP,1440,p1,?,
1769501101.867856,SENT,345007bc-65fa-447b-a2bf-0c9285251335,6622546e-2d60-482a-b691-43408404cede,c1,c5,1775,?,i3,
1769501101.8678985,FORWARDED,345007bc-65fa-447b-a2bf-0c9285251335,6622546e-2d60-482a-b691-43408404cede,c1,c5,1775,?,i3,
1769501101.8777754,RECEIVED,9263550a-970b-4fc4-9fcb-fdd889b7a912,a5e9ed84-6204-4efc-ae9d-97a72f383719,c1,DROP,1448,p1,?,
1769501101.8781655,RECEIVED,f5988264-ee44-434b-b59c-b7e6a35fc9c4,60c5992c-6729-42a1-84af-565a2ea01d18,c5,c2,2460,p2,?,
1769501101.8923028,RECEIVED,087b5ff5-753c-4503-8f33-7fd8ba36bb96,e9a6f39c-bb30-4853-91cb-178fa3bbcab0,c5,None,2233,p2,?,
1769501101.940446,SENT,55037cb8-320d-43d3-808f-2bdd024c7739,dfa9e866-3f43-4303-ac7d-8ca8cd2a13e3,c1,c5,1772,?,i4,
1769501101.940489,FORWARDED,55037cb8-320d-43d3-808f-2bdd024c7739,dfa9e866-3f43-4303-ac7d-8ca8cd2a13e3,c1,c5,1772,?,i4,
1769501101.9769926,SENT,7ccd848e-3e3d-48a3-96e6-8028ef04c48e,d1c4e1b6-418b-4c57-8725-c3b91cd039e6,c4,DROP,1008,?,i5,
1769501101.9770415,FORWARDED,7ccd848e-3e3d-48a3-96e6-8028ef04c48e,d1c4e1b6-418b-4c57-8725-c3b91cd039e6,c4,DROP,1008,?,i5,
1769501102.0464532,RECEIVED,22962002-4b5b-4b7a-992a-31432059295e,35a953ce-2134-4357-88a9-fcdb56a454f5,c2,DROP,1438,p2,?,
1769501102.163508,SENT,087b5ff5-753c-4503-8f33-7fd8ba36bb96,e9a6f39c-bb30-4853-91cb-178fa3bbcab0,c5,None,1600,?,i11,
1769501102.163543,FORWARDED,087b5ff5-753c-4503-8f33-7fd8ba36bb96,e9a6f39c-bb30-4853-91cb-178fa3bbcab0,c5,None,1600,?,i11,
1769501102.1726418,RECEIVED,490277b2-6f23-4a3b-b9e3-679d75217dd5,2dea82a3-f623-4ac4-bebf-9ccca5332dfe,c4,DROP,1452,p1,?,
1769501102.196786,RECEIVED,52febd87-d0ad-4c3d-bf56-b5b6e8a9ec31,ba1321f0-ff83-4fac-99e3-a89f09ea0011,c2,DROP,1444,p2,?,
1769501102.2168982,RECEIVED,fb88be3d-3eb7-4c85-bef5-c63f3a2fba60,5903afbd-5a31-4b57-adb8-0c533ded399e,c4,DROP,440,x1,?,
1769501102.267942,SENT,9263550a-970b-4fc4-9fcb-fdd889b7a912,a5e9ed84-6204-4efc-ae9d-97a72f383719,c1,DROP,1012,?,i12,
1769501102.2680538,FORWARDED,9263550a-970b-4fc4-9fcb-fdd889b7a912,a5e9ed84-6204-4efc-ae9d-97a72f383719,c1,DROP,1012,?,i12,
1769501102.3152442,SENT,52febd87-d0ad-4c3d-bf56-b5b6e8a9ec31,ba1321f0-ff83-4fac-99e3-a89f09ea0011,c2,DROP,1011,?,i6,
1769501102.3152862,FORWARDED,52febd87-d0ad-4c3d-bf56-b5b6e8a9ec31,ba1321f0-ff83-4fac-99e3-a89f09ea0011,c2,DROP,1011,?,i6,
1769501102.3440633,SENT,709bf676-5963-4ee2-a75f-47002d8abfe4,d239077d-042f-40e2-b711-2f8f0759e937,c3,DROP,1008,?,i12,
1769501102.3441055,FORWARDED,709bf676-5963-4ee2-a75f-47002d8abfe4,d239077d-042f-40e2-b711-2f8f0759e937,c3,DROP,1008,?,i12,
1769501102.3776865,SENT,490277b2-6f23-4a3b-b9e3-679d75217dd5,2dea82a3-f623-4ac4-bebf-9ccca5332dfe,c4,DROP,1016,?,i6,
1769501102.377723,FORWARDED,490277b2-6f23-4a3b-b9e3-679d75217dd5,2dea82a3-f623-4ac4-bebf-9ccca5332dfe,c4,DROP,1016,?,i6,
1769501102.3984811,RECEIVED,f5b058af-bf7e-4bbf-ba35-3f8ca6d1f018,b3e39515-1959-4154-a997-434238edab42,c5,DROP,1450,p2,?,
1769501102.458407,SENT,e16799b3-773a-4186-ad7e-2178bc5e000e,d121d1c8-f56c-43fe-b6d1-999eb45ffd61,c2,DROP,1007,?,i5,
1769501102.4584463,FORWARDED,e16799b3-773a-4186-ad7e-2178bc5e000e,d121d1c8-f56c-43fe-b6d1-999eb45ffd61,c2,DROP,1007,?,i5,
1769501102.4763806,RECEIVED,bcea30e7-1202-4cad-bed9-93706d57ad19,5391b74a-b413-4189-a4da-4d857a57098b,c5,DROP,1428,p2,?,
1769501102.5118804,RECEIVED,7825e778-e140-4f82-b1be-765dd8ee30a3,58233d5e-82cf-4c6d-90b4-e0fff6fe3ec4,c1,DROP,442,x2,?,
1769501102.5803115,SENT,bcea30e7-1202-4cad-bed9-93706d57ad19,5391b74a-b413-4189-a4da-4d857a57098b,c5,DROP,998,?,i8,
1769501102.5803516,FORWARDED,bcea30e7-1202-4cad-bed9-93706d57ad19,5391b74a-b413-4189-a4da-4d857a57098b,c5,DROP,998,?,i8,
1769501102.7662368,SENT,5310bcc5-138a-4449-9111-fb20b5984a72,5a2b5013-256a-4c13-9d85-0e85ef48b918,c2,DROP,1011,?,i6,
1769501102.7662802,FORWARDED,5310bcc5-138a-4449-9111-fb20b5984a72,5a2b5013-256a-4c13-9d85-0e85ef48b918,c2,DROP,1011,?,i6,
1769501102.7686172,RECEIVED,fc6d4e19-cff5-41e4-a9d6-da44fa17706c,0799849e-eb3d-4d5e-b76c-cbb342726d28,c2,DROP,1444,p2,?,
1769501102.7722325,SENT,c235766c-1761-4574-aa40-1dac8e9e27c8,90567e00-1d1c-4a21-914a-b0a511697351,c3,None,1596,?,i11,
1769501102.7722754,FORWARDED,c235766c-1761-4574-aa40-1dac8e9e27c8,90567e00-1d1c-4a21-914a-b0a511697351,c3,None,1596,?,i11,
1769501102.7805016,SENT,9babced0-db83-401c-ae36-7a1e350421bb,7d6e0060-371f-417b-9655-a3d45a5ceaa4,c1,DROP,1007,?,i1,
1769501102.7805417,FORWARDED,9babced0-db83-401c-ae36-7a1e350421bb,7d6e0060-371f-417b-9655-a3d45a5ceaa4,c1,DROP,1007,?,i1,
1769501102.789039,SENT,9b80837e-c0a0-4268-937f-92b278ff1ebe,489322ef-ffa6-42dd-a88d-86661ab03235,c1,DROP,1008,?,i1,
1769501102.7890909,FORWARDED,9b80837e-c0a0-4268-937f-92b278ff1ebe,489322ef-ffa6-42dd-a88d-86661ab03235,c1,DROP,1008,?,i1,
1769501102.840319,SENT,fc6d4e19-cff5-41e4-a9d6-da44fa17706c,0799849e-eb3d-4d5e-b76c-cbb342726d28,c2,DROP,1010,?,i7,
1769501102.8403535,FORWARDED,fc6d4e19-cff5-41e4-a9d6-da44fa17706c,0799849e-eb3d-4d5e-b76c-cbb342726d28,c2,DROP,1010,?,i7,
1769501102.9024034,RECEIVED,320be47b-dd2d-453c-bc02-fa5edb891f6b,8265e4a0-83e9-447d-92b9-e24f87ed8334,c4,DROP,1440,p1,?,
1769501102.9095697,RECEIVED,cae6f41b-0a9b-4487-8979-94605b2027a0,e275118c-7a95-4aa5-bad4-f74e8f163145,c5,DROP,1448,p2,?,
1769501102.9232187,RECEIVED,6835b784-26a7-4ced-a6ae-f6cfa2a81766,8b0a450b-e7d0-4437-b1f8-cefbd4a4ca3f,c1,DROP,1436,p1,?,
1769501102.9325728,SENT,22962002-4b5b-4b7a-992a-31432059295e,35a953ce-2134-4357-88a9-fcdb56a454f5,c2,DROP,1006,?,i2,
1769501102.9326146,FORWARDED,22962002-4b5b-4b7a-992a-31432059295e,35a953ce-2134-4357-88a9-fcdb56a454f5,c2,DROP,1006,?,i2,
1769501102.977129,SENT,cae6f41b-0a9b-4487-8979-94605b2027a0,e275118c-7a95-4aa5-bad4-f74e8f163145,c5,DROP,1012,?,i4,
1769501102.9771686,FORWARDED,cae6f41b-0a9b-4487-8979-94605b2027a0,e275118c-7a95-4aa5-bad4-f74e8f163145,c5,DROP,1012,?,i4,
1769501103.046352,SENT,320be47b-dd2d-453c-bc02-fa5edb891f6b,8265e4a0-83e9-447d-92b9-e24f87ed8334,c4,DROP,1007,?,i9,
1769501103.0463936,FORWARDED,320be47b-dd2d-453c-bc02-fa5edb891f6b,8265e4a0-83e9-447d-92b9-e24f87ed8334,c4,DROP,1007,?,i9,
1769501103.0903382,RECEIVED,d40e57f9-fe25-4389-a8ea-4784bf747405,11fc491a-11ce-4704-980f-bb705d41f98a,c1,DROP,1447,p1,?,
1769501103.0985186,RECEIVED,19707665-76be-4795-831e-935795add538,19b8c4c9-6d4a-4923-99d2-6b1acab1ad5a,c5,DROP,1443,p2,?,
1769501103.1051774,SENT,a9ab597d-92e9-4c2a-b87e-5de76c3454fd,ee515e6d-8d0c-4339-8e41-d8318489d656,c2,DROP,1011,?,i11,
1769501103.1052158,FORWARDED,a9ab597d-92e9-4c2a-b87e-5de76c3454fd,ee515e6d-8d0c-4339-8e41-d8318489d656,c2,DROP,1011,?,i11,
1769501103.1348505,SENT,f5b058af-bf7e-4bbf-ba35-3f8ca6d1f018,b3e39515-1959-4154-a997-434238edab42,c5,DROP,1015,?,i3,
1769501103.1348934,FORWARDED,f5b058af-bf7e-4bbf-ba35-3f8ca6d1f018,b3e39515-1959-4154-a997-434238edab42,c5,DROP,1015,?,i3,
1769501103.183821,RECEIVED,bcf0a881-3191-4e73-be07-431c0ab69c96,05e13534-adff-4eb0-af9f-60a0677d95cb,c3,DROP,1439,p3,?,
1769501103.1955602,RECEIVED,ca76caee-e1d1-480b-b3b8-5d7468f9fa99,71ac51fd-99a6-47cc-923c-a39aed31e4bf,c1,DROP,1443,p1,?,
1769501103.287348,SENT,6835b784-26a7-4ced-a6ae-f6cfa2a81766,8b0a450b-e7d0-4437-b1f8-cefbd4a4ca3f,c1,DROP,1003,?,i9,
1769501103.28739,FORWARDED,6835b784-26a7-4ced-a6ae-f6cfa2a81766,8b0a450b-e7d0-4437-b1f8-cefbd4a4ca3f,c1,DROP,1003,?,i9,
1769501103.54138,RECEIVED,7c069dac-2893-4471-b8dd-cdb6fcaf0ee8,af03b3cd-956d-485e-98f8-2b827a9b03bc,c3,DROP,1438,p3,?,
1769501103.5552154,SENT,f5988264-ee44-434b-b59c-b7e6a35fc9c4,60c5992c-6729-42a1-84af-565a2ea01d18,c5,c2,1771,?,i10,
1769501103.5552585,FORWARDED,f5988264-ee44-434b-b59c-b7e6a35fc9c4,60c5992c-6729-42a1-84af-565a2ea01d18,c5,c2,1771,?,i10,
1769501103.5730104,RECEIVED,6a801375-4a09-402a-9193-78950eefe084,2fdba308-f028-45b8-b1da-d83e62f3e014,c2,DROP,437,x8,?,
1769501103.5945075,RECEIVED,ad3e8e6b-439e-4215-8eb8-bf24832002fa,9c8ba714-2834-4f60-b19c-0b32d9f0efd6,c5,DROP,1444,p2,?,
1769501103.6116042,SENT,19707665-76be-4795-831e-935795add538,19b8c4c9-6d4a-4923-99d2-6b1acab1ad5a,c5,DROP,1009,?,i2,
1769501103.6116388,FORWARDED,19707665-76be-4795-831e-935795add538,19b8c4c9-6d4a-4923-99d2-6b1acab1ad5a,c5,DROP,1009,?,i2,
1769501103.7014725,RECEIVED,0e404d59-3b5d-4289-b588-0c8d8fe790bd,d275acbe-eb8a-450d-a81a-b0ca72dde8b0,c1,DROP,1443,p1,?,
1769501103.811092,SENT,ca76caee-e1d1-480b-b3b8-5d7468f9fa99,71ac51fd-99a6-47cc-923c-a39aed31e4bf,c1,DROP,1011,?,i2,
1769501103.8111317,FORWARDED,ca76caee-e1d1-480b-b3b8-5d7468f9fa99,71ac51fd-99a6-47cc-923c-a39aed31e4bf,c1,DROP,1011,?,i2,
1769501103.819524,SENT,0e404d59-3b5d-4289-b588-0c8d8fe790bd,d275acbe-eb8a-450d-a81a-b0ca72dde8b0,c1,DROP,1011,?,i7,
1769501103.8195655,FORWARDED,0e404d59-3b5d-4289-b588-0c8d8fe790bd,d275acbe-eb8a-450d-a81a-b0ca72dde8b0,c1,DROP,1011,?,i7,
1769501103.8917093,RECEIVED,8b3469f9-250a-4300-a565-1a981b1333d9,5d10bcdd-3447-4776-8a55-397afcf388b3,c3,DROP,1445,p3,?,
1769501103.8982193,RECEIVED,262930ab-b132-4731-a62d-eea150d70c43,3648f68e-df8c-41d0-965e-2c8380f32cb8,c1,DROP,1447,p1,?,
1769501103.9084733,RECEIVED,1027c1be-34f7-4c9f-ae12-827980121825,6ba694b8-de74-4167-a789-daad3818df94,c2,c1,2465,p2,?,
1769501103.9126048,SENT,bcf0a881-3191-4e73-be07-431c0ab69c96,05e13534-adff-4eb0-af9f-60a0677d95cb,c3,DROP,1007,?,i1,
1769501103.9126537,FORWARDED,bcf0a881-3191-4e73-be07-431c0ab69c96,05e13534-adff-4eb0-af9f-60a0677d95cb,c3,DROP,1007,?,i1,
1769501103.939083,SENT,8b3469f9-250a-4300-a565-1a981b1333d9,5d10bcdd-3447-4776-8a55-397afcf388b3,c3,DROP,1010,?,i12,
1769501103.9391289,FORWARDED,8b3469f9-250a-4300-a565-1a981b1333d9,5d10bcdd-3447-4776-8a55-397afcf388b3,c3,DROP,1010,?,i12,
1769501103.951967,SENT,1027c1be-34f7-4c9f-ae12-827980121825,6ba694b8-de74-4167-a789-daad3818df94,c2,c1,1775,?,i6,
1769501103.9520087,FORWARDED,1027c1be-34f7-4c9f-ae12-827980121825,6ba694b8-de74-4167-a789-daad3818df94,c2,c1,1775,?,i6,
1769501104.2960973,RECEIVED,cc7a8f8c-8bee-408d-a1a4-0ed01b724ab5,35816136-c07d-47df-bb4a-7fae461db3b4,c5,DROP,1452,p2,?,
1769501104.354386,SENT,cc7a8f8c-8bee-408d-a1a4-0ed01b724ab5,35816136-c07d-47df-bb4a-7fae461db3b4,c5,DROP,1015,?,i12,
1769501104.3544273,FORWARDED,cc7a8f8c-8bee-408d-a1a4-0ed01b724ab5,35816136-c07d-47df-bb4a-7fae461db3b4,c5,DROP,1015,?,i12,
1769501104.358712,SENT,ad3e8e6b-439e-4215-8eb8-bf24832002fa,9c8ba714-2834-4f60-b19c-0b32d9f0efd6,c5,DROP,1011,?,i10,
1769501104.3587563,FORWARDED,ad3e8e6b-439e-4215-8eb8-bf24832002fa,9c8ba714-2834-4f60-b19c-0b32d9f0efd6,c5,DROP,1011,?,i10,
1769501104.3597195,RECEIVED,1aaa4a70-5c32-43c1-96f4-e0af852b82ae,f86e1304-b59d-4f92-9bec-0fa687be8115,c1,DROP,442,x2,?,
1769501104.39885,RECEIVED,ddf672d7-c678-4269-bc28-27741e516c5d,6dbde763-20fb-4be3-87c8-a58feab7d5a3,c1,DROP,442,x4,?,
1769501104.4932747,SENT,d40e57f9-fe25-4389-a8ea-4784bf747405,11fc491a-11ce-4704-980f-bb705d41f98a,c1,DROP,1013,?,i1,
1769501104.4933262,FORWARDED,d40e57f9-fe25-4389-a8ea-4784bf747405,11fc491a-11ce-4704-980f-bb705d41f98a,c1,DROP,1013,?,i1,
1769501104.559997,RECEIVED,ea46eeeb-3b78-42ff-8425-6d029e2ff678,2fe22487-a5e1-4524-a622-bb40edda4c23,c5,DROP,1438,p2,?,
1769501104.5606215,RECEIVED,c5fdd21c-1929-4622-b2f7-2d2e91e48275,0ea937c7-9f2a-4618-b884-f8a500b618e9,c4,None,2231,p1,?,
1769501104.680895,RECEIVED,64b83014-e1ac-4037-83ac-4f04e1cdccba,c9fc381d-1dd3-48a8-8b2e-ed5d1253fd69,c4,DROP,1442,p1,?,
1769501104.7558937,SENT,64b83014-e1ac-4037-83ac-4f04e1cdccba,c9fc381d-1dd3-48a8-8b2e-ed5d1253fd69,c4,DROP,1008,?,i12,
1769501104.7559366,FORWARDED,64b83014-e1ac-4037-83ac-4f04e1cdccba,c9fc381d-1dd3-48a8-8b2e-ed5d1253fd69,c4,DROP,1008,?,i12,
1769501104.8533902,RECEIVED,eeea51db-a08b-4e52-9660-600cf78a3d15,89c0d743-5392-4e55-916b-c9f8e15b7a21,c5,DROP,441,x3,?,
1769501104.8587291,SENT,262930ab-b132-4731-a62d-eea150d70c43,3648f68e-df8c-41d0-965e-2c8380f32cb8,c1,DROP,1012,?,i2,
1769501104.858772,FORWARDED,262930ab-b132-4731-a62d-eea150d70c43,3648f68e-df8c-41d0-965e-2c8380f32cb8,c1,DROP,1012,?,i2,
1769501105.0342922,RECEIVED,df4f3143-8520-4e51-a7c7-0d366f51ea0b,5777d0df-feaa-45ee-adef-19756e7674a4,c5,DROP,1448,p2,?,
1769501105.1200879,RECEIVED,2a399d16-a9c5-43c0-ac9f-cc1807b42020,6908c562-c8a4-46b9-a271-0d3eb02bf21c,c1,DROP,1439,p1,?,
1769501105.1346426,RECEIVED,03d7e1a8-2d0e-45c9-884a-3fdff3f6130d,035edbd8-be3f-4b81-ab88-e439da9236a0,c3,DROP,1448,p3,?,
1769501105.1505308,SENT,df4f3143-8520-4e51-a7c7-0d366f51ea0b,5777d0df-feaa-45ee-adef-19756e7674a4,c5,DROP,1012,?,i9,
1769501105.150572,FORWARDED,df4f3143-8520-4e51-a7c7-0d366f51ea0b,5777d0df-feaa-45ee-adef-19756e7674a4,c5,DROP,1012,?,i9,
1769501105.4180233,RECEIVED,f4b144d0-a2c2-45d4-a448-9ed2ac1b8a05,ebbe91b5-4d72-4f43-902c-86c7223b99e7,c2,DROP,1444,p2,?,
1769501105.4460104,RECEIVED,19793daf-fdcc-47c0-b172-409bc8d7b40f,29e1a323-2aa1-4f86-9c4a-f239099c822c,c3,DROP,1446,p3,?,
1769501105.458539,SENT,03d7e1a8-2d0e-45c9-884a-3fdff3f6130d,035edbd8-be3f-4b81-ab88-e439da9236a0,c3,DROP,1012,?,i4,
1769501105.4585817,FORWARDED,03d7e1a8-2d0e-45c9-884a-3fdff3f6130d,035edbd8-be3f-4b81-ab88-e439da9236a0,c3,DROP,1012,?,i4,
1769501105.637416,RECEIVED,213c126c-66bd-43b0-b169-e7c4814c976d,0d1d9947-d53a-4ae6-bd74-c5c2513f7a17,c3,DROP,1448,p3,?,
1769501105.6995609,SENT,c5fdd21c-1929-4622-b2f7-2d2e91e48275,0ea937c7-9f2a-4618-b884-f8a500b618e9,c4,None,1600,?,i9,
1769501105.699606,FORWARDED,c5fdd21c-1929-4622-b2f7-2d2e91e48275,0ea937c7-9f2a-4618-b884-f8a500b618e9,c4,None,1600,?,i9,
1769501105.7121649,SENT,2a399d16-a9c5-43c0-ac9f-cc1807b42020,6908c562-c8a4-46b9-a271-0d3eb02bf21c,c1,DROP,1008,?,i2,
1769501105.712202,FORWARDED,2a399d16-a9c5-43c0-ac9f-cc1807b42020,6908c562-c8a4-46b9-a271-0d3eb02bf21c,c1,DROP,1008,?,i2,
1769501105.725725,SENT,f4b144d0-a2c2-45d4-a448-9ed2ac1b8a05,ebbe91b5-4d72-4f43-902c-86c7223b99e7,c2,DROP,1011,?,i6,
1769501105.7257648,FORWARDED,f4b144d0-a2c2-45d4-a448-9ed2ac1b8a05,ebbe91b5-4d72-4f43-902c-86c7223b99e7,c2,DROP,1011,?,i6,
1769501105.7309773,RECEIVED,af0087eb-2dd7-47b4-8aa3-afb9da36ea86,f3c42764-74d1-4ca5-a259-ccde537958b6,c5,DROP,1460,p2,?,
1769501105.7595637,SENT,213c126c-66bd-43b0-b169-e7c4814c976d,0d1d9947-d53a-4ae6-bd74-c5c2513f7a17,c3,DROP,1012,?,i2,
1769501105.7596226,FORWARDED,213c126c-66bd-43b0-b169-e7c4814c976d,0d1d9947-d53a-4ae6-bd74-c5c2513f7a17,c3,DROP,1012,?,i2,
1769501105.8299177,RECEIVED,b3875f49-bb16-471e-a6cd-6a3d5f97a24d,1346a3b0-6695-4663-b6cb-9543b0e40211,c4,c3,2473,p1,?,
1769501105.9296484,RECEIVED,4f44349a-a7a8-4685-8a03-910054fb6e98,061a547a-6f1d-4daf-9b22-985f23cbcd6a,c3,DROP,1439,p3,?,
1769501105.939362,RECEIVED,6068e134-768a-4c2b-9a4a-265664c963b7,37baa6de-b81f-48b3-a07e-75d50901dfd8,c5,DROP,441,x3,?,
1769501105.9418445,SENT,b3875f49-bb16-471e-a6cd-6a3d5f97a24d,1346a3b0-6695-4663-b6cb-9543b0e40211,c4,c3,1780,?,i10,
1769501105.9418812,FORWARDED,b3875f49-bb16-471e-a6cd-6a3d5f97a24d,1346a3b0-6695-4663-b6cb-9543b0e40211,c4,c3,1780,?,i10,
1769501105.9592931,RECEIVED,4164e51a-ecc2-4a18-a865-227ea5e65d62,aed98ff7-159f-49e3-ba21-55b7e49a4be3,c1,DROP,1439,p1,?,
1769501106.2434335,SENT,ea46eeeb-3b78-42ff-8425-6d029e2ff678,2fe22487-a5e1-4524-a622-bb40edda4c23,c5,DROP,1007,?,i9,
1769501106.2434762,FORWARDED,ea46eeeb-3b78-42ff-8425-6d029e2ff678,2fe22487-a5e1-4524-a622-bb40edda4c23,c5,DROP,1007,?,i9,
1769501106.2707222,SENT,af0087eb-2dd7-47b4-8aa3-afb9da36ea86,f3c42764-74d1-4ca5-a259-ccde537958b6,c5,DROP,1021,?,i10,
1769501106.270764,FORWARDED,af0087eb-2dd7-47b4-8aa3-afb9da36ea86,f3c42764-74d1-4ca5-a259-ccde537958b6,c5,DROP,1021,?,i10,
1769501106.2736673,SENT,7c069dac-2893-4471-b8dd-cdb6fcaf0ee8,af03b3cd-956d-485e-98f8-2b827a9b03bc,c3,DROP,1007,?,i5,
1769501106.273709,FORWARDED,7c069dac-2893-4471-b8dd-cdb6fcaf0ee8,af03b3cd-956d-485e-98f8-2b827a9b03bc,c3,DROP,1007,?,i5,
1769501106.3021193,RECEIVED,a1f33cfe-80bd-4bed-8c2a-5ec054afe39b,cffb4c3d-c947-4384-9fdb-f6211e3ad4bb,c2,c1,2464,p2,?,
1769501106.3348536,SENT,4164e51a-ecc2-4a18-a865-227ea5e65d62,aed98ff7-159f-49e3-ba21-55b7e49a4be3,c1,DROP,1008,?,i1,
1769501106.3348913,FORWARDED,4164e51a-ecc2-4a18-a865-227ea5e65d62,aed98ff7-159f-49e3-ba21-55b7e49a4be3,c1,DROP,1008,?,i1,
1769501106.4952433,SENT,a1f33cfe-80bd-4bed-8c2a-5ec054afe39b,cffb4c3d-c947-4384-9fdb-f6211e3ad4bb,c2,c1,1776,?,i1,
1769501106.4952848,FORWARDED,a1f33cfe-80bd-4bed-8c2a-5ec054afe39b,cffb4c3d-c947-4384-9fdb-f6211e3ad4bb,c2,c1,1776,?,i1,
1769501106.5793538,RECEIVED,a421a3b9-d861-4774-b55f-28ebf89de0b4,c878e963-20ab-4b2c-8c7b-e17e7c48cc27,c4,DROP,1444,p1,?,
1769501106.5872915,RECEIVED,d37058a5-180f-4a19-abba-5498f41f9b2c,69020e60-0cb6-4bfa-b6bd-c0a10dcc1b6a,c3,c4,2464,p3,?,
1769501106.6071088,RECEIVED,c5728fdc-b885-4024-a4f9-d4317ac060cd,247b87ac-e393-48e8-9a8b-575016886a4f,c2,DROP,1455,p2,?,
1769501106.6683817,SENT,d37058a5-180f-4a19-abba-5498f41f9b2c,69020e60-0cb6-4bfa-b6bd-c0a10dcc1b6a,c3,c4,1776,?,i2,
1769501106.668422,FORWARDED,d37058a5-180f-4a19-abba-5498f41f9b2c,69020e60-0cb6-4bfa-b6bd-c0a10dcc1b6a,c3,c4,1776,?,i2,
1769501106.7503636,RECEIVED,3d9397d4-34db-4cc9-b124-906dbcc55114,c3b13446-44c9-4f9f-b59b-53aebcde6ea6,c5,c2,2461,p2,?,
1769501106.8462124,SENT,3d9397d4-34db-4cc9-b124-906dbcc55114,c3b13446-44c9-4f9f-b59b-53aebcde6ea6,c5,c2,1772,?,i12,
1769501106.8462474,FORWARDED,3d9397d4-34db-4cc9-b124-906dbcc55114,c3b13446-44c9-4f9f-b59b-53aebcde6ea6,c5,c2,1772,?,i12,
1769501106.9580262,RECEIVED,e40e295e-e6e5-4c47-9131-fa635ea15a85,7107f0b1-3382-458a-8db0-5d92fe5dc52d,c2,c1,2464,p2,?,
1769501107.1599934,SENT,e40e295e-e6e5-4c47-9131-fa635ea15a85,7107f0b1-3382-458a-8db0-5d92fe5dc52d,c2,c1,1776,?,i3,
1769501107.1600332,FORWARDED,e40e295e-e6e5-4c47-9131-fa635ea15a85,7107f0b1-3382-458a-8db0-5d92fe5dc52d,c2,c1,1776,?,i3,
1769501107.2124708,SENT,4f44349a-a7a8-4685-8a03-910054fb6e98,061a547a-6f1d-4daf-9b22-985f23cbcd6a,c3,DROP,1006,?,i1,
1769501107.2125137,FORWARDED,4f44349a-a7a8-4685-8a03-910054fb6e98,061a547a-6f1d-4daf-9b22-985f23cbcd6a,c3,DROP,1006,?,i1,
1769501107.2316983,RECEIVED,dc3cc285-09c1-4b27-8098-878c20c65e6b,ebde5b26-5da6-447a-beb9-2878b3594423,c3,c4,2463,p3,?,
1769501107.2921078,RECEIVED,041a19b8-f002-42f9-888c-e92f7ddb81eb,fb55fd5f-f268-443a-a011-74ef3f7b5d41,c3,c4,2450,p3,?,
1769501107.459122,RECEIVED,5bf1b80b-43fd-4582-895e-1cfaea6a6343,d28af567-e770-4837-b476-70414056cfe4,c1,None,2235,p1,?,
1769501107.4895892,RECEIVED,0a8a460f-b71a-456c-95bd-b31b55b6e0da,c28d8fb3-172f-4f92-814a-f4e2827a61e5,c2,DROP,1452,p2,?,
1769501107.5379593,SENT,a421a3b9-d861-4774-b55f-28ebf89de0b4,c878e963-20ab-4b2c-8c7b-e17e7c48cc27,c4,DROP,1011,?,i12,
1769501107.5379925,FORWARDED,a421a3b9-d861-4774-b55f-28ebf89de0b4,c878e963-20ab-4b2c-8c7b-e17e7c48cc27,c4,DROP,1011,?,i12,
1769501107.5725617,SENT,041a19b8-f002-42f9-888c-e92f7ddb81eb,fb55fd5f-f268-443a-a011-74ef3f7b5d41,c3,c4,1767,?,i9,
1769501107.5726047,FORWARDED,041a19b8-f002-42f9-888c-e92f7ddb81eb,fb55fd5f-f268-443a-a011-74ef3f7b5d41,c3,c4,1767,?,i9,
1769501107.760287,SENT,19793daf-fdcc-47c0-b172-409bc8d7b40f,29e1a323-2aa1-4f86-9c4a-f239099c822c,c3,DROP,1012,?,i3,
1769501107.7603288,FORWARDED,19793daf-fdcc-47c0-b172-409bc8d7b40f,29e1a323-2aa1-4f86-9c4a-f239099c822c,c3,DROP,1012,?,i3,
1769501107.7982879,RECEIVED,d606dbff-5d17-4f06-a8dc-0b87b4817e7b,f4727df3-4101-4a19-94b4-0c85f4da61c8,c3,DROP,441,x3,?,
1769501107.8148494,SENT,dc3cc285-09c1-4b27-8098-878c20c65e6b,ebde5b26-5da6-447a-beb9-2878b3594423,c3,c4,1775,?,i5,
1769501107.8148913,FORWARDED,dc3cc285-09c1-4b27-8098-878c20c65e6b,ebde5b26-5da6-447a-beb9-2878b3594423,c3,c4,1775,?,i5,
1769501107.8201087,RECEIVED,5fadb016-b24a-455e-9fc6-0e0577bb66ed,44b3a83a-dcef-42e8-88a0-ca3f8e27e0cd,c5,DROP,1453,p2,?,
1769501107.827141,RECEIVED,3b7d8090-d5e2-4379-9aff-7f8095d61797,804083ff-645d-4bcb-8e12-7d6cc307732f,c2,DROP,1451,p2,?,
1769501107.9295173,SENT,0a8a460f-b71a-456c-95bd-b31b55b6e0da,c28d8fb3-172f-4f92-814a-f4e2827a61e5,c2,DROP,1015,?,i10,
1769501107.9295592,FORWARDED,0a8a460f-b71a-456c-95bd-b31b55b6e0da,c28d8fb3-172f-4f92-814a-f4e2827a61e5,c2,DROP,1015,?,i10,
1769501108.0049288,RECEIVED,dd7a8dc8-bdab-4f2a-b6bf-69f158c31695,abfcee0a-409a-40f3-bced-ef6ccfa14d16,c1,DROP,1439,p1,?,
1769501108.0600276,RECEIVED,60258409-b16e-41ee-9242-5a03b52dbc01,6c688e6e-dc9b-47bd-824b-273e88fea53a,c5,DROP,1439,p2,?,
1769501108.1400416,RECEIVED,1148a7d2-6fb1-4570-bccc-dbe2233bd2d7,99c2442a-30bf-4e78-80bf-b72a80a4b917,c3,None,2235,p3,?,
1769501108.2509387,SENT,5fadb016-b24a-455e-9fc6-0e0577bb66ed,44b3a83a-dcef-42e8-88a0-ca3f8e27e0cd,c5,DROP,1017,?,i11,
1769501108.2509797,FORWARDED,5fadb016-b24a-455e-9fc6-0e0577bb66ed,44b3a83a-dcef-42e8-88a0-ca3f8e27e0cd,c5,DROP,1017,?,i11,
1769501108.2805781,SENT,60258409-b16e-41ee-9242-5a03b52dbc01,6c688e6e-dc9b-47bd-824b-273e88fea53a,c5,DROP,1007,?,i5,
1769501108.2806149,FORWARDED,60258409-b16e-41ee-9242-5a03b52dbc01,6c688e6e-dc9b-47bd-824b-273e88fea53a,c5,DROP,1007,?,i5,
1769501108.3314288,SENT,5bf1b80b-43fd-4582-895e-1cfaea6a6343,d28af567-e770-4837-b476-70414056cfe4,c1,None,1604,?,i3,
1769501108.331469,FORWARDED,5bf1b80b-43fd-4582-895e-1cfaea6a6343,d28af567-e770-4837-b476-70414056cfe4,c1,None,1604,?,i3,
1769501108.3396416,SENT,dd7a8dc8-bdab-4f2a-b6bf-69f158c31695,abfcee0a-409a-40f3-bced-ef6ccfa14d16,c1,DROP,1008,?,i7,
1769501108.3396814,FORWARDED,dd7a8dc8-bdab-4f2a-b6bf-69f158c31695,abfcee0a-409a-40f3-bced-ef6ccfa14d16,c1,DROP,1008,?,i7,
1769501108.479846,RECEIVED,9032175e-c514-4467-8d8a-3beb82ebc665,9abd784c-d605-431d-bf9b-f4133fcbcdba,c3,DROP,1439,p3,?,
1769501108.49384,RECEIVED,a0946966-2abc-49ae-acab-110374a3cddc,f06404bb-4ea4-4b4d-bc5c-fb9460368dbb,c2,DROP,441,x12,?,
1769501108.5003319,RECEIVED,2daefdbd-0d8f-4a8f-8c10-78fb1d6f6231,a75f8186-160f-451d-95b4-1efeb78548ba,c5,None,2219,p2,?,
1769501108.5693932,SENT,1148a7d2-6fb1-4570-bccc-dbe2233bd2d7,99c2442a-30bf-4e78-80bf-b72a80a4b917,c3,None,1603,?,i9,
1769501108.5694425,FORWARDED,1148a7d2-6fb1-4570-bccc-dbe2233bd2d7,99c2442a-30bf-4e78-80bf-b72a80a4b917,c3,None,1603,?,i9,
1769501108.5981367,SENT,c5728fdc-b885-4024-a4f9-d4317ac060cd,247b87ac-e393-48e8-9a8b-575016886a4f,c2,DROP,1020,?,i6,
1769501108.5981815,FORWARDED,c5728fdc-b885-4024-a4f9-d4317ac060cd,247b87ac-e393-48e8-9a8b-575016886a4f,c2,DROP,1020,?,i6,
1769501108.7563498,RECEIVED,a22074e3-9c29-4019-a932-170967b47ded,603c43b1-3563-496e-baa6-fe941e428b1b,c3,None,2236,p3,?,
1769501108.8610446,SENT,9032175e-c514-4467-8d8a-3beb82ebc665,9abd784c-d605-431d-bf9b-f4133fcbcdba,c3,DROP,1007,?,i2,
1769501108.861092,FORWARDED,9032175e-c514-4467-8d8a-3beb82ebc665,9abd784c-d605-431d-bf9b-f4133fcbcdba,c3,DROP,1007,?,i2,
1769501108.8793008,SENT,a22074e3-9c29-4019-a932-170967b47ded,603c43b1-3563-496e-baa6-fe941e428b1b,c3,None,1604,?,i12,
1769501108.8793378,FORWARDED,a22074e3-9c29-4019-a932-170967b47ded,603c43b1-3563-496e-baa6-fe941e428b1b,c3,None,1604,?,i12,
1769501109.0205553,RECEIVED,a28f38e8-24d8-4718-bacf-5dfcc9c74861,1612bbbe-7349-4f20-9e37-0e8dfb50c428,c2,DROP,1439,p2,?,
1769501109.1709635,SENT,2daefdbd-0d8f-4a8f-8c10-78fb1d6f6231,a75f8186-160f-451d-95b4-1efeb78548ba,c5,None,1593,?,i2,
1769501109.1710062,FORWARDED,2daefdbd-0d8f-4a8f-8c10-78fb1d6f6231,a75f8186-160f-451d-95b4-1efeb78548ba,c5,None,1593,?,i2,
1769501109.2143698,RECEIVED,61617bd9-1ebd-409f-9f31-1b5b9a569297,1fd47835-b96b-4576-8e2f-7dd4b1b82966,c3,None,2240,p3,?,
1769501109.2766542,RECEIVED,e5eb5bde-57a9-4e3b-989d-9d53505211c8,24249420-6138-4852-9b9b-361b564772a9,c1,DROP,1447,p1,?,
1769501109.4212327,SENT,3b7d8090-d5e2-4379-9aff-7f8095d61797,804083ff-645d-4bcb-8e12-7d6cc307732f,c2,DROP,1016,?,i3,
1769501109.4212744,FORWARDED,3b7d8090-d5e2-4379-9aff-7f8095d61797,804083ff-645d-4bcb-8e12-7d6cc307732f,c2,DROP,1016,?,i3,
1769501109.427151,SENT,61617bd9-1ebd-409f-9f31-1b5b9a569297,1fd47835-b96b-4576-8e2f-7dd4b1b82966,c3,None,1607,?,i3,
1769501109.4271877,FORWARDED,61617bd9-1ebd-409f-9f31-1b5b9a569297,1fd47835-b96b-4576-8e2f-7dd4b1b82966,c3,None,1607,?,i3,
1769501109.9575229,RECEIVED,64ab83e9-ee12-47df-aeb9-03ffe6ee9221,f8dadf31-de51-4efd-ae50-f57cca31562c,c5,None,2231,p2,?,
1769501110.116442,RECEIVED,78543dba-1479-4354-b260-5928e430e9e2,132e43d9-c2e4-4171-8dc6-33da891b2c17,c1,DROP,440,x2,?,
1769501110.2655618,SENT,e5eb5bde-57a9-4e3b-989d-9d53505211c8,24249420-6138-4852-9b9b-361b564772a9,c1,DROP,1012,?,i4,
1769501110.2656062,FORWARDED,e5eb5bde-57a9-4e3b-989d-9d53505211c8,24249420-6138-4852-9b9b-361b564772a9,c1,DROP,1012,?,i4,
1769501110.3296697,RECEIVED,87f8d361-3e04-45cc-aa5a-92448b6ec17f,e86c5d36-d2ec-4b2b-8fb1-3465544a2139,c1,DROP,1439,p1,?,
1769501110.496694,RECEIVED,1f7a5c6e-ef8a-43d9-9d77-150816ce572e,05f016cc-927f-4ad2-a620-81c86eab4ecc,c4,DROP,1442,p1,?,
1769501110.531423,RECEIVED,de93c36c-e695-417b-bec4-02165d3cf45c,ea5551f0-f47d-4e23-a9d1-e24db8b38867,c2,DROP,1443,p2,?,
1769501110.5689433,SENT,1f7a5c6e-ef8a-43d9-9d77-150816ce572e,05f016cc-927f-4ad2-a620-81c86eab4ecc,c4,DROP,1008,?,i10,
1769501110.5689871,FORWARDED,1f7a5c6e-ef8a-43d9-9d77-150816ce572e,05f016cc-927f-4ad2-a620-81c86eab4ecc,c4,DROP,1008,?,i10,
1769501110.592204,SENT,87f8d361-3e04-45cc-aa5a-92448b6ec17f,e86c5d36-d2ec-4b2b-8fb1-3465544a2139,c1,DROP,1007,?,i8,
1769501110.5922456,FORWARDED,87f8d361-3e04-45cc-aa5a-92448b6ec17f,e86c5d36-d2ec-4b2b-8fb1-3465544a2139,c1,DROP,1007,?,i8,
1769501110.689478,RECEIVED,c3f6b2fd-bea4-40d1-8f47-7024118d0186,6b95cd7f-a8a5-473c-91e4-15ae8964abcf,c4,None,2224,p1,?,
1769501110.7121406,SENT,64ab83e9-ee12-47df-aeb9-03ffe6ee9221,f8dadf31-de51-4efd-ae50-f57cca31562c,c5,None,1601,?,i4,
1769501110.7121818,FORWARDED,64ab83e9-ee12-47df-aeb9-03ffe6ee9221,f8dadf31-de51-4efd-ae50-f57cca31562c,c5,None,1601,?,i4,
1769501110.7655044,RECEIVED,db56510b-5d8b-4477-b793-c5fe94e1beb2,085466f0-3811-4854-91b8-78bc658d80dd,c5,DROP,441,x6,?,
1769501110.7766774,RECEIVED,a8df2de2-e081-40c1-9f91-fe1169b1dd27,717be342-2137-490f-8a05-e5da3b4a7b5c,c2,DROP,1451,p2,?,
1769501110.7896712,RECEIVED,080c9533-94eb-4cc5-8cfb-b1554c3c3858,70458de4-1a46-49a2-a9f0-fe391454cb29,c5,None,2224,p2,?,
1769501110.7950435,SENT,de93c36c-e695-417b-bec4-02165d3cf45c,ea5551f0-f47d-4e23-a9d1-e24db8b38867,c2,DROP,1011,?,i2,
1769501110.795116,FORWARDED,de93c36c-e695-417b-bec4-02165d3cf45c,ea5551f0-f47d-4e23-a9d1-e24db8b38867,c2,DROP,1011,?,i2,
1769501110.8435752,SENT,a28f38e8-24d8-4718-bacf-5dfcc9c74861,1612bbbe-7349-4f20-9e37-0e8dfb50c428,c2,DROP,1007,?,i2,
1769501110.8436162,FORWARDED,a28f38e8-24d8-4718-bacf-5dfcc9c74861,1612bbbe-7349-4f20-9e37-0e8dfb50c428,c2,DROP,1007,?,i2,
1769501110.8638577,SENT,080c9533-94eb-4cc5-8cfb-b1554c3c3858,70458de4-1a46-49a2-a9f0-fe391454cb29,c5,None,1596,?,i6,
1769501110.8639011,FORWARDED,080c9533-94eb-4cc5-8cfb-b1554c3c3858,70458de4-1a46-49a2-a9f0-fe391454cb29,c5,None,1596,?,i6,
1769501110.9215248,RECEIVED,4eb0d845-daea-4ad4-b6c7-b402015c6e75,3bf042d2-b20c-4ba4-b301-7926fc71b241,c2,None,2232,p2,?,
1769501111.0563877,RECEIVED,08c832e3-3ece-4d73-8a55-f09f455cc6e0,ec94c11c-477c-4ead-8b78-37edd5d54616,c4,DROP,1443,p1,?,
1769501111.0968306,RECEIVED,512e6695-ed1d-464d-a495-2a836d8074d3,2b0fb6f4-4599-4243-93fe-a4729388fc1b,c5,DROP,1440,p2,?,
1769501111.144589,SENT,c3f6b2fd-bea4-40d1-8f47-7024118d0186,6b95cd7f-a8a5-473c-91e4-15ae8964abcf,c4,None,1594,?,i5,
1769501111.1446335,FORWARDED,c3f6b2fd-bea4-40d1-8f47-7024118d0186,6b95cd7f-a8a5-473c-91e4-15ae8964abcf,c4,None,1594,?,i5,
1769501111.1491275,RECEIVED,2ca69daa-8bb0-4d90-8b37-96a7818a026d,2e80d8b1-91f8-46a7-a0dd-7eb5a828d954,c1,None,2223,p1,?,
1769501111.3331752,RECEIVED,4a7c24cb-2e45-4cf9-9203-0b8eb4577d84,dfd88512-9a15-4b6f-a6f5-02cc33bb5c42,c1,DROP,1443,p1,?,
1769501111.3507493,SENT,4eb0d845-daea-4ad4-b6c7-b402015c6e75,3bf042d2-b20c-4ba4-b301-7926fc71b241,c2,None,1600,?,i7,
1769501111.3507907,FORWARDED,4eb0d845-daea-4ad4-b6c7-b402015c6e75,3bf042d2-b20c-4ba4-b301-7926fc71b241,c2,None,1600,?,i7,
1769501111.3886902,SENT,2ca69daa-8bb0-4d90-8b37-96a7818a026d,2e80d8b1-91f8-46a7-a0dd-7eb5a828d954,c1,None,1595,?,i6,
1769501111.38873,FORWARDED,2ca69daa-8bb0-4d90-8b37-96a7818a026d,2e80d8b1-91f8-46a7-a0dd-7eb5a828d954,c1,None,1595,?,i6,
1769501111.4453483,SENT,512e6695-ed1d-464d-a495-2a836d8074d3,2b0fb6f4-4599-4243-93fe-a4729388fc1b,c5,DROP,1008,?,i2,
1769501111.4453862,FORWARDED,512e6695-ed1d-464d-a495-2a836d8074d3,2b0fb6f4-4599-4243-93fe-a4729388fc1b,c5,DROP,1008,?,i2,
1769501111.6134717,RECEIVED,5b9573f1-4810-4518-b926-1d8def69fb48,a1c5021d-9e0d-4bd7-89ba-958e4a1cf135,c4,DROP,1440,p1,?,
1769501111.614793,RECEIVED,72b8b75d-3b49-4bac-bcab-857545e6f223,e1896f44-1c41-4e5b-b1cc-be593d56617c,c5,DROP,1448,p2,?,
1769501111.6478345,RECEIVED,060b3df5-a62d-4267-83e7-b98e3fe7ae1f,958927a1-8b0a-4cd3-a66d-c8cff0ce25ce,c2,DROP,1448,p2,?,
1769501111.685534,SENT,72b8b75d-3b49-4bac-bcab-857545e6f223,e1896f44-1c41-4e5b-b1cc-be593d56617c,c5,DROP,1012,?,i12,
1769501111.6855729,FORWARDED,72b8b75d-3b49-4bac-bcab-857545e6f223,e1896f44-1c41-4e5b-b1cc-be593d56617c,c5,DROP,1012,?,i12,
1769501111.7056122,RECEIVED,4772ace1-4b1c-4048-8905-5bbaee504695,f2c9997e-d8b4-43cc-9e04-de761636856c,c2,DROP,1440,p2,?,
1769501111.7848375,RECEIVED,efbd0d4d-83ac-4916-b1e6-bb6453a7a7f0,2f09a4d9-abfd-4158-9a8d-c36fddf3bbbf,c1,DROP,441,x8,?,
1769501111.8542178,SENT,5b9573f1-4810-4518-b926-1d8def69fb48,a1c5021d-9e0d-4bd7-89ba-958e4a1cf135,c4,DROP,1007,?,i6,
1769501111.8542864,FORWARDED,5b9573f1-4810-4518-b926-1d8def69fb48,a1c5021d-9e0d-4bd7-89ba-958e4a1cf135,c4,DROP,1007,?,i6,
1769501111.8702857,RECEIVED,c0f5ca47-50dc-4a10-a8f3-215f695dc0ce,3922731f-b08a-4c03-850c-636cc27ac888,c3,None,2233,p3,?,
1769501111.9334567,SENT,060b3df5-a62d-4267-83e7-b98e3fe7ae1f,958927a1-8b0a-4cd3-a66d-c8cff0ce25ce,c2,DROP,1012,?,i4,
1769501111.933498,FORWARDED,060b3df5-a62d-4267-83e7-b98e3fe7ae1f,958927a1-8b0a-4cd3-a66d-c8cff0ce25ce,c2,DROP,1012,?,i4,
1769501111.9669971,SENT,a8df2de2-e081-40c1-9f91-fe1169b1dd27,717be342-2137-490f-8a05-e5da3b4a7b5c,c2,DROP,1015,?,i6,
1769501111.9670413,FORWARDED,a8df2de2-e081-40c1-9f91-fe1169b1dd27,717be342-2137-490f-8a05-e5da3b4a7b5c,c2,DROP,1015,?,i6,
1769501112.0923934,RECEIVED,cea03a91-b092-40c0-8e13-575189bdc5c6,09aa286b-25fc-4d73-9f68-784147fa7f98,c3,DROP,443,x3,?,
1769501112.2155075,RECEIVED,c7cd0bf6-4a9b-4c45-9cab-eb650cfe13f2,3d8d6970-771e-4dca-8f2f-e49dc117ee3f,c2,DROP,1444,p2,?,
1769501112.2470038,RECEIVED,960000ed-81b7-4498-9ca7-49c9aa2969ae,86c70dea-3ac9-49fb-b4ee-dede0dfd2a4e,c4,DROP,1461,p1,?,
1769501112.2703779,RECEIVED,c51b177e-7890-4799-8d32-507df5a16a84,5818213e-fd99-4da7-b1e7-254d16022fe7,c2,DROP,441,x1,?,
1769501112.356294,SENT,c7cd0bf6-4a9b-4c45-9cab-eb650cfe13f2,3d8d6970-771e-4dca-8f2f-e49dc117ee3f,c2,DROP,1011,?,i5,
1769501112.356334,FORWARDED,c7cd0bf6-4a9b-4c45-9cab-eb650cfe13f2,3d8d6970-771e-4dca-8f2f-e49dc117ee3f,c2,DROP,1011,?,i5,
1769501112.3945222,SENT,08c832e3-3ece-4d73-8a55-f09f455cc6e0,ec94c11c-477c-4ead-8b78-37edd5d54616,c4,DROP,1009,?,i4,
1769501112.3945675,FORWARDED,08c832e3-3ece-4d73-8a55-f09f455cc6e0,ec94c11c-477c-4ead-8b78-37edd5d54616,c4,DROP,1009,?,i4,
1769501112.474843,SENT,960000ed-81b7-4498-9ca7-49c9aa2969ae,86c70dea-3ac9-49fb-b4ee-dede0dfd2a4e,c4,DROP,1022,?,i10,
1769501112.4748845,FORWARDED,960000ed-81b7-4498-9ca7-49c9aa2969ae,86c70dea-3ac9-49fb-b4ee-dede0dfd2a4e,c4,DROP,1022,?,i10,
1769501112.6565983,SENT,4772ace1-4b1c-4048-8905-5bbaee504695,f2c9997e-d8b4-43cc-9e04-de761636856c,c2,DROP,1007,?,i12,
1769501112.6566453,FORWARDED,4772ace1-4b1c-4048-8905-5bbaee504695,f2c9997e-d8b4-43cc-9e04-de761636856c,c2,DROP,1007,?,i12,
1769501112.9441118,RECEIVED,17299c79-ce0b-4b09-9092-0e1ccf1d08b6,2c29428c-a9db-4b32-814d-0b2ae6273fa1,c3,None,2223,p3,?,
1769501112.9582164,RECEIVED,c8697392-dcae-4b21-8260-7125949a36b1,91a4c65f-883e-445a-b7e1-7ba3f83b7a6a,c2,None,2234,p2,?,
1769501113.0794256,RECEIVED,4d1f5ddf-89ee-4036-8805-92f065bf839b,0e60d68e-09a9-407c-b7f7-1668d2717ad3,c3,None,2223,p3,?,
1769501113.2384465,RECEIVED,3737e536-0881-41a5-889d-e7c95ca99167,1bb0a6be-0f5c-458b-8c44-307684754004,c2,c1,2472,p2,?,
1769501113.317933,RECEIVED,43ce0c8e-daee-4b57-966a-0db46dafce93,f1905f15-467d-4d10-b28e-67c72036bbdb,c5,DROP,1443,p2,?,
1769501113.3818119,SENT,4a7c24cb-2e45-4cf9-9203-0b8eb4577d84,dfd88512-9a15-4b6f-a6f5-02cc33bb5c42,c1,DROP,1009,?,i1,
1769501113.381854,FORWARDED,4a7c24cb-2e45-4cf9-9203-0b8eb4577d84,dfd88512-9a15-4b6f-a6f5-02cc33bb5c42,c1,DROP,1009,?,i1,
1769501113.3952303,SENT,3737e536-0881-41a5-889d-e7c95ca99167,1bb0a6be-0f5c-458b-8c44-307684754004,c2,c1,1780,?,i5,
1769501113.395272,FORWARDED,3737e536-0881-41a5-889d-e7c95ca99167,1bb0a6be-0f5c-458b-8c44-307684754004,c2,c1,1780,?,i5,
1769501113.5913901,SENT,43ce0c8e-daee-4b57-966a-0db46dafce93,f1905f15-467d-4d10-b28e-67c72036bbdb,c5,DROP,1011,?,i2,
1769501113.5914302,FORWARDED,43ce0c8e-daee-4b57-966a-0db46dafce93,f1905f15-467d-4d10-b28e-67c72036bbdb,c5,DROP,1011,?,i2,
1769501113.780533,SENT,4d1f5ddf-89ee-4036-8805-92f065bf839b,0e60d68e-09a9-407c-b7f7-1668d2717ad3,c3,None,1595,?,i7,
1769501113.780576,FORWARDED,4d1f5ddf-89ee-4036-8805-92f065bf839b,0e60d68e-09a9-407c-b7f7-1668d2717ad3,c3,None,1595,?,i7,
1769501113.9682827,RECEIVED,2832ff66-0d83-48a3-b8cb-826c04493da9,25d22b6a-0806-4a18-a470-d114d820bbd1,c3,None,2228,p3,?,
1769501114.0467129,RECEIVED,d6eb26a0-b8cc-4d5c-af6c-94bea2513122,5ca847d3-8677-4c92-aeba-9a65c07e9e4c,c1,DROP,442,x12,?,
1769501114.0760262,SENT,c8697392-dcae-4b21-8260-7125949a36b1,91a4c65f-883e-445a-b7e1-7ba3f83b7a6a,c2,None,1604,?,i4,
1769501114.0760794,FORWARDED,c8697392-dcae-4b21-8260-7125949a36b1,91a4c65f-883e-445a-b7e1-7ba3f83b7a6a,c2,None,1604,?,i4,
1769501114.1875427,RECEIVED,5eaf53ba-60fb-470f-b8e2-74f994be0622,5091b6a0-da42-47c3-9e22-aa9dcf12946d,c2,DROP,1440,p2,?,
1769501114.2021077,RECEIVED,0029a4a1-8c3e-4770-8fb5-1da8725a8bec,bc29f86e-7650-47a2-a2d5-c9b808680c5f,c5,c2,2472,p2,?,
1769501114.269122,SENT,17299c79-ce0b-4b09-9092-0e1ccf1d08b6,2c29428c-a9db-4b32-814d-0b2ae6273fa1,c3,None,1596,?,i11,
1769501114.2691612,FORWARDED,17299c79-ce0b-4b09-9092-0e1ccf1d08b6,2c29428c-a9db-4b32-814d-0b2ae6273fa1,c3,None,1596,?,i11,
1769501114.2735138,SENT,c0f5ca47-50dc-4a10-a8f3-215f695dc0ce,3922731f-b08a-4c03-850c-636cc27ac888,c3,None,1603,?,i4,
1769501114.2735548,FORWARDED,c0f5ca47-50dc-4a10-a8f3-215f695dc0ce,3922731f-b08a-4c03-850c-636cc27ac888,c3,None,1603,?,i4,
1769501114.3615267,RECEIVED,43b12e5b-8b92-4e17-86a3-9fe7a08f3608,c1943504-65d2-4778-b897-aaafc9381fb0,c1,DROP,1447,p1,?,
1769501114.3984923,RECEIVED,3a0d9f7b-f94d-45b4-b977-d3b1520653f0,856f25cc-ac9d-431b-88cc-dadaa3b74b74,c1,DROP,1441,p1,?,
1769501114.410945,RECEIVED,5afa96e1-10f9-4cb0-9d6d-9e19c0d8a2cb,9f16c481-a8da-42e2-a74b-afe1567e05e0,c1,DROP,1441,p1,?,
1769501114.4411976,SENT,5afa96e1-10f9-4cb0-9d6d-9e19c0d8a2cb,9f16c481-a8da-42e2-a74b-afe1567e05e0,c1,DROP,1007,?,i4,
1769501114.4412336,FORWARDED,5afa96e1-10f9-4cb0-9d6d-9e19c0d8a2cb,9f16c481-a8da-42e2-a74b-afe1567e05e0,c1,DROP,1007,?,i4,
1769501114.4463432,SENT,3a0d9f7b-f94d-45b4-b977-d3b1520653f0,856f25cc-ac9d-431b-88cc-dadaa3b74b74,c1,DROP,1008,?,i7,
1769501114.446394,FORWARDED,3a0d9f7b-f94d-45b4-b977-d3b1520653f0,856f25cc-ac9d-431b-88cc-dadaa3b74b74,c1,DROP,1008,?,i7,
1769501114.4591062,SENT,2832ff66-0d83-48a3-b8cb-826c04493da9,25d22b6a-0806-4a18-a470-d114d820bbd1,c3,None,1599,?,i5,
1769501114.4591897,FORWARDED,2832ff66-0d83-48a3-b8cb-826c04493da9,25d22b6a-0806-4a18-a470-d114d820bbd1,c3,None,1599,?,i5,
1769501114.5395532,RECEIVED,1fead159-7370-4b14-b696-292329c9689a,14bddff8-ce71-4296-8bf5-be90c5fd0a52,c2,DROP,445,x11,?,
1769501114.5614552,RECEIVED,3b40a53a-fbdd-41b5-bddc-548bd247be7a,983dfb4e-0e0b-44ac-b87c-dc922aec9452,c2,DROP,1443,p2,?,
1769501114.6114366,SENT,5eaf53ba-60fb-470f-b8e2-74f994be0622,5091b6a0-da42-47c3-9e22-aa9dcf12946d,c2,DROP,1006,?,i2,
1769501114.6114795,FORWARDED,5eaf53ba-60fb-470f-b8e2-74f994be0622,5091b6a0-da42-47c3-9e22-aa9dcf12946d,c2,DROP,1006,?,i2,
1769501114.6844254,RECEIVED,55fcd239-dfa8-42a3-a086-cf32c9281a96,20979cc0-53f9-452b-9f98-be0d5386f287,c5,DROP,1451,p2,?,
1769501114.7830758,RECEIVED,e3308796-3308-4314-8748-4609df4f7cae,18f4603f-e825-45c6-abf7-343f3375152d,c3,c4,2463,p3,?,
1769501114.834383,RECEIVED,eebeb353-486b-440c-9da1-c8ce68146204,2865abd1-776d-4af1-9388-665ebad472ff,c1,DROP,1456,p1,?,
1769501114.836585,RECEIVED,664805f9-01d1-43bd-bafc-0d5ff92bf699,d4ea91c8-fadc-4667-8239-92e93bad9f22,c2,DROP,1443,p2,?,
1769501114.917676,SENT,eebeb353-486b-440c-9da1-c8ce68146204,2865abd1-776d-4af1-9388-665ebad472ff,c1,DROP,1020,?,i10,
1769501114.9177194,FORWARDED,eebeb353-486b-440c-9da1-c8ce68146204,2865abd1-776d-4af1-9388-665ebad472ff,c1,DROP,1020,?,i10,
1769501114.93155,SENT,0029a4a1-8c3e-4770-8fb5-1da8725a8bec,bc29f86e-7650-47a2-a2d5-c9b808680c5f,c5,c2,1780,?,i11,
1769501114.9315941,FORWARDED,0029a4a1-8c3e-4770-8fb5-1da8725a8bec,bc29f86e-7650-47a2-a2d5-c9b808680c5f,c5,c2,1780,?,i11,
1769501114.9497445,RECEIVED,7a5fc010-e11a-4556-bedd-26fde23b6556,af7f5bdf-373a-4922-8bbc-17b24f7aceab,c5,c2,2472,p2,?,
1769501115.0203552,RECEIVED,f614a4bc-2724-4e25-a6bc-95b0f97983b8,55ad25b3-e4e9-4b20-bdbd-a24dabe3c88d,c5,DROP,1443,p2,?,
1769501115.0391247,SENT,7a5fc010-e11a-4556-bedd-26fde23b6556,af7f5bdf-373a-4922-8bbc-17b24f7aceab,c5,c2,1780,?,i12,
1769501115.039168,FORWARDED,7a5fc010-e11a-4556-bedd-26fde23b6556,af7f5bdf-373a-4922-8bbc-17b24f7aceab,c5,c2,1780,?,i12,
1769501115.1134322,RECEIVED,5a88d3a7-633e-4afa-8145-c1f5e433d470,b7f279c1-a149-48c6-8c2d-2e19e3d1815c,c2,DROP,445,x10,?,
1769501115.164081,SENT,3b40a53a-fbdd-41b5-bddc-548bd247be7a,983dfb4e-0e0b-44ac-b87c-dc922aec9452,c2,DROP,1009,?,i3,
1769501115.1641219,FORWARDED,3b40a53a-fbdd-41b5-bddc-548bd247be7a,983dfb4e-0e0b-44ac-b87c-dc922aec9452,c2,DROP,1009,?,i3,
1769501115.2629113,SENT,f614a4bc-2724-4e25-a6bc-95b0f97983b8,55ad25b3-e4e9-4b20-bdbd-a24dabe3c88d,c5,DROP,1009,?,i4,
1769501115.262952,FORWARDED,f614a4bc-2724-4e25-a6bc-95b0f97983b8,55ad25b3-e4e9-4b20-bdbd-a24dabe3c88d,c5,DROP,1009,?,i4,
1769501115.3045115,SENT,43b12e5b-8b92-4e17-86a3-9fe7a08f3608,c1943504-65d2-4778-b897-aaafc9381fb0,c1,DROP,1014,?,i7,
1769501115.3045497,FORWARDED,43b12e5b-8b92-4e17-86a3-9fe7a08f3608,c1943504-65d2-4778-b897-aaafc9381fb0,c1,DROP,1014,?,i7,
1769501115.3743834,RECEIVED,6f8517f5-a2ba-4dc7-b947-491272ca64d5,c8cc08e2-eb1b-4de6-bced-1f8b7366de06,c3,DROP,1435,p3,?,
1769501115.3807182,RECEIVED,88455516-18e7-4434-8765-620dd4dad126,5d7052be-0ab1-4c11-968c-273db223fa1f,c3,DROP,1444,p3,?,
1769501115.59255,RECEIVED,21d45fc4-f21a-400f-a0a7-0dbf427f23ef,053f1d18-0f80-4998-a78a-748d6617b315,c3,DROP,1439,p3,?,
1769501115.640554,RECEIVED,a0c34abb-cd93-4d0b-ab68-4c3857aecb00,cfc1b388-79cd-4958-bed3-fe9f8fc0870e,c3,None,2240,p3,?,
1769501115.6861515,SENT,664805f9-01d1-43bd-bafc-0d5ff92bf699,d4ea91c8-fadc-4667-8239-92e93bad9f22,c2,DROP,1011,?,i5,
1769501115.6861897,FORWARDED,664805f9-01d1-43bd-bafc-0d5ff92bf699,d4ea91c8-fadc-4667-8239-92e93bad9f22,c2,DROP,1011,?,i5,
1769501115.700887,SENT,88455516-18e7-4434-8765-620dd4dad126,5d7052be-0ab1-4c11-968c-273db223fa1f,c3,DROP,1011,?,i4,
1769501115.7009292,FORWARDED,88455516-18e7-4434-8765-620dd4dad126,5d7052be-0ab1-4c11-968c-273db223fa1f,c3,DROP,1011,?,i4,
1769501115.809646,SENT,6f8517f5-a2ba-4dc7-b947-491272ca64d5,c8cc08e2-eb1b-4de6-bced-1f8b7366de06,c3,DROP,1003,?,i5,
1769501115.8097005,FORWARDED,6f8517f5-a2ba-4dc7-b947-491272ca64d5,c8cc08e2-eb1b-4de6-bced-1f8b7366de06,c3,DROP,1003,?,i5,
1769501115.8685796,SENT,e3308796-3308-4314-8748-4609df4f7cae,18f4603f-e825-45c6-abf7-343f3375152d,c3,c4,1776,?,i8,
1769501115.8686259,FORWARDED,e3308796-3308-4314-8748-4609df4f7cae,18f4603f-e825-45c6-abf7-343f3375152d,c3,c4,1776,?,i8,
1769501116.0314724,RECEIVED,785d8568-f44a-4471-bb5d-4911012f501b,20642f99-554c-4efe-ae40-c29fa4ddeb07,c2,DROP,441,x2,?,
1769501116.2032504,RECEIVED,bd74ab4f-3e14-4894-8db9-9caa9188f716,50e7c76a-2ded-4a1e-b771-cf7da26de2ab,c4,DROP,441,x6,?,
1769501116.2138824,RECEIVED,aa7f2d15-472f-429a-993e-4620ef91dce8,7bc7f5fd-fd7b-4241-ba73-4c0b189a8190,c4,DROP,1441,p1,?,
1769501116.2454267,SENT,21d45fc4-f21a-400f-a0a7-0dbf427f23ef,053f1d18-0f80-4998-a78a-748d6617b315,c3,DROP,1008,?,i1,
1769501116.2454672,FORWARDED,21d45fc4-f21a-400f-a0a7-0dbf427f23ef,053f1d18-0f80-4998-a78a-748d6617b315,c3,DROP,1008,?,i1,
1769501116.248211,SENT,aa7f2d15-472f-429a-993e-4620ef91dce8,7bc7f5fd-fd7b-4241-ba73-4c0b189a8190,c4,DROP,1007,?,i11,
1769501116.2482529,FORWARDED,aa7f2d15-472f-429a-993e-4620ef91dce8,7bc7f5fd-fd7b-4241-ba73-4c0b189a8190,c4,DROP,1007,?,i11,
1769501116.2765431,RECEIVED,de157309-ab08-48a1-b493-425f585c7e70,35ee3d8c-57a3-439e-a325-95411c4767c6,c4,DROP,1451,p1,?,
1769501116.2897904,SENT,a0c34abb-cd93-4d0b-ab68-4c3857aecb00,cfc1b388-79cd-4958-bed3-fe9f8fc0870e,c3,None,1608,?,i12,
1769501116.2898357,FORWARDED,a0c34abb-cd93-4d0b-ab68-4c3857aecb00,cfc1b388-79cd-4958-bed3-fe9f8fc0870e,c3,None,1608,?,i12,
1769501116.337483,RECEIVED,e4fd5cca-dbb4-4ecd-a326-c96d4c2e6591,b4cffb0c-7e71-4a60-aee0-5ecd216cdee5,c1,DROP,1432,p1,?,
1769501116.3556774,RECEIVED,423efe69-e8b2-45d1-9f3c-1aaea5203fff,ccb58f56-a832-4896-9a7c-3df9e52b1e9e,c2,None,2245,p2,?,
1769501116.4464123,RECEIVED,614d7554-91ed-4630-97ea-1a59c78817c4,b4d59975-5c78-456d-908b-b661d6469eeb,c2,DROP,1439,p2,?,
1769501116.55334,SENT,e4fd5cca-dbb4-4ecd-a326-c96d4c2e6591,b4cffb0c-7e71-4a60-aee0-5ecd216cdee5,c1,DROP,1000,?,i8,
1769501116.5533805,FORWARDED,e4fd5cca-dbb4-4ecd-a326-c96d4c2e6591,b4cffb0c-7e71-4a60-aee0-5ecd216cdee5,c1,DROP,1000,?,i8,
1769501116.567711,RECEIVED,b138df39-a975-4cd5-ae77-d897e1dcc291,31df032a-5bb0-4c8d-8779-19a66b65392b,c4,None,2237,p1,?,
1769501116.5871148,RECEIVED,7a3c8121-1710-43b4-bfa7-5424aa033b42,f1af4098-9716-40eb-af25-ab3b2ea20dff,c3,c4,2474,p3,?,
1769501116.6001058,RECEIVED,ac2c852e-7858-4fa4-9a37-20fa2f3f41d7,a6a84e86-a140-41ea-bd09-3fc60a1b0bed,c4,c3,2448,p1,?,
1769501116.655878,SENT,b138df39-a975-4cd5-ae77-d897e1dcc291,31df032a-5bb0-4c8d-8779-19a66b65392b,c4,None,1605,?,i11,
1769501116.6559224,FORWARDED,b138df39-a975-4cd5-ae77-d897e1dcc291,31df032a-5bb0-4c8d-8779-19a66b65392b,c4,None,1605,?,i11,
1769501116.6588333,SENT,ac2c852e-7858-4fa4-9a37-20fa2f3f41d7,a6a84e86-a140-41ea-bd09-3fc60a1b0bed,c4,c3,1763,?,i6,
1769501116.6588745,FORWARDED,ac2c852e-7858-4fa4-9a37-20fa2f3f41d7,a6a84e86-a140-41ea-bd09-3fc60a1b0bed,c4,c3,1763,?,i6,
1769501116.732349,SENT,55fcd239-dfa8-42a3-a086-cf32c9281a96,20979cc0-53f9-452b-9f98-be0d5386f287,c5,DROP,1015,?,i10,
1769501116.7323902,FORWARDED,55fcd239-dfa8-42a3-a086-cf32c9281a96,20979cc0-53f9-452b-9f98-be0d5386f287,c5,DROP,1015,?,i10,
1769501116.7633069,SENT,de157309-ab08-48a1-b493-425f585c7e70,35ee3d8c-57a3-439e-a325-95411c4767c6,c4,DROP,1016,?,i1,
1769501116.7633576,FORWARDED,de157309-ab08-48a1-b493-425f585c7e70,35ee3d8c-57a3-439e-a325-95411c4767c6,c4,DROP,1016,?,i1,
1769501116.8395188,SENT,423efe69-e8b2-45d1-9f3c-1aaea5203fff,ccb58f56-a832-4896-9a7c-3df9e52b1e9e,c2,None,1611,?,i12,
1769501116.8395555,FORWARDED,423efe69-e8b2-45d1-9f3c-1aaea5203fff,ccb58f56-a832-4896-9a7c-3df9e52b1e9e,c2,None,1611,?,i12,
1769501116.955889,RECEIVED,b46d7d0d-d23e-406c-aab3-2419dffd9bcb,903b4348-883e-4078-bd25-dfdd6f74dc3c,c2,DROP,1453,p2,?,
1769501116.971989,RECEIVED,d5a65d43-e8e1-4e3d-a2cb-df7b4434eef6,33e767e4-a7f9-42e6-bcfc-c4abd2c5617e,c3,DROP,1440,p3,?,
1769501117.0439756,SENT,b46d7d0d-d23e-406c-aab3-2419dffd9bcb,903b4348-883e-4078-bd25-dfdd6f74dc3c,c2,DROP,1015,?,i8,
1769501117.0440173,FORWARDED,b46d7d0d-d23e-406c-aab3-2419dffd9bcb,903b4348-883e-4078-bd25-dfdd6f74dc3c,c2,DROP,1015,?,i8,
1769501117.086372,SENT,7a3c8121-1710-43b4-bfa7-5424aa033b42,f1af4098-9716-40eb-af25-ab3b2ea20dff,c3,c4,1784,?,i10,
1769501117.0864136,FORWARDED,7a3c8121-1710-43b4-bfa7-5424aa033b42,f1af4098-9716-40eb-af25-ab3b2ea20dff,c3,c4,1784,?,i10,
1769501117.2522156,SENT,d5a65d43-e8e1-4e3d-a2cb-df7b4434eef6,33e767e4-a7f9-42e6-bcfc-c4abd2c5617e,c3,DROP,1008,?,i1,
1769501117.252257,FORWARDED,d5a65d43-e8e1-4e3d-a2cb-df7b4434eef6,33e767e4-a7f9-42e6-bcfc-c4abd2c5617e,c3,DROP,1008,?,i1,
1769501117.288256,RECEIVED,fc65218f-c081-4518-85a4-169034763ba9,99256f47-946d-4acb-aeac-c293fefa3152,c4,DROP,1439,p1,?,
1769501117.325759,RECEIVED,98335246-7ee0-4d90-9224-d6f01ac6a04d,d528ea78-c35f-4e14-87a3-6938f511dc04,c4,DROP,1447,p1,?,
1769501117.3489518,RECEIVED,6c622ff7-fc96-4370-bd28-c863b4e6b295,fb023a57-5ce8-4d68-a0fd-2764c02efaac,c4,DROP,1440,p1,?,
1769501117.4318492,RECEIVED,9f824ea5-d2f6-4d9c-a258-723c779bb757,7c189cac-5014-40ce-9409-e75632a3c1ad,c5,c2,2475,p2,?,
1769501117.4457016,SENT,6c622ff7-fc96-4370-bd28-c863b4e6b295,fb023a57-5ce8-4d68-a0fd-2764c02efaac,c4,DROP,1008,?,i9,
1769501117.4457428,FORWARDED,6c622ff7-fc96-4370-bd28-c863b4e6b295,fb023a57-5ce8-4d68-a0fd-2764c02efaac,c4,DROP,1008,?,i9,
1769501117.5571117,RECEIVED,8ed65570-545b-4b2e-bb6b-ca3035ed2602,357cba51-d223-4f4d-9e1e-9ac6b0d2075f,c1,None,2228,p1,?,
1769501117.5577488,RECEIVED,8fc1e3ad-3a14-4963-8170-e91bd71c0aec,b08aa3ff-ff9e-45d1-8212-01698ef976bf,c3,DROP,1447,p3,?,
1769501117.5843472,SENT,614d7554-91ed-4630-97ea-1a59c78817c4,b4d59975-5c78-456d-908b-b661d6469eeb,c2,DROP,1008,?,i3,
1769501117.5843859,FORWARDED,614d7554-91ed-4630-97ea-1a59c78817c4,b4d59975-5c78-456d-908b-b661d6469eeb,c2,DROP,1008,?,i3,
1769501117.6608312,RECEIVED,5b6752d6-f59d-40ed-a3cd-c12c432ba625,0f9907bc-dc4c-4faa-9748-520c1dfbe598,c5,DROP,1439,p2,?,
1769501117.680727,RECEIVED,30dd95e1-5b42-4c14-8731-c8f01303a28b,8599703a-8af1-4e71-a7bc-725e0b9e81da,c5,DROP,1456,p2,?,
1769501117.7391067,RECEIVED,c4b9aca3-3b8b-4cac-a68b-645177f5c9b1,440ec6bf-f2c3-4baf-8938-4a90e2434aa2,c4,DROP,1452,p1,?,
1769501117.7534301,RECEIVED,3ef36a37-51c5-4bfd-af81-f0b5adadd48f,283c28bd-194b-4757-be5a-d14139ad2dca,c2,None,2229,p2,?,
1769501117.7834249,SENT,30dd95e1-5b42-4c14-8731-c8f01303a28b,8599703a-8af1-4e71-a7bc-725e0b9e81da,c5,DROP,1020,?,i9,
1769501117.7834654,FORWARDED,30dd95e1-5b42-4c14-8731-c8f01303a28b,8599703a-8af1-4e71-a7bc-725e0b9e81da,c5,DROP,1020,?,i9,
1769501117.8153858,RECEIVED,8ea5e551-678b-42ea-9f5e-20fdc63f028a,1744d502-a7db-4c01-a840-42cb91155808,c3,DROP,442,x8,?,
1769501117.936684,SENT,98335246-7ee0-4d90-9224-d6f01ac6a04d,d528ea78-c35f-4e14-87a3-6938f511dc04,c4,DROP,1013,?,i2,
1769501117.9367273,FORWARDED,98335246-7ee0-4d90-9224-d6f01ac6a04d,d528ea78-c35f-4e14-87a3-6938f511dc04,c4,DROP,1013,?,i2,
1769501118.0433366,SENT,c4b9aca3-3b8b-4cac-a68b-645177f5c9b1,440ec6bf-f2c3-4baf-8938-4a90e2434aa2,c4,DROP,1016,?,i2,
1769501118.0433767,FORWARDED,c4b9aca3-3b8b-4cac-a68b-645177f5c9b1,440ec6bf-f2c3-4baf-8938-4a90e2434aa2,c4,DROP,1016,?,i2,
1769501118.1040351,SENT,8fc1e3ad-3a14-4963-8170-e91bd71c0aec,b08aa3ff-ff9e-45d1-8212-01698ef976bf,c3,DROP,1014,?,i7,
1769501118.104815,FORWARDED,8fc1e3ad-3a14-4963-8170-e91bd71c0aec,b08aa3ff-ff9e-45d1-8212-01698ef976bf,c3,DROP,1014,?,i7,
1769501118.1279645,SENT,3ef36a37-51c5-4bfd-af81-f0b5adadd48f,283c28bd-194b-4757-be5a-d14139ad2dca,c2,None,1599,?,i12,
1769501118.128006,FORWARDED,3ef36a37-51c5-4bfd-af81-f0b5adadd48f,283c28bd-194b-4757-be5a-d14139ad2dca,c2,None,1599,?,i12,
1769501118.2057843,SENT,fc65218f-c081-4518-85a4-169034763ba9,99256f47-946d-4acb-aeac-c293fefa3152,c4,DROP,1008,?,i6,
1769501118.2058256,FORWARDED,fc65218f-c081-4518-85a4-169034763ba9,99256f47-946d-4acb-aeac-c293fefa3152,c4,DROP,1008,?,i6,
1769501118.2370312,RECEIVED,7e74d6e8-93f7-40f0-815e-6233e60760f2,02839346-e63c-415c-8813-57521a36dfa3,c4,DROP,1439,p1,?,
1769501118.3766372,RECEIVED,8a9a96e1-ad76-452b-bb7e-044a2dcdd097,bda6c1db-9845-49d1-8650-b8798abde474,c3,DROP,1440,p3,?,
1769501118.3810663,RECEIVED,14885c21-c13e-4a6a-a150-01232630b645,ca96265f-14e2-4ccc-baba-72f802ff063b,c3,DROP,1447,p3,?,
1769501118.4519074,RECEIVED,8eb8a621-178a-414f-98e5-49113f19944b,eaa411c8-1c89-46cc-b458-025db3fee9f0,c3,DROP,1451,p3,?,
1769501118.466611,RECEIVED,2d563436-29b7-4d96-ac2a-fe70d6a836d1,a96d3e8e-7e85-41f8-a8af-d3ff1582cc5c,c1,DROP,441,x11,?,
1769501118.5745666,SENT,8a9a96e1-ad76-452b-bb7e-044a2dcdd097,bda6c1db-9845-49d1-8650-b8798abde474,c3,DROP,1008,?,i2,
1769501118.5746076,FORWARDED,8a9a96e1-ad76-452b-bb7e-044a2dcdd097,bda6c1db-9845-49d1-8650-b8798abde474,c3,DROP,1008,?,i2,
1769501118.5907154,SENT,9f824ea5-d2f6-4d9c-a258-723c779bb757,7c189cac-5014-40ce-9409-e75632a3c1ad,c5,c2,1784,?,i12,
1769501118.5907567,FORWARDED,9f824ea5-d2f6-4d9c-a258-723c779bb757,7c189cac-5014-40ce-9409-e75632a3c1ad,c5,c2,1784,?,i12,
1769501118.630462,SENT,5b6752d6-f59d-40ed-a3cd-c12c432ba625,0f9907bc-dc4c-4faa-9748-520c1dfbe598,c5,DROP,1006,?,i3,
1769501118.6305022,FORWARDED,5b6752d6-f59d-40ed-a3cd-c12c432ba625,0f9907bc-dc4c-4faa-9748-520c1dfbe598,c5,DROP,1006,?,i3,
1769501118.6354363,SENT,8ed65570-545b-4b2e-bb6b-ca3035ed2602,357cba51-d223-4f4d-9e1e-9ac6b0d2075f,c1,None,1599,?,i11,
1769501118.6354778,FORWARDED,8ed65570-545b-4b2e-bb6b-ca3035ed2602,357cba51-d223-4f4d-9e1e-9ac6b0d2075f,c1,None,1599,?,i11,
1769501118.7766173,SENT,14885c21-c13e-4a6a-a150-01232630b645,ca96265f-14e2-4ccc-baba-72f802ff063b,c3,DROP,1012,?,i10,
1769501118.7766542,FORWARDED,14885c21-c13e-4a6a-a150-01232630b645,ca96265f-14e2-4ccc-baba-72f802ff063b,c3,DROP,1012,?,i10,
1769501118.833369,RECEIVED,355917b6-b6f3-49e2-a875-499f8477b79b,d2460cf0-2814-4eea-bb65-ba30e361c482,c4,DROP,441,x5,?,
1769501118.8536427,RECEIVED,0974a022-482d-47dc-a127-c7a535b84d8b,6fbebcd5-d4a4-4636-ba17-46de8dcf187e,c4,DROP,1439,p1,?,
1769501119.020227,RECEIVED,1c7464d1-6d54-4d1d-a76a-fb6c927e9409,d3588f15-0377-423e-8821-1995b00554c6,c3,DROP,1450,p3,?,
1769501119.037218,SENT,7e74d6e8-93f7-40f0-815e-6233e60760f2,02839346-e63c-415c-8813-57521a36dfa3,c4,DROP,1008,?,i3,
1769501119.0372584,FORWARDED,7e74d6e8-93f7-40f0-815e-6233e60760f2,02839346-e63c-415c-8813-57521a36dfa3,c4,DROP,1008,?,i3,
1769501119.0477371,RECEIVED,bd314878-7b0a-4b83-8222-d85a253372a8,32e1ff39-2513-42dc-a972-f21a6ee918d9,c3,None,2248,p3,?,
1769501119.0817552,RECEIVED,56bf3e81-fd2c-477e-9abd-f7a89dddebfa,5b83ac48-5af2-47da-a12a-b41e18049bfa,c4,DROP,1452,p1,?,
1769501119.2144141,SENT,0974a022-482d-47dc-a127-c7a535b84d8b,6fbebcd5-d4a4-4636-ba17-46de8dcf187e,c4,DROP,1006,?,i2,
1769501119.2144582,FORWARDED,0974a022-482d-47dc-a127-c7a535b84d8b,6fbebcd5-d4a4-4636-ba17-46de8dcf187e,c4,DROP,1006,?,i2,
1769501119.28821,RECEIVED,4916da9e-9664-4a3a-ad60-af32cdb94b79,5bc64952-6daf-4466-9437-cb6033c25531,c4,DROP,1444,p1,?,
1769501119.3432853,SENT,4916da9e-9664-4a3a-ad60-af32cdb94b79,5bc64952-6daf-4466-9437-cb6033c25531,c4,DROP,1011,?,i4,
1769501119.3433242,FORWARDED,4916da9e-9664-4a3a-ad60-af32cdb94b79,5bc64952-6daf-4466-9437-cb6033c25531,c4,DROP,1011,?,i4,
1769501119.3561587,RECEIVED,6eece496-d496-41c5-bd69-6d799e3e25e3,f2b8d57a-f462-418d-8080-8ab9cf6a3043,c2,DROP,1440,p2,?,
1769501119.36344,SENT,56bf3e81-fd2c-477e-9abd-f7a89dddebfa,5b83ac48-5af2-47da-a12a-b41e18049bfa,c4,DROP,1016,?,i6,
1769501119.3634806,FORWARDED,56bf3e81-fd2c-477e-9abd-f7a89dddebfa,5b83ac48-5af2-47da-a12a-b41e18049bfa,c4,DROP,1016,?,i6,
1769501119.3840675,SENT,6eece496-d496-41c5-bd69-6d799e3e25e3,f2b8d57a-f462-418d-8080-8ab9cf6a3043,c2,DROP,1007,?,i1,
1769501119.3841124,FORWARDED,6eece496-d496-41c5-bd69-6d799e3e25e3,f2b8d57a-f462-418d-8080-8ab9cf6a3043,c2,DROP,1007,?,i1,
1769501119.398609,RECEIVED,fbc68234-41bd-4439-a735-a24dc969e08b,a8c7d359-691e-43bc-98d8-401d906bd0a1,c5,c2,2448,p2,?,
1769501119.4168115,SENT,1c7464d1-6d54-4d1d-a76a-fb6c927e9409,d3588f15-0377-423e-8821-1995b00554c6,c3,DROP,1015,?,i7,
1769501119.4168532,FORWARDED,1c7464d1-6d54-4d1d-a76a-fb6c927e9409,d3588f15-0377-423e-8821-1995b00554c6,c3,DROP,1015,?,i7,
1769501119.4519916,SENT,8eb8a621-178a-414f-98e5-49113f19944b,eaa411c8-1c89-46cc-b458-025db3fee9f0,c3,DROP,1015,?,i4,
1769501119.452034,FORWARDED,8eb8a621-178a-414f-98e5-49113f19944b,eaa411c8-1c89-46cc-b458-025db3fee9f0,c3,DROP,1015,?,i4,
1769501119.4658504,SENT,fbc68234-41bd-4439-a735-a24dc969e08b,a8c7d359-691e-43bc-98d8-401d906bd0a1,c5,c2,1763,?,i7,
1769501119.4658897,FORWARDED,fbc68234-41bd-4439-a735-a24dc969e08b,a8c7d359-691e-43bc-98d8-401d906bd0a1,c5,c2,1763,?,i7,
1769501119.4826312,RECEIVED,3dffb7c3-c26a-4781-9ea8-509f6ad17bd1,ed1aed2a-ba80-4adc-92bf-f46bfaae2cad,c3,c4,2468,p3,?,
1769501119.79249,RECEIVED,6f62282c-0e7f-4fc3-88c9-d025b0f665d1,89f71781-2953-40da-8055-de93f73e6845,c2,DROP,1447,p2,?,
1769501119.8165698,SENT,3dffb7c3-c26a-4781-9ea8-509f6ad17bd1,ed1aed2a-ba80-4adc-92bf-f46bfaae2cad,c3,c4,1779,?,i12,
1769501119.8166144,FORWARDED,3dffb7c3-c26a-4781-9ea8-509f6ad17bd1,ed1aed2a-ba80-4adc-92bf-f46bfaae2cad,c3,c4,1779,?,i12,
1769501119.8336353,RECEIVED,ec3ababd-4a4a-4f41-81e3-9ff458afa7f5,e1ef0242-7650-466e-ab8c-a3a3f0937758,c4,DROP,446,x11,?,
1769501120.096559,SENT,6f62282c-0e7f-4fc3-88c9-d025b0f665d1,89f71781-2953-40da-8055-de93f73e6845,c2,DROP,1013,?,i6,
1769501120.0971408,FORWARDED,6f62282c-0e7f-4fc3-88c9-d025b0f665d1,89f71781-2953-40da-8055-de93f73e6845,c2,DROP,1013,?,i6,
1769501120.1065614,RECEIVED,1b001480-6adc-44ba-9d64-ff756a5304c0,3b2e0e07-9459-4959-9f5b-d245d0a9e678,c2,DROP,1440,p2,?,
1769501120.126872,RECEIVED,db2cb3cc-8e5e-45b5-b02c-efadd96d68f1,f4581850-fd35-4828-8bcb-8867fbd46e4a,c1,None,2225,p1,?,
1769501120.207659,RECEIVED,dfd4ce20-ff72-4540-98b9-012624ad3f2b,f0f59fca-8deb-4e63-9af1-4129f6c8c28b,c2,DROP,1443,p2,?,
1769501120.2089965,RECEIVED,40327364-a7fc-438b-b4f7-73bd0aa79053,140e0552-ca28-4aa4-bd23-58503250ab80,c1,DROP,442,x12,?,
1769501120.2123573,SENT,db2cb3cc-8e5e-45b5-b02c-efadd96d68f1,f4581850-fd35-4828-8bcb-8867fbd46e4a,c1,None,1596,?,i10,
1769501120.2123978,FORWARDED,db2cb3cc-8e5e-45b5-b02c-efadd96d68f1,f4581850-fd35-4828-8bcb-8867fbd46e4a,c1,None,1596,?,i10,
1769501120.2577162,SENT,1b001480-6adc-44ba-9d64-ff756a5304c0,3b2e0e07-9459-4959-9f5b-d245d0a9e678,c2,DROP,1008,?,i11,
1769501120.2577834,FORWARDED,1b001480-6adc-44ba-9d64-ff756a5304c0,3b2e0e07-9459-4959-9f5b-d245d0a9e678,c2,DROP,1008,?,i11,
1769501120.3514557,RECEIVED,f2fda194-0b72-416e-9a89-4920ef97f38a,7761076d-f80c-481e-9373-22e0172a5596,c5,DROP,441,x11,?,
1769501120.3560605,RECEIVED,6ce64dbd-4570-4130-bd03-d8a3978d01c5,36839d59-ddfe-4cf5-a5d6-e3b73631cbf9,c3,DROP,1448,p3,?,
1769501120.3653588,RECEIVED,ce499b0d-dbfb-4770-bb1d-abaf217cb014,011bc087-b8bf-4b6e-8e94-43516814e423,c2,DROP,1443,p2,?,
1769501120.4572048,RECEIVED,7ad89567-de48-469b-9373-7bc4a07cd684,c9c7e703-21bd-46ce-afcf-09aed7c7f5c7,c2,None,2224,p2,?,
1769501120.4863443,SENT,6ce64dbd-4570-4130-bd03-d8a3978d01c5,36839d59-ddfe-4cf5-a5d6-e3b73631cbf9,c3,DROP,1013,?,i2,
1769501120.4863846,FORWARDED,6ce64dbd-4570-4130-bd03-d8a3978d01c5,36839d59-ddfe-4cf5-a5d6-e3b73631cbf9,c3,DROP,1013,?,i2,
1769501120.5024083,SENT,7ad89567-de48-469b-9373-7bc4a07cd684,c9c7e703-21bd-46ce-afcf-09aed7c7f5c7,c2,None,1595,?,i8,
1769501120.5024529,FORWARDED,7ad89567-de48-469b-9373-7bc4a07cd684,c9c7e703-21bd-46ce-afcf-09aed7c7f5c7,c2,None,1595,?,i8,
1769501120.8813043,SENT,bd314878-7b0a-4b83-8222-d85a253372a8,32e1ff39-2513-42dc-a972-f21a6ee918d9,c3,None,1612,?,i11,
1769501120.8813477,FORWARDED,bd314878-7b0a-4b83-8222-d85a253372a8,32e1ff39-2513-42dc-a972-f21a6ee918d9,c3,None,1612,?,i11,
1769501121.0646164,SENT,ce499b0d-dbfb-4770-bb1d-abaf217cb014,011bc087-b8bf-4b6e-8e94-43516814e423,c2,DROP,1011,?,i5,
1769501121.0646636,FORWARDED,ce499b0d-dbfb-4770-bb1d-abaf217cb014,011bc087-b8bf-4b6e-8e94-43516814e423,c2,DROP,1011,?,i5,
1769501121.1032736,SENT,dfd4ce20-ff72-4540-98b9-012624ad3f2b,f0f59fca-8deb-4e63-9af1-4129f6c8c28b,c2,DROP,1011,?,i7,
1769501121.103317,FORWARDED,dfd4ce20-ff72-4540-98b9-012624ad3f2b,f0f59fca-8deb-4e63-9af1-4129f6c8c28b,c2,DROP,1011,?,i7,
1769501121.1069279,RECEIVED,b9909f8b-fdf1-4927-9afe-c65b01f150ef,d65d4b9b-1ef7-406d-b354-28f372cd18cd,c5,DROP,1439,p2,?,
1769501121.310369,RECEIVED,860ef8df-5c49-449d-b157-92b082f417e9,53099414-b828-4cdd-843a-6002527e1a50,c2,DROP,441,x8,?,
1769501121.3940039,RECEIVED,df99b61c-3f4e-4d80-8040-24be8519a32e,a8fec852-e943-4d4d-bf5f-4866d85f4d6d,c1,DROP,1451,p1,?,
1769501121.8104775,RECEIVED,a357ce56-be3d-4471-a92a-5b15922376a8,2fa32f3a-a0f5-41c3-b80b-6384b123e524,c1,DROP,441,x1,?,
1769501122.0667813,RECEIVED,da8d0365-716e-4d26-a63c-db28cad1c3ae,c1781f81-97bd-446e-9197-d7b2f9be940f,c4,None,2231,p1,?,
1769501122.1240149,RECEIVED,fa31f126-7bbc-44c6-af3d-c2104e6bbcc5,2003b3df-ab62-4fc7-907e-0b5d02830397,c2,DROP,437,x4,?,
1769501122.1287596,SENT,b9909f8b-fdf1-4927-9afe-c65b01f150ef,d65d4b9b-1ef7-406d-b354-28f372cd18cd,c5,DROP,1007,?,i6,
1769501122.1287994,FORWARDED,b9909f8b-fdf1-4927-9afe-c65b01f150ef,d65d4b9b-1ef7-406d-b354-28f372cd18cd,c5,DROP,1007,?,i6,
1769501122.2715774,SENT,df99b61c-3f4e-4d80-8040-24be8519a32e,a8fec852-e943-4d4d-bf5f-4866d85f4d6d,c1,DROP,1016,?,i7,
1769501122.2716186,FORWARDED,df99b61c-3f4e-4d80-8040-24be8519a32e,a8fec852-e943-4d4d-bf5f-4866d85f4d6d,c1,DROP,1016,?,i7,
1769501122.3456762,RECEIVED,9ec583c3-cae5-48bf-97a9-d974e6d57817,2cf30601-7542-4500-a307-de953009a5a0,c4,c3,2463,p1,?,
1769501122.375781,RECEIVED,ca42e788-20cd-4db2-be5c-af9a63f52410,840033bc-186b-4736-8790-7185dcecfb62,c1,DROP,1447,p1,?,
1769501122.3947327,RECEIVED,62152486-3936-49c8-aa29-5d2d34d2969e,e1cbcf91-8305-41b5-83cb-9a5340d74766,c1,c5,2464,p1,?,
1769501122.5053842,RECEIVED,8a1a3c37-b0bd-4825-be92-9bfadefa1651,3a35ed19-4b3b-4451-898d-0fc3c11239a4,c3,DROP,442,x11,?,
1769501122.5455935,SENT,62152486-3936-49c8-aa29-5d2d34d2969e,e1cbcf91-8305-41b5-83cb-9a5340d74766,c1,c5,1776,?,i2,
1769501122.545636,FORWARDED,62152486-3936-49c8-aa29-5d2d34d2969e,e1cbcf91-8305-41b5-83cb-9a5340d74766,c1,c5,1776,?,i2,
1769501122.576726,RECEIVED,f58d8309-e021-45f2-a8c3-5667434cf51a,954e067a-1775-4c8f-961f-0e7fcd92caf8,c3,None,2223,p3,?,
1769501122.633285,SENT,9ec583c3-cae5-48bf-97a9-d974e6d57817,2cf30601-7542-4500-a307-de953009a5a0,c4,c3,1775,?,i7,
1769501122.6333272,FORWARDED,9ec583c3-cae5-48bf-97a9-d974e6d57817,2cf30601-7542-4500-a307-de953009a5a0,c4,c3,1775,?,i7,
1769501122.6936424,SENT,da8d0365-716e-4d26-a63c-db28cad1c3ae,c1781f81-97bd-446e-9197-d7b2f9be940f,c4,None,1600,?,i11,
1769501122.6936858,FORWARDED,da8d0365-716e-4d26-a63c-db28cad1c3ae,c1781f81-97bd-446e-9197-d7b2f9be940f,c4,None,1600,?,i11,
1769501122.7314732,RECEIVED,06187dfa-edcf-4c3e-9979-ecead0a94afa,98f83a72-e3f6-4414-892b-6b30e48b2ae0,c1,DROP,441,x1,?,
1769501122.97065,SENT,ca42e788-20cd-4db2-be5c-af9a63f52410,840033bc-186b-4736-8790-7185dcecfb62,c1,DROP,1012,?,i3,
1769501122.9706926,FORWARDED,ca42e788-20cd-4db2-be5c-af9a63f52410,840033bc-186b-4736-8790-7185dcecfb62,c1,DROP,1012,?,i3,
1769501123.0184815,RECEIVED,cef5f081-53ec-4f79-8f7e-546494e45cd9,ed5b4847-ba29-4653-8b2f-7d03ed8b0955,c5,DROP,1451,p2,?,
1769501123.028973,RECEIVED,5fa80b8d-20c1-4e2b-884d-9c04fb01b86b,7210099e-a608-4dc6-9d33-553b310d5170,c2,c1,2472,p2,?,
1769501123.0374854,RECEIVED,272e439d-19fe-49a3-8b07-1af53fc4003a,e7e6d0ea-8377-46f2-a24d-4c9b16f0acff,c4,c3,2463,p1,?,
1769501123.0480165,RECEIVED,b421b719-0620-48c0-b724-b3006ff69eba,9aacb5a2-2414-458c-845f-7b57798cce34,c1,None,2219,p1,?,
1769501123.2022755,RECEIVED,171b7195-d557-439d-a31e-efc7e6c8955e,5842b275-60aa-433c-b67d-151ca102781d,c5,DROP,1452,p2,?,
1769501123.2749872,SENT,f58d8309-e021-45f2-a8c3-5667434cf51a,954e067a-1775-4c8f-961f-0e7fcd92caf8,c3,None,1595,?,i6,
1769501123.2750316,FORWARDED,f58d8309-e021-45f2-a8c3-5667434cf51a,954e067a-1775-4c8f-961f-0e7fcd92caf8,c3,None,1595,?,i6,
1769501123.2769501,RECEIVED,43c36c0c-d06a-4608-8d47-01c5e7a55f7b,ef7cfb33-6cc2-4125-baf0-7ee76ab79cae,c2,DROP,1440,p2,?,
1769501123.3342233,RECEIVED,c39a4f01-ae72-4e66-bd35-3e27a6fe9c28,efd19511-b6a7-4653-8f5a-e20f41ea0f4f,c5,DROP,1441,p2,?,
1769501123.347937,RECEIVED,c29417e7-40a2-4128-88f9-0ee370aed0b0,f8bec5a7-216e-49c7-abec-223c4d33f553,c5,c2,2472,p2,?,
1769501123.4050877,SENT,171b7195-d557-439d-a31e-efc7e6c8955e,5842b275-60aa-433c-b67d-151ca102781d,c5,DROP,1016,?,i1,
1769501123.4051309,FORWARDED,171b7195-d557-439d-a31e-efc7e6c8955e,5842b275-60aa-433c-b67d-151ca102781d,c5,DROP,1016,?,i1,
1769501123.4155798,SENT,43c36c0c-d06a-4608-8d47-01c5e7a55f7b,ef7cfb33-6cc2-4125-baf0-7ee76ab79cae,c2,DROP,1008,?,i9,
1769501123.4156237,FORWARDED,43c36c0c-d06a-4608-8d47-01c5e7a55f7b,ef7cfb33-6cc2-4125-baf0-7ee76ab79cae,c2,DROP,1008,?,i9,
1769501123.4654517,SENT,c39a4f01-ae72-4e66-bd35-3e27a6fe9c28,efd19511-b6a7-4653-8f5a-e20f41ea0f4f,c5,DROP,1008,?,i12,
1769501123.4657266,FORWARDED,c39a4f01-ae72-4e66-bd35-3e27a6fe9c28,efd19511-b6a7-4653-8f5a-e20f41ea0f4f,c5,DROP,1008,?,i12,
1769501123.4797845,RECEIVED,64aaca23-5c97-4b4b-b6b7-560082de4b28,c27967d8-a91b-45bb-96e1-7fd9af6689b1,c4,DROP,1453,p1,?,
1769501123.518861,RECEIVED,fdae32f6-e8cc-45ce-b415-9e068702ec8e,20593b23-592f-45eb-869f-ed2ea2a485b2,c1,DROP,441,x1,?,
1769501123.5482008,SENT,64aaca23-5c97-4b4b-b6b7-560082de4b28,c27967d8-a91b-45bb-96e1-7fd9af6689b1,c4,DROP,1016,?,i2,
1769501123.5482416,FORWARDED,64aaca23-5c97-4b4b-b6b7-560082de4b28,c27967d8-a91b-45bb-96e1-7fd9af6689b1,c4,DROP,1016,?,i2,
1769501123.550891,SENT,cef5f081-53ec-4f79-8f7e-546494e45cd9,ed5b4847-ba29-4653-8b2f-7d03ed8b0955,c5,DROP,1015,?,i4,
1769501123.550932,FORWARDED,cef5f081-53ec-4f79-8f7e-546494e45cd9,ed5b4847-ba29-4653-8b2f-7d03ed8b0955,c5,DROP,1015,?,i4,
1769501123.8004367,SENT,c29417e7-40a2-4128-88f9-0ee370aed0b0,f8bec5a7-216e-49c7-abec-223c4d33f553,c5,c2,1780,?,i9,
1769501123.8004723,FORWARDED,c29417e7-40a2-4128-88f9-0ee370aed0b0,f8bec5a7-216e-49c7-abec-223c4d33f553,c5,c2,1780,?,i9,
1769501123.9738703,SENT,5fa80b8d-20c1-4e2b-884d-9c04fb01b86b,7210099e-a608-4dc6-9d33-553b310d5170,c2,c1,1781,?,i10,
1769501123.9739122,FORWARDED,5fa80b8d-20c1-4e2b-884d-9c04fb01b86b,7210099e-a608-4dc6-9d33-553b310d5170,c2,c1,1781,?,i10,
1769501123.9867604,SENT,b421b719-0620-48c0-b724-b3006ff69eba,9aacb5a2-2414-458c-845f-7b57798cce34,c1,None,1592,?,i8,
1769501123.9867997,FORWARDED,b421b719-0620-48c0-b724-b3006ff69eba,9aacb5a2-2414-458c-845f-7b57798cce34,c1,None,1592,?,i8,
1769501124.0585692,RECEIVED,e628cf07-837f-4ae3-abf2-e78497cc1428,ef8967d7-bc65-4a6d-a7bd-9fdec5ad241f,c4,DROP,1443,p1,?,
1769501124.111409,RECEIVED,e9d21cd9-7c56-4c5f-a346-24a9a126b288,bd58b62e-8be5-4532-b38a-14f4d3d1c797,c3,DROP,1441,p3,?,
1769501124.1504579,RECEIVED,71540bbc-b1c1-45e2-85fb-140c1dd6fe7e,aad666ac-9a2a-4c2b-a827-da5d026df172,c2,c1,2460,p2,?,
1769501124.1601462,SENT,e9d21cd9-7c56-4c5f-a346-24a9a126b288,bd58b62e-8be5-4532-b38a-14f4d3d1c797,c3,DROP,1007,?,i1,
1769501124.1601875,FORWARDED,e9d21cd9-7c56-4c5f-a346-24a9a126b288,bd58b62e-8be5-4532-b38a-14f4d3d1c797,c3,DROP,1007,?,i1,
1769501124.172955,SENT,71540bbc-b1c1-45e2-85fb-140c1dd6fe7e,aad666ac-9a2a-4c2b-a827-da5d026df172,c2,c1,1772,?,i1,
1769501124.1729975,FORWARDED,71540bbc-b1c1-45e2-85fb-140c1dd6fe7e,aad666ac-9a2a-4c2b-a827-da5d026df172,c2,c1,1772,?,i1,
1769501124.3029878,RECEIVED,b9857f51-4c33-4760-aa07-751b1e235afa,20e9e895-78b8-4c25-86c6-8b9a4c695bac,c5,c2,2451,p2,?,
1769501124.3458943,RECEIVED,dcb1bf0e-1bff-4683-9b58-3f497fd147f6,e83bcabe-d0d1-4804-912c-665bca6eceba,c5,DROP,1440,p2,?,
1769501124.4019685,SENT,dcb1bf0e-1bff-4683-9b58-3f497fd147f6,e83bcabe-d0d1-4804-912c-665bca6eceba,c5,DROP,1008,?,i4,
1769501124.4020078,FORWARDED,dcb1bf0e-1bff-4683-9b58-3f497fd147f6,e83bcabe-d0d1-4804-912c-665bca6eceba,c5,DROP,1008,?,i4,
1769501124.4307804,RECEIVED,8c2f07ca-a45d-489d-a927-20b6471f80f9,6b0859a2-71f9-48d2-8227-65c6ca28c412,c2,c1,2462,p2,?,
1769501124.4629223,RECEIVED,376c9458-eb5e-409c-bf15-dbe1bfae4806,8bd7c884-f185-4b2e-80e0-40cc806f32a1,c2,DROP,1451,p2,?,
1769501124.5040019,SENT,8c2f07ca-a45d-489d-a927-20b6471f80f9,6b0859a2-71f9-48d2-8227-65c6ca28c412,c2,c1,1772,?,i11,
1769501124.5040429,FORWARDED,8c2f07ca-a45d-489d-a927-20b6471f80f9,6b0859a2-71f9-48d2-8227-65c6ca28c412,c2,c1,1772,?,i11,
1769501124.6217465,SENT,e628cf07-837f-4ae3-abf2-e78497cc1428,ef8967d7-bc65-4a6d-a7bd-9fdec5ad241f,c4,DROP,1011,?,i3,
1769501124.6217883,FORWARDED,e628cf07-837f-4ae3-abf2-e78497cc1428,ef8967d7-bc65-4a6d-a7bd-9fdec5ad241f,c4,DROP,1011,?,i3,
1769501124.6673157,RECEIVED,9e2ce7f9-04f5-48eb-89cc-0c37c44b9e79,1109a599-ab22-4ff7-9f31-c88e8a246543,c4,DROP,1442,p1,?,
1769501124.7045202,RECEIVED,5c6bad14-97d7-4cf2-9b0e-bdbe6214b39c,4faf8778-8e0b-4d9c-8fb8-d75453182391,c5,None,2224,p2,?,
1769501124.717681,SENT,272e439d-19fe-49a3-8b07-1af53fc4003a,e7e6d0ea-8377-46f2-a24d-4c9b16f0acff,c4,c3,1775,?,i3,
1769501124.717725,FORWARDED,272e439d-19fe-49a3-8b07-1af53fc4003a,e7e6d0ea-8377-46f2-a24d-4c9b16f0acff,c4,c3,1775,?,i3,
1769501124.7253227,SENT,9e2ce7f9-04f5-48eb-89cc-0c37c44b9e79,1109a599-ab22-4ff7-9f31-c88e8a246543,c4,DROP,1007,?,i12,
1769501124.725361,FORWARDED,9e2ce7f9-04f5-48eb-89cc-0c37c44b9e79,1109a599-ab22-4ff7-9f31-c88e8a246543,c4,DROP,1007,?,i12,
1769501124.811761,RECEIVED,f11e9dd3-a312-440b-9ea4-fce938566280,1d05f28d-ea46-4b4a-9d46-2acf834146ea,c2,DROP,1446,p2,?,
1769501124.835972,RECEIVED,f8bc737c-3b00-4ea8-b792-ea205ff61811,3bddc7da-9245-401d-8c9e-3f6c9d54a62d,c3,DROP,443,x6,?,
1769501124.8406594,SENT,f11e9dd3-a312-440b-9ea4-fce938566280,1d05f28d-ea46-4b4a-9d46-2acf834146ea,c2,DROP,1011,?,i12,
1769501124.8406932,FORWARDED,f11e9dd3-a312-440b-9ea4-fce938566280,1d05f28d-ea46-4b4a-9d46-2acf834146ea,c2,DROP,1011,?,i12,
1769501124.9709938,RECEIVED,c055cfae-39d3-424d-be83-315d04efa6c8,e9eb14ea-b417-41da-8087-d602a19cd7b6,c2,None,2232,p2,?,
1769501125.022689,SENT,5c6bad14-97d7-4cf2-9b0e-bdbe6214b39c,4faf8778-8e0b-4d9c-8fb8-d75453182391,c5,None,1596,?,i3,
1769501125.0227334,FORWARDED,5c6bad14-97d7-4cf2-9b0e-bdbe6214b39c,4faf8778-8e0b-4d9c-8fb8-d75453182391,c5,None,1596,?,i3,
1769501125.1478791,RECEIVED,0810e64e-39fe-4ae0-95cb-c5fc5009a5e9,6d0a5939-5524-4b59-aa4e-593e23e679d7,c1,DROP,440,x5,?,
1769501125.1904461,RECEIVED,4b80c8fb-6eee-4926-8367-5fb4ed05ac82,df6b7e60-1c0b-4277-a0c5-f6abb0fe93ea,c4,c3,2451,p1,?,
1769501125.218306,RECEIVED,eec4f012-f952-4f72-86d5-2cfc054b82a2,dec658fb-af44-4b3f-afb2-6805fca9606e,c5,c2,2459,p2,?,
1769501125.2186654,RECEIVED,1f83834a-9607-41c6-9568-09515428c1db,bb398bd2-f0aa-4b7c-881c-6e40acbff989,c4,DROP,1436,p1,?,
1769501125.2644513,RECEIVED,83393c80-087d-4192-ae29-e1100ae92210,97889e81-47cd-43d9-98d1-fc1efd419786,c1,DROP,1447,p1,?,
1769501125.2730715,SENT,1f83834a-9607-41c6-9568-09515428c1db,bb398bd2-f0aa-4b7c-881c-6e40acbff989,c4,DROP,1003,?,i1,
1769501125.273115,FORWARDED,1f83834a-9607-41c6-9568-09515428c1db,bb398bd2-f0aa-4b7c-881c-6e40acbff989,c4,DROP,1003,?,i1,
1769501125.2869673,SENT,376c9458-eb5e-409c-bf15-dbe1bfae4806,8bd7c884-f185-4b2e-80e0-40cc806f32a1,c2,DROP,1016,?,i1,
1769501125.2872977,FORWARDED,376c9458-eb5e-409c-bf15-dbe1bfae4806,8bd7c884-f185-4b2e-80e0-40cc806f32a1,c2,DROP,1016,?,i1,
1769501125.3336833,SENT,c055cfae-39d3-424d-be83-315d04efa6c8,e9eb14ea-b417-41da-8087-d602a19cd7b6,c2,None,1600,?,i2,
1769501125.3337278,FORWARDED,c055cfae-39d3-424d-be83-315d04efa6c8,e9eb14ea-b417-41da-8087-d602a19cd7b6,c2,None,1600,?,i2,
1769501125.3364506,RECEIVED,1158b6a8-a297-43c3-9e02-ecd216dccc1e,333c664c-bae4-4b48-afef-774e877fb793,c3,DROP,445,x10,?,
1769501125.4900966,RECEIVED,6ec864dc-1cb3-4826-8104-40f1f6341fff,9edeef70-48ea-4fbf-8f64-06c34ebc64f2,c1,DROP,441,x7,?,
1769501125.557347,SENT,eec4f012-f952-4f72-86d5-2cfc054b82a2,dec658fb-af44-4b3f-afb2-6805fca9606e,c5,c2,1772,?,i1,
1769501125.5573866,FORWARDED,eec4f012-f952-4f72-86d5-2cfc054b82a2,dec658fb-af44-4b3f-afb2-6805fca9606e,c5,c2,1772,?,i1,
1769501125.7487853,RECEIVED,fd3f59fc-0fcc-4232-b2f6-3f8fcb242ceb,803c9ff8-e21f-4649-9e17-a1d9d2d40ef1,c4,DROP,1451,p1,?,
1769501125.76468,RECEIVED,7c4638a0-36cf-49fa-acc1-f15c2c56c194,666f642c-ae79-459b-ab8d-a1812553403d,c4,DROP,1440,p1,?,
1769501125.850347,SENT,fd3f59fc-0fcc-4232-b2f6-3f8fcb242ceb,803c9ff8-e21f-4649-9e17-a1d9d2d40ef1,c4,DROP,1016,?,i3,
1769501125.8503904,FORWARDED,fd3f59fc-0fcc-4232-b2f6-3f8fcb242ceb,803c9ff8-e21f-4649-9e17-a1d9d2d40ef1,c4,DROP,1016,?,i3,
1769501125.9551187,RECEIVED,0d4c52fe-1134-497c-8bb3-9fb3b0b26a71,cb69d02c-edf4-4368-9c90-3ca739a8c703,c2,DROP,1452,p2,?,
1769501125.9773772,SENT,7c4638a0-36cf-49fa-acc1-f15c2c56c194,666f642c-ae79-459b-ab8d-a1812553403d,c4,DROP,1008,?,i3,
1769501125.9774196,FORWARDED,7c4638a0-36cf-49fa-acc1-f15c2c56c194,666f642c-ae79-459b-ab8d-a1812553403d,c4,DROP,1008,?,i3,
1769501126.0629814,SENT,0d4c52fe-1134-497c-8bb3-9fb3b0b26a71,cb69d02c-edf4-4368-9c90-3ca739a8c703,c2,DROP,1017,?,i2,
1769501126.063023,FORWARDED,0d4c52fe-1134-497c-8bb3-9fb3b0b26a71,cb69d02c-edf4-4368-9c90-3ca739a8c703,c2,DROP,1017,?,i2,
1769501126.095224,SENT,83393c80-087d-4192-ae29-e1100ae92210,97889e81-47cd-43d9-98d1-fc1efd419786,c1,DROP,1012,?,i4,
1769501126.0952675,FORWARDED,83393c80-087d-4192-ae29-e1100ae92210,97889e81-47cd-43d9-98d1-fc1efd419786,c1,DROP,1012,?,i4,
1769501126.3374727,RECEIVED,3221fb96-a6de-44a1-b277-cbb860da9572,fdc6a9e2-6c57-43b0-9f19-df0cd63332d0,c3,DROP,1444,p3,?,
1769501126.3934307,RECEIVED,5d5f7d5f-8e00-42ba-90f7-b63eac3b82c4,b6f8b2cc-c48d-4504-ad38-9488ec5dffb4,c3,DROP,1439,p3,?,
1769501126.5439122,SENT,4b80c8fb-6eee-4926-8367-5fb4ed05ac82,df6b7e60-1c0b-4277-a0c5-f6abb0fe93ea,c4,c3,1767,?,i1,
1769501126.5444295,FORWARDED,4b80c8fb-6eee-4926-8367-5fb4ed05ac82,df6b7e60-1c0b-4277-a0c5-f6abb0fe93ea,c4,c3,1767,?,i1,
1769501126.8311567,SENT,3221fb96-a6de-44a1-b277-cbb860da9572,fdc6a9e2-6c57-43b0-9f19-df0cd63332d0,c3,DROP,1011,?,i12,
1769501126.8311977,FORWARDED,3221fb96-a6de-44a1-b277-cbb860da9572,fdc6a9e2-6c57-43b0-9f19-df0cd63332d0,c3,DROP,1011,?,i12,
1769501126.9612527,RECEIVED,678f6e70-71bd-4322-886f-0776ff88bb3b,4830614e-feb1-4a30-8a6b-3b83c32532e5,c3,DROP,1442,p3,?,
1769501127.011416,RECEIVED,13ec7f6a-28cf-4627-89de-f1450e78e8e0,a7acaf98-dc42-4a90-88c7-e01c06cac600,c3,DROP,442,x10,?,
1769501127.1943867,SENT,5d5f7d5f-8e00-42ba-90f7-b63eac3b82c4,b6f8b2cc-c48d-4504-ad38-9488ec5dffb4,c3,DROP,1008,?,i9,
1769501127.1944313,FORWARDED,5d5f7d5f-8e00-42ba-90f7-b63eac3b82c4,b6f8b2cc-c48d-4504-ad38-9488ec5dffb4,c3,DROP,1008,?,i9,
1769501127.2124732,RECEIVED,10b9c2ef-7fc9-4f16-b71d-b5397cafec80,c881ee50-781a-4e4e-8713-a5afe5d2cf9f,c2,DROP,1457,p2,?,
1769501127.2283418,RECEIVED,bf8ebe62-241f-4885-88ac-9816ed5ddbb1,37f07c0b-e589-449f-b73c-6e4e0955a7ac,c5,DROP,1444,p2,?,
1769501127.3228314,SENT,bf8ebe62-241f-4885-88ac-9816ed5ddbb1,37f07c0b-e589-449f-b73c-6e4e0955a7ac,c5,DROP,1009,?,i2,
1769501127.3228757,FORWARDED,bf8ebe62-241f-4885-88ac-9816ed5ddbb1,37f07c0b-e589-449f-b73c-6e4e0955a7ac,c5,DROP,1009,?,i2,
1769501127.3753018,RECEIVED,315d141d-e173-4809-b52e-62591b359fce,a86fcbbf-76bc-4b15-a0f5-2fb705bd1398,c4,DROP,1451,p1,?,
1769501127.395761,SENT,10b9c2ef-7fc9-4f16-b71d-b5397cafec80,c881ee50-781a-4e4e-8713-a5afe5d2cf9f,c2,DROP,1019,?,i12,
1769501127.3958023,FORWARDED,10b9c2ef-7fc9-4f16-b71d-b5397cafec80,c881ee50-781a-4e4e-8713-a5afe5d2cf9f,c2,DROP,1019,?,i12,
1769501127.4316213,SENT,b9857f51-4c33-4760-aa07-751b1e235afa,20e9e895-78b8-4c25-86c6-8b9a4c695bac,c5,c2,1765,?,i9,
1769501127.4316626,FORWARDED,b9857f51-4c33-4760-aa07-751b1e235afa,20e9e895-78b8-4c25-86c6-8b9a4c695bac,c5,c2,1765,?,i9,
1769501127.7552252,RECEIVED,863c6528-d51d-41cc-a71a-8da7454e6597,d0375ba0-f471-4ea5-872c-f9407a3bac0e,c1,DROP,1443,p1,?,
1769501127.7627954,RECEIVED,2704fcb0-67c5-4d50-be37-8bf1064cb7e3,cd4ff364-316e-4249-922a-c31ea41e88bd,c4,None,2227,p1,?,
1769501127.8811014,SENT,315d141d-e173-4809-b52e-62591b359fce,a86fcbbf-76bc-4b15-a0f5-2fb705bd1398,c4,DROP,1016,?,i5,
1769501127.8811426,FORWARDED,315d141d-e173-4809-b52e-62591b359fce,a86fcbbf-76bc-4b15-a0f5-2fb705bd1398,c4,DROP,1016,?,i5,
1769501127.9077578,RECEIVED,f630965c-a979-4334-a5d1-37272b0ee90d,9a5889c3-c23d-47fd-85d2-b667aa0180db,c1,c5,2463,p1,?,
1769501127.954498,RECEIVED,21e8d502-e7d6-4d6d-b07a-0582c0a31335,ca162dc8-ddcc-4f45-863e-582029a49bd5,c2,DROP,1435,p2,?,
1769501128.0881956,SENT,2704fcb0-67c5-4d50-be37-8bf1064cb7e3,cd4ff364-316e-4249-922a-c31ea41e88bd,c4,None,1599,?,i6,
1769501128.08825,FORWARDED,2704fcb0-67c5-4d50-be37-8bf1064cb7e3,cd4ff364-316e-4249-922a-c31ea41e88bd,c4,None,1599,?,i6,
1769501128.1187098,RECEIVED,57f26663-50ba-41fc-9a45-f13cdb1d08e4,9e51da5d-e8c1-46a9-854d-5f17697a4ca1,c5,DROP,1446,p2,?,
1769501128.17927,SENT,f630965c-a979-4334-a5d1-37272b0ee90d,9a5889c3-c23d-47fd-85d2-b667aa0180db,c1,c5,1776,?,i6,
1769501128.1793113,FORWARDED,f630965c-a979-4334-a5d1-37272b0ee90d,9a5889c3-c23d-47fd-85d2-b667aa0180db,c1,c5,1776,?,i6,
1769501128.2457318,RECEIVED,e0420e12-596d-4c15-8adc-c1a820817a67,f7b157cf-890f-4e3b-a803-dd3df788cf6e,c1,DROP,1452,p1,?,
1769501128.2536871,RECEIVED,d31de0f9-ee3f-4919-926c-7fdcab128746,40047fe9-1b96-4108-a37b-9a0b4624f679,c2,DROP,1447,p2,?,
1769501128.2921822,SENT,e0420e12-596d-4c15-8adc-c1a820817a67,f7b157cf-890f-4e3b-a803-dd3df788cf6e,c1,DROP,1016,?,i8,
1769501128.292225,FORWARDED,e0420e12-596d-4c15-8adc-c1a820817a67,f7b157cf-890f-4e3b-a803-dd3df788cf6e,c1,DROP,1016,?,i8,
1769501128.583156,SENT,57f26663-50ba-41fc-9a45-f13cdb1d08e4,9e51da5d-e8c1-46a9-854d-5f17697a4ca1,c5,DROP,1013,?,i9,
1769501128.583199,FORWARDED,57f26663-50ba-41fc-9a45-f13cdb1d08e4,9e51da5d-e8c1-46a9-854d-5f17697a4ca1,c5,DROP,1013,?,i9,
1769501128.6149263,RECEIVED,55fc283a-abc7-48d5-a1b0-76a039bb869f,816d476f-ae93-40e3-b8ce-bf7b35690780,c5,DROP,442,x1,?,
1769501128.6997626,SENT,21e8d502-e7d6-4d6d-b07a-0582c0a31335,ca162dc8-ddcc-4f45-863e-582029a49bd5,c2,DROP,1004,?,i9,
1769501128.6998055,FORWARDED,21e8d502-e7d6-4d6d-b07a-0582c0a31335,ca162dc8-ddcc-4f45-863e-582029a49bd5,c2,DROP,1004,?,i9,
1769501128.7576752,SENT,863c6528-d51d-41cc-a71a-8da7454e6597,d0375ba0-f471-4ea5-872c-f9407a3bac0e,c1,DROP,1011,?,i2,
1769501128.7577167,FORWARDED,863c6528-d51d-41cc-a71a-8da7454e6597,d0375ba0-f471-4ea5-872c-f9407a3bac0e,c1,DROP,1011,?,i2,
1769501128.7757976,RECEIVED,072d3188-9e78-45e7-b95c-71e05bf47fcb,9dd9986f-b13e-4d86-8e9c-e3859f4f30b2,c4,DROP,1439,p1,?,
1769501128.940196,SENT,678f6e70-71bd-4322-886f-0776ff88bb3b,4830614e-feb1-4a30-8a6b-3b83c32532e5,c3,DROP,1011,?,i6,
1769501128.9402397,FORWARDED,678f6e70-71bd-4322-886f-0776ff88bb3b,4830614e-feb1-4a30-8a6b-3b83c32532e5,c3,DROP,1011,?,i6,
1769501129.0220346,RECEIVED,16335a63-689c-4c3b-bd87-d786c0069468,88632943-439d-4dde-b0a5-3caff04bba41,c3,DROP,441,x9,?,
1769501129.0601983,RECEIVED,be82ce8c-e753-44d0-9f4b-2605c935d427,e7c2d5d1-0747-4ad7-9adc-3cccdb2cdc67,c5,None,2232,p2,?,
1769501129.0701878,RECEIVED,7c529bc4-ae98-4d74-a8d0-a56fd6f88381,3c358189-efef-44db-93ae-30bb71d18176,c1,DROP,1435,p1,?,
1769501129.1285822,RECEIVED,75c69db8-90f9-4882-a86d-876932577e69,c10db96f-deb0-403b-97b0-dda4cdbb4276,c1,DROP,1439,p1,?,
1769501129.141948,SENT,be82ce8c-e753-44d0-9f4b-2605c935d427,e7c2d5d1-0747-4ad7-9adc-3cccdb2cdc67,c5,None,1600,?,i1,
1769501129.1419923,FORWARDED,be82ce8c-e753-44d0-9f4b-2605c935d427,e7c2d5d1-0747-4ad7-9adc-3cccdb2cdc67,c5,None,1600,?,i1,
1769501129.1828542,SENT,072d3188-9e78-45e7-b95c-71e05bf47fcb,9dd9986f-b13e-4d86-8e9c-e3859f4f30b2,c4,DROP,1007,?,i3,
1769501129.1828978,FORWARDED,072d3188-9e78-45e7-b95c-71e05bf47fcb,9dd9986f-b13e-4d86-8e9c-e3859f4f30b2,c4,DROP,1007,?,i3,
1769501129.2325668,RECEIVED,da68dfb0-ffd4-4d99-a7ef-7911d7f5d1e8,8116d01c-6d61-4601-ae30-6b1c11937c94,c3,DROP,1452,p3,?,
1769501129.2970142,SENT,da68dfb0-ffd4-4d99-a7ef-7911d7f5d1e8,8116d01c-6d61-4601-ae30-6b1c11937c94,c3,DROP,1016,?,i1,
1769501129.2972422,FORWARDED,da68dfb0-ffd4-4d99-a7ef-7911d7f5d1e8,8116d01c-6d61-4601-ae30-6b1c11937c94,c3,DROP,1016,?,i1,
1769501129.3102508,SENT,75c69db8-90f9-4882-a86d-876932577e69,c10db96f-deb0-403b-97b0-dda4cdbb4276,c1,DROP,1006,?,i7,
1769501129.3102992,FORWARDED,75c69db8-90f9-4882-a86d-876932577e69,c10db96f-deb0-403b-97b0-dda4cdbb4276,c1,DROP,1006,?,i7,
1769501129.426248,SENT,d31de0f9-ee3f-4919-926c-7fdcab128746,40047fe9-1b96-4108-a37b-9a0b4624f679,c2,DROP,1012,?,i6,
1769501129.4262915,FORWARDED,d31de0f9-ee3f-4919-926c-7fdcab128746,40047fe9-1b96-4108-a37b-9a0b4624f679,c2,DROP,1012,?,i6,
1769501129.5080144,RECEIVED,7628b01d-d805-4992-817a-afb90e4d3c4d,0c5145d2-d7ea-48d1-b781-aa6ffcc9147a,c4,c3,2459,p1,?,
1769501129.6131778,SENT,7c529bc4-ae98-4d74-a8d0-a56fd6f88381,3c358189-efef-44db-93ae-30bb71d18176,c1,DROP,1005,?,i4,
1769501129.6132228,FORWARDED,7c529bc4-ae98-4d74-a8d0-a56fd6f88381,3c358189-efef-44db-93ae-30bb71d18176,c1,DROP,1005,?,i4,
1769501129.7647476,RECEIVED,b229ba07-a4b1-4f6c-a8ef-578437401f64,aa6d081c-9889-4e7b-906c-7ba2a8a327c0,c3,DROP,442,x5,?,
1769501129.7679105,RECEIVED,15f8fb6d-49d1-45cb-ac4f-89f0f4fa82c7,8586cb74-bc13-48db-b925-aafb45c5e5e1,c5,DROP,1451,p2,?,
1769501129.8394017,RECEIVED,c6548dfd-6bc1-4e93-a8bf-387b11c7561a,a6ffaa31-0d77-420e-8755-345c4084bcdd,c3,DROP,1444,p3,?,
1769501129.9906957,RECEIVED,ef3ec386-c47c-4c6f-8c11-963dee4f72b2,62c43cc9-1398-4106-bd9a-18508280cd56,c1,DROP,1451,p1,?,
1769501130.0066376,SENT,7628b01d-d805-4992-817a-afb90e4d3c4d,0c5145d2-d7ea-48d1-b781-aa6ffcc9147a,c4,c3,1771,?,i4,
1769501130.0066764,FORWARDED,7628b01d-d805-4992-817a-afb90e4d3c4d,0c5145d2-d7ea-48d1-b781-aa6ffcc9147a,c4,c3,1771,?,i4,
1769501130.0592802,SENT,15f8fb6d-49d1-45cb-ac4f-89f0f4fa82c7,8586cb74-bc13-48db-b925-aafb45c5e5e1,c5,DROP,1017,?,i11,
1769501130.0593245,FORWARDED,15f8fb6d-49d1-45cb-ac4f-89f0f4fa82c7,8586cb74-bc13-48db-b925-aafb45c5e5e1,c5,DROP,1017,?,i11,
1769501130.1008844,RECEIVED,f306756c-c7cf-475d-a8be-c4df2bebcf6c,180cad0c-7332-4740-b11a-ebf4d8002450,c3,DROP,442,x3,?,
1769501130.1049016,RECEIVED,c8095960-2b2e-4e7c-bef9-b1aa0f9a306f,05eeb02a-bfc6-4478-9c2c-43aa24b42f75,c2,DROP,1440,p2,?,
1769501130.1622562,SENT,c8095960-2b2e-4e7c-bef9-b1aa0f9a306f,05eeb02a-bfc6-4478-9c2c-43aa24b42f75,c2,DROP,1007,?,i3,
1769501130.162298,FORWARDED,c8095960-2b2e-4e7c-bef9-b1aa0f9a306f,05eeb02a-bfc6-4478-9c2c-43aa24b42f75,c2,DROP,1007,?,i3,
1769501130.1660757,SENT,c6548dfd-6bc1-4e93-a8bf-387b11c7561a,a6ffaa31-0d77-420e-8755-345c4084bcdd,c3,DROP,1009,?,i3,
1769501130.1661184,FORWARDED,c6548dfd-6bc1-4e93-a8bf-387b11c7561a,a6ffaa31-0d77-420e-8755-345c4084bcdd,c3,DROP,1009,?,i3,
1769501130.2053516,RECEIVED,a6d4456c-e732-473f-9a4b-c004130291b4,237154b0-a53f-4046-b38f-6c8f749e1c47,c1,DROP,1447,p1,?,
1769501130.4982467,RECEIVED,a79acea5-4b9b-44ad-9b14-00d2a29353e3,fac8bc77-ceea-4fdc-88cd-c38b09102044,c4,DROP,1444,p1,?,
1769501130.631773,SENT,a79acea5-4b9b-44ad-9b14-00d2a29353e3,fac8bc77-ceea-4fdc-88cd-c38b09102044,c4,DROP,1009,?,i1,
1769501130.6318154,FORWARDED,a79acea5-4b9b-44ad-9b14-00d2a29353e3,fac8bc77-ceea-4fdc-88cd-c38b09102044,c4,DROP,1009,?,i1,
1769501130.6800091,SENT,a6d4456c-e732-473f-9a4b-c004130291b4,237154b0-a53f-4046-b38f-6c8f749e1c47,c1,DROP,1012,?,i2,
1769501130.6800623,FORWARDED,a6d4456c-e732-473f-9a4b-c004130291b4,237154b0-a53f-4046-b38f-6c8f749e1c47,c1,DROP,1012,?,i2,
1769501130.7170386,SENT,ef3ec386-c47c-4c6f-8c11-963dee4f72b2,62c43cc9-1398-4106-bd9a-18508280cd56,c1,DROP,1015,?,i5,
1769501130.7170875,FORWARDED,ef3ec386-c47c-4c6f-8c11-963dee4f72b2,62c43cc9-1398-4106-bd9a-18508280cd56,c1,DROP,1015,?,i5,
1769501130.758209,RECEIVED,51ce4d53-3e2d-4cc8-880e-b97ebbd82479,a611efd9-c2c4-4d7d-83c9-bc4202bdc091,c3,DROP,1439,p3,?,
1769501130.9380786,RECEIVED,51a57708-0b68-4dc7-bf53-26757ae3504a,8b1ff394-ba2f-413e-b21d-2732bc471494,c5,DROP,1448,p2,?,
1769501131.0221837,RECEIVED,ebb87295-4019-42ad-9aef-7915dfe200ae,4c88c0e4-2989-4a67-b5d2-9e12dded8368,c5,DROP,1444,p2,?,
1769501131.0247111,SENT,51a57708-0b68-4dc7-bf53-26757ae3504a,8b1ff394-ba2f-413e-b21d-2732bc471494,c5,DROP,1012,?,i10,
1769501131.0247538,FORWARDED,51a57708-0b68-4dc7-bf53-26757ae3504a,8b1ff394-ba2f-413e-b21d-2732bc471494,c5,DROP,1012,?,i10,
1769501131.163843,RECEIVED,5d44bde2-ddbf-4a9c-885d-5cb27feb1742,9d6f03f5-5098-4cbc-b61d-98cf0a5592ac,c5,DROP,1457,p2,?,
1769501131.1680982,SENT,ebb87295-4019-42ad-9aef-7915dfe200ae,4c88c0e4-2989-4a67-b5d2-9e12dded8368,c5,DROP,1009,?,i4,
1769501131.168141,FORWARDED,ebb87295-4019-42ad-9aef-7915dfe200ae,4c88c0e4-2989-4a67-b5d2-9e12dded8368,c5,DROP,1009,?,i4,
1769501131.212512,RECEIVED,1c3981fc-1d08-4488-a11d-d545477f0c10,886b04ed-00ac-4c41-a7ff-768151b55691,c2,c1,2463,p2,?,
1769501131.261804,SENT,5d44bde2-ddbf-4a9c-885d-5cb27feb1742,9d6f03f5-5098-4cbc-b61d-98cf0a5592ac,c5,DROP,1020,?,i12,
1769501131.2618551,FORWARDED,5d44bde2-ddbf-4a9c-885d-5cb27feb1742,9d6f03f5-5098-4cbc-b61d-98cf0a5592ac,c5,DROP,1020,?,i12,
1769501131.2806633,RECEIVED,3b79c931-573c-41db-b56b-681a0203201e,a885147f-4b12-42dd-8148-3886712fc948,c3,DROP,1441,p3,?,
1769501131.347325,RECEIVED,ef702880-5c34-421f-bed2-33d4b0616abc,07683970-f1f1-47db-9d89-cb710fd71268,c4,c3,2471,p1,?,
1769501131.3638046,SENT,3b79c931-573c-41db-b56b-681a0203201e,a885147f-4b12-42dd-8148-3886712fc948,c3,DROP,1008,?,i12,
1769501131.3638475,FORWARDED,3b79c931-573c-41db-b56b-681a0203201e,a885147f-4b12-42dd-8148-3886712fc948,c3,DROP,1008,?,i12,
1769501131.376287,RECEIVED,331c51fd-46f4-4bb6-bb5f-f6576772e665,2cc43526-dcec-4a5d-bc0f-20d8f0e5f498,c3,DROP,1451,p3,?,
1769501131.433362,RECEIVED,e8ef5a47-05ec-421d-96c7-bb4f5db93274,574eac0b-4a90-4fe9-9b0c-b7365c254be9,c2,c1,2452,p2,?,
1769501131.4707067,SENT,1c3981fc-1d08-4488-a11d-d545477f0c10,886b04ed-00ac-4c41-a7ff-768151b55691,c2,c1,1774,?,i3,
1769501131.4707506,FORWARDED,1c3981fc-1d08-4488-a11d-d545477f0c10,886b04ed-00ac-4c41-a7ff-768151b55691,c2,c1,1774,?,i3,
1769501131.5696087,RECEIVED,174370f8-2e23-4606-8695-814715462936,f3f158e6-19f3-4e5c-842b-deccaccc0f05,c2,DROP,1448,p2,?,
1769501131.62936,RECEIVED,31370f7f-25b1-48c7-a141-49d63be6c579,2b48d459-9ccb-468c-8082-4c2cd98ed39b,c4,c3,2476,p1,?,
1769501131.698373,SENT,31370f7f-25b1-48c7-a141-49d63be6c579,2b48d459-9ccb-468c-8082-4c2cd98ed39b,c4,c3,1783,?,i1,
1769501131.6984131,FORWARDED,31370f7f-25b1-48c7-a141-49d63be6c579,2b48d459-9ccb-468c-8082-4c2cd98ed39b,c4,c3,1783,?,i1,
1769501131.7208784,SENT,331c51fd-46f4-4bb6-bb5f-f6576772e665,2cc43526-dcec-4a5d-bc0f-20d8f0e5f498,c3,DROP,1015,?,i1,
1769501131.7209213,FORWARDED,331c51fd-46f4-4bb6-bb5f-f6576772e665,2cc43526-dcec-4a5d-bc0f-20d8f0e5f498,c3,DROP,1015,?,i1,
1769501131.7330391,SENT,174370f8-2e23-4606-8695-814715462936,f3f158e6-19f3-4e5c-842b-deccaccc0f05,c2,DROP,1012,?,i6,
1769501131.7332866,FORWARDED,174370f8-2e23-4606-8695-814715462936,f3f158e6-19f3-4e5c-842b-deccaccc0f05,c2,DROP,1012,?,i6,
1769501131.8309937,SENT,51ce4d53-3e2d-4cc8-880e-b97ebbd82479,a611efd9-c2c4-4d7d-83c9-bc4202bdc091,c3,DROP,1007,?,i2,
1769501131.8310373,FORWARDED,51ce4d53-3e2d-4cc8-880e-b97ebbd82479,a611efd9-c2c4-4d7d-83c9-bc4202bdc091,c3,DROP,1007,?,i2,
1769501132.2871187,SENT,ef702880-5c34-421f-bed2-33d4b0616abc,07683970-f1f1-47db-9d89-cb710fd71268,c4,c3,1780,?,i4,
1769501132.2879207,FORWARDED,ef702880-5c34-421f-bed2-33d4b0616abc,07683970-f1f1-47db-9d89-cb710fd71268,c4,c3,1780,?,i4,
1769501132.312704,RECEIVED,4b8d5f83-1489-4e69-a8d9-91f9eb4f677e,18ed81af-e420-4a16-b23c-63984f350a82,c2,DROP,1460,p2,?,
1769501132.359715,RECEIVED,31a63c02-be7e-4a68-8b68-add9076e96d0,6b287129-f7b6-429c-baa9-6213773b3e7e,c5,DROP,1457,p2,?,
1769501132.4917266,RECEIVED,5e8f1021-09d0-4799-82af-7252e2391b88,96ebd473-8af7-46b8-8edb-c97bcda4350c,c5,DROP,1461,p2,?,
1769501132.590296,SENT,5e8f1021-09d0-4799-82af-7252e2391b88,96ebd473-8af7-46b8-8edb-c97bcda4350c,c5,DROP,1021,?,i11,
1769501132.5903351,FORWARDED,5e8f1021-09d0-4799-82af-7252e2391b88,96ebd473-8af7-46b8-8edb-c97bcda4350c,c5,DROP,1021,?,i11,
1769501132.5937045,RECEIVED,5a38db3c-6f64-4f19-ab5f-4fc509e14599,6d2c2973-faa6-4325-9cd9-9fa04d506160,c2,c1,2464,p2,?,
1769501132.5972533,SENT,e8ef5a47-05ec-421d-96c7-bb4f5db93274,574eac0b-4a90-4fe9-9b0c-b7365c254be9,c2,c1,1767,?,i12,
1769501132.5972917,FORWARDED,e8ef5a47-05ec-421d-96c7-bb4f5db93274,574eac0b-4a90-4fe9-9b0c-b7365c254be9,c2,c1,1767,?,i12,
1769501132.6041648,RECEIVED,dd6a3f93-5450-47ef-98cc-c71021487bc8,fe7f865b-5a9c-457b-b856-f07f728a5596,c4,DROP,1440,p1,?,
1769501132.6077955,SENT,31a63c02-be7e-4a68-8b68-add9076e96d0,6b287129-f7b6-429c-baa9-6213773b3e7e,c5,DROP,1020,?,i11,
1769501132.6078367,FORWARDED,31a63c02-be7e-4a68-8b68-add9076e96d0,6b287129-f7b6-429c-baa9-6213773b3e7e,c5,DROP,1020,?,i11,
1769501132.6256855,RECEIVED,e81cd34e-1e22-45fe-b9c4-51db7be64fbe,2e8659a6-9056-4fe0-b851-dc1c6dfaf112,c3,None,2237,p3,?,
1769501132.709517,SENT,e81cd34e-1e22-45fe-b9c4-51db7be64fbe,2e8659a6-9056-4fe0-b851-dc1c6dfaf112,c3,None,1605,?,i1,
1769501132.7095704,FORWARDED,e81cd34e-1e22-45fe-b9c4-51db7be64fbe,2e8659a6-9056-4fe0-b851-dc1c6dfaf112,c3,None,1605,?,i1,
1769501132.7106082,RECEIVED,3a2c65bf-e1f4-491d-9b95-20644299f204,2d64bdfa-0184-4531-9930-38d0c528adad,c2,DROP,1438,p2,?,
1769501132.9186132,SENT,dd6a3f93-5450-47ef-98cc-c71021487bc8,fe7f865b-5a9c-457b-b856-f07f728a5596,c4,DROP,1008,?,i7,
1769501132.9186528,FORWARDED,dd6a3f93-5450-47ef-98cc-c71021487bc8,fe7f865b-5a9c-457b-b856-f07f728a5596,c4,DROP,1008,?,i7,
1769501132.922848,RECEIVED,ee997df2-0597-4986-bc11-2beee7109aae,97390a1b-684d-4dfb-85f3-211b3d7bb789,c3,None,2235,p3,?,
1769501132.9756281,SENT,5a38db3c-6f64-4f19-ab5f-4fc509e14599,6d2c2973-faa6-4325-9cd9-9fa04d506160,c2,c1,1776,?,i5,
1769501132.9756684,FORWARDED,5a38db3c-6f64-4f19-ab5f-4fc509e14599,6d2c2973-faa6-4325-9cd9-9fa04d506160,c2,c1,1776,?,i5,
1769501133.1770284,SENT,4b8d5f83-1489-4e69-a8d9-91f9eb4f677e,18ed81af-e420-4a16-b23c-63984f350a82,c2,DROP,1021,?,i12,
1769501133.177121,FORWARDED,4b8d5f83-1489-4e69-a8d9-91f9eb4f677e,18ed81af-e420-4a16-b23c-63984f350a82,c2,DROP,1021,?,i12,
1769501133.194659,RECEIVED,fff5cd2f-0d0f-4314-977f-fd8518569f7f,567d20cd-973e-4131-ab7a-98a540d3115a,c2,DROP,1457,p2,?,
1769501133.2167065,RECEIVED,99ca5398-dedc-44cf-b0c3-1949688ac350,6bda8275-3dca-462e-8170-eeec66d4a508,c5,DROP,1438,p2,?,
1769501133.2395706,SENT,3a2c65bf-e1f4-491d-9b95-20644299f204,2d64bdfa-0184-4531-9930-38d0c528adad,c2,DROP,1008,?,i5,
1769501133.239611,FORWARDED,3a2c65bf-e1f4-491d-9b95-20644299f204,2d64bdfa-0184-4531-9930-38d0c528adad,c2,DROP,1008,?,i5,
1769501133.347228,RECEIVED,c764d491-3cf3-4716-aaae-ab6a5495c60d,9dbc5e60-e03a-43d8-adf4-047eb40b7f00,c1,None,2236,p1,?,
1769501133.4432063,SENT,c764d491-3cf3-4716-aaae-ab6a5495c60d,9dbc5e60-e03a-43d8-adf4-047eb40b7f00,c1,None,1603,?,i4,
1769501133.4432504,FORWARDED,c764d491-3cf3-4716-aaae-ab6a5495c60d,9dbc5e60-e03a-43d8-adf4-047eb40b7f00,c1,None,1603,?,i4,
1769501133.5644858,RECEIVED,531c9f6a-2636-4d93-8be2-4adac188c604,1b3ab505-9fe6-427c-8d23-33896d32a496,c2,DROP,1447,p2,?,
1769501133.57565,SENT,fff5cd2f-0d0f-4314-977f-fd8518569f7f,567d20cd-973e-4131-ab7a-98a540d3115a,c2,DROP,1018,?,i12,
1769501133.5756845,FORWARDED,fff5cd2f-0d0f-4314-977f-fd8518569f7f,567d20cd-973e-4131-ab7a-98a540d3115a,c2,DROP,1018,?,i12,
1769501133.617558,RECEIVED,eed11323-f9fe-4a62-909d-2b6fcbb9d017,f669910b-6bb6-459a-b898-1eea64f1054e,c3,None,2224,p3,?,
1769501133.693983,RECEIVED,3d6787b3-b2e7-41e5-b4a7-b05309dea0bb,e9dcfc14-e9a3-45be-afde-c95bc953d510,c2,DROP,1452,p2,?,
1769501133.7819605,RECEIVED,d3b17833-b2ce-4646-95f5-5aed3947a895,eb878c27-5f3b-4435-b0e6-fa4ee383409c,c2,DROP,1452,p2,?,
1769501133.8062475,SENT,eed11323-f9fe-4a62-909d-2b6fcbb9d017,f669910b-6bb6-459a-b898-1eea64f1054e,c3,None,1596,?,i10,
1769501133.8062882,FORWARDED,eed11323-f9fe-4a62-909d-2b6fcbb9d017,f669910b-6bb6-459a-b898-1eea64f1054e,c3,None,1596,?,i10,
1769501133.8326964,SENT,ee997df2-0597-4986-bc11-2beee7109aae,97390a1b-684d-4dfb-85f3-211b3d7bb789,c3,None,1603,?,i7,
1769501133.832737,FORWARDED,ee997df2-0597-4986-bc11-2beee7109aae,97390a1b-684d-4dfb-85f3-211b3d7bb789,c3,None,1603,?,i7,
1769501133.889636,RECEIVED,5c48a830-e83e-4bc0-9fc2-a6a3efcd5da0,83b4fce4-aca1-4f9c-83cc-1a82d6722124,c3,DROP,1456,p3,?,
1769501133.8981612,RECEIVED,f21dc80c-77d0-41da-b878-0fce7d7af988,dde32073-6760-4851-aade-516c2ee96c12,c2,DROP,1440,p2,?,
1769501133.9140623,RECEIVED,ee13c0d4-a9a8-4d60-9475-7e1a5a2d08d1,f5e4fbbd-4d57-4802-bde9-4301938ddebe,c1,DROP,446,x11,?,
1769501133.9710622,RECEIVED,bfe34cb7-d3f0-428e-812f-83fdff42af51,bb5b5809-dc84-425f-b354-b9fa23ebcd88,c1,DROP,1452,p1,?,
1769501133.974107,RECEIVED,62d4f7c5-75db-4eb6-971b-63ecb7a42a63,5071924c-9282-4906-9ca2-2e6d7e9659b1,c4,DROP,1452,p1,?,
1769501134.052914,SENT,f21dc80c-77d0-41da-b878-0fce7d7af988,dde32073-6760-4851-aade-516c2ee96c12,c2,DROP,1007,?,i9,
1769501134.0529478,FORWARDED,f21dc80c-77d0-41da-b878-0fce7d7af988,dde32073-6760-4851-aade-516c2ee96c12,c2,DROP,1007,?,i9,
1769501134.1244395,SENT,bfe34cb7-d3f0-428e-812f-83fdff42af51,bb5b5809-dc84-425f-b354-b9fa23ebcd88,c1,DROP,1015,?,i4,
1769501134.1244824,FORWARDED,bfe34cb7-d3f0-428e-812f-83fdff42af51,bb5b5809-dc84-425f-b354-b9fa23ebcd88,c1,DROP,1015,?,i4,
1769501134.1691155,RECEIVED,b4e24b23-1256-44d5-bd52-a9b72e0deaae,3f4c2aab-3fb5-4e8a-a710-a6ca5f9db789,c5,DROP,1453,p2,?,
1769501134.175167,SENT,5c48a830-e83e-4bc0-9fc2-a6a3efcd5da0,83b4fce4-aca1-4f9c-83cc-1a82d6722124,c3,DROP,1020,?,i11,
1769501134.175211,FORWARDED,5c48a830-e83e-4bc0-9fc2-a6a3efcd5da0,83b4fce4-aca1-4f9c-83cc-1a82d6722124,c3,DROP,1020,?,i11,
1769501134.1999435,SENT,b4e24b23-1256-44d5-bd52-a9b72e0deaae,3f4c2aab-3fb5-4e8a-a710-a6ca5f9db789,c5,DROP,1015,?,i7,
1769501134.1999838,FORWARDED,b4e24b23-1256-44d5-bd52-a9b72e0deaae,3f4c2aab-3fb5-4e8a-a710-a6ca5f9db789,c5,DROP,1015,?,i7,
1769501134.2265537,RECEIVED,527ce92e-8a7f-4f12-872f-939cf114fa4a,c80a5248-611a-45aa-b6d0-e0080ddae818,c2,None,2232,p2,?,
1769501134.2535212,SENT,d3b17833-b2ce-4646-95f5-5aed3947a895,eb878c27-5f3b-4435-b0e6-fa4ee383409c,c2,DROP,1015,?,i7,
1769501134.2535572,FORWARDED,d3b17833-b2ce-4646-95f5-5aed3947a895,eb878c27-5f3b-4435-b0e6-fa4ee383409c,c2,DROP,1015,?,i7,
1769501134.2579606,SENT,62d4f7c5-75db-4eb6-971b-63ecb7a42a63,5071924c-9282-4906-9ca2-2e6d7e9659b1,c4,DROP,1015,?,i2,
1769501134.2580042,FORWARDED,62d4f7c5-75db-4eb6-971b-63ecb7a42a63,5071924c-9282-4906-9ca2-2e6d7e9659b1,c4,DROP,1015,?,i2,
1769501134.3011727,RECEIVED,98e1e4c6-60e7-4db5-b8b6-136ea29e37ab,a22b8716-067f-421b-a350-4de67e598ba7,c2,DROP,1448,p2,?,
1769501134.325428,RECEIVED,5476296e-08b9-4383-87ec-3df07df4bff9,d50ea07f-f68b-4297-a179-aad5d7b3435a,c1,DROP,1439,p1,?,
1769501134.3382933,RECEIVED,1ebfda6f-98bb-4514-97ab-3bdf7d88186e,570214c1-f4b9-4d16-a09b-8f382b64cc4b,c3,DROP,1451,p3,?,
1769501134.3431509,SENT,527ce92e-8a7f-4f12-872f-939cf114fa4a,c80a5248-611a-45aa-b6d0-e0080ddae818,c2,None,1600,?,i7,
1769501134.3431952,FORWARDED,527ce92e-8a7f-4f12-872f-939cf114fa4a,c80a5248-611a-45aa-b6d0-e0080ddae818,c2,None,1600,?,i7,
1769501134.4136746,SENT,3d6787b3-b2e7-41e5-b4a7-b05309dea0bb,e9dcfc14-e9a3-45be-afde-c95bc953d510,c2,DROP,1017,?,i12,
1769501134.4137175,FORWARDED,3d6787b3-b2e7-41e5-b4a7-b05309dea0bb,e9dcfc14-e9a3-45be-afde-c95bc953d510,c2,DROP,1017,?,i12,
1769501134.4286308,SENT,98e1e4c6-60e7-4db5-b8b6-136ea29e37ab,a22b8716-067f-421b-a350-4de67e598ba7,c2,DROP,1012,?,i7,
1769501134.4286723,FORWARDED,98e1e4c6-60e7-4db5-b8b6-136ea29e37ab,a22b8716-067f-421b-a350-4de67e598ba7,c2,DROP,1012,?,i7,
1769501134.473616,SENT,99ca5398-dedc-44cf-b0c3-1949688ac350,6bda8275-3dca-462e-8170-eeec66d4a508,c5,DROP,1006,?,i7,
1769501134.4736574,FORWARDED,99ca5398-dedc-44cf-b0c3-1949688ac350,6bda8275-3dca-462e-8170-eeec66d4a508,c5,DROP,1006,?,i7,
1769501134.47739,RECEIVED,4d4d4253-26f8-4ac4-b3f8-3533e09c49c2,d3786f57-b91c-4c16-9789-2a1c61aabdc4,c5,DROP,1453,p2,?,
1769501134.572716,SENT,4d4d4253-26f8-4ac4-b3f8-3533e09c49c2,d3786f57-b91c-4c16-9789-2a1c61aabdc4,c5,DROP,1015,?,i12,
1769501134.5727556,FORWARDED,4d4d4253-26f8-4ac4-b3f8-3533e09c49c2,d3786f57-b91c-4c16-9789-2a1c61aabdc4,c5,DROP,1015,?,i12,
1769501134.5738587,SENT,531c9f6a-2636-4d93-8be2-4adac188c604,1b3ab505-9fe6-427c-8d23-33896d32a496,c2,DROP,1012,?,i6,
1769501134.573897,FORWARDED,531c9f6a-2636-4d93-8be2-4adac188c604,1b3ab505-9fe6-427c-8d23-33896d32a496,c2,DROP,1012,?,i6,
1769501134.6240752,RECEIVED,1e9f3ffe-1b62-49ce-aed2-11c1750a7d6d,5a171452-d9ae-41a5-93e4-806b6191a812,c3,DROP,1456,p3,?,
1769501134.6470683,RECEIVED,2ddf0cd8-5928-46ae-9f3b-4ea1f1d7993c,25ce2a9a-87de-4c73-b54f-79e292d9cc05,c5,None,2227,p2,?,
1769501134.690395,SENT,5476296e-08b9-4383-87ec-3df07df4bff9,d50ea07f-f68b-4297-a179-aad5d7b3435a,c1,DROP,1008,?,i9,
1769501134.6904361,FORWARDED,5476296e-08b9-4383-87ec-3df07df4bff9,d50ea07f-f68b-4297-a179-aad5d7b3435a,c1,DROP,1008,?,i9,
1769501134.7031677,SENT,1ebfda6f-98bb-4514-97ab-3bdf7d88186e,570214c1-f4b9-4d16-a09b-8f382b64cc4b,c3,DROP,1015,?,i3,
1769501134.7032096,FORWARDED,1ebfda6f-98bb-4514-97ab-3bdf7d88186e,570214c1-f4b9-4d16-a09b-8f382b64cc4b,c3,DROP,1015,?,i3,
1769501134.7739623,RECEIVED,55799e85-34b3-406f-9617-cd96215a54a3,45054889-9fda-4c14-9903-a5b73f43c2a6,c1,DROP,1444,p1,?,
1769501135.0071669,SENT,1e9f3ffe-1b62-49ce-aed2-11c1750a7d6d,5a171452-d9ae-41a5-93e4-806b6191a812,c3,DROP,1019,?,i12,
1769501135.0072176,FORWARDED,1e9f3ffe-1b62-49ce-aed2-11c1750a7d6d,5a171452-d9ae-41a5-93e4-806b6191a812,c3,DROP,1019,?,i12,
1769501135.0874667,SENT,55799e85-34b3-406f-9617-cd96215a54a3,45054889-9fda-4c14-9903-a5b73f43c2a6,c1,DROP,1011,?,i11,
1769501135.0875063,FORWARDED,55799e85-34b3-406f-9617-cd96215a54a3,45054889-9fda-4c14-9903-a5b73f43c2a6,c1,DROP,1011,?,i11,
1769501135.197157,RECEIVED,93810192-25d1-4f18-ae53-f179ff24846a,b793309c-be57-452d-a9b8-1e02a8187635,c1,DROP,1466,p1,?,
1769501135.2011368,RECEIVED,7b153b65-fba5-4c0b-ae77-56a73c22748d,51b2fb10-b42d-4073-8f2c-bcaf935c4f19,c4,None,2223,p1,?,
1769501135.2909782,SENT,93810192-25d1-4f18-ae53-f179ff24846a,b793309c-be57-452d-a9b8-1e02a8187635,c1,DROP,1024,?,i11,
1769501135.291017,FORWARDED,93810192-25d1-4f18-ae53-f179ff24846a,b793309c-be57-452d-a9b8-1e02a8187635,c1,DROP,1024,?,i11,
1769501135.3429983,RECEIVED,a01216ae-a6fa-4678-b787-962a217429f9,35b37a67-02de-458a-afa8-ce7c579da12d,c4,DROP,1439,p1,?,
1769501135.3727312,RECEIVED,0f533b89-f3e0-44f6-9c05-366daee0b054,11345514-1b86-49b9-ac04-4e430542b578,c4,DROP,1431,p1,?,
1769501135.5314806,RECEIVED,542862b8-c2d8-402c-b253-e09b7cad7d11,9e6429a6-b04e-4416-b826-3a8aa77b2a54,c2,c1,2452,p2,?,
1769501135.54479,RECEIVED,23d4adeb-a121-4023-835f-3ce2dea40015,4b9577ac-25d6-407a-b79d-012dd6747ded,c5,DROP,1443,p2,?,
1769501135.5811973,RECEIVED,3734b508-3613-4649-aa4b-931e0708f307,892540fa-60e4-4ce9-b15a-d20afd047409,c3,DROP,1455,p3,?,
1769501135.6010964,SENT,a01216ae-a6fa-4678-b787-962a217429f9,35b37a67-02de-458a-afa8-ce7c579da12d,c4,DROP,1006,?,i1,
1769501135.6011393,FORWARDED,a01216ae-a6fa-4678-b787-962a217429f9,35b37a67-02de-458a-afa8-ce7c579da12d,c4,DROP,1006,?,i1,
1769501135.629862,RECEIVED,1baee876-d4fe-404f-be43-ab4248177ba3,b25cf5da-1908-4645-b8de-6f1b5d9e095f,c2,DROP,1451,p2,?,
1769501135.6733148,SENT,542862b8-c2d8-402c-b253-e09b7cad7d11,9e6429a6-b04e-4416-b826-3a8aa77b2a54,c2,c1,1765,?,i7,
1769501135.673355,FORWARDED,542862b8-c2d8-402c-b253-e09b7cad7d11,9e6429a6-b04e-4416-b826-3a8aa77b2a54,c2,c1,1765,?,i7,
1769501135.7321851,SENT,0f533b89-f3e0-44f6-9c05-366daee0b054,11345514-1b86-49b9-ac04-4e430542b578,c4,DROP,1002,?,i3,
1769501135.7322254,FORWARDED,0f533b89-f3e0-44f6-9c05-366daee0b054,11345514-1b86-49b9-ac04-4e430542b578,c4,DROP,1002,?,i3,
1769501136.0726466,RECEIVED,c08ffa5d-c6d6-44f7-a5d0-28b36b554bbf,478c32ec-8b56-4e95-b08c-d50343a83432,c4,DROP,1451,p1,?,
1769501136.1779509,SENT,23d4adeb-a121-4023-835f-3ce2dea40015,4b9577ac-25d6-407a-b79d-012dd6747ded,c5,DROP,1009,?,i1,
1769501136.1779888,FORWARDED,23d4adeb-a121-4023-835f-3ce2dea40015,4b9577ac-25d6-407a-b79d-012dd6747ded,c5,DROP,1009,?,i1,
1769501136.1861207,SENT,c08ffa5d-c6d6-44f7-a5d0-28b36b554bbf,478c32ec-8b56-4e95-b08c-d50343a83432,c4,DROP,1015,?,i8,
1769501136.186162,FORWARDED,c08ffa5d-c6d6-44f7-a5d0-28b36b554bbf,478c32ec-8b56-4e95-b08c-d50343a83432,c4,DROP,1015,?,i8,
1769501136.292852,SENT,7b153b65-fba5-4c0b-ae77-56a73c22748d,51b2fb10-b42d-4073-8f2c-bcaf935c4f19,c4,None,1596,?,i1,
1769501136.2928946,FORWARDED,7b153b65-fba5-4c0b-ae77-56a73c22748d,51b2fb10-b42d-4073-8f2c-bcaf935c4f19,c4,None,1596,?,i1,
1769501136.3192236,RECEIVED,b916b5e7-eec5-486a-b992-58053886d98c,52b63021-ebff-4373-823c-372704e40f9d,c1,c5,2463,p1,?,
1769501136.3508775,SENT,3734b508-3613-4649-aa4b-931e0708f307,892540fa-60e4-4ce9-b15a-d20afd047409,c3,DROP,1019,?,i5,
1769501136.3509214,FORWARDED,3734b508-3613-4649-aa4b-931e0708f307,892540fa-60e4-4ce9-b15a-d20afd047409,c3,DROP,1019,?,i5,
1769501136.3628066,SENT,2ddf0cd8-5928-46ae-9f3b-4ea1f1d7993c,25ce2a9a-87de-4c73-b54f-79e292d9cc05,c5,None,1598,?,i1,
1769501136.3628483,FORWARDED,2ddf0cd8-5928-46ae-9f3b-4ea1f1d7993c,25ce2a9a-87de-4c73-b54f-79e292d9cc05,c5,None,1598,?,i1,
1769501136.3739903,RECEIVED,124d9135-8638-44d7-8212-212fda0afce8,9b3a661f-173f-454e-b711-bf0ab6fa1b4f,c4,DROP,1444,p1,?,
1769501136.4065244,RECEIVED,b0e2e717-d886-45dc-b544-5dfcfd569221,5fcc88f1-fd22-4cf4-a168-c94ccefff22e,c3,c4,2446,p3,?,
1769501136.4739585,SENT,1baee876-d4fe-404f-be43-ab4248177ba3,b25cf5da-1908-4645-b8de-6f1b5d9e095f,c2,DROP,1017,?,i6,
1769501136.474012,FORWARDED,1baee876-d4fe-404f-be43-ab4248177ba3,b25cf5da-1908-4645-b8de-6f1b5d9e095f,c2,DROP,1017,?,i6,
1769501136.5190916,SENT,124d9135-8638-44d7-8212-212fda0afce8,9b3a661f-173f-454e-b711-bf0ab6fa1b4f,c4,DROP,1011,?,i9,
1769501136.519135,FORWARDED,124d9135-8638-44d7-8212-212fda0afce8,9b3a661f-173f-454e-b711-bf0ab6fa1b4f,c4,DROP,1011,?,i9,
1769501136.5634878,RECEIVED,42581d29-cbfb-4377-964b-6f7aa34eee9b,16a7cf5a-97fc-4fc3-b907-0c6526288683,c4,c3,2459,p1,?,
1769501136.6245103,RECEIVED,e09d7b59-81eb-4564-abb5-45d3b87f060a,91bc9eb5-24cf-41a3-a03c-9bd4decdbecd,c5,DROP,441,x12,?,
1769501136.6789274,RECEIVED,c3dd374e-f0e4-4fe2-821f-8f09ba2042e0,fea2392f-b439-4f8c-8a3f-9fd17913f47f,c4,DROP,1451,p1,?,
1769501136.6905766,RECEIVED,38f2b9e2-300e-45cb-9737-34472b73ebcf,ae7d19cc-5e96-4dcc-bfbd-88556af936dd,c4,None,2239,p1,?,
1769501136.8494527,SENT,b916b5e7-eec5-486a-b992-58053886d98c,52b63021-ebff-4373-823c-372704e40f9d,c1,c5,1775,?,i2,
1769501136.8494947,FORWARDED,b916b5e7-eec5-486a-b992-58053886d98c,52b63021-ebff-4373-823c-372704e40f9d,c1,c5,1775,?,i2,
1769501136.9617717,SENT,38f2b9e2-300e-45cb-9737-34472b73ebcf,ae7d19cc-5e96-4dcc-bfbd-88556af936dd,c4,None,1608,?,i9,
1769501136.9618146,FORWARDED,38f2b9e2-300e-45cb-9737-34472b73ebcf,ae7d19cc-5e96-4dcc-bfbd-88556af936dd,c4,None,1608,?,i9,
1769501137.0019748,RECEIVED,250e75d0-24ef-4165-a36b-9707435bd334,5520ae7e-7026-423b-aaae-701382dcb044,c1,c5,2472,p1,?,
1769501137.0692906,SENT,b0e2e717-d886-45dc-b544-5dfcfd569221,5fcc88f1-fd22-4cf4-a168-c94ccefff22e,c3,c4,1764,?,i3,
1769501137.0693324,FORWARDED,b0e2e717-d886-45dc-b544-5dfcfd569221,5fcc88f1-fd22-4cf4-a168-c94ccefff22e,c3,c4,1764,?,i3,
1769501137.0844262,RECEIVED,8c49e620-ab0e-4779-93dc-3549e6ecf57e,adadb03c-0be6-4304-af45-87d3dae3b738,c3,DROP,1439,p3,?,
1769501137.089843,RECEIVED,15282c79-3062-47d7-bd63-935df4df64cf,09346573-5384-4c63-8713-b9729a561742,c4,None,2225,p1,?,
1769501137.1125445,SENT,42581d29-cbfb-4377-964b-6f7aa34eee9b,16a7cf5a-97fc-4fc3-b907-0c6526288683,c4,c3,1771,?,i9,
1769501137.1125898,FORWARDED,42581d29-cbfb-4377-964b-6f7aa34eee9b,16a7cf5a-97fc-4fc3-b907-0c6526288683,c4,c3,1771,?,i9,
1769501137.125204,SENT,15282c79-3062-47d7-bd63-935df4df64cf,09346573-5384-4c63-8713-b9729a561742,c4,None,1595,?,i1,
1769501137.1252487,FORWARDED,15282c79-3062-47d7-bd63-935df4df64cf,09346573-5384-4c63-8713-b9729a561742,c4,None,1595,?,i1,
1769501137.152319,RECEIVED,5c06b98e-59a0-4ae1-8198-60aff51e6f11,ac4cbea9-7f91-4aa6-8a3b-0bb343bb32b1,c3,c4,2460,p3,?,
1769501137.206221,SENT,250e75d0-24ef-4165-a36b-9707435bd334,5520ae7e-7026-423b-aaae-701382dcb044,c1,c5,1781,?,i5,
1769501137.2062654,FORWARDED,250e75d0-24ef-4165-a36b-9707435bd334,5520ae7e-7026-423b-aaae-701382dcb044,c1,c5,1781,?,i5,
1769501137.235275,SENT,5c06b98e-59a0-4ae1-8198-60aff51e6f11,ac4cbea9-7f91-4aa6-8a3b-0bb343bb32b1,c3,c4,1773,?,i2,
1769501137.2353165,FORWARDED,5c06b98e-59a0-4ae1-8198-60aff51e6f11,ac4cbea9-7f91-4aa6-8a3b-0bb343bb32b1,c3,c4,1773,?,i2,
1769501137.2544115,SENT,c3dd374e-f0e4-4fe2-821f-8f09ba2042e0,fea2392f-b439-4f8c-8a3f-9fd17913f47f,c4,DROP,1015,?,i6,
1769501137.2544534,FORWARDED,c3dd374e-f0e4-4fe2-821f-8f09ba2042e0,fea2392f-b439-4f8c-8a3f-9fd17913f47f,c4,DROP,1015,?,i6,
1769501137.4320343,RECEIVED,e20136d8-45bf-42d7-ad26-a1be3138f1a4,242bbf9e-59de-4e7c-8a7c-06efbbd36490,c4,DROP,1440,p1,?,
1769501137.4468327,RECEIVED,e8dca49e-e873-42a2-aebc-f8c2e2ad54e4,9e17d5e9-2cab-4ab0-9550-a85dcf823d0e,c5,DROP,1459,p2,?,
1769501137.5017254,SENT,e20136d8-45bf-42d7-ad26-a1be3138f1a4,242bbf9e-59de-4e7c-8a7c-06efbbd36490,c4,DROP,1008,?,i2,
1769501137.501768,FORWARDED,e20136d8-45bf-42d7-ad26-a1be3138f1a4,242bbf9e-59de-4e7c-8a7c-06efbbd36490,c4,DROP,1008,?,i2,
1769501137.5384033,SENT,e8dca49e-e873-42a2-aebc-f8c2e2ad54e4,9e17d5e9-2cab-4ab0-9550-a85dcf823d0e,c5,DROP,1021,?,i4,
1769501137.5384467,FORWARDED,e8dca49e-e873-42a2-aebc-f8c2e2ad54e4,9e17d5e9-2cab-4ab0-9550-a85dcf823d0e,c5,DROP,1021,?,i4,
1769501137.616166,SENT,8c49e620-ab0e-4779-93dc-3549e6ecf57e,adadb03c-0be6-4304-af45-87d3dae3b738,c3,DROP,1008,?,i7,
1769501137.6162176,FORWARDED,8c49e620-ab0e-4779-93dc-3549e6ecf57e,adadb03c-0be6-4304-af45-87d3dae3b738,c3,DROP,1008,?,i7,
1769501137.7576282,RECEIVED,25780acb-77d4-42b0-9d83-87e2cd0477f8,28538475-2e1b-4d92-9c99-d02e3f6becc7,c1,DROP,1444,p1,?,
1769501137.7908015,RECEIVED,439c15dc-42af-468d-8fd5-5366135bd337,f13fcb8e-86b6-4d2d-b308-afed694f8f06,c5,c2,2456,p2,?,
1769501137.855311,RECEIVED,75464e52-c500-4f66-a606-0d81522baad0,e6637639-37ea-4d82-ac27-d597adedb047,c5,DROP,1443,p2,?,
1769501137.884445,RECEIVED,1fba0c21-5110-4fd2-a72f-954c2f9e114b,64ac97e8-db29-4b4c-b337-275058b85256,c2,DROP,1444,p2,?,
1769501137.9291418,SENT,25780acb-77d4-42b0-9d83-87e2cd0477f8,28538475-2e1b-4d92-9c99-d02e3f6becc7,c1,DROP,1011,?,i8,
1769501137.929182,FORWARDED,25780acb-77d4-42b0-9d83-87e2cd0477f8,28538475-2e1b-4d92-9c99-d02e3f6becc7,c1,DROP,1011,?,i8,
1769501137.9880445,SENT,1fba0c21-5110-4fd2-a72f-954c2f9e114b,64ac97e8-db29-4b4c-b337-275058b85256,c2,DROP,1010,?,i9,
1769501137.988101,FORWARDED,1fba0c21-5110-4fd2-a72f-954c2f9e114b,64ac97e8-db29-4b4c-b337-275058b85256,c2,DROP,1010,?,i9,
1769501138.004298,SENT,439c15dc-42af-468d-8fd5-5366135bd337,f13fcb8e-86b6-4d2d-b308-afed694f8f06,c5,c2,1769,?,i5,
1769501138.0043526,FORWARDED,439c15dc-42af-468d-8fd5-5366135bd337,f13fcb8e-86b6-4d2d-b308-afed694f8f06,c5,c2,1769,?,i5,
1769501138.0473294,RECEIVED,415bc394-fb49-4bbe-902d-5d2f89e2a9ad,2f34f9cd-d06f-48df-872e-a0c3e7c9dd81,c3,None,2236,p3,?,
1769501138.1530244,RECEIVED,568e2b92-3290-49fb-9947-184a60235c5c,56b3c752-e940-446b-9938-4b6fb1bd791f,c4,DROP,1439,p1,?,
1769501138.2985678,SENT,75464e52-c500-4f66-a606-0d81522baad0,e6637639-37ea-4d82-ac27-d597adedb047,c5,DROP,1011,?,i6,
1769501138.2986104,FORWARDED,75464e52-c500-4f66-a606-0d81522baad0,e6637639-37ea-4d82-ac27-d597adedb047,c5,DROP,1011,?,i6,
1769501138.348589,RECEIVED,fdb6500b-185e-4b8e-975d-cdcf7b9abd9e,16ec7aaf-4c80-4788-9318-707733a8ec39,c4,DROP,441,x4,?,
1769501138.4302702,RECEIVED,bbeb07bf-82f7-419f-bbd9-a83780462bb8,009a0c92-8e84-497e-8500-4ce123b19fdb,c2,None,2223,p2,?,
1769501138.520545,RECEIVED,d67251c5-d052-49f9-b76a-4a572521afa3,7fe5a1cb-ec2f-4470-9670-c4f27d7cbd66,c5,None,2224,p2,?,
1769501138.5809627,RECEIVED,6eb63b2f-dc9f-49fc-8886-6b7e3a6b001a,e948e8f5-4d40-40b8-baaa-6495c7e8e7fe,c1,None,2239,p1,?,
1769501138.6573617,RECEIVED,8b619d00-f0ae-4297-88ea-8fc7576a5aa5,f4c7c528-a473-4dbd-9fe8-a5cbadaaad83,c1,DROP,1440,p1,?,
1769501138.659156,SENT,d67251c5-d052-49f9-b76a-4a572521afa3,7fe5a1cb-ec2f-4470-9670-c4f27d7cbd66,c5,None,1596,?,i6,
1769501138.6591969,FORWARDED,d67251c5-d052-49f9-b76a-4a572521afa3,7fe5a1cb-ec2f-4470-9670-c4f27d7cbd66,c5,None,1596,?,i6,
1769501138.7079346,SENT,8b619d00-f0ae-4297-88ea-8fc7576a5aa5,f4c7c528-a473-4dbd-9fe8-a5cbadaaad83,c1,DROP,1008,?,i8,
1769501138.7079773,FORWARDED,8b619d00-f0ae-4297-88ea-8fc7576a5aa5,f4c7c528-a473-4dbd-9fe8-a5cbadaaad83,c1,DROP,1008,?,i8,
1769501138.755504,RECEIVED,68c1670c-2b35-4412-acfd-99c7249aec4b,e3b1e71b-3744-436f-957e-2d57e272fa37,c4,c3,2465,p1,?,
1769501138.80956,SENT,68c1670c-2b35-4412-acfd-99c7249aec4b,e3b1e71b-3744-436f-957e-2d57e272fa37,c4,c3,1776,?,i5,
1769501138.8096015,FORWARDED,68c1670c-2b35-4412-acfd-99c7249aec4b,e3b1e71b-3744-436f-957e-2d57e272fa37,c4,c3,1776,?,i5,
1769501138.8726697,SENT,bbeb07bf-82f7-419f-bbd9-a83780462bb8,009a0c92-8e84-497e-8500-4ce123b19fdb,c2,None,1596,?,i8,
1769501138.87271,FORWARDED,bbeb07bf-82f7-419f-bbd9-a83780462bb8,009a0c92-8e84-497e-8500-4ce123b19fdb,c2,None,1596,?,i8,
1769501138.8756127,SENT,415bc394-fb49-4bbe-902d-5d2f89e2a9ad,2f34f9cd-d06f-48df-872e-a0c3e7c9dd81,c3,None,1604,?,i12,
1769501138.8756573,FORWARDED,415bc394-fb49-4bbe-902d-5d2f89e2a9ad,2f34f9cd-d06f-48df-872e-a0c3e7c9dd81,c3,None,1604,?,i12,
1769501138.9266186,RECEIVED,46121de2-9aa9-4813-821a-e04dda15ed5b,6bde1640-d842-4f68-b607-3937782a50b4,c5,DROP,1455,p2,?,
1769501139.0436268,SENT,6eb63b2f-dc9f-49fc-8886-6b7e3a6b001a,e948e8f5-4d40-40b8-baaa-6495c7e8e7fe,c1,None,1607,?,i7,
1769501139.0436642,FORWARDED,6eb63b2f-dc9f-49fc-8886-6b7e3a6b001a,e948e8f5-4d40-40b8-baaa-6495c7e8e7fe,c1,None,1607,?,i7,
1769501139.2509353,RECEIVED,e5557415-53d5-42aa-9fa1-c3d42b6ee560,8999253e-467b-4f51-bc58-850a01e4f3e5,c1,DROP,1443,p1,?,
1769501139.289963,SENT,568e2b92-3290-49fb-9947-184a60235c5c,56b3c752-e940-446b-9938-4b6fb1bd791f,c4,DROP,1007,?,i2,
1769501139.2900023,FORWARDED,568e2b92-3290-49fb-9947-184a60235c5c,56b3c752-e940-446b-9938-4b6fb1bd791f,c4,DROP,1007,?,i2,
1769501139.3528807,RECEIVED,4944ee5c-e619-4f4b-9e0e-cd9d3381c82b,b6792426-fe23-45c2-b08c-866598d98d70,c3,DROP,1451,p3,?,
1769501139.386569,RECEIVED,680b3f8e-0532-4804-8203-123073269d63,43085dee-59e3-4a02-961c-d83d405da7f8,c1,DROP,440,x8,?,
1769501139.4734936,RECEIVED,12d0c3a9-f150-4c2b-b04e-3ecc5d5497c5,b96250f9-6a56-4b11-babe-9181c0ac72ee,c1,None,2224,p1,?,
1769501139.5245507,RECEIVED,c731574c-1f37-4d0d-afaf-585dd01ba44e,7111bbc3-5f2b-4e92-8d23-a2ebd1fe4387,c1,None,2236,p1,?,
1769501139.5662725,RECEIVED,56d19253-4112-4c69-83e6-ce82ef457793,49bba6a1-2964-4737-9335-ac11c2e4a2ef,c2,DROP,1435,p2,?,
1769501139.6703863,RECEIVED,d02e2680-1117-4ce3-9503-506ee50c95fd,c0910b50-9e7f-48f1-94ef-eb71d25d1b6d,c4,None,2231,p1,?,
1769501139.6787665,SENT,c731574c-1f37-4d0d-afaf-585dd01ba44e,7111bbc3-5f2b-4e92-8d23-a2ebd1fe4387,c1,None,1603,?,i2,
1769501139.6788082,FORWARDED,c731574c-1f37-4d0d-afaf-585dd01ba44e,7111bbc3-5f2b-4e92-8d23-a2ebd1fe4387,c1,None,1603,?,i2,
1769501139.6852963,RECEIVED,eaca1e91-1647-4071-a882-b3aa8cdaed32,c2f44cca-c485-4b4b-bdde-0b8c31caa49d,c4,DROP,1447,p1,?,
1769501139.7685013,SENT,e5557415-53d5-42aa-9fa1-c3d42b6ee560,8999253e-467b-4f51-bc58-850a01e4f3e5,c1,DROP,1010,?,i7,
1769501139.768543,FORWARDED,e5557415-53d5-42aa-9fa1-c3d42b6ee560,8999253e-467b-4f51-bc58-850a01e4f3e5,c1,DROP,1010,?,i7,
1769501139.81275,RECEIVED,1576d001-4e7f-445d-bbad-0403d1cddb6a,85b3fc3e-72d1-4da4-ba75-289a255366bd,c1,None,2225,p1,?,
1769501139.8579402,SENT,12d0c3a9-f150-4c2b-b04e-3ecc5d5497c5,b96250f9-6a56-4b11-babe-9181c0ac72ee,c1,None,1596,?,i2,
1769501139.8579788,FORWARDED,12d0c3a9-f150-4c2b-b04e-3ecc5d5497c5,b96250f9-6a56-4b11-babe-9181c0ac72ee,c1,None,1596,?,i2,
1769501140.0023077,SENT,1576d001-4e7f-445d-bbad-0403d1cddb6a,85b3fc3e-72d1-4da4-ba75-289a255366bd,c1,None,1594,?,i11,
1769501140.0023503,FORWARDED,1576d001-4e7f-445d-bbad-0403d1cddb6a,85b3fc3e-72d1-4da4-ba75-289a255366bd,c1,None,1594,?,i11,
1769501140.0464387,SENT,46121de2-9aa9-4813-821a-e04dda15ed5b,6bde1640-d842-4f68-b607-3937782a50b4,c5,DROP,1019,?,i5,
1769501140.0464888,FORWARDED,46121de2-9aa9-4813-821a-e04dda15ed5b,6bde1640-d842-4f68-b607-3937782a50b4,c5,DROP,1019,?,i5,
1769501140.1725266,SENT,56d19253-4112-4c69-83e6-ce82ef457793,49bba6a1-2964-4737-9335-ac11c2e4a2ef,c2,DROP,1005,?,i5,
1769501140.1725698,FORWARDED,56d19253-4112-4c69-83e6-ce82ef457793,49bba6a1-2964-4737-9335-ac11c2e4a2ef,c2,DROP,1005,?,i5,
1769501140.2649512,SENT,eaca1e91-1647-4071-a882-b3aa8cdaed32,c2f44cca-c485-4b4b-bdde-0b8c31caa49d,c4,DROP,1012,?,i8,
1769501140.265,FORWARDED,eaca1e91-1647-4071-a882-b3aa8cdaed32,c2f44cca-c485-4b4b-bdde-0b8c31caa49d,c4,DROP,1012,?,i8,
1769501140.345721,SENT,d02e2680-1117-4ce3-9503-506ee50c95fd,c0910b50-9e7f-48f1-94ef-eb71d25d1b6d,c4,None,1600,?,i2,
1769501140.345771,FORWARDED,d02e2680-1117-4ce3-9503-506ee50c95fd,c0910b50-9e7f-48f1-94ef-eb71d25d1b6d,c4,None,1600,?,i2,
1769501140.4475472,RECEIVED,a84b3fe0-a16d-4869-a633-016ab49b03b0,cdf06524-6a82-4a99-838b-858bc1b87e8d,c4,DROP,438,x5,?,
1769501140.5533385,RECEIVED,b4379f4f-7c14-49b2-879a-ae86bdbe94c4,69ee0ff2-28df-4412-8f20-17bc64d42cb5,c2,c1,2468,p2,?,
1769501140.5827186,RECEIVED,6d218fe6-161a-44dc-b5a8-3ee2e6b4554e,d5f149ed-df0e-4465-87d7-767d66b5397a,c2,c1,2464,p2,?,
1769501140.6121187,RECEIVED,cf938fd6-6f99-4bda-a3db-52bd8fe7735f,eafd3b00-66b0-4109-8300-0b298d4e74df,c5,DROP,1439,p2,?,
1769501140.6562605,SENT,6d218fe6-161a-44dc-b5a8-3ee2e6b4554e,d5f149ed-df0e-4465-87d7-767d66b5397a,c2,c1,1775,?,i3,
1769501140.6563041,FORWARDED,6d218fe6-161a-44dc-b5a8-3ee2e6b4554e,d5f149ed-df0e-4465-87d7-767d66b5397a,c2,c1,1775,?,i3,
1769501140.7147067,SENT,4944ee5c-e619-4f4b-9e0e-cd9d3381c82b,b6792426-fe23-45c2-b08c-866598d98d70,c3,DROP,1015,?,i3,
1769501140.7147524,FORWARDED,4944ee5c-e619-4f4b-9e0e-cd9d3381c82b,b6792426-fe23-45c2-b08c-866598d98d70,c3,DROP,1015,?,i3,
1769501140.7635481,SENT,b4379f4f-7c14-49b2-879a-ae86bdbe94c4,69ee0ff2-28df-4412-8f20-17bc64d42cb5,c2,c1,1777,?,i5,
1769501140.7635977,FORWARDED,b4379f4f-7c14-49b2-879a-ae86bdbe94c4,69ee0ff2-28df-4412-8f20-17bc64d42cb5,c2,c1,1777,?,i5,
1769501140.8679304,RECEIVED,98e8aa80-44a0-467b-8116-ce96a73d2bf8,22f91706-3308-4c86-ade8-702e17d845a5,c5,None,2227,p2,?,
1769501141.0520713,RECEIVED,5a5b1002-e0d3-48aa-82e8-b0b71ebf10b0,1f2ed90d-caef-4e29-b4a8-a0197aab1b12,c3,DROP,1443,p3,?,
1769501141.0931013,RECEIVED,bfc292bf-fb75-4279-a31a-52a089b865b0,4bdb7c7b-c5a2-43b6-8472-c54519d119e8,c5,DROP,1439,p2,?,
1769501141.1895661,RECEIVED,51ba46dc-41cd-43c1-83f6-57f1d8596998,e3d6d464-af86-4875-b947-f1a9c8258231,c5,DROP,442,x5,?,
1769501141.2150602,RECEIVED,a4ad8bd6-3329-4bb0-8a8c-145089d19640,74ef9f74-2352-4b05-baaa-c2ed14f507b0,c1,DROP,1456,p1,?,
1769501141.2564929,SENT,cf938fd6-6f99-4bda-a3db-52bd8fe7735f,eafd3b00-66b0-4109-8300-0b298d4e74df,c5,DROP,1007,?,i5,
1769501141.2565303,FORWARDED,cf938fd6-6f99-4bda-a3db-52bd8fe7735f,eafd3b00-66b0-4109-8300-0b298d4e74df,c5,DROP,1007,?,i5,
1769501141.2725327,RECEIVED,8e2e72b1-a542-4995-96b1-e1c552a8a863,09019c9a-57d7-4f85-bcd0-23335bdadcc0,c1,None,2235,p1,?,
1769501141.3709004,RECEIVED,09419eed-42fd-48f7-b799-648194eb173f,5ea39a54-c941-49c3-a292-993c172510ee,c1,DROP,1439,p1,?,
1769501141.409013,SENT,a4ad8bd6-3329-4bb0-8a8c-145089d19640,74ef9f74-2352-4b05-baaa-c2ed14f507b0,c1,DROP,1018,?,i4,
1769501141.4090629,FORWARDED,a4ad8bd6-3329-4bb0-8a8c-145089d19640,74ef9f74-2352-4b05-baaa-c2ed14f507b0,c1,DROP,1018,?,i4,
1769501141.4438689,SENT,5a5b1002-e0d3-48aa-82e8-b0b71ebf10b0,1f2ed90d-caef-4e29-b4a8-a0197aab1b12,c3,DROP,1011,?,i1,
1769501141.4439065,FORWARDED,5a5b1002-e0d3-48aa-82e8-b0b71ebf10b0,1f2ed90d-caef-4e29-b4a8-a0197aab1b12,c3,DROP,1011,?,i1,
1769501141.4791596,RECEIVED,029b115e-4b1d-4c96-9c8b-4b7e9197f13a,8238d451-a456-44b5-837d-87d97685ccea,c2,DROP,1439,p2,?,
1769501141.4885826,RECEIVED,9f0d8955-0932-4d63-a0aa-25b37c30a7cc,4c0ef911-5a74-4105-9492-cee9b9f52ac8,c3,None,2225,p3,?,
1769501141.4908566,SENT,98e8aa80-44a0-467b-8116-ce96a73d2bf8,22f91706-3308-4c86-ade8-702e17d845a5,c5,None,1598,?,i12,
1769501141.4908996,FORWARDED,98e8aa80-44a0-467b-8116-ce96a73d2bf8,22f91706-3308-4c86-ade8-702e17d845a5,c5,None,1598,?,i12,
1769501141.5079293,RECEIVED,31b08d78-661e-4f64-b8ca-232a5d45e981,e6894530-5253-4601-a6a6-b0723877031e,c2,DROP,1443,p2,?,
1769501141.569411,SENT,bfc292bf-fb75-4279-a31a-52a089b865b0,4bdb7c7b-c5a2-43b6-8472-c54519d119e8,c5,DROP,1006,?,i4,
1769501141.5694528,FORWARDED,bfc292bf-fb75-4279-a31a-52a089b865b0,4bdb7c7b-c5a2-43b6-8472-c54519d119e8,c5,DROP,1006,?,i4,
1769501141.6154473,RECEIVED,67508772-ecd8-4ed6-812d-97c6898009f6,157ed297-b30e-490f-903a-31bb1a727c17,c4,DROP,1452,p1,?,
1769501141.6414075,RECEIVED,1ea0035d-501a-4852-8756-d992c46f5d3f,6074727c-8f2a-405b-96af-7629b6f6879c,c5,DROP,1451,p2,?,
1769501141.667266,SENT,9f0d8955-0932-4d63-a0aa-25b37c30a7cc,4c0ef911-5a74-4105-9492-cee9b9f52ac8,c3,None,1596,?,i11,
1769501141.6673076,FORWARDED,9f0d8955-0932-4d63-a0aa-25b37c30a7cc,4c0ef911-5a74-4105-9492-cee9b9f52ac8,c3,None,1596,?,i11,
1769501141.8904152,SENT,8e2e72b1-a542-4995-96b1-e1c552a8a863,09019c9a-57d7-4f85-bcd0-23335bdadcc0,c1,None,1603,?,i4,
1769501141.8904605,FORWARDED,8e2e72b1-a542-4995-96b1-e1c552a8a863,09019c9a-57d7-4f85-bcd0-23335bdadcc0,c1,None,1603,?,i4,
1769501141.9793196,SENT,09419eed-42fd-48f7-b799-648194eb173f,5ea39a54-c941-49c3-a292-993c172510ee,c1,DROP,1007,?,i9,
1769501141.979363,FORWARDED,09419eed-42fd-48f7-b799-648194eb173f,5ea39a54-c941-49c3-a292-993c172510ee,c1,DROP,1007,?,i9,
1769501141.9908018,SENT,67508772-ecd8-4ed6-812d-97c6898009f6,157ed297-b30e-490f-903a-31bb1a727c17,c4,DROP,1015,?,i3,
1769501141.9908442,FORWARDED,67508772-ecd8-4ed6-812d-97c6898009f6,157ed297-b30e-490f-903a-31bb1a727c17,c4,DROP,1015,?,i3,
1769501142.038791,RECEIVED,3f9e847b-c2c0-4be8-bb7a-6f039e860bee,08d4e861-dccf-4e95-b93c-325269a6bc51,c4,None,2225,p1,?,
1769501142.0537076,RECEIVED,93966196-fa19-494d-92da-0e79b7fdd550,45098d03-de6b-433f-bf89-f7423894de0e,c1,DROP,441,x9,?,
1769501142.1021175,SENT,029b115e-4b1d-4c96-9c8b-4b7e9197f13a,8238d451-a456-44b5-837d-87d97685ccea,c2,DROP,1007,?,i2,
1769501142.1021588,FORWARDED,029b115e-4b1d-4c96-9c8b-4b7e9197f13a,8238d451-a456-44b5-837d-87d97685ccea,c2,DROP,1007,?,i2,
1769501142.1861184,SENT,3f9e847b-c2c0-4be8-bb7a-6f039e860bee,08d4e861-dccf-4e95-b93c-325269a6bc51,c4,None,1596,?,i12,
1769501142.1861625,FORWARDED,3f9e847b-c2c0-4be8-bb7a-6f039e860bee,08d4e861-dccf-4e95-b93c-325269a6bc51,c4,None,1596,?,i12,
1769501142.6662161,SENT,31b08d78-661e-4f64-b8ca-232a5d45e981,e6894530-5253-4601-a6a6-b0723877031e,c2,DROP,1011,?,i9,
1769501142.6662557,FORWARDED,31b08d78-661e-4f64-b8ca-232a5d45e981,e6894530-5253-4601-a6a6-b0723877031e,c2,DROP,1011,?,i9,
1769501142.7112057,RECEIVED,1f10ade6-c8b4-4d44-95a9-c48cd88d5560,fc7ea8da-42ae-4aeb-b0a9-105e568f88fe,c3,c4,2473,p3,?,
1769501142.8337116,RECEIVED,c96fc1aa-d8ba-4038-bd7a-007a0cfb2b2e,3cc49ce2-36f8-44f3-9778-3007a86122e9,c1,c5,2464,p1,?,
1769501142.9177642,SENT,1f10ade6-c8b4-4d44-95a9-c48cd88d5560,fc7ea8da-42ae-4aeb-b0a9-105e568f88fe,c3,c4,1781,?,i12,
1769501142.9178069,FORWARDED,1f10ade6-c8b4-4d44-95a9-c48cd88d5560,fc7ea8da-42ae-4aeb-b0a9-105e568f88fe,c3,c4,1781,?,i12,
1769501143.002946,SENT,c96fc1aa-d8ba-4038-bd7a-007a0cfb2b2e,3cc49ce2-36f8-44f3-9778-3007a86122e9,c1,c5,1776,?,i8,
1769501143.0029879,FORWARDED,c96fc1aa-d8ba-4038-bd7a-007a0cfb2b2e,3cc49ce2-36f8-44f3-9778-3007a86122e9,c1,c5,1776,?,i8,
1769501143.0801306,RECEIVED,81e3b8f7-3942-4da7-95e5-912f43e9be0b,1085f78d-e7ab-4407-a6b7-741b6ff85fc2,c5,DROP,1451,p2,?,
1769501143.1655874,RECEIVED,5398765b-63f3-4ea6-8e43-0b138726b557,a7dd208e-a86e-427a-b7e8-de7292015575,c2,None,2221,p2,?,
1769501143.2060668,SENT,5398765b-63f3-4ea6-8e43-0b138726b557,a7dd208e-a86e-427a-b7e8-de7292015575,c2,None,1591,?,i5,
1769501143.2061107,FORWARDED,5398765b-63f3-4ea6-8e43-0b138726b557,a7dd208e-a86e-427a-b7e8-de7292015575,c2,None,1591,?,i5,
1769501143.299214,RECEIVED,3bee1c03-702f-4ea3-a6fa-496121072fd7,195aee30-c421-4721-ad35-e0e2e9cc18f4,c1,None,2235,p1,?,
1769501143.3172147,RECEIVED,7dfb67fc-12c4-4b42-997d-4a41179f0295,f05ce226-2a3f-432c-bd8e-680315916cbe,c3,c4,2460,p3,?,
1769501143.3204987,RECEIVED,928c4b6d-818c-41bf-80f4-c76409f97623,02616da4-34ec-4dcf-b342-637ec505635b,c4,DROP,440,x10,?,
1769501143.3452132,SENT,1ea0035d-501a-4852-8756-d992c46f5d3f,6074727c-8f2a-405b-96af-7629b6f6879c,c5,DROP,1016,?,i10,
1769501143.3452625,FORWARDED,1ea0035d-501a-4852-8756-d992c46f5d3f,6074727c-8f2a-405b-96af-7629b6f6879c,c5,DROP,1016,?,i10,
1769501143.380733,RECEIVED,c271cb12-2788-4230-a219-438060e436af,1e141ee9-ef64-44aa-bb5c-c585bf156a3e,c2,DROP,1427,p2,?,
1769501143.3827653,RECEIVED,2310d595-1dad-4a2e-a84d-a2efea142c4d,770ffed1-6f96-42b7-b656-121e133a5258,c4,None,2227,p1,?,
1769501143.5189855,SENT,3bee1c03-702f-4ea3-a6fa-496121072fd7,195aee30-c421-4721-ad35-e0e2e9cc18f4,c1,None,1603,?,i4,
1769501143.5190268,FORWARDED,3bee1c03-702f-4ea3-a6fa-496121072fd7,195aee30-c421-4721-ad35-e0e2e9cc18f4,c1,None,1603,?,i4,
1769501143.5571947,RECEIVED,b033327a-8567-41e6-858e-f3d880a05f21,4a396130-1cf5-4633-949c-0fc186a5e331,c1,DROP,1439,p1,?,
1769501143.6035593,RECEIVED,19420e93-1190-4da8-b5d2-370600274945,b02eec9d-444a-4114-b2cb-09c4e81abdbe,c5,None,2235,p2,?,
1769501143.6335201,SENT,7dfb67fc-12c4-4b42-997d-4a41179f0295,f05ce226-2a3f-432c-bd8e-680315916cbe,c3,c4,1772,?,i4,
1769501143.6335602,FORWARDED,7dfb67fc-12c4-4b42-997d-4a41179f0295,f05ce226-2a3f-432c-bd8e-680315916cbe,c3,c4,1772,?,i4,
1769501143.7061899,RECEIVED,15e9e275-8488-446a-a8ed-3fe02af4dee1,c5e90893-9379-479d-a29c-dce2070d3f08,c2,DROP,1451,p2,?,
1769501143.7184854,SENT,81e3b8f7-3942-4da7-95e5-912f43e9be0b,1085f78d-e7ab-4407-a6b7-741b6ff85fc2,c5,DROP,1015,?,i6,
1769501143.718526,FORWARDED,81e3b8f7-3942-4da7-95e5-912f43e9be0b,1085f78d-e7ab-4407-a6b7-741b6ff85fc2,c5,DROP,1015,?,i6,
1769501143.7550766,SENT,19420e93-1190-4da8-b5d2-370600274945,b02eec9d-444a-4114-b2cb-09c4e81abdbe,c5,None,1604,?,i6,
1769501143.755679,FORWARDED,19420e93-1190-4da8-b5d2-370600274945,b02eec9d-444a-4114-b2cb-09c4e81abdbe,c5,None,1604,?,i6,
1769501143.7935245,SENT,b033327a-8567-41e6-858e-f3d880a05f21,4a396130-1cf5-4633-949c-0fc186a5e331,c1,DROP,1007,?,i6,
1769501143.7935674,FORWARDED,b033327a-8567-41e6-858e-f3d880a05f21,4a396130-1cf5-4633-949c-0fc186a5e331,c1,DROP,1007,?,i6,
1769501143.8450801,RECEIVED,4187c4d4-1e38-48ea-9407-e9dc5f85ace0,7305c52c-a5b1-447a-8994-f8e1caca9441,c4,DROP,445,x12,?,
1769501143.8459551,RECEIVED,deabb7f5-1db9-4ce2-a6ac-02c2371bdb22,03c61296-43a4-406b-863c-2a100734e6b5,c4,DROP,1442,p1,?,
1769501143.9931958,SENT,c271cb12-2788-4230-a219-438060e436af,1e141ee9-ef64-44aa-bb5c-c585bf156a3e,c2,DROP,998,?,i6,
1769501143.9932382,FORWARDED,c271cb12-2788-4230-a219-438060e436af,1e141ee9-ef64-44aa-bb5c-c585bf156a3e,c2,DROP,998,?,i6,
1769501144.0717528,RECEIVED,304dede0-8e12-4e38-adc8-0716e4db20b9,d7f6a8d1-f8f1-4523-aa47-75b22059219b,c1,DROP,1447,p1,?,
1769501144.0988488,SENT,2310d595-1dad-4a2e-a84d-a2efea142c4d,770ffed1-6f96-42b7-b656-121e133a5258,c4,None,1597,?,i7,
1769501144.098883,FORWARDED,2310d595-1dad-4a2e-a84d-a2efea142c4d,770ffed1-6f96-42b7-b656-121e133a5258,c4,None,1597,?,i7,
1769501144.1472995,SENT,15e9e275-8488-446a-a8ed-3fe02af4dee1,c5e90893-9379-479d-a29c-dce2070d3f08,c2,DROP,1016,?,i5,
1769501144.1473396,FORWARDED,15e9e275-8488-446a-a8ed-3fe02af4dee1,c5e90893-9379-479d-a29c-dce2070d3f08,c2,DROP,1016,?,i5,
1769501144.318332,SENT,304dede0-8e12-4e38-adc8-0716e4db20b9,d7f6a8d1-f8f1-4523-aa47-75b22059219b,c1,DROP,1014,?,i7,
1769501144.3183773,FORWARDED,304dede0-8e12-4e38-adc8-0716e4db20b9,d7f6a8d1-f8f1-4523-aa47-75b22059219b,c1,DROP,1014,?,i7,
1769501144.468896,RECEIVED,09cde1ef-3802-49d4-969e-39973c9f3976,876390e4-0581-408e-bdef-4e36db371f5c,c4,DROP,1439,p1,?,
1769501144.6020205,RECEIVED,26407e4c-f8ca-46cd-a3a3-2b95c45c9470,c74076e3-e36b-4df3-8a9a-20171f61c440,c2,DROP,1450,p2,?,
1769501144.9780967,SENT,09cde1ef-3802-49d4-969e-39973c9f3976,876390e4-0581-408e-bdef-4e36db371f5c,c4,DROP,1008,?,i2,
1769501144.9781318,FORWARDED,09cde1ef-3802-49d4-969e-39973c9f3976,876390e4-0581-408e-bdef-4e36db371f5c,c4,DROP,1008,?,i2,
1769501145.014195,RECEIVED,01eaf9ee-bc83-447b-9da6-8335c28fb242,96d530dc-8f1f-4f85-9049-16cf76e51254,c4,DROP,1452,p1,?,
1769501145.0245123,RECEIVED,982cc333-b28e-4763-9143-3123dea9c2ea,852833b9-b189-4bf3-99ee-6a21f80de698,c3,DROP,441,x11,?,
1769501145.0689595,RECEIVED,f53cc6b8-0c51-4256-9edc-a4e50dac614f,e04613eb-cfd0-4621-88c0-c8917d3dde04,c4,DROP,1451,p1,?,
1769501145.210618,SENT,26407e4c-f8ca-46cd-a3a3-2b95c45c9470,c74076e3-e36b-4df3-8a9a-20171f61c440,c2,DROP,1016,?,i5,
1769501145.2106597,FORWARDED,26407e4c-f8ca-46cd-a3a3-2b95c45c9470,c74076e3-e36b-4df3-8a9a-20171f61c440,c2,DROP,1016,?,i5,
1769501145.2118666,RECEIVED,926698c2-f4e9-4a69-aeb1-86b6db4c06ca,86533a98-3c34-4290-b800-3fdac4e7b80f,c3,DROP,1456,p3,?,
1769501145.3808267,RECEIVED,9dbbd7ed-e78f-477e-85e5-a78254bc0fa8,35bc4a59-686d-4d68-be83-dad3a4c7bb25,c4,DROP,442,x3,?,
1769501145.3817153,RECEIVED,4534b1f8-d88e-4195-91ff-005a70fefaf0,cd43361a-0f33-43ae-bbab-dda9ed373e5a,c2,DROP,1451,p2,?,
1769501145.4626708,SENT,926698c2-f4e9-4a69-aeb1-86b6db4c06ca,86533a98-3c34-4290-b800-3fdac4e7b80f,c3,DROP,1019,?,i12,
1769501145.462712,FORWARDED,926698c2-f4e9-4a69-aeb1-86b6db4c06ca,86533a98-3c34-4290-b800-3fdac4e7b80f,c3,DROP,1019,?,i12,
1769501145.4750257,SENT,01eaf9ee-bc83-447b-9da6-8335c28fb242,96d530dc-8f1f-4f85-9049-16cf76e51254,c4,DROP,1015,?,i7,
1769501145.475078,FORWARDED,01eaf9ee-bc83-447b-9da6-8335c28fb242,96d530dc-8f1f-4f85-9049-16cf76e51254,c4,DROP,1015,?,i7,
1769501145.4848187,RECEIVED,fbfbbdd4-f861-4485-8b73-e0b808a3dc13,b01123a9-b4b5-49e1-8755-ae276ddf19fa,c2,DROP,1451,p2,?,
1769501145.575352,RECEIVED,d8260652-3641-4341-bd36-573be5dc096b,6b545c7f-65d3-484f-a618-6737cb6e1259,c4,DROP,1444,p1,?,
1769501145.678388,SENT,d8260652-3641-4341-bd36-573be5dc096b,6b545c7f-65d3-484f-a618-6737cb6e1259,c4,DROP,1011,?,i5,
1769501145.678428,FORWARDED,d8260652-3641-4341-bd36-573be5dc096b,6b545c7f-65d3-484f-a618-6737cb6e1259,c4,DROP,1011,?,i5,
1769501145.86764,RECEIVED,f207cb24-0611-4566-ba3a-28cfd0ba558a,4ff07e27-57dd-4bd5-bb9a-e42b77620225,c3,DROP,1443,p3,?,
1769501145.9582112,RECEIVED,aef3607a-b681-476f-b1d7-f36e7086d2e0,e01a1c36-631c-49c5-b659-b374f27ffa0c,c5,c2,2477,p2,?,
1769501145.978218,SENT,deabb7f5-1db9-4ce2-a6ac-02c2371bdb22,03c61296-43a4-406b-863c-2a100734e6b5,c4,DROP,1011,?,i3,
1769501145.9782586,FORWARDED,deabb7f5-1db9-4ce2-a6ac-02c2371bdb22,03c61296-43a4-406b-863c-2a100734e6b5,c4,DROP,1011,?,i3,
1769501146.0125108,SENT,aef3607a-b681-476f-b1d7-f36e7086d2e0,e01a1c36-631c-49c5-b659-b374f27ffa0c,c5,c2,1784,?,i12,
1769501146.0125465,FORWARDED,aef3607a-b681-476f-b1d7-f36e7086d2e0,e01a1c36-631c-49c5-b659-b374f27ffa0c,c5,c2,1784,?,i12,
1769501146.1395974,SENT,fbfbbdd4-f861-4485-8b73-e0b808a3dc13,b01123a9-b4b5-49e1-8755-ae276ddf19fa,c2,DROP,1016,?,i6,
1769501146.1396394,FORWARDED,fbfbbdd4-f861-4485-8b73-e0b808a3dc13,b01123a9-b4b5-49e1-8755-ae276ddf19fa,c2,DROP,1016,?,i6,
1769501146.3054607,SENT,f53cc6b8-0c51-4256-9edc-a4e50dac614f,e04613eb-cfd0-4621-88c0-c8917d3dde04,c4,DROP,1015,?,i9,
1769501146.3055048,FORWARDED,f53cc6b8-0c51-4256-9edc-a4e50dac614f,e04613eb-cfd0-4621-88c0-c8917d3dde04,c4,DROP,1015,?,i9,
1769501146.5019226,RECEIVED,2451eb3c-cf27-4ccc-a7c4-4d213eff2258,577e5c2d-5f69-4c6d-bc54-341557c19387,c2,DROP,1443,p2,?,
1769501146.643921,SENT,4534b1f8-d88e-4195-91ff-005a70fefaf0,cd43361a-0f33-43ae-bbab-dda9ed373e5a,c2,DROP,1015,?,i1,
1769501146.6440978,FORWARDED,4534b1f8-d88e-4195-91ff-005a70fefaf0,cd43361a-0f33-43ae-bbab-dda9ed373e5a,c2,DROP,1015,?,i1,
1769501146.8643906,RECEIVED,bb7120bc-fb93-4c76-875c-c43575f86840,ed2a8000-cc93-4635-ab9c-aad2f666e018,c2,DROP,1445,p2,?,
1769501146.9545672,RECEIVED,adaec865-a9ed-4e4a-85b2-eb04377b8f83,f13879c8-7449-462b-98fa-622a46398a88,c3,DROP,1439,p3,?,
1769501147.025895,SENT,bb7120bc-fb93-4c76-875c-c43575f86840,ed2a8000-cc93-4635-ab9c-aad2f666e018,c2,DROP,1009,?,i10,
1769501147.0259352,FORWARDED,bb7120bc-fb93-4c76-875c-c43575f86840,ed2a8000-cc93-4635-ab9c-aad2f666e018,c2,DROP,1009,?,i10,
1769501147.0941908,RECEIVED,40a3bef7-dc0a-4218-82ea-843f6555a054,1904e6c9-188f-45a9-aa20-9a26a3334ade,c3,DROP,442,x6,?,
1769501147.1429145,RECEIVED,327108e0-c81d-4c0b-b3a9-6753b85ed564,4079406a-bd09-4bc6-ad2b-50e4252d6df7,c1,DROP,1439,p1,?,
1769501147.215275,SENT,f207cb24-0611-4566-ba3a-28cfd0ba558a,4ff07e27-57dd-4bd5-bb9a-e42b77620225,c3,DROP,1009,?,i4,
1769501147.2153184,FORWARDED,f207cb24-0611-4566-ba3a-28cfd0ba558a,4ff07e27-57dd-4bd5-bb9a-e42b77620225,c3,DROP,1009,?,i4,
1769501147.438863,SENT,2451eb3c-cf27-4ccc-a7c4-4d213eff2258,577e5c2d-5f69-4c6d-bc54-341557c19387,c2,DROP,1009,?,i8,
1769501147.438904,FORWARDED,2451eb3c-cf27-4ccc-a7c4-4d213eff2258,577e5c2d-5f69-4c6d-bc54-341557c19387,c2,DROP,1009,?,i8,
1769501147.706476,RECEIVED,a693aae8-fe77-4835-bba2-605f89646fce,fe45a4c0-e630-4a61-ae49-2ae944b52bf6,c1,DROP,1448,p1,?,
1769501147.805896,RECEIVED,d8ac0ba1-b58e-4f43-b14f-5eb034f17f64,d3a023e0-12bc-4759-a838-23976dfb8433,c3,None,2221,p3,?,
1769501147.8098867,RECEIVED,590717ae-af96-43ae-93a3-8ae7f2d03bfe,fd1d6b8c-c85a-45f0-b5ad-b77910f0f474,c2,None,2249,p2,?,
1769501148.0071163,SENT,327108e0-c81d-4c0b-b3a9-6753b85ed564,4079406a-bd09-4bc6-ad2b-50e4252d6df7,c1,DROP,1007,?,i9,
1769501148.007159,FORWARDED,327108e0-c81d-4c0b-b3a9-6753b85ed564,4079406a-bd09-4bc6-ad2b-50e4252d6df7,c1,DROP,1007,?,i9,
1769501148.0667918,RECEIVED,2f250f9d-fb0f-49b0-82bb-d55d3efd051c,ecc42ed1-2dac-4619-8ccb-e6a8dbbaee5a,c3,DROP,1437,p3,?,
1769501148.1397583,SENT,2f250f9d-fb0f-49b0-82bb-d55d3efd051c,ecc42ed1-2dac-4619-8ccb-e6a8dbbaee5a,c3,DROP,1005,?,i11,
1769501148.1397939,FORWARDED,2f250f9d-fb0f-49b0-82bb-d55d3efd051c,ecc42ed1-2dac-4619-8ccb-e6a8dbbaee5a,c3,DROP,1005,?,i11,
1769501148.2027886,SENT,a693aae8-fe77-4835-bba2-605f89646fce,fe45a4c0-e630-4a61-ae49-2ae944b52bf6,c1,DROP,1012,?,i8,
1769501148.2028325,FORWARDED,a693aae8-fe77-4835-bba2-605f89646fce,fe45a4c0-e630-4a61-ae49-2ae944b52bf6,c1,DROP,1012,?,i8,
1769501148.2205684,SENT,590717ae-af96-43ae-93a3-8ae7f2d03bfe,fd1d6b8c-c85a-45f0-b5ad-b77910f0f474,c2,None,1612,?,i10,
1769501148.2206104,FORWARDED,590717ae-af96-43ae-93a3-8ae7f2d03bfe,fd1d6b8c-c85a-45f0-b5ad-b77910f0f474,c2,None,1612,?,i10,
1769501148.2460063,RECEIVED,8aced846-6ab9-4ee0-bfd4-4419b39b71b6,721180e2-5cb5-45b5-a9dc-2cd73bc32623,c1,c5,2448,p1,?,
1769501148.3236547,SENT,8aced846-6ab9-4ee0-bfd4-4419b39b71b6,721180e2-5cb5-45b5-a9dc-2cd73bc32623,c1,c5,1764,?,i12,
1769501148.3237023,FORWARDED,8aced846-6ab9-4ee0-bfd4-4419b39b71b6,721180e2-5cb5-45b5-a9dc-2cd73bc32623,c1,c5,1764,?,i12,
1769501148.3421662,SENT,adaec865-a9ed-4e4a-85b2-eb04377b8f83,f13879c8-7449-462b-98fa-622a46398a88,c3,DROP,1007,?,i10,
1769501148.342206,FORWARDED,adaec865-a9ed-4e4a-85b2-eb04377b8f83,f13879c8-7449-462b-98fa-622a46398a88,c3,DROP,1007,?,i10,
1769501148.366057,RECEIVED,dff21ecd-8c91-4a6b-abf6-4444fa013978,3c336b0b-305e-431d-8004-79d4f7723aec,c3,DROP,1438,p3,?,
1769501148.3725057,RECEIVED,e3984ba1-2054-4446-ae7f-e8e0c48c84e9,b4a43f77-c155-4575-8b04-c7f8c3cc3bb2,c1,c5,2448,p1,?,
1769501148.3974583,SENT,d8ac0ba1-b58e-4f43-b14f-5eb034f17f64,d3a023e0-12bc-4759-a838-23976dfb8433,c3,None,1595,?,i1,
1769501148.3974998,FORWARDED,d8ac0ba1-b58e-4f43-b14f-5eb034f17f64,d3a023e0-12bc-4759-a838-23976dfb8433,c3,None,1595,?,i1,
1769501148.573031,SENT,dff21ecd-8c91-4a6b-abf6-4444fa013978,3c336b0b-305e-431d-8004-79d4f7723aec,c3,DROP,1008,?,i4,
1769501148.5730872,FORWARDED,dff21ecd-8c91-4a6b-abf6-4444fa013978,3c336b0b-305e-431d-8004-79d4f7723aec,c3,DROP,1008,?,i4,
1769501148.6549115,SENT,e3984ba1-2054-4446-ae7f-e8e0c48c84e9,b4a43f77-c155-4575-8b04-c7f8c3cc3bb2,c1,c5,1763,?,i8,
1769501148.6549513,FORWARDED,e3984ba1-2054-4446-ae7f-e8e0c48c84e9,b4a43f77-c155-4575-8b04-c7f8c3cc3bb2,c1,c5,1763,?,i8,
1769501148.80071,RECEIVED,6e5488d4-7bee-41d2-aca0-1f0d567a1832,18d20ccd-6fa5-4706-8a5c-e5cd5a8dc2d9,c2,DROP,1439,p2,?,
1769501148.8506737,RECEIVED,1f72a273-62bb-4eea-985e-82a092ffe7fd,51d044cb-2b04-4615-a287-1f24450b3e93,c5,DROP,1451,p2,?,
1769501148.8672376,RECEIVED,860e5e6c-a044-4cb8-87e6-2b677ed32b54,336b8c94-4fd7-4437-99e3-56d21c072ecf,c4,c3,2481,p1,?,
1769501148.9167137,RECEIVED,0117638d-8f12-4c64-8924-af615ba6b49f,4938e9da-f69f-4cb6-9124-3a53e3c579ba,c5,DROP,1444,p2,?,
1769501148.9313154,RECEIVED,8e374f26-c9b5-43a6-87ab-50f6a50179fc,addf60dc-bca4-4ca0-a72f-8d0f6ce8b667,c2,DROP,1447,p2,?,
1769501149.0527437,SENT,860e5e6c-a044-4cb8-87e6-2b677ed32b54,336b8c94-4fd7-4437-99e3-56d21c072ecf,c4,c3,1787,?,i11,
1769501149.0527852,FORWARDED,860e5e6c-a044-4cb8-87e6-2b677ed32b54,336b8c94-4fd7-4437-99e3-56d21c072ecf,c4,c3,1787,?,i11,
1769501149.1170113,SENT,0117638d-8f12-4c64-8924-af615ba6b49f,4938e9da-f69f-4cb6-9124-3a53e3c579ba,c5,DROP,1009,?,i2,
1769501149.1170547,FORWARDED,0117638d-8f12-4c64-8924-af615ba6b49f,4938e9da-f69f-4cb6-9124-3a53e3c579ba,c5,DROP,1009,?,i2,
1769501149.286395,RECEIVED,a7ea36db-93f6-4475-a3cb-4827e96e9838,2e34852f-2e5b-44a1-b15c-7035df80bc65,c2,DROP,1452,p2,?,
1769501149.3027673,RECEIVED,6daadab8-8745-4f67-a87f-bac1e544018a,dbd4104b-75ad-4599-997b-728c1eedb55a,c5,DROP,1444,p2,?,
1769501149.4470232,SENT,a7ea36db-93f6-4475-a3cb-4827e96e9838,2e34852f-2e5b-44a1-b15c-7035df80bc65,c2,DROP,1016,?,i6,
1769501149.4470913,FORWARDED,a7ea36db-93f6-4475-a3cb-4827e96e9838,2e34852f-2e5b-44a1-b15c-7035df80bc65,c2,DROP,1016,?,i6,
1769501149.5189247,SENT,1f72a273-62bb-4eea-985e-82a092ffe7fd,51d044cb-2b04-4615-a287-1f24450b3e93,c5,DROP,1017,?,i3,
1769501149.5189676,FORWARDED,1f72a273-62bb-4eea-985e-82a092ffe7fd,51d044cb-2b04-4615-a287-1f24450b3e93,c5,DROP,1017,?,i3,
1769501149.704798,RECEIVED,fd254867-75fb-4f79-8309-a688665d619d,6acad685-2880-47d6-b3b3-9bdffc7498f8,c5,DROP,1452,p2,?,
1769501149.8793013,SENT,6e5488d4-7bee-41d2-aca0-1f0d567a1832,18d20ccd-6fa5-4706-8a5c-e5cd5a8dc2d9,c2,DROP,1008,?,i9,
1769501149.8793526,FORWARDED,6e5488d4-7bee-41d2-aca0-1f0d567a1832,18d20ccd-6fa5-4706-8a5c-e5cd5a8dc2d9,c2,DROP,1008,?,i9,
1769501149.9235158,RECEIVED,15bcd9bd-2711-4acf-b7ce-ecb1b22e2e79,05c1117c-97f3-4c49-8f7f-2e68ebc4b970,c4,c3,2477,p1,?,
1769501150.012494,SENT,8e374f26-c9b5-43a6-87ab-50f6a50179fc,addf60dc-bca4-4ca0-a72f-8d0f6ce8b667,c2,DROP,1012,?,i11,
1769501150.0125406,FORWARDED,8e374f26-c9b5-43a6-87ab-50f6a50179fc,addf60dc-bca4-4ca0-a72f-8d0f6ce8b667,c2,DROP,1012,?,i11,
1769501150.085483,RECEIVED,f4072ccc-7d03-4625-8711-72244d593ce7,51ab9c97-8cb6-4d9e-8f85-efb687f525ae,c2,None,2236,p2,?,
1769501150.0894303,SENT,6daadab8-8745-4f67-a87f-bac1e544018a,dbd4104b-75ad-4599-997b-728c1eedb55a,c5,DROP,1009,?,i12,
1769501150.0894701,FORWARDED,6daadab8-8745-4f67-a87f-bac1e544018a,dbd4104b-75ad-4599-997b-728c1eedb55a,c5,DROP,1009,?,i12,
1769501150.1203394,RECEIVED,689f9e29-5f07-4ba6-9b1b-89a8a191d209,978269f6-cca5-4c80-802d-2cbb1814445b,c1,DROP,445,x2,?,
1769501150.1410537,RECEIVED,141a86b7-9bfd-4dbe-ab8d-bf28476b631d,7dde5bd6-a863-4edf-b918-260101a656f5,c4,None,2220,p1,?,
1769501150.150008,SENT,f4072ccc-7d03-4625-8711-72244d593ce7,51ab9c97-8cb6-4d9e-8f85-efb687f525ae,c2,None,1605,?,i6,
1769501150.150068,FORWARDED,f4072ccc-7d03-4625-8711-72244d593ce7,51ab9c97-8cb6-4d9e-8f85-efb687f525ae,c2,None,1605,?,i6,
1769501150.223023,SENT,fd254867-75fb-4f79-8309-a688665d619d,6acad685-2880-47d6-b3b3-9bdffc7498f8,c5,DROP,1015,?,i10,
1769501150.2231443,FORWARDED,fd254867-75fb-4f79-8309-a688665d619d,6acad685-2880-47d6-b3b3-9bdffc7498f8,c5,DROP,1015,?,i10,
1769501150.2586105,SENT,15bcd9bd-2711-4acf-b7ce-ecb1b22e2e79,05c1117c-97f3-4c49-8f7f-2e68ebc4b970,c4,c3,1783,?,i12,
1769501150.2586517,FORWARDED,15bcd9bd-2711-4acf-b7ce-ecb1b22e2e79,05c1117c-97f3-4c49-8f7f-2e68ebc4b970,c4,c3,1783,?,i12,
1769501150.566582,RECEIVED,f34a12eb-24f1-49d8-9bfe-7160fad3262e,f6cd021d-5ea1-4215-9a3c-8e6cc86e1968,c5,DROP,1452,p2,?,
1769501150.6940322,RECEIVED,8657ac0a-8e0e-478a-b787-47a88ac0bb70,0471d4c0-82f7-4636-b0c9-6629caf78bd5,c2,DROP,1440,p2,?,
1769501150.970059,SENT,8657ac0a-8e0e-478a-b787-47a88ac0bb70,0471d4c0-82f7-4636-b0c9-6629caf78bd5,c2,DROP,1007,?,i6,
1769501150.970102,FORWARDED,8657ac0a-8e0e-478a-b787-47a88ac0bb70,0471d4c0-82f7-4636-b0c9-6629caf78bd5,c2,DROP,1007,?,i6,
1769501151.1051579,SENT,141a86b7-9bfd-4dbe-ab8d-bf28476b631d,7dde5bd6-a863-4edf-b918-260101a656f5,c4,None,1591,?,i12,
1769501151.1051948,FORWARDED,141a86b7-9bfd-4dbe-ab8d-bf28476b631d,7dde5bd6-a863-4edf-b918-260101a656f5,c4,None,1591,?,i12,
1769501151.1061606,RECEIVED,536881f4-e5d4-4de9-8a6c-655fbc0fe8fd,e7ea1c68-7f17-4a3c-8a14-355f05b56aed,c5,c2,2455,p2,?,
1769501151.2644792,RECEIVED,43c8f86a-8f87-4099-9123-8fc6d291beec,3edea1e7-e220-4d02-ad20-c833541ba523,c4,None,2239,p1,?,
1769501151.4035437,RECEIVED,3da50b09-e5ee-4024-8082-634e5dd6ef04,0510d481-e2e8-4ffb-9bda-fe3ab592c651,c2,DROP,441,x4,?,
1769501151.4142091,RECEIVED,7b46f865-29aa-41fb-948b-66c01f65329b,5af06ffd-58f7-459a-9c44-a50796056cd4,c2,None,2224,p2,?,
1769501151.4450116,RECEIVED,76d11a9a-5d52-4222-a8c6-ecad0089782f,cf4125aa-e08c-416a-94a7-83f47fb53781,c5,None,2239,p2,?,
1769501151.518365,RECEIVED,7f3f0f30-b83d-4e43-8c44-22865a1e8fc3,8484a3e4-afa4-4e81-9a8f-b5fe99227fc1,c1,None,2227,p1,?,
1769501151.622661,SENT,536881f4-e5d4-4de9-8a6c-655fbc0fe8fd,e7ea1c68-7f17-4a3c-8a14-355f05b56aed,c5,c2,1768,?,i4,
1769501151.6227005,FORWARDED,536881f4-e5d4-4de9-8a6c-655fbc0fe8fd,e7ea1c68-7f17-4a3c-8a14-355f05b56aed,c5,c2,1768,?,i4,
1769501151.6243467,RECEIVED,257facb2-30d4-46cf-a1d2-8f8dca0f573f,b56c5b6a-372e-498e-afb0-61883e306b31,c5,DROP,1439,p2,?,
1769501151.6993978,RECEIVED,6acc391e-92ad-4819-8413-47627872fa3c,cbef1d77-c140-4aea-8cb1-39b14eb83187,c5,DROP,1443,p2,?,
1769501151.739956,RECEIVED,6f4a9867-868f-418d-8a04-0dcdd2a3ae1d,b5355c04-054e-4c21-9c54-8ac4d0f75290,c3,c4,2467,p3,?,
1769501151.8065758,SENT,43c8f86a-8f87-4099-9123-8fc6d291beec,3edea1e7-e220-4d02-ad20-c833541ba523,c4,None,1608,?,i5,
1769501151.806613,FORWARDED,43c8f86a-8f87-4099-9123-8fc6d291beec,3edea1e7-e220-4d02-ad20-c833541ba523,c4,None,1608,?,i5,
1769501151.8191617,SENT,7f3f0f30-b83d-4e43-8c44-22865a1e8fc3,8484a3e4-afa4-4e81-9a8f-b5fe99227fc1,c1,None,1597,?,i8,
1769501151.8192084,FORWARDED,7f3f0f30-b83d-4e43-8c44-22865a1e8fc3,8484a3e4-afa4-4e81-9a8f-b5fe99227fc1,c1,None,1597,?,i8,
1769501151.8779368,SENT,f34a12eb-24f1-49d8-9bfe-7160fad3262e,f6cd021d-5ea1-4215-9a3c-8e6cc86e1968,c5,DROP,1015,?,i12,
1769501151.8779805,FORWARDED,f34a12eb-24f1-49d8-9bfe-7160fad3262e,f6cd021d-5ea1-4215-9a3c-8e6cc86e1968,c5,DROP,1015,?,i12,
1769501151.900653,SENT,6acc391e-92ad-4819-8413-47627872fa3c,cbef1d77-c140-4aea-8cb1-39b14eb83187,c5,DROP,1011,?,i7,
1769501151.9007065,FORWARDED,6acc391e-92ad-4819-8413-47627872fa3c,cbef1d77-c140-4aea-8cb1-39b14eb83187,c5,DROP,1011,?,i7,
1769501151.9039128,RECEIVED,45a71e04-fb33-4c6d-8ecd-205204043d84,2806260f-0835-40a2-9fcc-dd24c13f3306,c4,DROP,441,x4,?,
1769501151.9928918,SENT,6f4a9867-868f-418d-8a04-0dcdd2a3ae1d,b5355c04-054e-4c21-9c54-8ac4d0f75290,c3,c4,1779,?,i3,
1769501151.9929295,FORWARDED,6f4a9867-868f-418d-8a04-0dcdd2a3ae1d,b5355c04-054e-4c21-9c54-8ac4d0f75290,c3,c4,1779,?,i3,
1769501152.0291786,SENT,76d11a9a-5d52-4222-a8c6-ecad0089782f,cf4125aa-e08c-416a-94a7-83f47fb53781,c5,None,1607,?,i1,
1769501152.0292206,FORWARDED,76d11a9a-5d52-4222-a8c6-ecad0089782f,cf4125aa-e08c-416a-94a7-83f47fb53781,c5,None,1607,?,i1,
1769501152.0926862,SENT,7b46f865-29aa-41fb-948b-66c01f65329b,5af06ffd-58f7-459a-9c44-a50796056cd4,c2,None,1594,?,i12,
1769501152.0927286,FORWARDED,7b46f865-29aa-41fb-948b-66c01f65329b,5af06ffd-58f7-459a-9c44-a50796056cd4,c2,None,1594,?,i12,
1769501152.2375522,RECEIVED,e28068ad-244a-4d8d-b90a-269f1538eba8,ab31253a-38ad-49bc-8ad8-f7c10d331e59,c5,DROP,1451,p2,?,
1769501152.417624,RECEIVED,fa7c2a72-ee19-487e-bf51-48d7661f05bd,bf4c9e8d-3232-4575-aa7a-52aef011355f,c4,DROP,1443,p1,?,
1769501152.4520855,RECEIVED,62bb1310-c21a-4524-80ce-7d566a4c2739,037adb28-02ff-46eb-9999-57be3e5b090b,c4,DROP,441,x10,?,
1769501152.4659858,RECEIVED,96e404d8-e0f0-4441-b7a4-2a1e41e2f384,cc073f2a-59eb-461f-9c77-939b5306a78f,c4,DROP,1441,p1,?,
1769501152.5644503,SENT,96e404d8-e0f0-4441-b7a4-2a1e41e2f384,cc073f2a-59eb-461f-9c77-939b5306a78f,c4,DROP,1007,?,i11,
1769501152.5644922,FORWARDED,96e404d8-e0f0-4441-b7a4-2a1e41e2f384,cc073f2a-59eb-461f-9c77-939b5306a78f,c4,DROP,1007,?,i11,
1769501152.7208054,SENT,257facb2-30d4-46cf-a1d2-8f8dca0f573f,b56c5b6a-372e-498e-afb0-61883e306b31,c5,DROP,1008,?,i3,
1769501152.7208488,FORWARDED,257facb2-30d4-46cf-a1d2-8f8dca0f573f,b56c5b6a-372e-498e-afb0-61883e306b31,c5,DROP,1008,?,i3,
1769501152.792184,RECEIVED,f6c2c764-5d3d-4f37-9f6b-9ac6f5fc0e0f,bfe287a3-a2a3-4a19-b42c-81c5de457bd1,c5,DROP,441,x10,?,
1769501152.7969136,RECEIVED,004ff2f5-fba1-4058-a79f-c34f7da5f45c,1e95f1b0-02e1-4d6c-a921-88577ad0aad3,c1,DROP,1448,p1,?,
1769501152.8906188,RECEIVED,bb6d11d5-d05c-401d-911b-c71c4ec55806,6aad2523-8f8d-465d-95ce-5cb144ea6dfd,c5,DROP,1441,p2,?,
1769501152.9044552,SENT,e28068ad-244a-4d8d-b90a-269f1538eba8,ab31253a-38ad-49bc-8ad8-f7c10d331e59,c5,DROP,1015,?,i2,
1769501152.9044971,FORWARDED,e28068ad-244a-4d8d-b90a-269f1538eba8,ab31253a-38ad-49bc-8ad8-f7c10d331e59,c5,DROP,1015,?,i2,
1769501153.1261392,SENT,bb6d11d5-d05c-401d-911b-c71c4ec55806,6aad2523-8f8d-465d-95ce-5cb144ea6dfd,c5,DROP,1007,?,i10,
1769501153.1261785,FORWARDED,bb6d11d5-d05c-401d-911b-c71c4ec55806,6aad2523-8f8d-465d-95ce-5cb144ea6dfd,c5,DROP,1007,?,i10,
1769501153.296766,RECEIVED,ca9c7f46-95b7-4827-bd26-04f86b811e57,8dc1bc3d-548d-4d80-929b-f6c1ce03ba00,c5,DROP,1438,p2,?,
1769501153.301068,SENT,004ff2f5-fba1-4058-a79f-c34f7da5f45c,1e95f1b0-02e1-4d6c-a921-88577ad0aad3,c1,DROP,1012,?,i11,
1769501153.3011112,FORWARDED,004ff2f5-fba1-4058-a79f-c34f7da5f45c,1e95f1b0-02e1-4d6c-a921-88577ad0aad3,c1,DROP,1012,?,i11,
1769501153.3071299,RECEIVED,c31bc452-12f2-4c3d-b573-fd21c97cdeb3,d45178b0-0d67-4a9a-8503-0e1fde1a9a3d,c2,c1,2464,p2,?,
1769501153.3818567,RECEIVED,34d2e306-4e27-4fd4-951d-be019a032b2e,96bc16ae-cf55-48b7-8d68-6db42e2d4915,c2,DROP,1448,p2,?,
1769501153.4168713,RECEIVED,dbae0274-7028-4d34-8d6b-98702a725696,d9110420-4fed-495b-b188-c7ff44efd870,c4,DROP,1444,p1,?,
1769501153.5146503,SENT,dbae0274-7028-4d34-8d6b-98702a725696,d9110420-4fed-495b-b188-c7ff44efd870,c4,DROP,1010,?,i2,
1769501153.514692,FORWARDED,dbae0274-7028-4d34-8d6b-98702a725696,d9110420-4fed-495b-b188-c7ff44efd870,c4,DROP,1010,?,i2,
1769501153.6040692,SENT,34d2e306-4e27-4fd4-951d-be019a032b2e,96bc16ae-cf55-48b7-8d68-6db42e2d4915,c2,DROP,1012,?,i9,
1769501153.6041129,FORWARDED,34d2e306-4e27-4fd4-951d-be019a032b2e,96bc16ae-cf55-48b7-8d68-6db42e2d4915,c2,DROP,1012,?,i9,
1769501153.6343355,RECEIVED,1109cf53-3c22-4cd7-a3a4-11dc97afa139,7c8b65f7-71f4-49bb-b8e7-2d1190df45cf,c3,c4,2463,p3,?,
1769501153.7663121,RECEIVED,ae20c6fb-b562-468f-8379-80eb1d4feb1c,429c1d1a-1710-4feb-80b7-37da8829a33f,c4,DROP,442,x2,?,
1769501153.9392135,SENT,c31bc452-12f2-4c3d-b573-fd21c97cdeb3,d45178b0-0d67-4a9a-8503-0e1fde1a9a3d,c2,c1,1775,?,i11,
1769501153.9392626,FORWARDED,c31bc452-12f2-4c3d-b573-fd21c97cdeb3,d45178b0-0d67-4a9a-8503-0e1fde1a9a3d,c2,c1,1775,?,i11,
1769501153.9419167,RECEIVED,8f347de7-28da-4681-9c24-739ad7090c54,ae1dc0b8-c484-411f-9928-699ad315ebcb,c3,DROP,1447,p3,?,
1769501153.9720237,RECEIVED,12385323-e272-44df-9deb-02fa15dbe409,e2c5c381-86aa-4d3c-8602-7056f5744b43,c1,None,2223,p1,?,
1769501153.9803047,RECEIVED,60afa0fb-c7b9-46a0-8053-d18e4287b94a,501b10fb-7731-4b0f-b7d6-e70892060694,c3,DROP,1451,p3,?,
1769501153.9883351,SENT,ca9c7f46-95b7-4827-bd26-04f86b811e57,8dc1bc3d-548d-4d80-929b-f6c1ce03ba00,c5,DROP,1007,?,i6,
1769501153.9884167,FORWARDED,ca9c7f46-95b7-4827-bd26-04f86b811e57,8dc1bc3d-548d-4d80-929b-f6c1ce03ba00,c5,DROP,1007,?,i6,
1769501154.0805464,SENT,1109cf53-3c22-4cd7-a3a4-11dc97afa139,7c8b65f7-71f4-49bb-b8e7-2d1190df45cf,c3,c4,1775,?,i9,
1769501154.0805912,FORWARDED,1109cf53-3c22-4cd7-a3a4-11dc97afa139,7c8b65f7-71f4-49bb-b8e7-2d1190df45cf,c3,c4,1775,?,i9,
1769501154.1781557,SENT,fa7c2a72-ee19-487e-bf51-48d7661f05bd,bf4c9e8d-3232-4575-aa7a-52aef011355f,c4,DROP,1009,?,i4,
1769501154.178197,FORWARDED,fa7c2a72-ee19-487e-bf51-48d7661f05bd,bf4c9e8d-3232-4575-aa7a-52aef011355f,c4,DROP,1009,?,i4,
1769501154.2318952,SENT,8f347de7-28da-4681-9c24-739ad7090c54,ae1dc0b8-c484-411f-9928-699ad315ebcb,c3,DROP,1013,?,i2,
1769501154.2319388,FORWARDED,8f347de7-28da-4681-9c24-739ad7090c54,ae1dc0b8-c484-411f-9928-699ad315ebcb,c3,DROP,1013,?,i2,
1769501154.352468,RECEIVED,884e45b6-d5f0-4a7b-baba-87d18a45b8d3,3395bba8-34d9-490e-a9c3-b18c371325e0,c3,DROP,1456,p3,?,
1769501154.695976,SENT,12385323-e272-44df-9deb-02fa15dbe409,e2c5c381-86aa-4d3c-8602-7056f5744b43,c1,None,1595,?,i9,
1769501154.6960208,FORWARDED,12385323-e272-44df-9deb-02fa15dbe409,e2c5c381-86aa-4d3c-8602-7056f5744b43,c1,None,1595,?,i9,
1769501154.7591264,RECEIVED,9f760c0a-f5af-4200-9629-ddba3ef937a2,c9e22eb1-4924-484f-9a6f-1c06da4436d0,c4,DROP,1452,p1,?,
1769501154.8221111,SENT,884e45b6-d5f0-4a7b-baba-87d18a45b8d3,3395bba8-34d9-490e-a9c3-b18c371325e0,c3,DROP,1020,?,i10,
1769501154.822152,FORWARDED,884e45b6-d5f0-4a7b-baba-87d18a45b8d3,3395bba8-34d9-490e-a9c3-b18c371325e0,c3,DROP,1020,?,i10,
1769501154.9243565,RECEIVED,742bbea4-b51a-49f3-b8f0-caa5bd5fbc49,b2e2d4bf-c084-4d9d-a339-c727454f9eae,c4,DROP,1439,p1,?,
1769501155.1639764,SENT,60afa0fb-c7b9-46a0-8053-d18e4287b94a,501b10fb-7731-4b0f-b7d6-e70892060694,c3,DROP,1015,?,i9,
1769501155.164018,FORWARDED,60afa0fb-c7b9-46a0-8053-d18e4287b94a,501b10fb-7731-4b0f-b7d6-e70892060694,c3,DROP,1015,?,i9,
1769501155.1865704,SENT,742bbea4-b51a-49f3-b8f0-caa5bd5fbc49,b2e2d4bf-c084-4d9d-a339-c727454f9eae,c4,DROP,1008,?,i6,
1769501155.1866176,FORWARDED,742bbea4-b51a-49f3-b8f0-caa5bd5fbc49,b2e2d4bf-c084-4d9d-a339-c727454f9eae,c4,DROP,1008,?,i6,
1769501155.3240993,RECEIVED,419b1660-c85b-48df-aaaf-187a3b3a4afd,5e01fd17-f9f8-41f4-8120-74f190e4f0ba,c2,c1,2440,p2,?,
1769501155.3411949,RECEIVED,513d5b74-ccd1-4d57-8abe-9caa97e7e298,b9c17e46-82fa-4d72-a1e3-abfb6be478bb,c2,DROP,1448,p2,?,
1769501155.3896677,SENT,419b1660-c85b-48df-aaaf-187a3b3a4afd,5e01fd17-f9f8-41f4-8120-74f190e4f0ba,c2,c1,1758,?,i6,
1769501155.3897114,FORWARDED,419b1660-c85b-48df-aaaf-187a3b3a4afd,5e01fd17-f9f8-41f4-8120-74f190e4f0ba,c2,c1,1758,?,i6,
1769501155.5007503,RECEIVED,e078167b-ebde-4105-805d-adf1d9567700,0574d337-7e3b-4a72-aaad-53a62a4a1b0d,c4,DROP,1439,p1,?,
1769501155.609487,SENT,513d5b74-ccd1-4d57-8abe-9caa97e7e298,b9c17e46-82fa-4d72-a1e3-abfb6be478bb,c2,DROP,1012,?,i10,
1769501155.6095273,FORWARDED,513d5b74-ccd1-4d57-8abe-9caa97e7e298,b9c17e46-82fa-4d72-a1e3-abfb6be478bb,c2,DROP,1012,?,i10,
1769501155.684861,SENT,e078167b-ebde-4105-805d-adf1d9567700,0574d337-7e3b-4a72-aaad-53a62a4a1b0d,c4,DROP,1008,?,i6,
1769501155.684904,FORWARDED,e078167b-ebde-4105-805d-adf1d9567700,0574d337-7e3b-4a72-aaad-53a62a4a1b0d,c4,DROP,1008,?,i6,
1769501155.7196808,RECEIVED,6fc34ddf-7705-413d-a9a1-d78ec010bebe,5d00baaf-45b1-4bc4-b463-1e62c90569c5,c4,DROP,1443,p1,?,
1769501155.7722442,SENT,9f760c0a-f5af-4200-9629-ddba3ef937a2,c9e22eb1-4924-484f-9a6f-1c06da4436d0,c4,DROP,1017,?,i10,
1769501155.7722871,FORWARDED,9f760c0a-f5af-4200-9629-ddba3ef937a2,c9e22eb1-4924-484f-9a6f-1c06da4436d0,c4,DROP,1017,?,i10,
1769501156.0177515,RECEIVED,e158deb8-c263-490e-9ad7-626c8452ae31,3e9ca813-7b47-4220-a9e7-c3fca0543b99,c4,DROP,1440,p1,?,
1769501156.0277228,RECEIVED,9545a658-be4d-4d22-8d80-8cd31e65aa68,c21f4657-7959-42b7-a0e9-6910c5b61a15,c5,DROP,1451,p2,?,
1769501156.0322375,RECEIVED,33d718b4-b9d4-490c-9202-125424e47961,b7801a44-7fa2-41f2-915a-b4f145d6425e,c2,c1,2451,p2,?,
1769501156.1256354,SENT,e158deb8-c263-490e-9ad7-626c8452ae31,3e9ca813-7b47-4220-a9e7-c3fca0543b99,c4,DROP,1007,?,i7,
1769501156.1256742,FORWARDED,e158deb8-c263-490e-9ad7-626c8452ae31,3e9ca813-7b47-4220-a9e7-c3fca0543b99,c4,DROP,1007,?,i7,
1769501156.134738,RECEIVED,4f4f2370-a836-443a-aa93-e072a6353b26,2c3f8a9c-ea65-4f3e-9e71-11e14fdb0667,c4,DROP,1444,p1,?,
1769501156.3876517,RECEIVED,10ca3660-3a51-4ed0-8451-c8cb61a2de3c,2e984311-47d9-4814-886a-0fc6e610a9ba,c3,DROP,1439,p3,?,
1769501156.5499294,RECEIVED,1c99c99d-a1a2-43bb-9f0c-c431e458b81e,91f281da-4f0a-43bb-98ae-a8ed5bbfdd87,c2,DROP,1439,p2,?,
1769501156.5564003,SENT,4f4f2370-a836-443a-aa93-e072a6353b26,2c3f8a9c-ea65-4f3e-9e71-11e14fdb0667,c4,DROP,1010,?,i3,
1769501156.5564432,FORWARDED,4f4f2370-a836-443a-aa93-e072a6353b26,2c3f8a9c-ea65-4f3e-9e71-11e14fdb0667,c4,DROP,1010,?,i3,
1769501156.5850022,RECEIVED,8ba0ae99-c248-42bf-bf73-cd5fbc60c3cf,0ea48227-6938-4104-853b-b7ccc40bb283,c1,None,2236,p1,?,
1769501156.992556,SENT,9545a658-be4d-4d22-8d80-8cd31e65aa68,c21f4657-7959-42b7-a0e9-6910c5b61a15,c5,DROP,1016,?,i2,
1769501156.992602,FORWARDED,9545a658-be4d-4d22-8d80-8cd31e65aa68,c21f4657-7959-42b7-a0e9-6910c5b61a15,c5,DROP,1016,?,i2,
1769501157.0413895,RECEIVED,6cc4c835-8924-4356-b705-68e0e1a1720f,cd24bcf9-3d40-4709-a296-6dd4f018ea17,c5,DROP,1448,p2,?,
1769501157.0678556,SENT,1c99c99d-a1a2-43bb-9f0c-c431e458b81e,91f281da-4f0a-43bb-98ae-a8ed5bbfdd87,c2,DROP,1008,?,i1,
1769501157.0679018,FORWARDED,1c99c99d-a1a2-43bb-9f0c-c431e458b81e,91f281da-4f0a-43bb-98ae-a8ed5bbfdd87,c2,DROP,1008,?,i1,
1769501157.1472428,RECEIVED,9259b7ff-3c1a-4db4-a2a2-0ce9e41ceec7,677858f3-f5cc-43cc-8413-f881cc9dddeb,c1,None,2240,p1,?,
1769501157.2173831,SENT,10ca3660-3a51-4ed0-8451-c8cb61a2de3c,2e984311-47d9-4814-886a-0fc6e610a9ba,c3,DROP,1007,?,i9,
1769501157.2174234,FORWARDED,10ca3660-3a51-4ed0-8451-c8cb61a2de3c,2e984311-47d9-4814-886a-0fc6e610a9ba,c3,DROP,1007,?,i9,
1769501157.2653852,SENT,6cc4c835-8924-4356-b705-68e0e1a1720f,cd24bcf9-3d40-4709-a296-6dd4f018ea17,c5,DROP,1012,?,i9,
1769501157.2654262,FORWARDED,6cc4c835-8924-4356-b705-68e0e1a1720f,cd24bcf9-3d40-4709-a296-6dd4f018ea17,c5,DROP,1012,?,i9,
1769501157.3522825,SENT,33d718b4-b9d4-490c-9202-125424e47961,b7801a44-7fa2-41f2-915a-b4f145d6425e,c2,c1,1765,?,i3,
1769501157.3523238,FORWARDED,33d718b4-b9d4-490c-9202-125424e47961,b7801a44-7fa2-41f2-915a-b4f145d6425e,c2,c1,1765,?,i3,
1769501157.3530095,RECEIVED,6a417c61-e95d-4ced-8cb0-264674ae6d10,031e56fb-793d-4855-9b0b-8172e630c180,c1,DROP,1450,p1,?,
1769501157.3833184,SENT,6fc34ddf-7705-413d-a9a1-d78ec010bebe,5d00baaf-45b1-4bc4-b463-1e62c90569c5,c4,DROP,1010,?,i8,
1769501157.3833609,FORWARDED,6fc34ddf-7705-413d-a9a1-d78ec010bebe,5d00baaf-45b1-4bc4-b463-1e62c90569c5,c4,DROP,1010,?,i8,
1769501157.469354,SENT,9259b7ff-3c1a-4db4-a2a2-0ce9e41ceec7,677858f3-f5cc-43cc-8413-f881cc9dddeb,c1,None,1607,?,i4,
1769501157.4693956,FORWARDED,9259b7ff-3c1a-4db4-a2a2-0ce9e41ceec7,677858f3-f5cc-43cc-8413-f881cc9dddeb,c1,None,1607,?,i4,
1769501157.4857934,SENT,8ba0ae99-c248-42bf-bf73-cd5fbc60c3cf,0ea48227-6938-4104-853b-b7ccc40bb283,c1,None,1604,?,i12,
1769501157.4858387,FORWARDED,8ba0ae99-c248-42bf-bf73-cd5fbc60c3cf,0ea48227-6938-4104-853b-b7ccc40bb283,c1,None,1604,?,i12,
1769501157.520153,RECEIVED,e82d6135-76a0-4572-8a0d-be60a1acc4c2,8d35cf8d-71d2-4368-ad48-c2990bdbb423,c3,DROP,1440,p3,?,
1769501157.6855826,RECEIVED,3e48c482-9797-4efc-9065-5367c75de077,6460e16d-f934-4ddb-a35e-f3db28e2b663,c5,DROP,1439,p2,?,
1769501157.7294958,RECEIVED,3766a3e7-1716-451c-b209-0c92e20797c0,e5c0b683-604e-4d18-8de6-00fa94f32748,c3,DROP,1456,p3,?,
1769501157.8509095,RECEIVED,3eaa4a83-e74a-43e7-aa58-5b1f4abd6ade,f6648a3b-bc64-4989-8d20-523ba745c8af,c4,c3,2462,p1,?,
1769501157.8561997,SENT,e82d6135-76a0-4572-8a0d-be60a1acc4c2,8d35cf8d-71d2-4368-ad48-c2990bdbb423,c3,DROP,1007,?,i1,
1769501157.8562427,FORWARDED,e82d6135-76a0-4572-8a0d-be60a1acc4c2,8d35cf8d-71d2-4368-ad48-c2990bdbb423,c3,DROP,1007,?,i1,
1769501157.8739364,RECEIVED,2b2ac880-ac5f-46ed-8b25-b1a13c3b2ce1,7db88b57-5c09-4811-a028-f1b09218439d,c1,DROP,1448,p1,?,
1769501157.989563,SENT,2b2ac880-ac5f-46ed-8b25-b1a13c3b2ce1,7db88b57-5c09-4811-a028-f1b09218439d,c1,DROP,1012,?,i8,
1769501157.9896023,FORWARDED,2b2ac880-ac5f-46ed-8b25-b1a13c3b2ce1,7db88b57-5c09-4811-a028-f1b09218439d,c1,DROP,1012,?,i8,
1769501158.200268,SENT,3e48c482-9797-4efc-9065-5367c75de077,6460e16d-f934-4ddb-a35e-f3db28e2b663,c5,DROP,1007,?,i1,
1769501158.2003095,FORWARDED,3e48c482-9797-4efc-9065-5367c75de077,6460e16d-f934-4ddb-a35e-f3db28e2b663,c5,DROP,1007,?,i1,
1769501158.2899017,SENT,3766a3e7-1716-451c-b209-0c92e20797c0,e5c0b683-604e-4d18-8de6-00fa94f32748,c3,DROP,1019,?,i11,
1769501158.2899427,FORWARDED,3766a3e7-1716-451c-b209-0c92e20797c0,e5c0b683-604e-4d18-8de6-00fa94f32748,c3,DROP,1019,?,i11,
1769501158.4140732,RECEIVED,1f681e56-7f2f-415c-a4dd-43bfe78ae91a,25ab2a67-ab83-49ab-bd43-85a964b3ccd8,c2,DROP,1434,p2,?,
1769501158.5620987,RECEIVED,486ef016-e6f3-43ac-a9b5-54f5dc04e3dc,39261543-fbc6-46c7-be25-457d84a4df10,c5,DROP,441,x12,?,
1769501158.7584655,SENT,6a417c61-e95d-4ced-8cb0-264674ae6d10,031e56fb-793d-4855-9b0b-8172e630c180,c1,DROP,1016,?,i7,
1769501158.7585077,FORWARDED,6a417c61-e95d-4ced-8cb0-264674ae6d10,031e56fb-793d-4855-9b0b-8172e630c180,c1,DROP,1016,?,i7,
1769501158.918985,RECEIVED,9ee377af-2ed2-4b47-af2c-e31d06193a4c,b84f78bf-b893-42e9-ab3c-dd468d6c4556,c4,DROP,1444,p1,?,
1769501158.9613602,RECEIVED,d0710321-4153-424c-90ed-21e053402a8e,045461e6-4e93-4070-a379-41e58fcc363b,c2,DROP,1451,p2,?,
1769501159.0206287,SENT,9ee377af-2ed2-4b47-af2c-e31d06193a4c,b84f78bf-b893-42e9-ab3c-dd468d6c4556,c4,DROP,1009,?,i4,
1769501159.0206711,FORWARDED,9ee377af-2ed2-4b47-af2c-e31d06193a4c,b84f78bf-b893-42e9-ab3c-dd468d6c4556,c4,DROP,1009,?,i4,
1769501159.0216508,RECEIVED,ade0e995-bd1f-4520-a4ae-add1c6339b0a,d8474312-0c57-4b83-8ac1-f14f40c315d9,c5,DROP,442,x4,?,
1769501159.1527774,SENT,d0710321-4153-424c-90ed-21e053402a8e,045461e6-4e93-4070-a379-41e58fcc363b,c2,DROP,1016,?,i3,
1769501159.1528206,FORWARDED,d0710321-4153-424c-90ed-21e053402a8e,045461e6-4e93-4070-a379-41e58fcc363b,c2,DROP,1016,?,i3,
1769501159.2116501,RECEIVED,142ace95-c0d1-4a58-a096-ad2c11582f62,c4bb5332-d310-4b4e-8e39-70b589709e50,c3,c4,2467,p3,?,
1769501159.2888167,SENT,3eaa4a83-e74a-43e7-aa58-5b1f4abd6ade,f6648a3b-bc64-4989-8d20-523ba745c8af,c4,c3,1775,?,i1,
1769501159.2888994,FORWARDED,3eaa4a83-e74a-43e7-aa58-5b1f4abd6ade,f6648a3b-bc64-4989-8d20-523ba745c8af,c4,c3,1775,?,i1,
1769501159.4761238,RECEIVED,f8fcd54b-5bd5-42e4-9250-f68a0393f286,4b11d720-1222-449a-9b1b-246744b585b3,c5,DROP,1440,p2,?,
1769501159.545859,SENT,1f681e56-7f2f-415c-a4dd-43bfe78ae91a,25ab2a67-ab83-49ab-bd43-85a964b3ccd8,c2,DROP,1003,?,i4,
1769501159.545901,FORWARDED,1f681e56-7f2f-415c-a4dd-43bfe78ae91a,25ab2a67-ab83-49ab-bd43-85a964b3ccd8,c2,DROP,1003,?,i4,
1769501159.6105149,SENT,142ace95-c0d1-4a58-a096-ad2c11582f62,c4bb5332-d310-4b4e-8e39-70b589709e50,c3,c4,1777,?,i7,
1769501159.6105535,FORWARDED,142ace95-c0d1-4a58-a096-ad2c11582f62,c4bb5332-d310-4b4e-8e39-70b589709e50,c3,c4,1777,?,i7,
1769501159.6795437,RECEIVED,b116b6d5-b789-4d02-b1f0-b756c7f162bb,27d1b5d6-12cf-44e8-a603-571b5b8d74d6,c4,c3,2452,p1,?,
1769501159.7817638,RECEIVED,db452583-aad6-4568-a4d7-34fb79bff45d,a93e1222-5cc5-4dd9-8e8f-e36934785976,c1,DROP,442,x6,?,
1769501159.7824197,RECEIVED,61570ab3-e25d-4195-89e7-ff1edeb8d0e7,b2b1bfec-bdfa-422a-9fcb-fc28c22ae08c,c1,DROP,1440,p1,?,
1769501159.8530107,SENT,f8fcd54b-5bd5-42e4-9250-f68a0393f286,4b11d720-1222-449a-9b1b-246744b585b3,c5,DROP,1007,?,i9,
1769501159.853079,FORWARDED,f8fcd54b-5bd5-42e4-9250-f68a0393f286,4b11d720-1222-449a-9b1b-246744b585b3,c5,DROP,1007,?,i9,
1769501159.8930378,RECEIVED,4b88c2a5-b365-4a0d-a7f2-bad3731a7300,b6674c52-0863-4b62-ae3c-60ee28ca08b8,c2,DROP,442,x11,?,
1769501159.9010732,SENT,61570ab3-e25d-4195-89e7-ff1edeb8d0e7,b2b1bfec-bdfa-422a-9fcb-fc28c22ae08c,c1,DROP,1008,?,i9,
1769501159.9011164,FORWARDED,61570ab3-e25d-4195-89e7-ff1edeb8d0e7,b2b1bfec-bdfa-422a-9fcb-fc28c22ae08c,c1,DROP,1008,?,i9,
1769501159.9031694,RECEIVED,ff8e7ec3-40ed-4d1a-9476-62d57e8afc0d,d9ed4586-c7f1-454b-bf58-fafa2900de9b,c1,DROP,1452,p1,?,
1769501159.9450252,RECEIVED,927219ac-3a67-4556-a44f-e1b629ace7c7,8b0223d1-e7c0-427f-be15-baf177043f50,c5,DROP,1439,p2,?,
1769501159.9608057,RECEIVED,42ca93c4-4d86-4c05-b52b-e27f0a08ce6f,2eb42ac8-3d6c-4b16-923f-7d079c731a5c,c1,c5,2463,p1,?,
1769501160.0038874,SENT,ff8e7ec3-40ed-4d1a-9476-62d57e8afc0d,d9ed4586-c7f1-454b-bf58-fafa2900de9b,c1,DROP,1015,?,i5,
1769501160.0039327,FORWARDED,ff8e7ec3-40ed-4d1a-9476-62d57e8afc0d,d9ed4586-c7f1-454b-bf58-fafa2900de9b,c1,DROP,1015,?,i5,
1769501160.3615327,RECEIVED,cbd29898-4b4c-496d-9ff8-1bc10f45e853,7dee5259-c8e1-467a-9606-c31b95a823ac,c4,DROP,1450,p1,?,
1769501160.4193866,RECEIVED,f1939c7c-e88e-44b9-9f4f-b021935462b3,c1db57f2-dce4-45c4-865a-2dd433f44d23,c5,None,2237,p2,?,
1769501160.4456706,SENT,f1939c7c-e88e-44b9-9f4f-b021935462b3,c1db57f2-dce4-45c4-865a-2dd433f44d23,c5,None,1603,?,i11,
1769501160.4457057,FORWARDED,f1939c7c-e88e-44b9-9f4f-b021935462b3,c1db57f2-dce4-45c4-865a-2dd433f44d23,c5,None,1603,?,i11,
1769501160.490157,SENT,42ca93c4-4d86-4c05-b52b-e27f0a08ce6f,2eb42ac8-3d6c-4b16-923f-7d079c731a5c,c1,c5,1776,?,i5,
1769501160.4901931,FORWARDED,42ca93c4-4d86-4c05-b52b-e27f0a08ce6f,2eb42ac8-3d6c-4b16-923f-7d079c731a5c,c1,c5,1776,?,i5,
1769501160.6594708,RECEIVED,52cc7deb-d4d9-4558-90ea-db21f3264fa1,fd78601c-12e3-4dd9-b8e4-1269fc509a1a,c3,DROP,1439,p3,?,
1769501160.6881902,RECEIVED,f53f8196-4f0f-460b-8a2b-750548bc8de9,72bfa4c6-f831-4f51-b3e6-629baaf4c647,c1,DROP,440,x5,?,
1769501160.9141316,RECEIVED,116344d7-5528-48eb-89da-60324217ed63,dc64d0bd-88d3-4a52-9259-f177439de57c,c4,DROP,441,x2,?,
1769501160.9443095,RECEIVED,3acb47f5-6165-4b58-8e89-18d11b182c58,c10d2f6b-6c34-4b77-8f97-07c3b0e61f47,c2,DROP,1452,p2,?,
1769501160.957163,SENT,b116b6d5-b789-4d02-b1f0-b756c7f162bb,27d1b5d6-12cf-44e8-a603-571b5b8d74d6,c4,c3,1767,?,i12,
1769501160.9572225,FORWARDED,b116b6d5-b789-4d02-b1f0-b756c7f162bb,27d1b5d6-12cf-44e8-a603-571b5b8d74d6,c4,c3,1767,?,i12,
1769501161.152575,RECEIVED,56f119c1-4fa3-4f83-8822-a9cf4d14e271,6cab9856-a57e-4ab8-8044-71f0b925edcb,c3,DROP,442,x1,?,
1769501161.274321,SENT,52cc7deb-d4d9-4558-90ea-db21f3264fa1,fd78601c-12e3-4dd9-b8e4-1269fc509a1a,c3,DROP,1007,?,i8,
1769501161.2743633,FORWARDED,52cc7deb-d4d9-4558-90ea-db21f3264fa1,fd78601c-12e3-4dd9-b8e4-1269fc509a1a,c3,DROP,1007,?,i8,
1769501161.3462486,SENT,cbd29898-4b4c-496d-9ff8-1bc10f45e853,7dee5259-c8e1-467a-9606-c31b95a823ac,c4,DROP,1016,?,i1,
1769501161.346293,FORWARDED,cbd29898-4b4c-496d-9ff8-1bc10f45e853,7dee5259-c8e1-467a-9606-c31b95a823ac,c4,DROP,1016,?,i1,
1769501161.361221,SENT,927219ac-3a67-4556-a44f-e1b629ace7c7,8b0223d1-e7c0-427f-be15-baf177043f50,c5,DROP,1008,?,i8,
1769501161.3612618,FORWARDED,927219ac-3a67-4556-a44f-e1b629ace7c7,8b0223d1-e7c0-427f-be15-baf177043f50,c5,DROP,1008,?,i8,
1769501161.449766,RECEIVED,be1d13fd-fc6f-4822-ac4b-3488e2cd3b49,2a306610-17a6-4cff-826c-09ddb909149b,c1,DROP,442,x4,?,
1769501161.6797626,SENT,3acb47f5-6165-4b58-8e89-18d11b182c58,c10d2f6b-6c34-4b77-8f97-07c3b0e61f47,c2,DROP,1017,?,i11,
1769501161.679804,FORWARDED,3acb47f5-6165-4b58-8e89-18d11b182c58,c10d2f6b-6c34-4b77-8f97-07c3b0e61f47,c2,DROP,1017,?,i11,
1769501161.8011284,RECEIVED,bd479f2b-80ef-4d18-8be8-1ec10aac1c57,1a14ad14-13ad-4d2d-91e7-a76cef8cbbb8,c5,DROP,1438,p2,?,
1769501162.0235128,RECEIVED,896ee501-e7df-4c8b-a707-48610ebfc304,0d8bdc1a-9640-46e5-abc7-21086c11050d,c3,c4,2447,p3,?,
1769501162.3233523,RECEIVED,fca32f10-01ce-4af4-b181-e58950e3cf83,a06839fe-2353-477b-89e9-9c470cc22774,c3,DROP,442,x8,?,
1769501162.3665602,SENT,bd479f2b-80ef-4d18-8be8-1ec10aac1c57,1a14ad14-13ad-4d2d-91e7-a76cef8cbbb8,c5,DROP,1007,?,i9,
1769501162.3666122,FORWARDED,bd479f2b-80ef-4d18-8be8-1ec10aac1c57,1a14ad14-13ad-4d2d-91e7-a76cef8cbbb8,c5,DROP,1007,?,i9,
1769501162.4658532,RECEIVED,4af874be-033c-4dfe-8ceb-0bdb1a752a5a,8ef3dc22-ae84-4a0f-b2b3-bd38b87334af,c4,DROP,1458,p1,?,
1769501162.4909856,RECEIVED,65c0ac9d-524d-478d-8a3c-46246bc4a2e5,73782ca1-9ccf-401b-974c-4cb1c4bf0d29,c1,DROP,440,x3,?,
1769501162.5075428,SENT,896ee501-e7df-4c8b-a707-48610ebfc304,0d8bdc1a-9640-46e5-abc7-21086c11050d,c3,c4,1764,?,i8,
1769501162.5075843,FORWARDED,896ee501-e7df-4c8b-a707-48610ebfc304,0d8bdc1a-9640-46e5-abc7-21086c11050d,c3,c4,1764,?,i8,
1769501162.893022,RECEIVED,e1567924-8060-4cb6-a449-36d55d50560d,d1d74b3a-4959-4c52-9912-5c722c8c4f30,c5,c2,2456,p2,?,
1769501163.2711017,SENT,e1567924-8060-4cb6-a449-36d55d50560d,d1d74b3a-4959-4c52-9912-5c722c8c4f30,c5,c2,1770,?,i9,
1769501163.2711425,FORWARDED,e1567924-8060-4cb6-a449-36d55d50560d,d1d74b3a-4959-4c52-9912-5c722c8c4f30,c5,c2,1770,?,i9,
1769501163.3624704,RECEIVED,48693e19-aa06-4452-af2e-7b76b6ed0734,37fd3e5b-26f4-4ee7-8de9-b0da53652604,c2,DROP,441,x9,?,
1769501163.3711224,RECEIVED,4f7597e0-3267-46da-a2c8-5a7f7a38deb0,32511df6-6973-49f6-8233-ae0d43d3ae84,c3,DROP,1451,p3,?,
1769501163.3894234,RECEIVED,ed3af719-ca9c-42a7-9c39-6babd5ffe556,09053dc6-b6f2-4635-a9c1-affaae911e60,c4,c3,2464,p1,?,
1769501163.4876041,RECEIVED,e5e1b2ba-2b50-4a7c-b5fd-4121c293eb97,5cde0417-4504-4bd6-bb4f-39d530e1570c,c1,DROP,1436,p1,?,
1769501163.6316838,RECEIVED,93a3cb97-4e97-4871-aa7e-0e20c0106d26,19c8f043-a7b0-48be-80d6-ca1db876caeb,c2,DROP,1447,p2,?,
1769501163.6480858,SENT,ed3af719-ca9c-42a7-9c39-6babd5ffe556,09053dc6-b6f2-4635-a9c1-affaae911e60,c4,c3,1775,?,i4,
1769501163.6481273,FORWARDED,ed3af719-ca9c-42a7-9c39-6babd5ffe556,09053dc6-b6f2-4635-a9c1-affaae911e60,c4,c3,1775,?,i4,
1769501163.662614,RECEIVED,32e883d4-b10b-40c4-8722-0fe576418206,153798e8-f83f-4891-b598-f58fa20ce2a5,c4,None,2239,p1,?,
1769501163.713395,RECEIVED,162fe137-c415-4231-8fce-0c41405f7010,87ae6e51-02f6-45d2-ac52-7e218995f9db,c2,DROP,441,x12,?,
1769501163.7215598,RECEIVED,c8398eff-dd07-492f-87e3-ebd5e39c7419,e20028be-babc-44a1-8e4c-60322ca39d59,c4,None,2249,p1,?,
1769501163.7564135,SENT,e5e1b2ba-2b50-4a7c-b5fd-4121c293eb97,5cde0417-4504-4bd6-bb4f-39d530e1570c,c1,DROP,1005,?,i3,
1769501163.7564552,FORWARDED,e5e1b2ba-2b50-4a7c-b5fd-4121c293eb97,5cde0417-4504-4bd6-bb4f-39d530e1570c,c1,DROP,1005,?,i3,
1769501163.8089886,SENT,32e883d4-b10b-40c4-8722-0fe576418206,153798e8-f83f-4891-b598-f58fa20ce2a5,c4,None,1607,?,i2,
1769501163.8090303,FORWARDED,32e883d4-b10b-40c4-8722-0fe576418206,153798e8-f83f-4891-b598-f58fa20ce2a5,c4,None,1607,?,i2,
1769501163.82447,SENT,c8398eff-dd07-492f-87e3-ebd5e39c7419,e20028be-babc-44a1-8e4c-60322ca39d59,c4,None,1612,?,i11,
1769501163.8245084,FORWARDED,c8398eff-dd07-492f-87e3-ebd5e39c7419,e20028be-babc-44a1-8e4c-60322ca39d59,c4,None,1612,?,i11,
1769501163.9705305,RECEIVED,85a6a821-798b-4368-b94c-db06bd825f92,e7634480-c053-469b-8c15-4b4de6748fc1,c4,DROP,1441,p1,?,
1769501163.9874897,SENT,93a3cb97-4e97-4871-aa7e-0e20c0106d26,19c8f043-a7b0-48be-80d6-ca1db876caeb,c2,DROP,1012,?,i4,
1769501163.9875329,FORWARDED,93a3cb97-4e97-4871-aa7e-0e20c0106d26,19c8f043-a7b0-48be-80d6-ca1db876caeb,c2,DROP,1012,?,i4,
1769501164.0766518,SENT,85a6a821-798b-4368-b94c-db06bd825f92,e7634480-c053-469b-8c15-4b4de6748fc1,c4,DROP,1007,?,i11,
1769501164.0766973,FORWARDED,85a6a821-798b-4368-b94c-db06bd825f92,e7634480-c053-469b-8c15-4b4de6748fc1,c4,DROP,1007,?,i11,
1769501164.0781198,RECEIVED,eb72510d-f9b5-4b67-a3e5-c1c319124fd3,fc973461-ec61-4507-987c-08410d5f83a9,c1,None,2233,p1,?,
1769501164.1200657,RECEIVED,670e5b25-e57a-48bd-adae-fc155e325873,4f7ea475-a14f-49ce-9af6-1142f754a98c,c4,DROP,1444,p1,?,
1769501164.1832292,SENT,670e5b25-e57a-48bd-adae-fc155e325873,4f7ea475-a14f-49ce-9af6-1142f754a98c,c4,DROP,1010,?,i9,
1769501164.1832676,FORWARDED,670e5b25-e57a-48bd-adae-fc155e325873,4f7ea475-a14f-49ce-9af6-1142f754a98c,c4,DROP,1010,?,i9,
1769501164.2222242,SENT,4af874be-033c-4dfe-8ceb-0bdb1a752a5a,8ef3dc22-ae84-4a0f-b2b3-bd38b87334af,c4,DROP,1021,?,i9,
1769501164.2222784,FORWARDED,4af874be-033c-4dfe-8ceb-0bdb1a752a5a,8ef3dc22-ae84-4a0f-b2b3-bd38b87334af,c4,DROP,1021,?,i9,
1769501164.3216643,RECEIVED,ae2f8937-ec42-48ca-a61f-c66992d5339a,630d7628-0a2b-49a2-90c2-ea73170702a0,c3,c4,2472,p3,?,
1769501164.3924215,RECEIVED,6fce41e0-7d40-4f51-8157-e04bfda53836,37330726-a6ea-4f17-a05e-bb15eed0c049,c2,DROP,1439,p2,?,
1769501164.4061053,RECEIVED,bcc4ed11-b231-4b5e-b89c-10a0e4b1e984,00aa96fc-c4de-4925-8ebd-117d2e6c34cb,c2,c1,2463,p2,?,
1769501164.5368593,RECEIVED,589044ea-97bb-46ba-bc50-934e65ddf6ef,ade7524c-3bed-4ce9-8acf-caf65b2aa118,c4,c3,2467,p1,?,
1769501164.5522637,SENT,eb72510d-f9b5-4b67-a3e5-c1c319124fd3,fc973461-ec61-4507-987c-08410d5f83a9,c1,None,1601,?,i11,
1769501164.5523067,FORWARDED,eb72510d-f9b5-4b67-a3e5-c1c319124fd3,fc973461-ec61-4507-987c-08410d5f83a9,c1,None,1601,?,i11,
1769501164.611683,RECEIVED,a0da7076-4498-4655-8c4a-f7e9bcf2078f,ddde9e90-ee1f-4daa-b881-aca0f43bc19e,c3,DROP,441,x5,?,
1769501164.6402304,SENT,4f7597e0-3267-46da-a2c8-5a7f7a38deb0,32511df6-6973-49f6-8233-ae0d43d3ae84,c3,DROP,1016,?,i8,
1769501164.6402717,FORWARDED,4f7597e0-3267-46da-a2c8-5a7f7a38deb0,32511df6-6973-49f6-8233-ae0d43d3ae84,c3,DROP,1016,?,i8,
1769501164.7264094,RECEIVED,7c05cc0b-02eb-4f3f-aa8f-abafcc6a3499,0afdcb70-a951-41ee-a342-28658bcd3c70,c2,DROP,1438,p2,?,
1769501164.7484336,RECEIVED,13c772c2-68b4-46fe-b31c-b908fbe158d1,5618e704-0e70-454a-ba37-fabd1fa99fa2,c5,DROP,1449,p2,?,
1769501164.8939955,RECEIVED,126010fd-bbab-41cb-a17f-e10dcc8582f6,e3116e54-d6e5-4a4c-8c34-18774a27a4d5,c3,DROP,1440,p3,?,
1769501165.027898,SENT,126010fd-bbab-41cb-a17f-e10dcc8582f6,e3116e54-d6e5-4a4c-8c34-18774a27a4d5,c3,DROP,1007,?,i10,
1769501165.027998,FORWARDED,126010fd-bbab-41cb-a17f-e10dcc8582f6,e3116e54-d6e5-4a4c-8c34-18774a27a4d5,c3,DROP,1007,?,i10,
1769501165.0651643,SENT,ae2f8937-ec42-48ca-a61f-c66992d5339a,630d7628-0a2b-49a2-90c2-ea73170702a0,c3,c4,1780,?,i12,
1769501165.065206,FORWARDED,ae2f8937-ec42-48ca-a61f-c66992d5339a,630d7628-0a2b-49a2-90c2-ea73170702a0,c3,c4,1780,?,i12,
1769501165.080058,SENT,bcc4ed11-b231-4b5e-b89c-10a0e4b1e984,00aa96fc-c4de-4925-8ebd-117d2e6c34cb,c2,c1,1776,?,i1,
1769501165.080104,FORWARDED,bcc4ed11-b231-4b5e-b89c-10a0e4b1e984,00aa96fc-c4de-4925-8ebd-117d2e6c34cb,c2,c1,1776,?,i1,
1769501165.134555,SENT,13c772c2-68b4-46fe-b31c-b908fbe158d1,5618e704-0e70-454a-ba37-fabd1fa99fa2,c5,DROP,1014,?,i11,
1769501165.134597,FORWARDED,13c772c2-68b4-46fe-b31c-b908fbe158d1,5618e704-0e70-454a-ba37-fabd1fa99fa2,c5,DROP,1014,?,i11,
1769501165.2728612,SENT,6fce41e0-7d40-4f51-8157-e04bfda53836,37330726-a6ea-4f17-a05e-bb15eed0c049,c2,DROP,1008,?,i9,
1769501165.2729015,FORWARDED,6fce41e0-7d40-4f51-8157-e04bfda53836,37330726-a6ea-4f17-a05e-bb15eed0c049,c2,DROP,1008,?,i9,
1769501165.5173252,RECEIVED,9d49bbc1-8398-4e73-bc88-7469197e2f8b,b6b0158f-1842-4519-badd-e03b379a8b43,c3,c4,2471,p3,?,
1769501165.5660958,RECEIVED,b72fd023-c92f-4599-943d-9852d1727f23,dad00a6e-f998-4a0c-9bc6-636c68643996,c1,DROP,1439,p1,?,
1769501165.7114816,SENT,589044ea-97bb-46ba-bc50-934e65ddf6ef,ade7524c-3bed-4ce9-8acf-caf65b2aa118,c4,c3,1777,?,i4,
1769501165.7115233,FORWARDED,589044ea-97bb-46ba-bc50-934e65ddf6ef,ade7524c-3bed-4ce9-8acf-caf65b2aa118,c4,c3,1777,?,i4,
1769501165.7346761,RECEIVED,3f39873c-797b-4ac1-9be7-401757b90b2f,cf202008-e0cb-405a-bd4b-43352f63e5cc,c3,None,2243,p3,?,
1769501165.796962,SENT,7c05cc0b-02eb-4f3f-aa8f-abafcc6a3499,0afdcb70-a951-41ee-a342-28658bcd3c70,c2,DROP,1007,?,i7,
1769501165.797005,FORWARDED,7c05cc0b-02eb-4f3f-aa8f-abafcc6a3499,0afdcb70-a951-41ee-a342-28658bcd3c70,c2,DROP,1007,?,i7,
1769501165.8743415,SENT,9d49bbc1-8398-4e73-bc88-7469197e2f8b,b6b0158f-1842-4519-badd-e03b379a8b43,c3,c4,1781,?,i5,
1769501165.8743882,FORWARDED,9d49bbc1-8398-4e73-bc88-7469197e2f8b,b6b0158f-1842-4519-badd-e03b379a8b43,c3,c4,1781,?,i5,
1769501166.094443,SENT,3f39873c-797b-4ac1-9be7-401757b90b2f,cf202008-e0cb-405a-bd4b-43352f63e5cc,c3,None,1609,?,i4,
1769501166.094487,FORWARDED,3f39873c-797b-4ac1-9be7-401757b90b2f,cf202008-e0cb-405a-bd4b-43352f63e5cc,c3,None,1609,?,i4,
1769501166.107564,RECEIVED,08785940-5dec-4abb-bbd8-fdf5e52cba52,38e2bea0-3733-4c54-a133-b55e426adda3,c4,DROP,1459,p1,?,
1769501166.1966276,RECEIVED,d5a15cc4-6cbf-4da7-afc7-370589a6aefd,80cabed3-6b8b-48f3-8b46-466d2637c19c,c4,DROP,1443,p1,?,
1769501166.2038348,RECEIVED,fb3ad83d-06b3-4b07-98ac-2d5e1dda9874,22766aea-596e-42fd-a8a2-65d4ee5ba7e0,c3,c4,2463,p3,?,
1769501166.2578113,SENT,b72fd023-c92f-4599-943d-9852d1727f23,dad00a6e-f998-4a0c-9bc6-636c68643996,c1,DROP,1008,?,i5,
1769501166.257853,FORWARDED,b72fd023-c92f-4599-943d-9852d1727f23,dad00a6e-f998-4a0c-9bc6-636c68643996,c1,DROP,1008,?,i5,
1769501166.2732096,RECEIVED,c6dbbcc0-eb40-487b-848b-7add33cf1044,28093b9e-4138-4d4c-a843-e2e0550433c2,c3,DROP,1442,p3,?,
1769501166.3611062,RECEIVED,d00f80b3-a5ef-4fe7-aa19-fcb8f253e1a7,42ce043a-1a0b-4adc-9268-4e9f8d054302,c4,DROP,442,x1,?,
1769501166.369499,SENT,fb3ad83d-06b3-4b07-98ac-2d5e1dda9874,22766aea-596e-42fd-a8a2-65d4ee5ba7e0,c3,c4,1775,?,i1,
1769501166.3695405,FORWARDED,fb3ad83d-06b3-4b07-98ac-2d5e1dda9874,22766aea-596e-42fd-a8a2-65d4ee5ba7e0,c3,c4,1775,?,i1,
1769501166.5507193,RECEIVED,5b42636e-4a22-492f-a5b1-1e8ad3f9415e,3e27fc66-6ad4-4bdc-9052-afee5b8ea7e6,c2,DROP,1448,p2,?,
1769501166.5935938,SENT,08785940-5dec-4abb-bbd8-fdf5e52cba52,38e2bea0-3733-4c54-a133-b55e426adda3,c4,DROP,1021,?,i3,
1769501166.5936382,FORWARDED,08785940-5dec-4abb-bbd8-fdf5e52cba52,38e2bea0-3733-4c54-a133-b55e426adda3,c4,DROP,1021,?,i3,
1769501166.8499894,RECEIVED,ad50613d-8e40-44ab-99ca-ab89e87d27bb,e18a902d-7170-4c63-babb-c81944e25b45,c4,DROP,1447,p1,?,
1769501166.858433,RECEIVED,edaf2c23-051b-444d-8651-f5696308ee18,f97a7a9a-44c3-4cd8-bd51-070d79bfe294,c4,None,2232,p1,?,
1769501166.8956265,RECEIVED,108051f9-dd75-4aac-9fb8-c7d7db2a69d6,4b46b15a-0799-4f8c-bc6d-c4fe95910083,c3,DROP,1440,p3,?,
1769501167.0305018,SENT,edaf2c23-051b-444d-8651-f5696308ee18,f97a7a9a-44c3-4cd8-bd51-070d79bfe294,c4,None,1600,?,i4,
1769501167.0305402,FORWARDED,edaf2c23-051b-444d-8651-f5696308ee18,f97a7a9a-44c3-4cd8-bd51-070d79bfe294,c4,None,1600,?,i4,
1769501167.0784333,SENT,5b42636e-4a22-492f-a5b1-1e8ad3f9415e,3e27fc66-6ad4-4bdc-9052-afee5b8ea7e6,c2,DROP,1013,?,i12,
1769501167.0784752,FORWARDED,5b42636e-4a22-492f-a5b1-1e8ad3f9415e,3e27fc66-6ad4-4bdc-9052-afee5b8ea7e6,c2,DROP,1013,?,i12,
1769501167.0996084,SENT,108051f9-dd75-4aac-9fb8-c7d7db2a69d6,4b46b15a-0799-4f8c-bc6d-c4fe95910083,c3,DROP,1007,?,i9,
1769501167.099651,FORWARDED,108051f9-dd75-4aac-9fb8-c7d7db2a69d6,4b46b15a-0799-4f8c-bc6d-c4fe95910083,c3,DROP,1007,?,i9,
1769501167.2214322,SENT,c6dbbcc0-eb40-487b-848b-7add33cf1044,28093b9e-4138-4d4c-a843-e2e0550433c2,c3,DROP,1009,?,i1,
1769501167.2214746,FORWARDED,c6dbbcc0-eb40-487b-848b-7add33cf1044,28093b9e-4138-4d4c-a843-e2e0550433c2,c3,DROP,1009,?,i1,
1769501167.2467835,RECEIVED,520665e0-035e-461d-8a70-cf7ef27e7680,730f96b0-5638-44b9-a682-f63d36b742dc,c5,DROP,1440,p2,?,
1769501167.3647692,SENT,d5a15cc4-6cbf-4da7-afc7-370589a6aefd,80cabed3-6b8b-48f3-8b46-466d2637c19c,c4,DROP,1009,?,i2,
1769501167.3648126,FORWARDED,d5a15cc4-6cbf-4da7-afc7-370589a6aefd,80cabed3-6b8b-48f3-8b46-466d2637c19c,c4,DROP,1009,?,i2,
1769501167.54427,RECEIVED,2d21b6c5-e01f-497e-84ef-5d974912a5e7,7d386343-c740-4900-bc91-2c38097436f6,c2,None,2231,p2,?,
1769501167.5797448,RECEIVED,23474a31-4339-4a8c-8e6c-197cd0073ee0,4061c0d3-ec2c-4f78-b899-4c3e630fccab,c3,DROP,1439,p3,?,
1769501167.692766,RECEIVED,b6e8f44b-0db1-4100-b9ea-407955d85c3b,4aca5843-cf56-49e8-a558-a2a10e1b0315,c2,c1,2461,p2,?,
1769501167.7411885,SENT,b6e8f44b-0db1-4100-b9ea-407955d85c3b,4aca5843-cf56-49e8-a558-a2a10e1b0315,c2,c1,1771,?,i10,
1769501167.7412302,FORWARDED,b6e8f44b-0db1-4100-b9ea-407955d85c3b,4aca5843-cf56-49e8-a558-a2a10e1b0315,c2,c1,1771,?,i10,
1769501167.742947,SENT,520665e0-035e-461d-8a70-cf7ef27e7680,730f96b0-5638-44b9-a682-f63d36b742dc,c5,DROP,1007,?,i6,
1769501167.7429833,FORWARDED,520665e0-035e-461d-8a70-cf7ef27e7680,730f96b0-5638-44b9-a682-f63d36b742dc,c5,DROP,1007,?,i6,
1769501167.808235,RECEIVED,dd636d25-e581-40a8-aed1-a29d53776a20,a65008e9-d5da-4afc-910d-216ae3b72d12,c5,DROP,1451,p2,?,
1769501168.1694748,SENT,2d21b6c5-e01f-497e-84ef-5d974912a5e7,7d386343-c740-4900-bc91-2c38097436f6,c2,None,1601,?,i5,
1769501168.169517,FORWARDED,2d21b6c5-e01f-497e-84ef-5d974912a5e7,7d386343-c740-4900-bc91-2c38097436f6,c2,None,1601,?,i5,
1769501168.1929731,RECEIVED,367d5561-f0df-4c6d-9e4a-f06f07682d74,f77ab86e-0474-4e00-8e86-031e2b2124f6,c5,DROP,1451,p2,?,
1769501168.2152908,SENT,dd636d25-e581-40a8-aed1-a29d53776a20,a65008e9-d5da-4afc-910d-216ae3b72d12,c5,DROP,1016,?,i8,
1769501168.2153442,FORWARDED,dd636d25-e581-40a8-aed1-a29d53776a20,a65008e9-d5da-4afc-910d-216ae3b72d12,c5,DROP,1016,?,i8,
1769501168.2884767,SENT,ad50613d-8e40-44ab-99ca-ab89e87d27bb,e18a902d-7170-4c63-babb-c81944e25b45,c4,DROP,1012,?,i1,
1769501168.288518,FORWARDED,ad50613d-8e40-44ab-99ca-ab89e87d27bb,e18a902d-7170-4c63-babb-c81944e25b45,c4,DROP,1012,?,i1,
1769501168.3605573,SENT,23474a31-4339-4a8c-8e6c-197cd0073ee0,4061c0d3-ec2c-4f78-b899-4c3e630fccab,c3,DROP,1008,?,i2,
1769501168.3605926,FORWARDED,23474a31-4339-4a8c-8e6c-197cd0073ee0,4061c0d3-ec2c-4f78-b899-4c3e630fccab,c3,DROP,1008,?,i2,
1769501168.3751504,RECEIVED,c5dbaec7-d17d-4c1b-ae5a-70b4e56790e5,359d485d-238a-4862-8eb8-e598459dda1d,c4,DROP,1443,p1,?,
1769501168.415341,RECEIVED,679d5ad6-0dc9-40dc-aba7-9b0d9f11b2e0,70f6c135-0af3-4e25-b1d6-f3ea0c1bf7f2,c1,None,2227,p1,?,
1769501168.5218246,SENT,c5dbaec7-d17d-4c1b-ae5a-70b4e56790e5,359d485d-238a-4862-8eb8-e598459dda1d,c4,DROP,1011,?,i2,
1769501168.5218668,FORWARDED,c5dbaec7-d17d-4c1b-ae5a-70b4e56790e5,359d485d-238a-4862-8eb8-e598459dda1d,c4,DROP,1011,?,i2,
1769501168.5794559,RECEIVED,f683d5b5-6d96-4312-87e7-f882e866358d,3876303b-b942-441e-9cf1-b5c1cee7c8ff,c2,DROP,1441,p2,?,
1769501168.850809,SENT,f683d5b5-6d96-4312-87e7-f882e866358d,3876303b-b942-441e-9cf1-b5c1cee7c8ff,c2,DROP,1007,?,i10,
1769501168.8508513,FORWARDED,f683d5b5-6d96-4312-87e7-f882e866358d,3876303b-b942-441e-9cf1-b5c1cee7c8ff,c2,DROP,1007,?,i10,
1769501168.87048,RECEIVED,a240305c-60a5-4a1e-ace9-0d4da330297d,577ada37-c1a5-4bb5-9122-da1fb4f25264,c5,c2,2460,p2,?,
1769501168.8954906,RECEIVED,d1c04df2-6bc5-4440-b1aa-ede866ccd1b9,f99a329c-69f1-4b16-a757-30010c901312,c5,DROP,1448,p2,?,
1769501168.9702542,SENT,d1c04df2-6bc5-4440-b1aa-ede866ccd1b9,f99a329c-69f1-4b16-a757-30010c901312,c5,DROP,1012,?,i7,
1769501168.970296,FORWARDED,d1c04df2-6bc5-4440-b1aa-ede866ccd1b9,f99a329c-69f1-4b16-a757-30010c901312,c5,DROP,1012,?,i7,
1769501168.9722497,RECEIVED,1545122d-9e43-490b-8097-439916b29128,d9e44e8f-2797-4328-8f67-77f934d5400d,c5,DROP,1447,p2,?,
1769501168.9911723,SENT,a240305c-60a5-4a1e-ace9-0d4da330297d,577ada37-c1a5-4bb5-9122-da1fb4f25264,c5,c2,1771,?,i5,
1769501168.9912145,FORWARDED,a240305c-60a5-4a1e-ace9-0d4da330297d,577ada37-c1a5-4bb5-9122-da1fb4f25264,c5,c2,1771,?,i5,
1769501169.0023253,RECEIVED,c341f491-a1ee-484c-a97c-0f3495eab81a,e77c34b4-f462-46a6-898e-01980b5529ff,c3,DROP,1453,p3,?,
1769501169.0635016,SENT,c341f491-a1ee-484c-a97c-0f3495eab81a,e77c34b4-f462-46a6-898e-01980b5529ff,c3,DROP,1017,?,i11,
1769501169.063543,FORWARDED,c341f491-a1ee-484c-a97c-0f3495eab81a,e77c34b4-f462-46a6-898e-01980b5529ff,c3,DROP,1017,?,i11,
1769501169.0676398,SENT,367d5561-f0df-4c6d-9e4a-f06f07682d74,f77ab86e-0474-4e00-8e86-031e2b2124f6,c5,DROP,1016,?,i3,
1769501169.0676827,FORWARDED,367d5561-f0df-4c6d-9e4a-f06f07682d74,f77ab86e-0474-4e00-8e86-031e2b2124f6,c5,DROP,1016,?,i3,
1769501169.2350426,RECEIVED,90eb7d29-7ea7-49e7-b531-1ecda0758c50,d349e643-5fad-454c-bf6a-e7ded71d5f4c,c1,DROP,441,x3,?,
1769501169.2982013,RECEIVED,a896af87-4110-4a4a-a962-81fd7194c54e,49581919-b447-41e9-b13f-a77658d1c67a,c3,DROP,1439,p3,?,
1769501169.340779,SENT,679d5ad6-0dc9-40dc-aba7-9b0d9f11b2e0,70f6c135-0af3-4e25-b1d6-f3ea0c1bf7f2,c1,None,1599,?,i4,
1769501169.3408206,FORWARDED,679d5ad6-0dc9-40dc-aba7-9b0d9f11b2e0,70f6c135-0af3-4e25-b1d6-f3ea0c1bf7f2,c1,None,1599,?,i4,
1769501169.419215,RECEIVED,49cff71a-84ad-4fdc-aca1-c3b5102c6d7b,eeea27ed-cd1c-4a9c-982e-4f8773e19000,c4,c3,2467,p1,?,
1769501169.4266217,RECEIVED,5d78d077-e36c-4c9f-87ba-f3dd7860efd1,42ad3ef1-4b1d-49e0-aba8-4107994b5218,c2,DROP,1452,p2,?,
1769501169.5626597,SENT,49cff71a-84ad-4fdc-aca1-c3b5102c6d7b,eeea27ed-cd1c-4a9c-982e-4f8773e19000,c4,c3,1779,?,i6,
1769501169.562709,FORWARDED,49cff71a-84ad-4fdc-aca1-c3b5102c6d7b,eeea27ed-cd1c-4a9c-982e-4f8773e19000,c4,c3,1779,?,i6,
1769501169.5821497,SENT,5d78d077-e36c-4c9f-87ba-f3dd7860efd1,42ad3ef1-4b1d-49e0-aba8-4107994b5218,c2,DROP,1017,?,i4,
1769501169.5821846,FORWARDED,5d78d077-e36c-4c9f-87ba-f3dd7860efd1,42ad3ef1-4b1d-49e0-aba8-4107994b5218,c2,DROP,1017,?,i4,
1769501169.5829113,RECEIVED,28187b0d-7eb1-462d-95d5-30aaa873128e,5eeabff9-d0d6-4828-a3b2-f0c67376206c,c5,None,2218,p2,?,
1769501169.5966547,RECEIVED,f4e4283d-ecd3-41c3-a8a8-4a4b39b01308,06fe27a4-dde2-433e-a96f-02f4baf3e5ba,c1,DROP,1448,p1,?,
1769501169.6132307,RECEIVED,24be55b7-e28b-4579-a9b3-e04c93a6e182,8aa6fba2-ff95-4444-96a8-23f2048c47fc,c3,DROP,1440,p3,?,
1769501169.6959887,SENT,1545122d-9e43-490b-8097-439916b29128,d9e44e8f-2797-4328-8f67-77f934d5400d,c5,DROP,1012,?,i6,
1769501169.6960244,FORWARDED,1545122d-9e43-490b-8097-439916b29128,d9e44e8f-2797-4328-8f67-77f934d5400d,c5,DROP,1012,?,i6,
1769501169.873754,SENT,f4e4283d-ecd3-41c3-a8a8-4a4b39b01308,06fe27a4-dde2-433e-a96f-02f4baf3e5ba,c1,DROP,1012,?,i6,
1769501169.8737967,FORWARDED,f4e4283d-ecd3-41c3-a8a8-4a4b39b01308,06fe27a4-dde2-433e-a96f-02f4baf3e5ba,c1,DROP,1012,?,i6,
1769501169.968745,RECEIVED,0401f04b-a69b-4b86-8d91-0b40ce9d65fe,6bda63c1-a9e2-43d8-b6a7-30b108981793,c5,None,2224,p2,?,
1769501169.9899085,RECEIVED,4f28a73b-e64b-47c9-b2fa-192178bbc26e,ecfb7f3b-a92f-4a7a-a821-c7f572e23265,c3,DROP,1445,p3,?,
1769501170.0172095,RECEIVED,eab0f1f0-fa8c-465d-bddc-09f4e7ae025a,f392712f-46c7-41e9-a260-5a72e734c442,c1,DROP,441,x7,?,
1769501170.0750165,SENT,4f28a73b-e64b-47c9-b2fa-192178bbc26e,ecfb7f3b-a92f-4a7a-a821-c7f572e23265,c3,DROP,1011,?,i4,
1769501170.075356,FORWARDED,4f28a73b-e64b-47c9-b2fa-192178bbc26e,ecfb7f3b-a92f-4a7a-a821-c7f572e23265,c3,DROP,1011,?,i4,
1769501170.2432377,RECEIVED,ccc02602-7f8f-453b-a505-ccd1fffdaa95,30c607a8-9550-4573-aeb1-16e549e1a8b5,c2,None,2228,p2,?,
1769501170.2463784,SENT,24be55b7-e28b-4579-a9b3-e04c93a6e182,8aa6fba2-ff95-4444-96a8-23f2048c47fc,c3,DROP,1008,?,i10,
1769501170.246421,FORWARDED,24be55b7-e28b-4579-a9b3-e04c93a6e182,8aa6fba2-ff95-4444-96a8-23f2048c47fc,c3,DROP,1008,?,i10,
1769501170.2757132,RECEIVED,cf34edef-ef38-40e9-b196-70f83d66ff3e,d1f07647-8f4e-4ee8-a5b6-32d7bb36e037,c5,DROP,1455,p2,?,
1769501170.2848532,RECEIVED,7fbb4614-1409-4f4d-9f29-e21d89e2b385,ced93ef4-9d82-48f9-b0cd-addf99ca52af,c5,DROP,1440,p2,?,
1769501170.4153643,SENT,28187b0d-7eb1-462d-95d5-30aaa873128e,5eeabff9-d0d6-4828-a3b2-f0c67376206c,c5,None,1592,?,i3,
1769501170.4154067,FORWARDED,28187b0d-7eb1-462d-95d5-30aaa873128e,5eeabff9-d0d6-4828-a3b2-f0c67376206c,c5,None,1592,?,i3,
1769501170.4514496,RECEIVED,1e9fa094-5f12-4966-9fbd-8339e6edc115,cc03a43c-c14c-4d06-b1be-74c17a6cbf9c,c2,DROP,441,x5,?,
1769501170.5345886,RECEIVED,3af51f9a-4880-4aed-bf2c-6a4331122812,d99dba57-7c88-4e4f-ab15-1e96bb08be2a,c2,c1,2475,p2,?,
1769501170.6472638,RECEIVED,8ccf69fd-ed23-48f4-8530-083d5e8646e1,4e91f711-bee9-4c51-ab16-730924d96ecf,c1,None,2225,p1,?,
1769501170.664706,RECEIVED,5287355a-dc91-48b7-9235-83340facdd54,f084e896-69d6-4734-b53d-d26a965f9e53,c2,DROP,1435,p2,?,
1769501170.729975,SENT,8ccf69fd-ed23-48f4-8530-083d5e8646e1,4e91f711-bee9-4c51-ab16-730924d96ecf,c1,None,1595,?,i12,
1769501170.7300181,FORWARDED,8ccf69fd-ed23-48f4-8530-083d5e8646e1,4e91f711-bee9-4c51-ab16-730924d96ecf,c1,None,1595,?,i12,
1769501170.7451491,SENT,0401f04b-a69b-4b86-8d91-0b40ce9d65fe,6bda63c1-a9e2-43d8-b6a7-30b108981793,c5,None,1595,?,i10,
1769501170.7451897,FORWARDED,0401f04b-a69b-4b86-8d91-0b40ce9d65fe,6bda63c1-a9e2-43d8-b6a7-30b108981793,c5,None,1595,?,i10,
1769501170.7580028,SENT,3af51f9a-4880-4aed-bf2c-6a4331122812,d99dba57-7c88-4e4f-ab15-1e96bb08be2a,c2,c1,1784,?,i4,
1769501170.758043,FORWARDED,3af51f9a-4880-4aed-bf2c-6a4331122812,d99dba57-7c88-4e4f-ab15-1e96bb08be2a,c2,c1,1784,?,i4,
1769501170.8562834,RECEIVED,7fa0b82c-2ee6-41e0-b478-a52bbe438864,44fb97d5-f203-4177-8ec8-bc0edd15392f,c5,DROP,1446,p2,?,
1769501171.1192868,RECEIVED,8eb35a90-6084-4ea7-bb7d-3b07d4c5305e,939e72c0-af09-413a-b756-d7bd3c4c7c46,c5,None,2236,p2,?,
1769501171.1653013,SENT,a896af87-4110-4a4a-a962-81fd7194c54e,49581919-b447-41e9-b13f-a77658d1c67a,c3,DROP,1007,?,i8,
1769501171.1653545,FORWARDED,a896af87-4110-4a4a-a962-81fd7194c54e,49581919-b447-41e9-b13f-a77658d1c67a,c3,DROP,1007,?,i8,
1769501171.186612,RECEIVED,217f9f94-a828-43ac-aeee-42733c76b6c1,aec74add-94e4-44a4-bb61-1aeb1ac2b2be,c4,DROP,1438,p1,?,
1769501171.236351,SENT,8eb35a90-6084-4ea7-bb7d-3b07d4c5305e,939e72c0-af09-413a-b756-d7bd3c4c7c46,c5,None,1603,?,i6,
1769501171.2364097,FORWARDED,8eb35a90-6084-4ea7-bb7d-3b07d4c5305e,939e72c0-af09-413a-b756-d7bd3c4c7c46,c5,None,1603,?,i6,
1769501171.3172858,SENT,cf34edef-ef38-40e9-b196-70f83d66ff3e,d1f07647-8f4e-4ee8-a5b6-32d7bb36e037,c5,DROP,1019,?,i11,
1769501171.317332,FORWARDED,cf34edef-ef38-40e9-b196-70f83d66ff3e,d1f07647-8f4e-4ee8-a5b6-32d7bb36e037,c5,DROP,1019,?,i11,
1769501171.4353876,RECEIVED,02685623-e197-4685-ae46-06965ebb2cf4,f35df4bd-1e62-409f-9462-32b3b1ac0ae8,c3,c4,2460,p3,?,
1769501171.5193775,SENT,02685623-e197-4685-ae46-06965ebb2cf4,f35df4bd-1e62-409f-9462-32b3b1ac0ae8,c3,c4,1771,?,i8,
1769501171.5194178,FORWARDED,02685623-e197-4685-ae46-06965ebb2cf4,f35df4bd-1e62-409f-9462-32b3b1ac0ae8,c3,c4,1771,?,i8,
1769501171.5575356,RECEIVED,1be858d1-fc54-40d1-bcaf-5dd322e33db5,22238e55-ffb2-4a6a-86ea-5ca47a2f3f5e,c3,c4,2447,p3,?,
1769501171.734204,SENT,5287355a-dc91-48b7-9235-83340facdd54,f084e896-69d6-4734-b53d-d26a965f9e53,c2,DROP,1003,?,i4,
1769501171.7342474,FORWARDED,5287355a-dc91-48b7-9235-83340facdd54,f084e896-69d6-4734-b53d-d26a965f9e53,c2,DROP,1003,?,i4,
1769501171.7349563,RECEIVED,7ec810cf-43ab-4fcf-96d7-730178890176,1232acec-1e30-43c4-bbdf-95b1b4b400e0,c4,DROP,1444,p1,?,
1769501171.7640998,RECEIVED,51786667-2d7e-4388-a87f-7251429c7949,2ed4e3ee-a38c-4ca5-b076-9658885a2277,c3,None,2239,p3,?,
1769501171.8333163,RECEIVED,c112ccce-9ea2-4088-9e5b-990cff8b8837,e9d8460c-41de-47e9-8132-fad699522403,c5,DROP,446,x12,?,
1769501171.8716278,RECEIVED,74f022a1-0522-47e4-9a3f-2ee4a6191b4b,b9a31c7c-cd3c-4bdf-bc28-2e50b92503da,c2,DROP,1440,p2,?,
1769501171.884013,SENT,7fa0b82c-2ee6-41e0-b478-a52bbe438864,44fb97d5-f203-4177-8ec8-bc0edd15392f,c5,DROP,1012,?,i8,
1769501171.8840568,FORWARDED,7fa0b82c-2ee6-41e0-b478-a52bbe438864,44fb97d5-f203-4177-8ec8-bc0edd15392f,c5,DROP,1012,?,i8,
1769501171.8904967,SENT,7fbb4614-1409-4f4d-9f29-e21d89e2b385,ced93ef4-9d82-48f9-b0cd-addf99ca52af,c5,DROP,1007,?,i12,
1769501171.8905315,FORWARDED,7fbb4614-1409-4f4d-9f29-e21d89e2b385,ced93ef4-9d82-48f9-b0cd-addf99ca52af,c5,DROP,1007,?,i12,
1769501171.9348638,RECEIVED,80a35855-07d6-4290-8eec-cfb5b69ffac7,aab9bf26-31b5-4261-b82d-16af59926b20,c2,DROP,1439,p2,?,
1769501171.9721367,SENT,1be858d1-fc54-40d1-bcaf-5dd322e33db5,22238e55-ffb2-4a6a-86ea-5ca47a2f3f5e,c3,c4,1763,?,i4,
1769501171.972174,FORWARDED,1be858d1-fc54-40d1-bcaf-5dd322e33db5,22238e55-ffb2-4a6a-86ea-5ca47a2f3f5e,c3,c4,1763,?,i4,
1769501171.9847057,SENT,74f022a1-0522-47e4-9a3f-2ee4a6191b4b,b9a31c7c-cd3c-4bdf-bc28-2e50b92503da,c2,DROP,1008,?,i1,
1769501171.984748,FORWARDED,74f022a1-0522-47e4-9a3f-2ee4a6191b4b,b9a31c7c-cd3c-4bdf-bc28-2e50b92503da,c2,DROP,1008,?,i1,
1769501171.9887493,SENT,7ec810cf-43ab-4fcf-96d7-730178890176,1232acec-1e30-43c4-bbdf-95b1b4b400e0,c4,DROP,1010,?,i3,
1769501171.9887881,FORWARDED,7ec810cf-43ab-4fcf-96d7-730178890176,1232acec-1e30-43c4-bbdf-95b1b4b400e0,c4,DROP,1010,?,i3,
1769501172.0275056,RECEIVED,aa0180bf-df3f-4df3-95cf-faf203707c1a,e80bceef-0cf4-42dc-8d66-3f063b66710a,c5,DROP,1456,p2,?,
1769501172.0852282,SENT,217f9f94-a828-43ac-aeee-42733c76b6c1,aec74add-94e4-44a4-bb61-1aeb1ac2b2be,c4,DROP,1007,?,i7,
1769501172.0852706,FORWARDED,217f9f94-a828-43ac-aeee-42733c76b6c1,aec74add-94e4-44a4-bb61-1aeb1ac2b2be,c4,DROP,1007,?,i7,
1769501172.092652,RECEIVED,1e9179d1-85d5-44a0-85af-f769073a6e83,7e12518b-99f6-4d93-9a2b-0872f9d26985,c1,DROP,1439,p1,?,
1769501172.1144476,SENT,ccc02602-7f8f-453b-a505-ccd1fffdaa95,30c607a8-9550-4573-aeb1-16e549e1a8b5,c2,None,1599,?,i12,
1769501172.1144836,FORWARDED,ccc02602-7f8f-453b-a505-ccd1fffdaa95,30c607a8-9550-4573-aeb1-16e549e1a8b5,c2,None,1599,?,i12,
1769501172.16013,RECEIVED,e7108283-3ab2-48cb-874d-a298faf34feb,e5d26cd0-9767-40f3-b21f-af52ad669c21,c4,None,2239,p1,?,
1769501172.1635306,RECEIVED,32ba057d-8fdf-4301-bba7-75550385c889,fc2e740f-7291-4c33-b5c1-07227ecc8135,c3,None,2223,p3,?,
1769501172.1861036,RECEIVED,329e777c-3694-4f33-a150-97a7f59f4af5,4898946c-c7fb-4a6b-9a39-158604ea89ba,c2,DROP,1448,p2,?,
1769501172.250021,SENT,aa0180bf-df3f-4df3-95cf-faf203707c1a,e80bceef-0cf4-42dc-8d66-3f063b66710a,c5,DROP,1020,?,i11,
1769501172.2500713,FORWARDED,aa0180bf-df3f-4df3-95cf-faf203707c1a,e80bceef-0cf4-42dc-8d66-3f063b66710a,c5,DROP,1020,?,i11,
1769501172.2624855,SENT,329e777c-3694-4f33-a150-97a7f59f4af5,4898946c-c7fb-4a6b-9a39-158604ea89ba,c2,DROP,1013,?,i5,
1769501172.262527,FORWARDED,329e777c-3694-4f33-a150-97a7f59f4af5,4898946c-c7fb-4a6b-9a39-158604ea89ba,c2,DROP,1013,?,i5,
1769501172.32184,SENT,80a35855-07d6-4290-8eec-cfb5b69ffac7,aab9bf26-31b5-4261-b82d-16af59926b20,c2,DROP,1008,?,i5,
1769501172.3218784,FORWARDED,80a35855-07d6-4290-8eec-cfb5b69ffac7,aab9bf26-31b5-4261-b82d-16af59926b20,c2,DROP,1008,?,i5,
1769501172.3808098,SENT,1e9179d1-85d5-44a0-85af-f769073a6e83,7e12518b-99f6-4d93-9a2b-0872f9d26985,c1,DROP,1008,?,i6,
1769501172.38085,FORWARDED,1e9179d1-85d5-44a0-85af-f769073a6e83,7e12518b-99f6-4d93-9a2b-0872f9d26985,c1,DROP,1008,?,i6,
1769501172.4340687,SENT,51786667-2d7e-4388-a87f-7251429c7949,2ed4e3ee-a38c-4ca5-b076-9658885a2277,c3,None,1608,?,i1,
1769501172.4341133,FORWARDED,51786667-2d7e-4388-a87f-7251429c7949,2ed4e3ee-a38c-4ca5-b076-9658885a2277,c3,None,1608,?,i1,
1769501172.5080113,SENT,e7108283-3ab2-48cb-874d-a298faf34feb,e5d26cd0-9767-40f3-b21f-af52ad669c21,c4,None,1608,?,i9,
1769501172.5080678,FORWARDED,e7108283-3ab2-48cb-874d-a298faf34feb,e5d26cd0-9767-40f3-b21f-af52ad669c21,c4,None,1608,?,i9,
1769501172.7836797,RECEIVED,762d3f9d-aea2-4a07-a652-72857baa4dfa,da2e6203-83cb-4ac7-8744-3cfe4887bad0,c1,c5,2459,p1,?,
1769501172.8117957,RECEIVED,59a86584-962e-4a91-8a44-c38df12f58a0,821dc9d1-01cb-4468-b272-1903dabbce0b,c3,None,2236,p3,?,
1769501172.8820446,RECEIVED,f6af6721-7e4d-4173-9502-995e93002886,aa97f7e4-4b38-40f4-bf17-0373094d0d00,c2,DROP,442,x11,?,
1769501172.8896413,RECEIVED,594187b3-54df-4465-87f1-cc56f19a14ec,6562738f-957d-4a62-a596-269dd890e5f5,c2,DROP,1453,p2,?,
1769501172.9270256,SENT,594187b3-54df-4465-87f1-cc56f19a14ec,6562738f-957d-4a62-a596-269dd890e5f5,c2,DROP,1015,?,i5,
1769501172.9270747,FORWARDED,594187b3-54df-4465-87f1-cc56f19a14ec,6562738f-957d-4a62-a596-269dd890e5f5,c2,DROP,1015,?,i5,
1769501172.9500804,RECEIVED,1bb29fbd-c29f-474a-9433-be0801733a66,32d50cdb-92fc-4096-8fe8-36a17681826a,c3,DROP,1440,p3,?,
1769501173.0212672,RECEIVED,48a9261f-7266-4493-afd0-4638242b6a19,4be50a87-df4f-4ca0-8601-3b2422589f9a,c5,DROP,1440,p2,?,
1769501173.034907,SENT,1bb29fbd-c29f-474a-9433-be0801733a66,32d50cdb-92fc-4096-8fe8-36a17681826a,c3,DROP,1007,?,i3,
1769501173.0349479,FORWARDED,1bb29fbd-c29f-474a-9433-be0801733a66,32d50cdb-92fc-4096-8fe8-36a17681826a,c3,DROP,1007,?,i3,
1769501173.1596565,RECEIVED,54283133-2a13-4a11-a3a0-45c5b49ffc2b,375cdcf4-b775-48ea-8982-dfd747ecb927,c4,DROP,1447,p1,?,
1769501173.253128,RECEIVED,81cb9d92-3b60-4b84-8853-ccc0a5e65071,d999c822-4fb3-4bc1-8f2f-4829a518ba6e,c3,None,2231,p3,?,
1769501173.280557,SENT,48a9261f-7266-4493-afd0-4638242b6a19,4be50a87-df4f-4ca0-8601-3b2422589f9a,c5,DROP,1007,?,i6,
1769501173.2805955,FORWARDED,48a9261f-7266-4493-afd0-4638242b6a19,4be50a87-df4f-4ca0-8601-3b2422589f9a,c5,DROP,1007,?,i6,
1769501173.298008,SENT,32ba057d-8fdf-4301-bba7-75550385c889,fc2e740f-7291-4c33-b5c1-07227ecc8135,c3,None,1596,?,i1,
1769501173.2980669,FORWARDED,32ba057d-8fdf-4301-bba7-75550385c889,fc2e740f-7291-4c33-b5c1-07227ecc8135,c3,None,1596,?,i1,
1769501173.2988212,RECEIVED,cf833818-6c14-4fb7-8d4b-75f221ad193d,a51a7d90-40da-4417-b455-afb036d2ce95,c5,DROP,1441,p2,?,
1769501173.3636377,SENT,59a86584-962e-4a91-8a44-c38df12f58a0,821dc9d1-01cb-4468-b272-1903dabbce0b,c3,None,1603,?,i11,
1769501173.3636818,FORWARDED,59a86584-962e-4a91-8a44-c38df12f58a0,821dc9d1-01cb-4468-b272-1903dabbce0b,c3,None,1603,?,i11,
1769501173.6610034,RECEIVED,656290fe-5748-4d90-a422-9a1425a96ec9,de24c5ca-7443-41c7-b420-4ec70b44c221,c2,DROP,441,x8,?,
1769501173.7104607,RECEIVED,1ae4d3c6-940b-4904-94fa-b2efadcb5544,68a43368-2e50-4d59-ba49-df8b97997ea0,c4,DROP,437,x2,?,
1769501173.7510746,SENT,762d3f9d-aea2-4a07-a652-72857baa4dfa,da2e6203-83cb-4ac7-8744-3cfe4887bad0,c1,c5,1772,?,i8,
1769501173.751117,FORWARDED,762d3f9d-aea2-4a07-a652-72857baa4dfa,da2e6203-83cb-4ac7-8744-3cfe4887bad0,c1,c5,1772,?,i8,
1769501173.7627618,SENT,cf833818-6c14-4fb7-8d4b-75f221ad193d,a51a7d90-40da-4417-b455-afb036d2ce95,c5,DROP,1008,?,i10,
1769501173.7628036,FORWARDED,cf833818-6c14-4fb7-8d4b-75f221ad193d,a51a7d90-40da-4417-b455-afb036d2ce95,c5,DROP,1008,?,i10,
1769501173.8432586,RECEIVED,f45337b9-4afa-4ccb-ab8e-c7d6bdf408aa,3f8683d7-fa80-4671-8d64-03034e2d9e92,c3,c4,2484,p3,?,
1769501173.8840427,SENT,54283133-2a13-4a11-a3a0-45c5b49ffc2b,375cdcf4-b775-48ea-8982-dfd747ecb927,c4,DROP,1014,?,i6,
1769501173.884265,FORWARDED,54283133-2a13-4a11-a3a0-45c5b49ffc2b,375cdcf4-b775-48ea-8982-dfd747ecb927,c4,DROP,1014,?,i6,
1769501174.0972593,RECEIVED,13bc1ead-a0a2-4b3d-98e1-c39308bdd25c,f921f04c-caaa-4ddd-b8b6-7669c953bd56,c2,DROP,1439,p2,?,
1769501174.11043,RECEIVED,4a8c95df-6c80-4801-a75f-03d2e5a9f4f1,4b28a2dd-d7ee-4a16-b667-7af6033e90dd,c2,DROP,1448,p2,?,
1769501174.124113,RECEIVED,5ec3d48b-91d3-4e4f-889b-9020a0acb77d,94ed81d6-2715-4d98-8e23-053ad06baf30,c2,DROP,1456,p2,?,
1769501174.1319034,SENT,f45337b9-4afa-4ccb-ab8e-c7d6bdf408aa,3f8683d7-fa80-4671-8d64-03034e2d9e92,c3,c4,1789,?,i2,
1769501174.1319454,FORWARDED,f45337b9-4afa-4ccb-ab8e-c7d6bdf408aa,3f8683d7-fa80-4671-8d64-03034e2d9e92,c3,c4,1789,?,i2,
1769501174.232918,RECEIVED,a32491cd-bc0c-4ba6-ac7e-e7453e5a8969,7094c14b-0566-47cd-b0db-3aeb0e4cb197,c1,DROP,441,x4,?,
1769501174.2925725,SENT,5ec3d48b-91d3-4e4f-889b-9020a0acb77d,94ed81d6-2715-4d98-8e23-053ad06baf30,c2,DROP,1020,?,i6,
1769501174.2926104,FORWARDED,5ec3d48b-91d3-4e4f-889b-9020a0acb77d,94ed81d6-2715-4d98-8e23-053ad06baf30,c2,DROP,1020,?,i6,
1769501174.3321087,RECEIVED,bcc65d46-1225-4f78-8c4e-bdb9b066870e,4331cc86-1688-4268-8855-870586228e3d,c5,DROP,1452,p2,?,
1769501174.4136536,SENT,4a8c95df-6c80-4801-a75f-03d2e5a9f4f1,4b28a2dd-d7ee-4a16-b667-7af6033e90dd,c2,DROP,1012,?,i12,
1769501174.4136946,FORWARDED,4a8c95df-6c80-4801-a75f-03d2e5a9f4f1,4b28a2dd-d7ee-4a16-b667-7af6033e90dd,c2,DROP,1012,?,i12,
1769501174.4257429,SENT,bcc65d46-1225-4f78-8c4e-bdb9b066870e,4331cc86-1688-4268-8855-870586228e3d,c5,DROP,1016,?,i1,
1769501174.425778,FORWARDED,bcc65d46-1225-4f78-8c4e-bdb9b066870e,4331cc86-1688-4268-8855-870586228e3d,c5,DROP,1016,?,i1,
1769501174.4407241,RECEIVED,c6162e79-af9e-4c32-9463-2a3913f1b8f6,efa2886d-434f-46b1-b56f-b88b31645c24,c3,c4,2460,p3,?,
1769501174.5146444,RECEIVED,feb3d3d0-72f6-4e66-b153-38189d8372d7,88b5af56-4e19-4da0-8a9c-fc900570ea53,c1,DROP,443,x3,?,
1769501174.5505445,SENT,81cb9d92-3b60-4b84-8853-ccc0a5e65071,d999c822-4fb3-4bc1-8f2f-4829a518ba6e,c3,None,1602,?,i9,
1769501174.5505877,FORWARDED,81cb9d92-3b60-4b84-8853-ccc0a5e65071,d999c822-4fb3-4bc1-8f2f-4829a518ba6e,c3,None,1602,?,i9,
1769501174.6356874,SENT,13bc1ead-a0a2-4b3d-98e1-c39308bdd25c,f921f04c-caaa-4ddd-b8b6-7669c953bd56,c2,DROP,1008,?,i7,
1769501174.635729,FORWARDED,13bc1ead-a0a2-4b3d-98e1-c39308bdd25c,f921f04c-caaa-4ddd-b8b6-7669c953bd56,c2,DROP,1008,?,i7,
1769501174.6380968,RECEIVED,6665fde2-0eb9-41e8-9ad1-f17cce1b4fff,0af23108-7951-467e-ad1c-6e9e15c030db,c3,DROP,1452,p3,?,
1769501174.9441028,RECEIVED,f717b2e8-1346-4b09-bb7b-551e1ed5f7bf,163d333c-1928-452e-8bd8-9eca97d32766,c2,None,2236,p2,?,
1769501175.0202215,RECEIVED,ba5c74e5-0cf5-45dd-a88b-9bd0cbf0a4e4,3c1f4de6-8c55-4b66-9941-85b5b3ec3f5c,c2,c1,2464,p2,?,
1769501175.0648654,RECEIVED,3d96716f-94b0-498d-b815-9f26874ebf39,37f0074d-a05f-47cd-9279-41062660c99e,c4,c3,2468,p1,?,
1769501175.1160758,SENT,c6162e79-af9e-4c32-9463-2a3913f1b8f6,efa2886d-434f-46b1-b56f-b88b31645c24,c3,c4,1772,?,i10,
1769501175.116118,FORWARDED,c6162e79-af9e-4c32-9463-2a3913f1b8f6,efa2886d-434f-46b1-b56f-b88b31645c24,c3,c4,1772,?,i10,
1769501175.16614,SENT,3d96716f-94b0-498d-b815-9f26874ebf39,37f0074d-a05f-47cd-9279-41062660c99e,c4,c3,1779,?,i9,
1769501175.1661851,FORWARDED,3d96716f-94b0-498d-b815-9f26874ebf39,37f0074d-a05f-47cd-9279-41062660c99e,c4,c3,1779,?,i9,
1769501175.3099685,SENT,ba5c74e5-0cf5-45dd-a88b-9bd0cbf0a4e4,3c1f4de6-8c55-4b66-9941-85b5b3ec3f5c,c2,c1,1776,?,i8,
1769501175.310011,FORWARDED,ba5c74e5-0cf5-45dd-a88b-9bd0cbf0a4e4,3c1f4de6-8c55-4b66-9941-85b5b3ec3f5c,c2,c1,1776,?,i8,
1769501175.333376,SENT,f717b2e8-1346-4b09-bb7b-551e1ed5f7bf,163d333c-1928-452e-8bd8-9eca97d32766,c2,None,1604,?,i5,
1769501175.3334143,FORWARDED,f717b2e8-1346-4b09-bb7b-551e1ed5f7bf,163d333c-1928-452e-8bd8-9eca97d32766,c2,None,1604,?,i5,
1769501175.4995544,RECEIVED,29575448-d08f-4087-b610-358c16b2c04c,f128032c-0dd6-4da0-a581-576eb661c439,c1,DROP,1446,p1,?,
1769501175.5453415,RECEIVED,983061f8-13eb-43f0-a2cf-5cae64b328f7,4d987fc1-2f32-4205-980e-ff874af2123b,c2,c1,2459,p2,?,
1769501175.7651856,RECEIVED,fcf8a1fb-3afb-4fc1-8a56-c2a0ab479d2f,377b7630-b815-4aa5-8265-31d807eb30b4,c4,c3,2463,p1,?,
1769501175.7994914,RECEIVED,0d4fa71f-9ecf-4d0b-b205-56ead05b7b19,7153a73a-8aa7-458e-b827-b333129a590a,c4,DROP,1438,p1,?,
1769501175.8140452,RECEIVED,c1f4365a-cb9b-4815-9bc4-0fcbe53c8b03,b29bb38f-86b9-482a-941d-6f1a27e5655a,c5,DROP,1440,p2,?,
1769501175.858256,SENT,c1f4365a-cb9b-4815-9bc4-0fcbe53c8b03,b29bb38f-86b9-482a-941d-6f1a27e5655a,c5,DROP,1007,?,i6,
1769501175.8582966,FORWARDED,c1f4365a-cb9b-4815-9bc4-0fcbe53c8b03,b29bb38f-86b9-482a-941d-6f1a27e5655a,c5,DROP,1007,?,i6,
1769501175.908685,SENT,fcf8a1fb-3afb-4fc1-8a56-c2a0ab479d2f,377b7630-b815-4aa5-8265-31d807eb30b4,c4,c3,1775,?,i7,
1769501175.9087274,FORWARDED,fcf8a1fb-3afb-4fc1-8a56-c2a0ab479d2f,377b7630-b815-4aa5-8265-31d807eb30b4,c4,c3,1775,?,i7,
1769501176.0121613,RECEIVED,36689ca9-01bb-47ba-a523-78650eddef80,a09c17b6-2501-4d47-897f-efab3cc1d6a5,c5,c2,2468,p2,?,
1769501176.0364044,SENT,6665fde2-0eb9-41e8-9ad1-f17cce1b4fff,0af23108-7951-467e-ad1c-6e9e15c030db,c3,DROP,1017,?,i12,
1769501176.0364492,FORWARDED,6665fde2-0eb9-41e8-9ad1-f17cce1b4fff,0af23108-7951-467e-ad1c-6e9e15c030db,c3,DROP,1017,?,i12,
1769501176.0626163,RECEIVED,a7482a8d-0181-48d3-9d0b-eeda971474d0,53507147-ed18-41d3-a1e9-8ec857496804,c4,DROP,1457,p1,?,
1769501176.1037896,RECEIVED,cbd34329-d31c-431c-baed-59d58a75d7cf,41d15bfa-1e1d-4d03-b2e5-db2d453f62af,c5,DROP,1439,p2,?,
1769501176.1412556,SENT,a7482a8d-0181-48d3-9d0b-eeda971474d0,53507147-ed18-41d3-a1e9-8ec857496804,c4,DROP,1020,?,i12,
1769501176.1412976,FORWARDED,a7482a8d-0181-48d3-9d0b-eeda971474d0,53507147-ed18-41d3-a1e9-8ec857496804,c4,DROP,1020,?,i12,
1769501176.151501,SENT,983061f8-13eb-43f0-a2cf-5cae64b328f7,4d987fc1-2f32-4205-980e-ff874af2123b,c2,c1,1772,?,i4,
1769501176.151538,FORWARDED,983061f8-13eb-43f0-a2cf-5cae64b328f7,4d987fc1-2f32-4205-980e-ff874af2123b,c2,c1,1772,?,i4,
1769501176.1592734,RECEIVED,04a8c7f9-d413-44f1-ad13-1d73bb0ee2bd,f3923e9c-a403-4840-86bd-a21415c17fbe,c5,DROP,1465,p2,?,
1769501176.194359,SENT,29575448-d08f-4087-b610-358c16b2c04c,f128032c-0dd6-4da0-a581-576eb661c439,c1,DROP,1012,?,i6,
1769501176.1943989,FORWARDED,29575448-d08f-4087-b610-358c16b2c04c,f128032c-0dd6-4da0-a581-576eb661c439,c1,DROP,1012,?,i6,
1769501176.2180846,SENT,04a8c7f9-d413-44f1-ad13-1d73bb0ee2bd,f3923e9c-a403-4840-86bd-a21415c17fbe,c5,DROP,1024,?,i11,
1769501176.2181282,FORWARDED,04a8c7f9-d413-44f1-ad13-1d73bb0ee2bd,f3923e9c-a403-4840-86bd-a21415c17fbe,c5,DROP,1024,?,i11,
1769501176.2803028,RECEIVED,9cbe4bc6-d07e-4bf7-8856-30aef34b2569,ee98712d-e17c-4875-90a9-be80ac1b81b2,c4,DROP,442,x8,?,
1769501176.3206687,RECEIVED,291ba4e4-4763-4af8-bbe2-0ed95086b734,ced03fe5-c178-4c56-84bd-99f1114bff65,c3,DROP,441,x5,?,
1769501176.3795073,RECEIVED,9b11ea39-add5-4083-abf5-2f3d91ebeaec,98523fd1-ad0a-45af-9794-6ed2d6828f6d,c4,DROP,441,x12,?,
1769501176.4678905,RECEIVED,dc844ad4-e680-4de5-9011-ba93e6bb3a64,f6fabcb2-c288-4f11-855c-61058fe32003,c1,DROP,442,x2,?,
1769501176.4733472,SENT,36689ca9-01bb-47ba-a523-78650eddef80,a09c17b6-2501-4d47-897f-efab3cc1d6a5,c5,c2,1779,?,i12,
1769501176.473393,FORWARDED,36689ca9-01bb-47ba-a523-78650eddef80,a09c17b6-2501-4d47-897f-efab3cc1d6a5,c5,c2,1779,?,i12,
1769501176.5531356,RECEIVED,01dd383e-03f2-4491-b3b9-a45c98af1786,b76ac820-478e-499e-bc67-156adf7151da,c3,DROP,1439,p3,?,
1769501176.59194,SENT,01dd383e-03f2-4491-b3b9-a45c98af1786,b76ac820-478e-499e-bc67-156adf7151da,c3,DROP,1007,?,i3,
1769501176.5919814,FORWARDED,01dd383e-03f2-4491-b3b9-a45c98af1786,b76ac820-478e-499e-bc67-156adf7151da,c3,DROP,1007,?,i3,
1769501176.640982,RECEIVED,f7a465ff-b913-4c26-a7df-3f1c183deb75,5f10d6aa-5ef8-475c-8510-8fc1744d6bfd,c1,DROP,442,x7,?,
1769501176.6891415,SENT,cbd34329-d31c-431c-baed-59d58a75d7cf,41d15bfa-1e1d-4d03-b2e5-db2d453f62af,c5,DROP,1008,?,i7,
1769501176.6891918,FORWARDED,cbd34329-d31c-431c-baed-59d58a75d7cf,41d15bfa-1e1d-4d03-b2e5-db2d453f62af,c5,DROP,1008,?,i7,
1769501176.7086797,RECEIVED,75749690-2b1e-4815-a3cd-c4211a100a97,b33b3602-be97-418a-9a88-be0944e27d3e,c2,DROP,1444,p2,?,
1769501177.013062,RECEIVED,30581eab-5ff3-49e2-bc64-40ec34cc08a2,8f70c191-b123-4fb8-93d8-dc2ac36bb63a,c3,None,2237,p3,?,
1769501177.0624888,SENT,75749690-2b1e-4815-a3cd-c4211a100a97,b33b3602-be97-418a-9a88-be0944e27d3e,c2,DROP,1011,?,i5,
1769501177.0625293,FORWARDED,75749690-2b1e-4815-a3cd-c4211a100a97,b33b3602-be97-418a-9a88-be0944e27d3e,c2,DROP,1011,?,i5,
1769501177.0643551,RECEIVED,5c9f4ebe-b548-4428-811a-96835a8748c3,64a933a1-1418-4c89-8426-e7eb585b6840,c3,DROP,1449,p3,?,
1769501177.0673578,RECEIVED,be91080f-4610-456a-907e-6672ead44fd3,e564be5d-9108-4689-9aa9-c631d887f4ef,c4,DROP,1440,p1,?,
1769501177.1393032,RECEIVED,a070b478-47a9-4c24-ae45-f8a57350dcb2,a927e006-1cbc-44b1-9f8b-77ef4eabbbeb,c1,DROP,442,x1,?,
1769501177.1699233,SENT,5c9f4ebe-b548-4428-811a-96835a8748c3,64a933a1-1418-4c89-8426-e7eb585b6840,c3,DROP,1014,?,i11,
1769501177.169968,FORWARDED,5c9f4ebe-b548-4428-811a-96835a8748c3,64a933a1-1418-4c89-8426-e7eb585b6840,c3,DROP,1014,?,i11,
1769501177.1742752,SENT,be91080f-4610-456a-907e-6672ead44fd3,e564be5d-9108-4689-9aa9-c631d887f4ef,c4,DROP,1008,?,i9,
1769501177.17432,FORWARDED,be91080f-4610-456a-907e-6672ead44fd3,e564be5d-9108-4689-9aa9-c631d887f4ef,c4,DROP,1008,?,i9,
1769501177.3295345,SENT,30581eab-5ff3-49e2-bc64-40ec34cc08a2,8f70c191-b123-4fb8-93d8-dc2ac36bb63a,c3,None,1604,?,i10,
1769501177.3295782,FORWARDED,30581eab-5ff3-49e2-bc64-40ec34cc08a2,8f70c191-b123-4fb8-93d8-dc2ac36bb63a,c3,None,1604,?,i10,
1769501177.3623888,RECEIVED,ba2fb3ef-2ee6-4d2a-991b-420baa0d0a3f,141235ac-c6c0-4ac8-b26e-059bd097ff89,c4,DROP,1436,p1,?,
1769501177.376266,RECEIVED,a6e2b1ca-caf9-4baa-b226-357c9414ddfd,bc11ac19-c4ee-47fa-9b9a-26a5aa6154c1,c3,DROP,1440,p3,?,
1769501177.3908896,RECEIVED,275099ac-085f-4e8d-ba88-2c1411e1f741,d9749640-0dda-44a7-9499-c9e72bbcd3ec,c1,None,2224,p1,?,
1769501177.4285848,RECEIVED,a1a40858-4afa-440b-967e-9771dea67048,12a1dac2-80cc-4aa7-bdee-c2cf43e0d9c5,c4,DROP,1452,p1,?,
1769501177.443446,SENT,ba2fb3ef-2ee6-4d2a-991b-420baa0d0a3f,141235ac-c6c0-4ac8-b26e-059bd097ff89,c4,DROP,1004,?,i9,
1769501177.4437962,FORWARDED,ba2fb3ef-2ee6-4d2a-991b-420baa0d0a3f,141235ac-c6c0-4ac8-b26e-059bd097ff89,c4,DROP,1004,?,i9,
1769501177.4653761,SENT,0d4fa71f-9ecf-4d0b-b205-56ead05b7b19,7153a73a-8aa7-458e-b827-b333129a590a,c4,DROP,1008,?,i5,
1769501177.4654272,FORWARDED,0d4fa71f-9ecf-4d0b-b205-56ead05b7b19,7153a73a-8aa7-458e-b827-b333129a590a,c4,DROP,1008,?,i5,
1769501177.5949996,RECEIVED,ea4289f6-9a03-4616-81b3-beb854592f28,4bd095de-1ddf-4e82-970d-082de0d99d95,c3,DROP,441,x1,?,
1769501177.6158519,RECEIVED,0fc51395-a79d-4a31-b742-4fd5472c22a7,3efa017b-468b-4a6c-a0fa-a283ec85426d,c1,c5,2469,p1,?,
1769501177.6712885,SENT,0fc51395-a79d-4a31-b742-4fd5472c22a7,3efa017b-468b-4a6c-a0fa-a283ec85426d,c1,c5,1777,?,i7,
1769501177.6713254,FORWARDED,0fc51395-a79d-4a31-b742-4fd5472c22a7,3efa017b-468b-4a6c-a0fa-a283ec85426d,c1,c5,1777,?,i7,
1769501177.8526235,SENT,a6e2b1ca-caf9-4baa-b226-357c9414ddfd,bc11ac19-c4ee-47fa-9b9a-26a5aa6154c1,c3,DROP,1007,?,i10,
1769501177.8526638,FORWARDED,a6e2b1ca-caf9-4baa-b226-357c9414ddfd,bc11ac19-c4ee-47fa-9b9a-26a5aa6154c1,c3,DROP,1007,?,i10,
1769501177.8831632,SENT,275099ac-085f-4e8d-ba88-2c1411e1f741,d9749640-0dda-44a7-9499-c9e72bbcd3ec,c1,None,1596,?,i8,
1769501177.8832161,FORWARDED,275099ac-085f-4e8d-ba88-2c1411e1f741,d9749640-0dda-44a7-9499-c9e72bbcd3ec,c1,None,1596,?,i8,
1769501177.8980331,SENT,a1a40858-4afa-440b-967e-9771dea67048,12a1dac2-80cc-4aa7-bdee-c2cf43e0d9c5,c4,DROP,1015,?,i3,
1769501177.8980832,FORWARDED,a1a40858-4afa-440b-967e-9771dea67048,12a1dac2-80cc-4aa7-bdee-c2cf43e0d9c5,c4,DROP,1015,?,i3,
1769501178.0822203,RECEIVED,dece13db-2015-42df-8102-bc2b90712f3b,cf9b2b0d-f4f3-4a99-b303-e89401b7135f,c4,DROP,1452,p1,?,
1769501178.1403568,RECEIVED,da3ae20b-009c-4679-bf54-b37f70d3f1d9,1896495b-9a42-4882-91ff-42a5716e04ed,c2,DROP,1451,p2,?,
1769501178.1616812,RECEIVED,cffacf2b-1bad-4372-8acc-317ca321f261,5da38dac-b931-41f4-90f7-ee0eff62a24a,c4,DROP,441,x6,?,
1769501178.6938248,SENT,da3ae20b-009c-4679-bf54-b37f70d3f1d9,1896495b-9a42-4882-91ff-42a5716e04ed,c2,DROP,1015,?,i1,
1769501178.693862,FORWARDED,da3ae20b-009c-4679-bf54-b37f70d3f1d9,1896495b-9a42-4882-91ff-42a5716e04ed,c2,DROP,1015,?,i1,
1769501178.7123644,RECEIVED,2cbc0e6c-11e1-41f6-b29d-ba29897e7d6b,7524cde3-1602-4bb0-9b1f-b7cd39e076c4,c1,DROP,440,x11,?,
1769501178.746751,SENT,dece13db-2015-42df-8102-bc2b90712f3b,cf9b2b0d-f4f3-4a99-b303-e89401b7135f,c4,DROP,1015,?,i11,
1769501178.7467897,FORWARDED,dece13db-2015-42df-8102-bc2b90712f3b,cf9b2b0d-f4f3-4a99-b303-e89401b7135f,c4,DROP,1015,?,i11,
1769501179.1986895,RECEIVED,cd065096-1558-4621-939e-2b8038624246,23a15254-ffec-4c99-a590-ce0ded25ef7f,c1,DROP,1440,p1,?,
1769501179.3035831,RECEIVED,2936c7fa-034f-407d-813a-2f1fff885545,2a2b2829-be13-44a4-a311-9b51d25efc71,c1,c5,2471,p1,?,
1769501179.3162563,RECEIVED,88e108b5-11bf-4eda-a212-970402156a23,2c84e01d-a394-4f2c-afbb-7919adfe5311,c5,DROP,442,x5,?,
1769501179.3616617,RECEIVED,920e9426-7679-4903-854c-1a44e360a50c,5d6fd59d-1f7a-4898-a23f-833b23ade9ea,c3,DROP,1439,p3,?,
1769501179.625949,SENT,cd065096-1558-4621-939e-2b8038624246,23a15254-ffec-4c99-a590-ce0ded25ef7f,c1,DROP,1007,?,i2,
1769501179.625989,FORWARDED,cd065096-1558-4621-939e-2b8038624246,23a15254-ffec-4c99-a590-ce0ded25ef7f,c1,DROP,1007,?,i2,
1769501179.7330728,RECEIVED,8aa339cb-1cc1-4dfb-b014-1f1cb413b424,ca57cdbc-32d8-4903-8ea6-325f55ca212c,c1,DROP,1441,p1,?,
1769501179.9864078,SENT,8aa339cb-1cc1-4dfb-b014-1f1cb413b424,ca57cdbc-32d8-4903-8ea6-325f55ca212c,c1,DROP,1008,?,i12,
1769501179.9865487,FORWARDED,8aa339cb-1cc1-4dfb-b014-1f1cb413b424,ca57cdbc-32d8-4903-8ea6-325f55ca212c,c1,DROP,1008,?,i12,
1769501180.1829984,SENT,2936c7fa-034f-407d-813a-2f1fff885545,2a2b2829-be13-44a4-a311-9b51d25efc71,c1,c5,1780,?,i8,
1769501180.18323,FORWARDED,2936c7fa-034f-407d-813a-2f1fff885545,2a2b2829-be13-44a4-a311-9b51d25efc71,c1,c5,1780,?,i8,
1769501180.3039591,RECEIVED,5205b798-a2b9-4ee6-a3aa-831aa413afd7,ab2eb66d-2073-4496-8f6c-603fcba2c516,c3,DROP,1445,p3,?,
1769501180.385777,SENT,5205b798-a2b9-4ee6-a3aa-831aa413afd7,ab2eb66d-2073-4496-8f6c-603fcba2c516,c3,DROP,1011,?,i5,
1769501180.3858173,FORWARDED,5205b798-a2b9-4ee6-a3aa-831aa413afd7,ab2eb66d-2073-4496-8f6c-603fcba2c516,c3,DROP,1011,?,i5,
1769501180.438163,SENT,920e9426-7679-4903-854c-1a44e360a50c,5d6fd59d-1f7a-4898-a23f-833b23ade9ea,c3,DROP,1008,?,i1,
1769501180.438206,FORWARDED,920e9426-7679-4903-854c-1a44e360a50c,5d6fd59d-1f7a-4898-a23f-833b23ade9ea,c3,DROP,1008,?,i1,
1769501180.5032742,RECEIVED,d8a002c4-ff46-426e-bdb6-b32b2e3e37c2,db0af999-715e-4e38-b684-d27cdb31788e,c4,DROP,1436,p1,?,
1769501180.5251172,SENT,d8a002c4-ff46-426e-bdb6-b32b2e3e37c2,db0af999-715e-4e38-b684-d27cdb31788e,c4,DROP,1003,?,i7,
1769501180.5254953,FORWARDED,d8a002c4-ff46-426e-bdb6-b32b2e3e37c2,db0af999-715e-4e38-b684-d27cdb31788e,c4,DROP,1003,?,i7,
1769501180.7682424,RECEIVED,793dd4cc-1669-48ac-8aa2-57fbb6e3a7be,a7bb92dd-40a7-4be8-9295-f3242fa0a1d3,c5,DROP,1440,p2,?,
1769501180.78406,RECEIVED,a56c31da-207d-4645-bc97-0a4c39fe4bc7,a3c5b2cb-8880-4a66-8529-73bbe742fdb5,c3,DROP,445,x4,?,
1769501180.8312466,RECEIVED,1ddd0cfb-a816-4b12-b1d3-9a16a5237a7b,5159ca70-b9d8-48e7-9143-ef149f8e94cb,c4,c3,2448,p1,?,
1769501180.8750615,RECEIVED,2ee14116-084c-4c63-974f-6917a82e7a7d,32bbeefe-024c-4750-80c2-d005ae154557,c5,DROP,1444,p2,?,
1769501180.9506624,RECEIVED,d97e8d0d-25e1-471d-abd6-14c1d6a59a2e,a2b2f1f6-f1aa-450a-9640-90be75e0b732,c2,c1,2464,p2,?,
1769501180.968175,SENT,1ddd0cfb-a816-4b12-b1d3-9a16a5237a7b,5159ca70-b9d8-48e7-9143-ef149f8e94cb,c4,c3,1763,?,i3,
1769501180.9682171,FORWARDED,1ddd0cfb-a816-4b12-b1d3-9a16a5237a7b,5159ca70-b9d8-48e7-9143-ef149f8e94cb,c4,c3,1763,?,i3,
1769501180.977303,SENT,793dd4cc-1669-48ac-8aa2-57fbb6e3a7be,a7bb92dd-40a7-4be8-9295-f3242fa0a1d3,c5,DROP,1007,?,i2,
1769501180.9773421,FORWARDED,793dd4cc-1669-48ac-8aa2-57fbb6e3a7be,a7bb92dd-40a7-4be8-9295-f3242fa0a1d3,c5,DROP,1007,?,i2,
1769501181.1478136,RECEIVED,fb920427-b1a0-4c01-9fe1-f14ca5dbe8e9,a2da4434-567f-452a-b335-1df979a88811,c1,DROP,442,x6,?,
1769501181.3271754,SENT,d97e8d0d-25e1-471d-abd6-14c1d6a59a2e,a2b2f1f6-f1aa-450a-9640-90be75e0b732,c2,c1,1776,?,i1,
1769501181.3272185,FORWARDED,d97e8d0d-25e1-471d-abd6-14c1d6a59a2e,a2b2f1f6-f1aa-450a-9640-90be75e0b732,c2,c1,1776,?,i1,
1769501181.3448117,RECEIVED,62435d0e-5751-4ca6-87de-655e0c4d66c5,ace4bb36-b813-4918-931e-521a45f95651,c3,DROP,1453,p3,?,
1769501181.389007,SENT,2ee14116-084c-4c63-974f-6917a82e7a7d,32bbeefe-024c-4750-80c2-d005ae154557,c5,DROP,1011,?,i12,
1769501181.3890593,FORWARDED,2ee14116-084c-4c63-974f-6917a82e7a7d,32bbeefe-024c-4750-80c2-d005ae154557,c5,DROP,1011,?,i12,
1769501181.3946772,RECEIVED,33206559-605a-4814-833d-1fdab729f271,b9e58a83-67ff-4d73-b383-aea15a6d7ec5,c3,DROP,1440,p3,?,
1769501181.4186945,RECEIVED,36eb9b41-89d7-4293-9bd4-dfcbbfe6bbb8,c2e1c5aa-31f3-4375-afdf-c1b86d0c5b62,c5,DROP,1440,p2,?,
1769501181.6018834,SENT,62435d0e-5751-4ca6-87de-655e0c4d66c5,ace4bb36-b813-4918-931e-521a45f95651,c3,DROP,1016,?,i10,
1769501181.6019282,FORWARDED,62435d0e-5751-4ca6-87de-655e0c4d66c5,ace4bb36-b813-4918-931e-521a45f95651,c3,DROP,1016,?,i10,
1769501181.6224217,SENT,33206559-605a-4814-833d-1fdab729f271,b9e58a83-67ff-4d73-b383-aea15a6d7ec5,c3,DROP,1008,?,i6,
1769501181.6224608,FORWARDED,33206559-605a-4814-833d-1fdab729f271,b9e58a83-67ff-4d73-b383-aea15a6d7ec5,c3,DROP,1008,?,i6,
1769501181.669828,RECEIVED,d354df03-b506-406c-8fcc-6a325bca53eb,340e28b1-f628-412e-a99e-1c22443f8cf7,c5,None,2240,p2,?,
1769501181.880157,RECEIVED,7d8a6e0d-5e57-4c7a-a44c-2080205642cf,b3917266-2ca7-4da9-ae64-a06640bbd74e,c3,DROP,1439,p3,?,
1769501181.8851058,RECEIVED,11d481a4-21b9-4e86-902b-d79469304cec,aeaf162c-5e8b-4746-9069-ebac6301957a,c4,DROP,446,x12,?,
1769501181.9232206,SENT,d354df03-b506-406c-8fcc-6a325bca53eb,340e28b1-f628-412e-a99e-1c22443f8cf7,c5,None,1608,?,i3,
1769501181.9232628,FORWARDED,d354df03-b506-406c-8fcc-6a325bca53eb,340e28b1-f628-412e-a99e-1c22443f8cf7,c5,None,1608,?,i3,
1769501182.1592915,SENT,36eb9b41-89d7-4293-9bd4-dfcbbfe6bbb8,c2e1c5aa-31f3-4375-afdf-c1b86d0c5b62,c5,DROP,1008,?,i12,
1769501182.1593318,FORWARDED,36eb9b41-89d7-4293-9bd4-dfcbbfe6bbb8,c2e1c5aa-31f3-4375-afdf-c1b86d0c5b62,c5,DROP,1008,?,i12,
1769501182.4562397,SENT,7d8a6e0d-5e57-4c7a-a44c-2080205642cf,b3917266-2ca7-4da9-ae64-a06640bbd74e,c3,DROP,1007,?,i8,
1769501182.4562798,FORWARDED,7d8a6e0d-5e57-4c7a-a44c-2080205642cf,b3917266-2ca7-4da9-ae64-a06640bbd74e,c3,DROP,1007,?,i8,
1769501182.4675963,RECEIVED,fe47e93a-f824-40bc-a967-580e8c586f71,01fcc0de-e91e-4b99-a8ba-68efca6240ac,c4,DROP,1448,p1,?,
1769501182.549259,SENT,fe47e93a-f824-40bc-a967-580e8c586f71,01fcc0de-e91e-4b99-a8ba-68efca6240ac,c4,DROP,1012,?,i4,
1769501182.5492988,FORWARDED,fe47e93a-f824-40bc-a967-580e8c586f71,01fcc0de-e91e-4b99-a8ba-68efca6240ac,c4,DROP,1012,?,i4,
1769501182.6942282,RECEIVED,2eab4106-b9f3-4d88-880a-73a6ee468ea7,8275c8db-e6a2-4b9f-a9fe-37b082993116,c2,DROP,1447,p2,?,
1769501182.7410336,RECEIVED,a1bf0b3a-e328-430b-a0b8-eeda9b0da0bc,ae9233d9-83c8-4666-a32d-62167c543d1c,c3,None,2235,p3,?,
1769501182.7837775,RECEIVED,010a4060-2363-4b3b-b54c-47cec2ad768f,1dd2e862-86c0-4a15-af8f-77b24434e76a,c1,DROP,1444,p1,?,
1769501182.953597,SENT,010a4060-2363-4b3b-b54c-47cec2ad768f,1dd2e862-86c0-4a15-af8f-77b24434e76a,c1,DROP,1011,?,i5,
1769501182.9536324,FORWARDED,010a4060-2363-4b3b-b54c-47cec2ad768f,1dd2e862-86c0-4a15-af8f-77b24434e76a,c1,DROP,1011,?,i5,
1769501183.0588522,SENT,a1bf0b3a-e328-430b-a0b8-eeda9b0da0bc,ae9233d9-83c8-4666-a32d-62167c543d1c,c3,None,1603,?,i1,
1769501183.058905,FORWARDED,a1bf0b3a-e328-430b-a0b8-eeda9b0da0bc,ae9233d9-83c8-4666-a32d-62167c543d1c,c3,None,1603,?,i1,
1769501183.0935342,RECEIVED,573425a6-d7fb-445b-9e36-4733e9f3f8eb,ee0d9bff-4f8c-4dac-a3cc-9cc945c5cba9,c2,DROP,1442,p2,?,
1769501183.1045234,RECEIVED,f10266f1-c1e7-4e37-a471-93361f726733,dbffe707-4006-4a28-a1e7-dbe92d27753d,c3,None,2233,p3,?,
1769501183.1622572,SENT,f10266f1-c1e7-4e37-a471-93361f726733,dbffe707-4006-4a28-a1e7-dbe92d27753d,c3,None,1600,?,i10,
1769501183.1623,FORWARDED,f10266f1-c1e7-4e37-a471-93361f726733,dbffe707-4006-4a28-a1e7-dbe92d27753d,c3,None,1600,?,i10,
1769501183.1702743,RECEIVED,1079f445-7ec9-42ad-a85d-0c9dbf4a6653,436d7164-26d5-446e-9e02-bbfa58bfeff0,c5,None,2223,p2,?,
1769501183.2262073,RECEIVED,4255f19f-c846-461c-93b3-56148e6cae99,0322258f-0198-44e3-9908-38bdeea2faa4,c4,DROP,1442,p1,?,
1769501183.308125,SENT,2eab4106-b9f3-4d88-880a-73a6ee468ea7,8275c8db-e6a2-4b9f-a9fe-37b082993116,c2,DROP,1012,?,i2,
1769501183.3081665,FORWARDED,2eab4106-b9f3-4d88-880a-73a6ee468ea7,8275c8db-e6a2-4b9f-a9fe-37b082993116,c2,DROP,1012,?,i2,
1769501183.3386624,RECEIVED,42bccad6-59cc-43be-aebd-f48053d767ae,7c682032-4c33-4034-82d4-54fa3a452677,c1,DROP,1439,p1,?,
1769501183.377266,RECEIVED,2bd69b35-7bdb-4077-a173-11569c67d0ef,a1f79953-0c56-4430-b859-4dca8378d69b,c5,DROP,1440,p2,?,
1769501183.4545047,RECEIVED,4c9ed3a3-80e0-4024-b0a8-b1171ff0be91,2239eff0-41a3-4f04-81e7-af1f6cdd16cc,c5,DROP,1451,p2,?,
1769501183.5154245,RECEIVED,c88a6c85-f790-4593-8a7b-54a3be3574cb,e5c1daa4-dfc3-4867-9438-09156429a9f7,c1,DROP,1449,p1,?,
1769501183.51828,RECEIVED,ce5f3610-4a3e-47b7-81d3-59c9cd74ff1e,954b94e4-fa6e-4a84-9989-61e3f502c602,c5,DROP,1440,p2,?,
1769501183.5200615,RECEIVED,902ee02e-9a57-4f17-99d6-826e8c28527e,15f3cc62-2c08-40fe-9b05-75e2949282aa,c2,None,2231,p2,?,
1769501183.6110106,SENT,c88a6c85-f790-4593-8a7b-54a3be3574cb,e5c1daa4-dfc3-4867-9438-09156429a9f7,c1,DROP,1013,?,i12,
1769501183.611062,FORWARDED,c88a6c85-f790-4593-8a7b-54a3be3574cb,e5c1daa4-dfc3-4867-9438-09156429a9f7,c1,DROP,1013,?,i12,
1769501183.6721904,SENT,4255f19f-c846-461c-93b3-56148e6cae99,0322258f-0198-44e3-9908-38bdeea2faa4,c4,DROP,1009,?,i4,
1769501183.6722314,FORWARDED,4255f19f-c846-461c-93b3-56148e6cae99,0322258f-0198-44e3-9908-38bdeea2faa4,c4,DROP,1009,?,i4,
1769501183.6848276,SENT,2bd69b35-7bdb-4077-a173-11569c67d0ef,a1f79953-0c56-4430-b859-4dca8378d69b,c5,DROP,1006,?,i12,
1769501183.6848695,FORWARDED,2bd69b35-7bdb-4077-a173-11569c67d0ef,a1f79953-0c56-4430-b859-4dca8378d69b,c5,DROP,1006,?,i12,
1769501183.738081,RECEIVED,b5d686ca-8ac6-4949-bf8d-83d1b71fa65e,2a05b10e-c494-4f96-b192-30ae93f218c5,c2,c1,2472,p2,?,
1769501183.7569575,SENT,ce5f3610-4a3e-47b7-81d3-59c9cd74ff1e,954b94e4-fa6e-4a84-9989-61e3f502c602,c5,DROP,1008,?,i4,
1769501183.7569966,FORWARDED,ce5f3610-4a3e-47b7-81d3-59c9cd74ff1e,954b94e4-fa6e-4a84-9989-61e3f502c602,c5,DROP,1008,?,i4,
1769501183.849753,RECEIVED,7e115115-e552-44bb-b5eb-c9db4a7c1e9b,b98bb1ff-9739-4498-a9dd-6327fc79acae,c1,DROP,1439,p1,?,
1769501183.862032,RECEIVED,f75af1cc-cd00-4c25-bfba-cdfd786dcb00,53df4fe6-941e-4cee-bcb2-895464d568ee,c4,DROP,441,x5,?,
1769501184.1831162,SENT,7e115115-e552-44bb-b5eb-c9db4a7c1e9b,b98bb1ff-9739-4498-a9dd-6327fc79acae,c1,DROP,1008,?,i5,
1769501184.183159,FORWARDED,7e115115-e552-44bb-b5eb-c9db4a7c1e9b,b98bb1ff-9739-4498-a9dd-6327fc79acae,c1,DROP,1008,?,i5,
1769501184.1894937,SENT,4c9ed3a3-80e0-4024-b0a8-b1171ff0be91,2239eff0-41a3-4f04-81e7-af1f6cdd16cc,c5,DROP,1017,?,i3,
1769501184.1895366,FORWARDED,4c9ed3a3-80e0-4024-b0a8-b1171ff0be91,2239eff0-41a3-4f04-81e7-af1f6cdd16cc,c5,DROP,1017,?,i3,
1769501184.2195199,RECEIVED,d66e326d-c46a-4345-a0df-cd2a7331c91e,43ad8a40-0637-4403-a179-870f68aa921f,c4,DROP,1441,p1,?,
1769501184.2418513,SENT,b5d686ca-8ac6-4949-bf8d-83d1b71fa65e,2a05b10e-c494-4f96-b192-30ae93f218c5,c2,c1,1780,?,i7,
1769501184.2418928,FORWARDED,b5d686ca-8ac6-4949-bf8d-83d1b71fa65e,2a05b10e-c494-4f96-b192-30ae93f218c5,c2,c1,1780,?,i7,
1769501184.3517194,SENT,902ee02e-9a57-4f17-99d6-826e8c28527e,15f3cc62-2c08-40fe-9b05-75e2949282aa,c2,None,1602,?,i8,
1769501184.3517666,FORWARDED,902ee02e-9a57-4f17-99d6-826e8c28527e,15f3cc62-2c08-40fe-9b05-75e2949282aa,c2,None,1602,?,i8,
1769501184.3634238,RECEIVED,8bf926b3-224d-4b3d-b0a9-a2784f094b90,aa9a4144-03a3-46f9-9b29-a749ec8ea454,c4,None,2227,p1,?,
1769501184.3734338,SENT,d66e326d-c46a-4345-a0df-cd2a7331c91e,43ad8a40-0637-4403-a179-870f68aa921f,c4,DROP,1008,?,i11,
1769501184.3734753,FORWARDED,d66e326d-c46a-4345-a0df-cd2a7331c91e,43ad8a40-0637-4403-a179-870f68aa921f,c4,DROP,1008,?,i11,
1769501184.384777,RECEIVED,22bad9ed-35c2-4e03-be3c-cbafde6bdadc,f118f76e-05b7-4780-91f7-16f6be600d77,c3,DROP,1448,p3,?,
1769501184.4034567,SENT,42bccad6-59cc-43be-aebd-f48053d767ae,7c682032-4c33-4034-82d4-54fa3a452677,c1,DROP,1007,?,i2,
1769501184.4035423,FORWARDED,42bccad6-59cc-43be-aebd-f48053d767ae,7c682032-4c33-4034-82d4-54fa3a452677,c1,DROP,1007,?,i2,
1769501184.4428227,SENT,573425a6-d7fb-445b-9e36-4733e9f3f8eb,ee0d9bff-4f8c-4dac-a3cc-9cc945c5cba9,c2,DROP,1009,?,i7,
1769501184.4428616,FORWARDED,573425a6-d7fb-445b-9e36-4733e9f3f8eb,ee0d9bff-4f8c-4dac-a3cc-9cc945c5cba9,c2,DROP,1009,?,i7,
1769501184.5207012,SENT,1079f445-7ec9-42ad-a85d-0c9dbf4a6653,436d7164-26d5-446e-9e02-bbfa58bfeff0,c5,None,1596,?,i4,
1769501184.5207505,FORWARDED,1079f445-7ec9-42ad-a85d-0c9dbf4a6653,436d7164-26d5-446e-9e02-bbfa58bfeff0,c5,None,1596,?,i4,
1769501184.5811548,RECEIVED,734022f2-6f4c-4e7e-b0b4-94476caa1d1b,7c2d24fa-37eb-4d4c-909b-bf57d96e2a37,c1,DROP,1452,p1,?,
1769501184.595157,RECEIVED,951cfaab-796b-4b47-841d-d623941bff5e,3f85fcb3-c4ad-43a3-9626-7d970ee992e4,c2,DROP,1451,p2,?,
1769501184.7332838,RECEIVED,e96d4072-b59e-4603-9ea7-4691dc5af212,e7382f3b-a24d-4293-bfda-143f38b28882,c2,None,2224,p2,?,
1769501184.7760742,RECEIVED,a337ea57-1da0-46ed-9147-aa0ce7a4b72e,cd9bf294-458e-4445-b30a-7af21b4c0670,c2,DROP,1427,p2,?,
1769501184.7813303,RECEIVED,51a3e68d-92b9-4898-902f-9257960bbd7e,4911f78f-9bf9-4f8a-8aea-b20e1b7edc81,c4,DROP,1440,p1,?,
1769501184.8079076,SENT,e96d4072-b59e-4603-9ea7-4691dc5af212,e7382f3b-a24d-4293-bfda-143f38b28882,c2,None,1596,?,i2,
1769501184.807948,FORWARDED,e96d4072-b59e-4603-9ea7-4691dc5af212,e7382f3b-a24d-4293-bfda-143f38b28882,c2,None,1596,?,i2,
1769501184.8378599,RECEIVED,a72eed77-6ca6-47a8-97bb-eecb3be07641,f7583ee2-b619-4813-88dd-538e3aa399e5,c1,DROP,1453,p1,?,
1769501184.838836,RECEIVED,25c6ae82-90f5-460c-b18e-4ad9ad91c483,95ec2eda-c90a-4acb-a2e5-401877dff782,c2,DROP,1452,p2,?,
1769501184.9276383,SENT,25c6ae82-90f5-460c-b18e-4ad9ad91c483,95ec2eda-c90a-4acb-a2e5-401877dff782,c2,DROP,1016,?,i9,
1769501184.9276805,FORWARDED,25c6ae82-90f5-460c-b18e-4ad9ad91c483,95ec2eda-c90a-4acb-a2e5-401877dff782,c2,DROP,1016,?,i9,
1769501184.9674656,SENT,734022f2-6f4c-4e7e-b0b4-94476caa1d1b,7c2d24fa-37eb-4d4c-909b-bf57d96e2a37,c1,DROP,1015,?,i8,
1769501184.9675074,FORWARDED,734022f2-6f4c-4e7e-b0b4-94476caa1d1b,7c2d24fa-37eb-4d4c-909b-bf57d96e2a37,c1,DROP,1015,?,i8,
1769501185.0056264,SENT,51a3e68d-92b9-4898-902f-9257960bbd7e,4911f78f-9bf9-4f8a-8aea-b20e1b7edc81,c4,DROP,1007,?,i8,
1769501185.005669,FORWARDED,51a3e68d-92b9-4898-902f-9257960bbd7e,4911f78f-9bf9-4f8a-8aea-b20e1b7edc81,c4,DROP,1007,?,i8,
1769501185.0110767,RECEIVED,cdea05ee-1be6-47b8-9e1e-ea787021f5f2,e8eb11dc-618a-4984-a171-960d9227b02f,c1,DROP,1443,p1,?,
1769501185.0116973,SENT,8bf926b3-224d-4b3d-b0a9-a2784f094b90,aa9a4144-03a3-46f9-9b29-a749ec8ea454,c4,None,1599,?,i7,
1769501185.0117328,FORWARDED,8bf926b3-224d-4b3d-b0a9-a2784f094b90,aa9a4144-03a3-46f9-9b29-a749ec8ea454,c4,None,1599,?,i7,
1769501185.0922678,RECEIVED,bc22abfa-2ac3-440a-937f-f86b10ca9b74,fae9906a-aa0f-49cd-962c-01f1f1c755d1,c2,DROP,1438,p2,?,
1769501185.118874,SENT,a72eed77-6ca6-47a8-97bb-eecb3be07641,f7583ee2-b619-4813-88dd-538e3aa399e5,c1,DROP,1015,?,i12,
1769501185.1189153,FORWARDED,a72eed77-6ca6-47a8-97bb-eecb3be07641,f7583ee2-b619-4813-88dd-538e3aa399e5,c1,DROP,1015,?,i12,
1769501185.2452826,RECEIVED,25a6d386-7d2e-4472-98c7-3ff77ff9f0a2,a9be0e6d-0c69-468c-86bf-39ac3e8ef1fe,c1,DROP,1439,p1,?,
1769501185.4182227,RECEIVED,4e82af72-5db8-486a-9ae0-364f09e13022,604c3c78-e7f8-4cd5-950b-33482388e23e,c1,DROP,1444,p1,?,
1769501185.535544,RECEIVED,1e84c864-e5ad-40e9-acc5-25cf30bd1e92,6c25180e-ca36-4c03-a58f-1b3235ec7a17,c4,DROP,1444,p1,?,
1769501185.5400295,SENT,4e82af72-5db8-486a-9ae0-364f09e13022,604c3c78-e7f8-4cd5-950b-33482388e23e,c1,DROP,1011,?,i4,
1769501185.5402381,FORWARDED,4e82af72-5db8-486a-9ae0-364f09e13022,604c3c78-e7f8-4cd5-950b-33482388e23e,c1,DROP,1011,?,i4,
1769501185.5678163,SENT,951cfaab-796b-4b47-841d-d623941bff5e,3f85fcb3-c4ad-43a3-9626-7d970ee992e4,c2,DROP,1016,?,i3,
1769501185.5678577,FORWARDED,951cfaab-796b-4b47-841d-d623941bff5e,3f85fcb3-c4ad-43a3-9626-7d970ee992e4,c2,DROP,1016,?,i3,
1769501185.593841,RECEIVED,9461e6c4-2ae8-4a11-8e07-0a5dda83b640,c5c9d22e-a869-49d4-8296-35022d3a3c01,c5,DROP,441,x12,?,
1769501185.6026564,SENT,cdea05ee-1be6-47b8-9e1e-ea787021f5f2,e8eb11dc-618a-4984-a171-960d9227b02f,c1,DROP,1009,?,i9,
1769501185.6026933,FORWARDED,cdea05ee-1be6-47b8-9e1e-ea787021f5f2,e8eb11dc-618a-4984-a171-960d9227b02f,c1,DROP,1009,?,i9,
1769501185.6248336,SENT,a337ea57-1da0-46ed-9147-aa0ce7a4b72e,cd9bf294-458e-4445-b30a-7af21b4c0670,c2,DROP,999,?,i1,
1769501185.624876,FORWARDED,a337ea57-1da0-46ed-9147-aa0ce7a4b72e,cd9bf294-458e-4445-b30a-7af21b4c0670,c2,DROP,999,?,i1,
1769501185.6443892,RECEIVED,6efed83b-0240-4853-98ed-5c47c7a42c91,41986b9b-1616-49ce-b33e-5c9a9b9d5056,c1,DROP,441,x5,?,
1769501185.6951303,RECEIVED,19be4dec-cad2-40e5-8e97-710ec5d9eb70,d959e4ef-82e0-430c-b38f-ea879481ddcd,c2,DROP,1451,p2,?,
1769501185.698501,SENT,22bad9ed-35c2-4e03-be3c-cbafde6bdadc,f118f76e-05b7-4780-91f7-16f6be600d77,c3,DROP,1012,?,i10,
1769501185.6985414,FORWARDED,22bad9ed-35c2-4e03-be3c-cbafde6bdadc,f118f76e-05b7-4780-91f7-16f6be600d77,c3,DROP,1012,?,i10,
1769501185.8138778,SENT,1e84c864-e5ad-40e9-acc5-25cf30bd1e92,6c25180e-ca36-4c03-a58f-1b3235ec7a17,c4,DROP,1011,?,i7,
1769501185.8139136,FORWARDED,1e84c864-e5ad-40e9-acc5-25cf30bd1e92,6c25180e-ca36-4c03-a58f-1b3235ec7a17,c4,DROP,1011,?,i7,
1769501185.9490087,RECEIVED,262f7cff-b299-4835-943d-ca6b3640ba1b,aeba5148-3f42-418d-acaa-908817ceab09,c2,DROP,1448,p2,?,
1769501185.981163,RECEIVED,fd85d7ae-e223-49bd-bfc3-77ff02536528,dd14ac6d-0cd4-4f5c-bc86-4681f84561fa,c4,c3,2459,p1,?,
1769501185.9850183,RECEIVED,d865386a-8a42-4205-bccc-1f103360645f,354ed7e3-5fbd-4f1b-a31f-65847b28eb43,c3,c4,2471,p3,?,
1769501186.0934215,SENT,19be4dec-cad2-40e5-8e97-710ec5d9eb70,d959e4ef-82e0-430c-b38f-ea879481ddcd,c2,DROP,1017,?,i11,
1769501186.0934625,FORWARDED,19be4dec-cad2-40e5-8e97-710ec5d9eb70,d959e4ef-82e0-430c-b38f-ea879481ddcd,c2,DROP,1017,?,i11,
1769501186.1333718,RECEIVED,0457024d-aafb-40aa-b6f8-63233490a21a,89ebd52e-e7ef-4315-85e5-d99663160354,c1,c5,2463,p1,?,
1769501186.2418802,RECEIVED,96d8a589-ebc8-49a3-b1a6-03f90acc1440,ea1b0003-e831-4a35-9ddc-e393a6a5e173,c5,DROP,447,x10,?,
1769501186.3431108,SENT,25a6d386-7d2e-4472-98c7-3ff77ff9f0a2,a9be0e6d-0c69-468c-86bf-39ac3e8ef1fe,c1,DROP,1008,?,i4,
1769501186.3431542,FORWARDED,25a6d386-7d2e-4472-98c7-3ff77ff9f0a2,a9be0e6d-0c69-468c-86bf-39ac3e8ef1fe,c1,DROP,1008,?,i4,
1769501186.3575673,SENT,262f7cff-b299-4835-943d-ca6b3640ba1b,aeba5148-3f42-418d-acaa-908817ceab09,c2,DROP,1013,?,i2,
1769501186.3576095,FORWARDED,262f7cff-b299-4835-943d-ca6b3640ba1b,aeba5148-3f42-418d-acaa-908817ceab09,c2,DROP,1013,?,i2,
1769501186.3757222,RECEIVED,5829717e-f55d-4e7b-891f-7362be0178ac,fd7ca76d-b9ba-4bab-a0f2-2dbb854cfff6,c4,DROP,1439,p1,?,
1769501186.443552,SENT,bc22abfa-2ac3-440a-937f-f86b10ca9b74,fae9906a-aa0f-49cd-962c-01f1f1c755d1,c2,DROP,1007,?,i6,
1769501186.4435945,FORWARDED,bc22abfa-2ac3-440a-937f-f86b10ca9b74,fae9906a-aa0f-49cd-962c-01f1f1c755d1,c2,DROP,1007,?,i6,
1769501186.452078,RECEIVED,f1cf2026-8787-4971-8e4a-aa0fba38180c,6468ad69-29d3-43b2-9e5b-52cf09546d63,c5,DROP,1458,p2,?,
1769501186.4968996,SENT,f1cf2026-8787-4971-8e4a-aa0fba38180c,6468ad69-29d3-43b2-9e5b-52cf09546d63,c5,DROP,1019,?,i12,
1769501186.4969428,FORWARDED,f1cf2026-8787-4971-8e4a-aa0fba38180c,6468ad69-29d3-43b2-9e5b-52cf09546d63,c5,DROP,1019,?,i12,
1769501186.5032363,SENT,d865386a-8a42-4205-bccc-1f103360645f,354ed7e3-5fbd-4f1b-a31f-65847b28eb43,c3,c4,1780,?,i3,
1769501186.5032902,FORWARDED,d865386a-8a42-4205-bccc-1f103360645f,354ed7e3-5fbd-4f1b-a31f-65847b28eb43,c3,c4,1780,?,i3,
1769501186.5199764,SENT,fd85d7ae-e223-49bd-bfc3-77ff02536528,dd14ac6d-0cd4-4f5c-bc86-4681f84561fa,c4,c3,1771,?,i3,
1769501186.5200112,FORWARDED,fd85d7ae-e223-49bd-bfc3-77ff02536528,dd14ac6d-0cd4-4f5c-bc86-4681f84561fa,c4,c3,1771,?,i3,
1769501186.642626,SENT,5829717e-f55d-4e7b-891f-7362be0178ac,fd7ca76d-b9ba-4bab-a0f2-2dbb854cfff6,c4,DROP,1007,?,i8,
1769501186.6426919,FORWARDED,5829717e-f55d-4e7b-891f-7362be0178ac,fd7ca76d-b9ba-4bab-a0f2-2dbb854cfff6,c4,DROP,1007,?,i8,
1769501186.7673569,RECEIVED,951c8214-2410-4911-b541-c1aa95df8f8a,9744ea2a-97ee-42f4-a250-37921ed9026e,c1,DROP,1443,p1,?,
1769501186.8011694,RECEIVED,6fce6264-05fb-4421-bf68-b87790656d2c,930cef72-ae96-46c9-b9ad-f857c2c78aab,c3,c4,2447,p3,?,
1769501186.8901947,RECEIVED,a3e1c0f9-024f-438a-af9d-fceb46cbe53f,1a7b218b-a534-48a6-aa62-1c4ab0a80b6a,c1,DROP,1439,p1,?,
1769501186.9452415,RECEIVED,c2db3db1-8e61-4210-acfa-4441bb7e132e,60e47375-8440-46a2-a1b8-b280ff3148a7,c5,DROP,1440,p2,?,
1769501186.947103,RECEIVED,92147c75-076a-49d4-9a04-d09d3e032bea,055e10e9-1c97-4998-b803-c4f83ce311a3,c4,DROP,442,x8,?,
1769501187.2593033,SENT,0457024d-aafb-40aa-b6f8-63233490a21a,89ebd52e-e7ef-4315-85e5-d99663160354,c1,c5,1774,?,i5,
1769501187.2593484,FORWARDED,0457024d-aafb-40aa-b6f8-63233490a21a,89ebd52e-e7ef-4315-85e5-d99663160354,c1,c5,1774,?,i5,
1769501187.2617695,RECEIVED,29c58a25-84ff-4a54-a0e9-b6d92e28ccf3,1537c35d-d6f8-4fb0-9910-6b3b5b02788a,c3,DROP,1441,p3,?,
1769501187.3604152,SENT,29c58a25-84ff-4a54-a0e9-b6d92e28ccf3,1537c35d-d6f8-4fb0-9910-6b3b5b02788a,c3,DROP,1007,?,i5,
1769501187.360457,FORWARDED,29c58a25-84ff-4a54-a0e9-b6d92e28ccf3,1537c35d-d6f8-4fb0-9910-6b3b5b02788a,c3,DROP,1007,?,i5,
1769501187.4323072,RECEIVED,91f8f691-8959-46e3-bd75-1cecab83b89a,9615d6dd-2ee0-4a3b-8e27-82dec39dc03f,c5,None,2240,p2,?,
1769501187.5069005,SENT,c2db3db1-8e61-4210-acfa-4441bb7e132e,60e47375-8440-46a2-a1b8-b280ff3148a7,c5,DROP,1007,?,i12,
1769501187.5069447,FORWARDED,c2db3db1-8e61-4210-acfa-4441bb7e132e,60e47375-8440-46a2-a1b8-b280ff3148a7,c5,DROP,1007,?,i12,
1769501187.5745263,RECEIVED,f6dc573e-7979-4d4b-bc0a-f58580fd9818,d97f0f56-1fe3-48b1-9777-9acd4b328aae,c5,DROP,1439,p2,?,
1769501187.714128,SENT,6fce6264-05fb-4421-bf68-b87790656d2c,930cef72-ae96-46c9-b9ad-f857c2c78aab,c3,c4,1763,?,i4,
1769501187.7141688,FORWARDED,6fce6264-05fb-4421-bf68-b87790656d2c,930cef72-ae96-46c9-b9ad-f857c2c78aab,c3,c4,1763,?,i4,
1769501187.7979684,SENT,91f8f691-8959-46e3-bd75-1cecab83b89a,9615d6dd-2ee0-4a3b-8e27-82dec39dc03f,c5,None,1608,?,i8,
1769501187.798032,FORWARDED,91f8f691-8959-46e3-bd75-1cecab83b89a,9615d6dd-2ee0-4a3b-8e27-82dec39dc03f,c5,None,1608,?,i8,
1769501187.817119,RECEIVED,10c39954-b232-4d43-9e73-b83eb108899d,60eeabbc-867a-4bb6-aa4e-6ca6b2c5d16a,c5,DROP,1451,p2,?,
1769501187.8555171,SENT,951c8214-2410-4911-b541-c1aa95df8f8a,9744ea2a-97ee-42f4-a250-37921ed9026e,c1,DROP,1011,?,i7,
1769501187.8555577,FORWARDED,951c8214-2410-4911-b541-c1aa95df8f8a,9744ea2a-97ee-42f4-a250-37921ed9026e,c1,DROP,1011,?,i7,
1769501188.0115242,SENT,10c39954-b232-4d43-9e73-b83eb108899d,60eeabbc-867a-4bb6-aa4e-6ca6b2c5d16a,c5,DROP,1015,?,i7,
1769501188.0115683,FORWARDED,10c39954-b232-4d43-9e73-b83eb108899d,60eeabbc-867a-4bb6-aa4e-6ca6b2c5d16a,c5,DROP,1015,?,i7,
1769501188.0882647,RECEIVED,03eda5c9-0164-4f32-b2b1-4aafb508acdf,ad843e30-b8c3-4e70-8874-6becbb6bf41e,c2,DROP,1440,p2,?,
1769501188.2410116,RECEIVED,afe651fc-d40c-4824-be4f-23d466f960dd,ec99e181-e1dd-4574-8aca-187d4c633668,c2,DROP,1451,p2,?,
1769501188.2947583,SENT,03eda5c9-0164-4f32-b2b1-4aafb508acdf,ad843e30-b8c3-4e70-8874-6becbb6bf41e,c2,DROP,1008,?,i1,
1769501188.2948031,FORWARDED,03eda5c9-0164-4f32-b2b1-4aafb508acdf,ad843e30-b8c3-4e70-8874-6becbb6bf41e,c2,DROP,1008,?,i1,
1769501188.4867823,SENT,f6dc573e-7979-4d4b-bc0a-f58580fd9818,d97f0f56-1fe3-48b1-9777-9acd4b328aae,c5,DROP,1007,?,i7,
1769501188.4868221,FORWARDED,f6dc573e-7979-4d4b-bc0a-f58580fd9818,d97f0f56-1fe3-48b1-9777-9acd4b328aae,c5,DROP,1007,?,i7,
1769501188.6507957,SENT,a3e1c0f9-024f-438a-af9d-fceb46cbe53f,1a7b218b-a534-48a6-aa62-1c4ab0a80b6a,c1,DROP,1008,?,i6,
1769501188.6508474,FORWARDED,a3e1c0f9-024f-438a-af9d-fceb46cbe53f,1a7b218b-a534-48a6-aa62-1c4ab0a80b6a,c1,DROP,1008,?,i6,
1769501188.88481,RECEIVED,3c1ab3ad-04f8-4774-9f1f-bfa8649b4d03,682fca92-c1d1-48cb-ba61-291b5dc5eb56,c5,DROP,1447,p2,?,
1769501188.9857407,SENT,3c1ab3ad-04f8-4774-9f1f-bfa8649b4d03,682fca92-c1d1-48cb-ba61-291b5dc5eb56,c5,DROP,1012,?,i3,
1769501188.9857817,FORWARDED,3c1ab3ad-04f8-4774-9f1f-bfa8649b4d03,682fca92-c1d1-48cb-ba61-291b5dc5eb56,c5,DROP,1012,?,i3,
1769501189.469745,RECEIVED,263053b0-dfcb-4f2b-a92a-020f7f47dd30,03170b43-9114-4ad2-a705-c9878dcc718f,c4,DROP,1458,p1,?,
1769501189.4891071,SENT,263053b0-dfcb-4f2b-a92a-020f7f47dd30,03170b43-9114-4ad2-a705-c9878dcc718f,c4,DROP,1020,?,i11,
1769501189.4891477,FORWARDED,263053b0-dfcb-4f2b-a92a-020f7f47dd30,03170b43-9114-4ad2-a705-c9878dcc718f,c4,DROP,1020,?,i11,
1769501189.538161,RECEIVED,66a47f38-ee40-496b-abb4-a9f9e4d7c8b5,8ecfec12-a03b-4a03-8edf-2448974a81c7,c4,DROP,1439,p1,?,
1769501189.6066945,RECEIVED,8cd6cd0a-dfef-456f-b14e-ef4cfff634cd,c5fc8cb7-2d7f-475a-b321-8ada76ceae14,c1,DROP,1448,p1,?,
1769501189.6376047,RECEIVED,dbe51fad-1607-4ae2-a31a-77d0e539c77a,bf08279d-f2da-4079-9b7b-2775b26e562b,c3,DROP,442,x10,?,
1769501189.7512257,SENT,afe651fc-d40c-4824-be4f-23d466f960dd,ec99e181-e1dd-4574-8aca-187d4c633668,c2,DROP,1015,?,i2,
1769501189.7512639,FORWARDED,afe651fc-d40c-4824-be4f-23d466f960dd,ec99e181-e1dd-4574-8aca-187d4c633668,c2,DROP,1015,?,i2,
1769501189.8313453,RECEIVED,f3baf4c5-b381-4754-b0d6-be80003157a2,b5c164d9-4789-4c5b-897f-087837205549,c2,DROP,1444,p2,?,
1769501189.9087825,RECEIVED,a8f7ccb7-a00e-473e-b5fd-57a7358c705a,34f91aa1-16b0-4071-bd8c-7ac597900c81,c3,None,2231,p3,?,
1769501189.985537,RECEIVED,f1328210-17a9-423b-88ce-45c31ecf400b,53628dfd-5399-41b4-8139-9edd1d10e9dc,c4,DROP,1461,p1,?,
1769501190.108395,RECEIVED,5d3ef2ad-d7c3-4dd7-9542-60bcd0b3e1fb,1ad574cc-c871-4d10-b5f1-2360bdd76277,c1,DROP,1440,p1,?,
1769501190.1582172,RECEIVED,9adbf650-e7bc-47ec-a59e-6bc9ac627bad,0830961d-dee6-4eb4-9239-9b9002919193,c1,DROP,442,x5,?,
1769501190.1854904,RECEIVED,ad688df6-ff39-4548-afeb-b834cf7829b4,efe1e445-0fe7-40c7-9381-85dd36203440,c1,DROP,1451,p1,?,
1769501190.199767,SENT,f1328210-17a9-423b-88ce-45c31ecf400b,53628dfd-5399-41b4-8139-9edd1d10e9dc,c4,DROP,1021,?,i12,
1769501190.199808,FORWARDED,f1328210-17a9-423b-88ce-45c31ecf400b,53628dfd-5399-41b4-8139-9edd1d10e9dc,c4,DROP,1021,?,i12,
1769501190.264899,SENT,66a47f38-ee40-496b-abb4-a9f9e4d7c8b5,8ecfec12-a03b-4a03-8edf-2448974a81c7,c4,DROP,1008,?,i2,
1769501190.2649403,FORWARDED,66a47f38-ee40-496b-abb4-a9f9e4d7c8b5,8ecfec12-a03b-4a03-8edf-2448974a81c7,c4,DROP,1008,?,i2,
1769501190.2740903,RECEIVED,a6edf379-2639-48c5-928d-40b9ae98a380,4ba7ebfe-c2ce-4279-b605-443166cdc587,c3,c4,2468,p3,?,
1769501190.288856,RECEIVED,050c0d1f-0b99-4655-89ed-f9e52996b59e,1754cf1c-6397-4570-b8c0-81925629651a,c2,None,2223,p2,?,
1769501190.3950405,SENT,8cd6cd0a-dfef-456f-b14e-ef4cfff634cd,c5fc8cb7-2d7f-475a-b321-8ada76ceae14,c1,DROP,1014,?,i11,
1769501190.3950949,FORWARDED,8cd6cd0a-dfef-456f-b14e-ef4cfff634cd,c5fc8cb7-2d7f-475a-b321-8ada76ceae14,c1,DROP,1014,?,i11,
1769501190.3967247,RECEIVED,97be8118-ab0f-4044-b49b-4453c7753107,72032eae-b531-41f6-9112-4a14c390de4e,c1,DROP,443,x8,?,
1769501190.4902143,RECEIVED,ec0e6d74-de70-441c-aa96-0016890662b8,fc252fb1-d145-4312-a240-c7440bb92fce,c2,c1,2448,p2,?,
1769501190.5483236,SENT,5d3ef2ad-d7c3-4dd7-9542-60bcd0b3e1fb,1ad574cc-c871-4d10-b5f1-2360bdd76277,c1,DROP,1007,?,i9,
1769501190.548365,FORWARDED,5d3ef2ad-d7c3-4dd7-9542-60bcd0b3e1fb,1ad574cc-c871-4d10-b5f1-2360bdd76277,c1,DROP,1007,?,i9,
1769501190.5700438,SENT,f3baf4c5-b381-4754-b0d6-be80003157a2,b5c164d9-4789-4c5b-897f-087837205549,c2,DROP,1009,?,i11,
1769501190.5700986,FORWARDED,f3baf4c5-b381-4754-b0d6-be80003157a2,b5c164d9-4789-4c5b-897f-087837205549,c2,DROP,1009,?,i11,
1769501190.5941894,SENT,050c0d1f-0b99-4655-89ed-f9e52996b59e,1754cf1c-6397-4570-b8c0-81925629651a,c2,None,1596,?,i1,
1769501190.5942323,FORWARDED,050c0d1f-0b99-4655-89ed-f9e52996b59e,1754cf1c-6397-4570-b8c0-81925629651a,c2,None,1596,?,i1,
1769501190.6446264,RECEIVED,0ef82644-2e9b-45d0-929e-3286a295119b,047588aa-2144-4a81-a4a6-ce5c596dc96f,c4,DROP,1451,p1,?,
1769501190.6635993,RECEIVED,7b15430e-c340-4bf9-ac3d-b89abba14002,ccaf4c98-8135-4468-ba5d-634acd530312,c1,DROP,1460,p1,?,
1769501190.6880872,RECEIVED,454ee4a9-3714-44fa-8430-57523e828d29,0d8aeb1f-f110-47bd-a469-d8108ad8d127,c3,DROP,445,x11,?,
1769501190.7054205,SENT,a6edf379-2639-48c5-928d-40b9ae98a380,4ba7ebfe-c2ce-4279-b605-443166cdc587,c3,c4,1777,?,i4,
1769501190.7054615,FORWARDED,a6edf379-2639-48c5-928d-40b9ae98a380,4ba7ebfe-c2ce-4279-b605-443166cdc587,c3,c4,1777,?,i4,
1769501190.747918,RECEIVED,0a0b147f-718a-4bbf-abee-6596724a87e9,e4065012-7efa-4174-ada9-eddc1c90663a,c2,DROP,1446,p2,?,
1769501190.8036363,RECEIVED,b673cf07-d346-4a28-8d03-99fd06fd8277,a3b6072b-f99d-4f9b-a749-39f676c36048,c4,DROP,441,x10,?,
1769501190.8285527,SENT,a8f7ccb7-a00e-473e-b5fd-57a7358c705a,34f91aa1-16b0-4071-bd8c-7ac597900c81,c3,None,1601,?,i9,
1769501190.8285987,FORWARDED,a8f7ccb7-a00e-473e-b5fd-57a7358c705a,34f91aa1-16b0-4071-bd8c-7ac597900c81,c3,None,1601,?,i9,
1769501190.8381062,RECEIVED,18a2cad8-4648-4196-9694-e7b00fad9bb9,6e0c3f35-1f8f-43be-b0b4-d52835943f60,c4,DROP,1451,p1,?,
1769501190.8732517,SENT,ec0e6d74-de70-441c-aa96-0016890662b8,fc252fb1-d145-4312-a240-c7440bb92fce,c2,c1,1763,?,i12,
1769501190.8732936,FORWARDED,ec0e6d74-de70-441c-aa96-0016890662b8,fc252fb1-d145-4312-a240-c7440bb92fce,c2,c1,1763,?,i12,
1769501190.8926895,RECEIVED,e8d2f6dc-47ad-45fa-aa10-8d98464f64f5,ed975ba8-d9d5-4339-8647-25913bbd63fd,c3,DROP,442,x9,?,
1769501190.910491,SENT,ad688df6-ff39-4548-afeb-b834cf7829b4,efe1e445-0fe7-40c7-9381-85dd36203440,c1,DROP,1015,?,i4,
1769501190.9105263,FORWARDED,ad688df6-ff39-4548-afeb-b834cf7829b4,efe1e445-0fe7-40c7-9381-85dd36203440,c1,DROP,1015,?,i4,
1769501190.9452639,SENT,0a0b147f-718a-4bbf-abee-6596724a87e9,e4065012-7efa-4174-ada9-eddc1c90663a,c2,DROP,1013,?,i8,
1769501190.9453049,FORWARDED,0a0b147f-718a-4bbf-abee-6596724a87e9,e4065012-7efa-4174-ada9-eddc1c90663a,c2,DROP,1013,?,i8,
1769501191.0428908,RECEIVED,ea981d7f-00f6-4216-8a4f-565067da22f4,b02c9eda-2d3d-4aa3-a92a-0e1c6eae5d74,c1,None,2232,p1,?,
1769501191.1612089,RECEIVED,f715f534-e764-4c50-b96d-663f8fcee1d7,d679f4b0-d014-4f65-be14-f946874570b2,c1,DROP,1452,p1,?,
1769501191.2310681,RECEIVED,2b3b1471-7264-4360-b8fe-6e15b35d32ad,be41766d-2a51-4b30-86ff-f939877d14be,c5,DROP,1443,p2,?,
1769501191.2613256,RECEIVED,189fde82-a376-4c11-9742-c5e81f9fde9c,fba54c6d-4b3b-4016-b2b0-137edd834f0c,c2,DROP,1439,p2,?,
1769501191.3368459,SENT,ea981d7f-00f6-4216-8a4f-565067da22f4,b02c9eda-2d3d-4aa3-a92a-0e1c6eae5d74,c1,None,1601,?,i7,
1769501191.3368897,FORWARDED,ea981d7f-00f6-4216-8a4f-565067da22f4,b02c9eda-2d3d-4aa3-a92a-0e1c6eae5d74,c1,None,1601,?,i7,
1769501191.3985915,SENT,189fde82-a376-4c11-9742-c5e81f9fde9c,fba54c6d-4b3b-4016-b2b0-137edd834f0c,c2,DROP,1008,?,i8,
1769501191.39864,FORWARDED,189fde82-a376-4c11-9742-c5e81f9fde9c,fba54c6d-4b3b-4016-b2b0-137edd834f0c,c2,DROP,1008,?,i8,
1769501191.4456654,SENT,0ef82644-2e9b-45d0-929e-3286a295119b,047588aa-2144-4a81-a4a6-ce5c596dc96f,c4,DROP,1015,?,i4,
1769501191.4457066,FORWARDED,0ef82644-2e9b-45d0-929e-3286a295119b,047588aa-2144-4a81-a4a6-ce5c596dc96f,c4,DROP,1015,?,i4,
1769501191.4907339,SENT,18a2cad8-4648-4196-9694-e7b00fad9bb9,6e0c3f35-1f8f-43be-b0b4-d52835943f60,c4,DROP,1015,?,i4,
1769501191.490769,FORWARDED,18a2cad8-4648-4196-9694-e7b00fad9bb9,6e0c3f35-1f8f-43be-b0b4-d52835943f60,c4,DROP,1015,?,i4,
1769501191.5594149,RECEIVED,4422fcc0-28fe-48d4-80d1-0d22918ce97e,31f53fab-93e6-4075-a1b1-7717a369b7a5,c1,DROP,441,x6,?,
1769501191.6601372,SENT,f715f534-e764-4c50-b96d-663f8fcee1d7,d679f4b0-d014-4f65-be14-f946874570b2,c1,DROP,1015,?,i4,
1769501191.6601796,FORWARDED,f715f534-e764-4c50-b96d-663f8fcee1d7,d679f4b0-d014-4f65-be14-f946874570b2,c1,DROP,1015,?,i4,
1769501191.6615257,RECEIVED,263e656c-0cb8-4302-b015-66f1548cecd5,fff73837-6746-4eb4-849e-e9e607fd9c62,c5,DROP,1451,p2,?,
1769501191.756069,SENT,263e656c-0cb8-4302-b015-66f1548cecd5,fff73837-6746-4eb4-849e-e9e607fd9c62,c5,DROP,1015,?,i9,
1769501191.7561202,FORWARDED,263e656c-0cb8-4302-b015-66f1548cecd5,fff73837-6746-4eb4-849e-e9e607fd9c62,c5,DROP,1015,?,i9,
1769501191.7579725,SENT,7b15430e-c340-4bf9-ac3d-b89abba14002,ccaf4c98-8135-4468-ba5d-634acd530312,c1,DROP,1021,?,i10,
1769501191.758012,FORWARDED,7b15430e-c340-4bf9-ac3d-b89abba14002,ccaf4c98-8135-4468-ba5d-634acd530312,c1,DROP,1021,?,i10,
1769501191.7886388,RECEIVED,faf9156f-061b-474c-9e51-ba2f7570f307,fb9b11de-bce1-481c-b92d-4fa7ddb301c4,c2,DROP,1439,p2,?,
1769501191.903003,RECEIVED,d1e52ff9-3e4a-42a3-a8d9-a08707ebccfa,b74cc936-80c5-49c9-bb92-75b09a5f5b4d,c5,DROP,1444,p2,?,
1769501191.9205937,RECEIVED,b79a34a3-a944-4a7a-b4a3-1cc04f00c376,28a98e30-1d12-4058-b48f-04a8e77b6071,c1,DROP,1441,p1,?,
1769501191.9274297,SENT,faf9156f-061b-474c-9e51-ba2f7570f307,fb9b11de-bce1-481c-b92d-4fa7ddb301c4,c2,DROP,1006,?,i1,
1769501191.9274728,FORWARDED,faf9156f-061b-474c-9e51-ba2f7570f307,fb9b11de-bce1-481c-b92d-4fa7ddb301c4,c2,DROP,1006,?,i1,
1769501191.9352849,SENT,2b3b1471-7264-4360-b8fe-6e15b35d32ad,be41766d-2a51-4b30-86ff-f939877d14be,c5,DROP,1011,?,i6,
1769501191.935332,FORWARDED,2b3b1471-7264-4360-b8fe-6e15b35d32ad,be41766d-2a51-4b30-86ff-f939877d14be,c5,DROP,1011,?,i6,
1769501191.9417975,SENT,b79a34a3-a944-4a7a-b4a3-1cc04f00c376,28a98e30-1d12-4058-b48f-04a8e77b6071,c1,DROP,1007,?,i11,
1769501191.9418406,FORWARDED,b79a34a3-a944-4a7a-b4a3-1cc04f00c376,28a98e30-1d12-4058-b48f-04a8e77b6071,c1,DROP,1007,?,i11,
1769501191.9832428,RECEIVED,db60b633-106e-4113-82db-59a4cadcfa6f,308400a2-bead-4a80-913e-68b32b01ebc5,c1,c5,2456,p1,?,
1769501192.0590377,SENT,db60b633-106e-4113-82db-59a4cadcfa6f,308400a2-bead-4a80-913e-68b32b01ebc5,c1,c5,1768,?,i9,
1769501192.0590904,FORWARDED,db60b633-106e-4113-82db-59a4cadcfa6f,308400a2-bead-4a80-913e-68b32b01ebc5,c1,c5,1768,?,i9,
1769501192.1922402,RECEIVED,72680bc6-81bf-4788-bc22-c94678792076,5693753c-356a-4fae-a3ab-d1f50d6cbff3,c1,DROP,1446,p1,?,
1769501192.282811,RECEIVED,58e324d8-e553-4809-832c-d003802ce546,29f2bbc0-c08d-4e3e-9e72-42f03af4ebe6,c3,DROP,1439,p3,?,
1769501192.3320293,SENT,72680bc6-81bf-4788-bc22-c94678792076,5693753c-356a-4fae-a3ab-d1f50d6cbff3,c1,DROP,1012,?,i4,
1769501192.3320858,FORWARDED,72680bc6-81bf-4788-bc22-c94678792076,5693753c-356a-4fae-a3ab-d1f50d6cbff3,c1,DROP,1012,?,i4,
1769501192.3442557,SENT,d1e52ff9-3e4a-42a3-a8d9-a08707ebccfa,b74cc936-80c5-49c9-bb92-75b09a5f5b4d,c5,DROP,1011,?,i4,
1769501192.3442988,FORWARDED,d1e52ff9-3e4a-42a3-a8d9-a08707ebccfa,b74cc936-80c5-49c9-bb92-75b09a5f5b4d,c5,DROP,1011,?,i4,
1769501192.4733384,SENT,58e324d8-e553-4809-832c-d003802ce546,29f2bbc0-c08d-4e3e-9e72-42f03af4ebe6,c3,DROP,1008,?,i8,
1769501192.4733799,FORWARDED,58e324d8-e553-4809-832c-d003802ce546,29f2bbc0-c08d-4e3e-9e72-42f03af4ebe6,c3,DROP,1008,?,i8,
1769501192.552635,RECEIVED,adfde720-1ae6-4faf-817b-062861adefdd,a822bf0b-bf50-4180-87ed-bc798af48ad3,c1,DROP,1452,p1,?,
1769501192.590916,RECEIVED,c75973db-5402-4b66-9720-8027b6568a90,7f2e68eb-e6a3-408c-b78e-b62c2bc136ba,c2,DROP,1439,p2,?,
1769501192.7762213,SENT,adfde720-1ae6-4faf-817b-062861adefdd,a822bf0b-bf50-4180-87ed-bc798af48ad3,c1,DROP,1015,?,i4,
1769501192.7762632,FORWARDED,adfde720-1ae6-4faf-817b-062861adefdd,a822bf0b-bf50-4180-87ed-bc798af48ad3,c1,DROP,1015,?,i4,
1769501192.9068046,RECEIVED,3244998c-fb73-4920-bd74-4f7b6bc5d768,e8bdfad8-9e6f-495c-8517-3be5b8c0cbcd,c1,DROP,1441,p1,?,
1769501193.0486774,SENT,3244998c-fb73-4920-bd74-4f7b6bc5d768,e8bdfad8-9e6f-495c-8517-3be5b8c0cbcd,c1,DROP,1007,?,i10,
1769501193.0487196,FORWARDED,3244998c-fb73-4920-bd74-4f7b6bc5d768,e8bdfad8-9e6f-495c-8517-3be5b8c0cbcd,c1,DROP,1007,?,i10,
1769501193.135331,RECEIVED,6ff36913-9396-4dbf-bc8b-689eb734f8f8,085dd865-1529-49cf-9cff-88752ea7c5ee,c3,None,2239,p3,?,
1769501193.140072,SENT,c75973db-5402-4b66-9720-8027b6568a90,7f2e68eb-e6a3-408c-b78e-b62c2bc136ba,c2,DROP,1007,?,i7,
1769501193.140158,FORWARDED,c75973db-5402-4b66-9720-8027b6568a90,7f2e68eb-e6a3-408c-b78e-b62c2bc136ba,c2,DROP,1007,?,i7,
1769501193.2782917,RECEIVED,5b584d57-e155-4b86-b58d-81af2faf69f3,a6e39bc5-ad9e-403d-a663-7882cb2c180b,c4,DROP,440,x7,?,
1769501193.348207,RECEIVED,d93e0ce3-9b78-46c7-8297-7962c1f0daeb,d43a327b-ed4a-4cb3-8826-e5838cb965a1,c4,DROP,443,x2,?,
1769501193.3679342,RECEIVED,93484ada-3b71-4c66-975e-792056097323,6082e0f8-d0c6-49e5-bf36-f5a0f60c3f1b,c2,DROP,1451,p2,?,
1769501193.3857658,RECEIVED,952c6127-4e05-40ee-b6ba-a206872090e2,bd13bca5-3702-4741-9c7c-f6017797a112,c4,DROP,1439,p1,?,
1769501193.504444,RECEIVED,f03f2929-3811-4808-9151-da528fd9f8e0,a5628fac-debe-42b1-b056-15659a5f1a73,c5,DROP,441,x10,?,
1769501193.5927763,RECEIVED,a3cd04ef-4148-4070-b842-975629d7a47a,a4f06b71-921d-422f-96f8-6620c09d17f4,c3,c4,2447,p3,?,
1769501193.6434526,SENT,6ff36913-9396-4dbf-bc8b-689eb734f8f8,085dd865-1529-49cf-9cff-88752ea7c5ee,c3,None,1608,?,i1,
1769501193.643492,FORWARDED,6ff36913-9396-4dbf-bc8b-689eb734f8f8,085dd865-1529-49cf-9cff-88752ea7c5ee,c3,None,1608,?,i1,
1769501193.8436193,SENT,952c6127-4e05-40ee-b6ba-a206872090e2,bd13bca5-3702-4741-9c7c-f6017797a112,c4,DROP,1006,?,i2,
1769501193.8436599,FORWARDED,952c6127-4e05-40ee-b6ba-a206872090e2,bd13bca5-3702-4741-9c7c-f6017797a112,c4,DROP,1006,?,i2,
1769501193.8937001,RECEIVED,de281a1c-e7fd-4cf0-9b14-e1d1747658ff,8ef5a6d7-3ede-4a62-aa43-1635c67ca12d,c4,c3,2464,p1,?,
1769501193.906447,RECEIVED,b4a88448-baaf-46d7-8b3d-c57fd32b26a7,ef15dab2-aa89-4fed-8a46-80c724a6c796,c2,DROP,1456,p2,?,
1769501193.9291573,RECEIVED,1e6628af-04c4-4142-8b41-889c035100b8,657bae89-f330-42a4-b5cd-c45596af4333,c2,DROP,1440,p2,?,
1769501194.0044048,RECEIVED,1e98d7e5-9bf1-490c-82f6-4dd6bd4b9664,33ee87fb-6e0b-4d3f-abbc-a26136491bd4,c3,DROP,1439,p3,?,
1769501194.0070832,SENT,b4a88448-baaf-46d7-8b3d-c57fd32b26a7,ef15dab2-aa89-4fed-8a46-80c724a6c796,c2,DROP,1020,?,i4,
1769501194.007124,FORWARDED,b4a88448-baaf-46d7-8b3d-c57fd32b26a7,ef15dab2-aa89-4fed-8a46-80c724a6c796,c2,DROP,1020,?,i4,
1769501194.0267897,RECEIVED,2062f29d-3109-4295-87ac-35a6f327251d,d5b1ea27-ea46-4a11-830f-d473c29a362b,c3,c4,2458,p3,?,
1769501194.0987372,SENT,de281a1c-e7fd-4cf0-9b14-e1d1747658ff,8ef5a6d7-3ede-4a62-aa43-1635c67ca12d,c4,c3,1775,?,i12,
1769501194.0987768,FORWARDED,de281a1c-e7fd-4cf0-9b14-e1d1747658ff,8ef5a6d7-3ede-4a62-aa43-1635c67ca12d,c4,c3,1775,?,i12,
1769501194.1343524,RECEIVED,1b6a01d8-1fef-4252-8c3b-2d63b69f2d68,a2a2eb4c-53f4-4621-9284-ca40ab6c5b1e,c5,DROP,442,x1,?,
1769501194.1452081,RECEIVED,d845b6e2-1528-4af7-9bd5-fb407db7724f,955522de-65f0-4b38-9b68-6f357b06f5a0,c4,DROP,1452,p1,?,
1769501194.1899421,SENT,93484ada-3b71-4c66-975e-792056097323,6082e0f8-d0c6-49e5-bf36-f5a0f60c3f1b,c2,DROP,1015,?,i1,
1769501194.1899855,FORWARDED,93484ada-3b71-4c66-975e-792056097323,6082e0f8-d0c6-49e5-bf36-f5a0f60c3f1b,c2,DROP,1015,?,i1,
1769501194.2046366,SENT,d845b6e2-1528-4af7-9bd5-fb407db7724f,955522de-65f0-4b38-9b68-6f357b06f5a0,c4,DROP,1015,?,i4,
1769501194.2046769,FORWARDED,d845b6e2-1528-4af7-9bd5-fb407db7724f,955522de-65f0-4b38-9b68-6f357b06f5a0,c4,DROP,1015,?,i4,
1769501194.210876,RECEIVED,761d7f59-f874-4579-bed4-0b57b6f4bf2f,66abba9a-3b5a-4daf-8c8d-d55da666220c,c1,None,2240,p1,?,
1769501194.3063214,SENT,1e98d7e5-9bf1-490c-82f6-4dd6bd4b9664,33ee87fb-6e0b-4d3f-abbc-a26136491bd4,c3,DROP,1008,?,i5,
1769501194.3063633,FORWARDED,1e98d7e5-9bf1-490c-82f6-4dd6bd4b9664,33ee87fb-6e0b-4d3f-abbc-a26136491bd4,c3,DROP,1008,?,i5,
1769501194.345922,RECEIVED,3a3099ad-befb-4753-9c04-eecbc8f6219d,d3d1ab2a-2ca7-4747-b1df-4836675b435d,c5,DROP,1447,p2,?,
1769501194.3792276,SENT,761d7f59-f874-4579-bed4-0b57b6f4bf2f,66abba9a-3b5a-4daf-8c8d-d55da666220c,c1,None,1607,?,i7,
1769501194.3792713,FORWARDED,761d7f59-f874-4579-bed4-0b57b6f4bf2f,66abba9a-3b5a-4daf-8c8d-d55da666220c,c1,None,1607,?,i7,
1769501194.3945487,RECEIVED,0df3004c-9a81-4f45-95b5-7e34211b1e1b,87577769-b569-4531-ae80-91d7ebd31b9c,c2,DROP,1439,p2,?,
1769501194.4262364,RECEIVED,768a8978-d56b-4503-b0d0-bdc94e0ce74e,c0cdd5e7-7c95-4778-867c-85c7c5a75624,c4,None,2223,p1,?,
1769501194.525752,RECEIVED,3fc680ea-254b-4710-a6e8-70ead0338be7,33a68101-a6a9-492d-9d45-557d27d1d7d2,c5,DROP,446,x11,?,
1769501194.6902354,RECEIVED,237d05ef-c75a-48ff-b975-1098b24225c4,53e909db-1ce5-469c-8472-433aeac849e9,c3,DROP,1441,p3,?,
1769501194.751362,SENT,a3cd04ef-4148-4070-b842-975629d7a47a,a4f06b71-921d-422f-96f8-6620c09d17f4,c3,c4,1764,?,i8,
1769501194.751414,FORWARDED,a3cd04ef-4148-4070-b842-975629d7a47a,a4f06b71-921d-422f-96f8-6620c09d17f4,c3,c4,1764,?,i8,
1769501194.752927,RECEIVED,33ec9ee3-296f-4c11-b772-1437ccd486b2,45aaf38a-5822-4a2c-a94e-69028a346607,c3,DROP,1452,p3,?,
1769501194.7655287,SENT,237d05ef-c75a-48ff-b975-1098b24225c4,53e909db-1ce5-469c-8472-433aeac849e9,c3,DROP,1007,?,i2,
1769501194.7655742,FORWARDED,237d05ef-c75a-48ff-b975-1098b24225c4,53e909db-1ce5-469c-8472-433aeac849e9,c3,DROP,1007,?,i2,
1769501194.8126996,SENT,1e6628af-04c4-4142-8b41-889c035100b8,657bae89-f330-42a4-b5cd-c45596af4333,c2,DROP,1007,?,i11,
1769501194.812742,FORWARDED,1e6628af-04c4-4142-8b41-889c035100b8,657bae89-f330-42a4-b5cd-c45596af4333,c2,DROP,1007,?,i11,
1769501194.874827,RECEIVED,2cdba887-5a5f-4a8f-82e9-90fda08eca1e,8645b6a1-dfe7-4396-b687-b29e47188995,c5,DROP,1439,p2,?,
1769501194.8804083,SENT,3a3099ad-befb-4753-9c04-eecbc8f6219d,d3d1ab2a-2ca7-4747-b1df-4836675b435d,c5,DROP,1012,?,i7,
1769501194.8804507,FORWARDED,3a3099ad-befb-4753-9c04-eecbc8f6219d,d3d1ab2a-2ca7-4747-b1df-4836675b435d,c5,DROP,1012,?,i7,
1769501194.9120817,RECEIVED,c6c071a1-5a44-4e66-b626-af5a07a93f3f,618eefb9-a0ea-45c5-9cf7-8656ca1d5e5a,c5,DROP,1450,p2,?,
1769501195.134411,SENT,2cdba887-5a5f-4a8f-82e9-90fda08eca1e,8645b6a1-dfe7-4396-b687-b29e47188995,c5,DROP,1007,?,i4,
1769501195.1344523,FORWARDED,2cdba887-5a5f-4a8f-82e9-90fda08eca1e,8645b6a1-dfe7-4396-b687-b29e47188995,c5,DROP,1007,?,i4,
1769501195.1516047,SENT,33ec9ee3-296f-4c11-b772-1437ccd486b2,45aaf38a-5822-4a2c-a94e-69028a346607,c3,DROP,1015,?,i10,
1769501195.151648,FORWARDED,33ec9ee3-296f-4c11-b772-1437ccd486b2,45aaf38a-5822-4a2c-a94e-69028a346607,c3,DROP,1015,?,i10,
1769501195.2341447,RECEIVED,e98d98b4-44e2-4166-9c37-1a4e2e6e09f5,08d1b96c-0d7a-4ee0-b68a-5c3acb6e18c2,c1,DROP,1451,p1,?,
1769501195.3367815,RECEIVED,e0d0618f-5e98-4456-95ea-17408f07e7a2,7c6d99f1-12a2-43f1-91e2-bbd053e753ad,c5,c2,2444,p2,?,
1769501195.3513863,RECEIVED,187e2cce-8aec-44ed-b8c4-6ecd82ef1899,b952050f-e0ae-4176-bdaa-40673f1418e3,c4,DROP,1447,p1,?,
1769501195.3649733,RECEIVED,3be52cb4-cbd9-4ac3-9381-02fc49bf8467,7f9c71e0-1c7a-4e05-b5f0-98249d3af0b3,c5,None,2242,p2,?,
1769501195.370514,RECEIVED,675facf3-6cd2-4c80-9a07-5e0c23175541,e3fe41c8-f756-4998-9d2d-eea2a7a67bc0,c4,DROP,1443,p1,?,
1769501195.410971,SENT,3be52cb4-cbd9-4ac3-9381-02fc49bf8467,7f9c71e0-1c7a-4e05-b5f0-98249d3af0b3,c5,None,1607,?,i11,
1769501195.4110146,FORWARDED,3be52cb4-cbd9-4ac3-9381-02fc49bf8467,7f9c71e0-1c7a-4e05-b5f0-98249d3af0b3,c5,None,1607,?,i11,
1769501195.4149315,SENT,768a8978-d56b-4503-b0d0-bdc94e0ce74e,c0cdd5e7-7c95-4778-867c-85c7c5a75624,c4,None,1595,?,i3,
1769501195.414977,FORWARDED,768a8978-d56b-4503-b0d0-bdc94e0ce74e,c0cdd5e7-7c95-4778-867c-85c7c5a75624,c4,None,1595,?,i3,
1769501195.663193,SENT,2062f29d-3109-4295-87ac-35a6f327251d,d5b1ea27-ea46-4a11-830f-d473c29a362b,c3,c4,1771,?,i7,
1769501195.6632342,FORWARDED,2062f29d-3109-4295-87ac-35a6f327251d,d5b1ea27-ea46-4a11-830f-d473c29a362b,c3,c4,1771,?,i7,
1769501195.6822164,SENT,c6c071a1-5a44-4e66-b626-af5a07a93f3f,618eefb9-a0ea-45c5-9cf7-8656ca1d5e5a,c5,DROP,1016,?,i7,
1769501195.6822603,FORWARDED,c6c071a1-5a44-4e66-b626-af5a07a93f3f,618eefb9-a0ea-45c5-9cf7-8656ca1d5e5a,c5,DROP,1016,?,i7,
1769501195.7446556,RECEIVED,38ecb773-2948-46cb-9f44-831c5db7a133,aecea2a4-c4b5-44cb-97a0-bacf6a9a36aa,c5,DROP,1453,p2,?,
1769501195.7639117,SENT,e0d0618f-5e98-4456-95ea-17408f07e7a2,7c6d99f1-12a2-43f1-91e2-bbd053e753ad,c5,c2,1760,?,i5,
1769501195.763949,FORWARDED,e0d0618f-5e98-4456-95ea-17408f07e7a2,7c6d99f1-12a2-43f1-91e2-bbd053e753ad,c5,c2,1760,?,i5,
1769501195.7938826,SENT,38ecb773-2948-46cb-9f44-831c5db7a133,aecea2a4-c4b5-44cb-97a0-bacf6a9a36aa,c5,DROP,1015,?,i11,
1769501195.793922,FORWARDED,38ecb773-2948-46cb-9f44-831c5db7a133,aecea2a4-c4b5-44cb-97a0-bacf6a9a36aa,c5,DROP,1015,?,i11,
1769501195.807459,RECEIVED,cf441df7-153c-4cfe-8333-6a34b8af3bac,46502cda-e178-40d1-bc96-d0228189801c,c1,DROP,1444,p1,?,
1769501195.904243,SENT,e98d98b4-44e2-4166-9c37-1a4e2e6e09f5,08d1b96c-0d7a-4ee0-b68a-5c3acb6e18c2,c1,DROP,1015,?,i4,
1769501195.9042926,FORWARDED,e98d98b4-44e2-4166-9c37-1a4e2e6e09f5,08d1b96c-0d7a-4ee0-b68a-5c3acb6e18c2,c1,DROP,1015,?,i4,
1769501195.974089,SENT,0df3004c-9a81-4f45-95b5-7e34211b1e1b,87577769-b569-4531-ae80-91d7ebd31b9c,c2,DROP,1008,?,i6,
1769501195.9741318,FORWARDED,0df3004c-9a81-4f45-95b5-7e34211b1e1b,87577769-b569-4531-ae80-91d7ebd31b9c,c2,DROP,1008,?,i6,
1769501196.0857708,RECEIVED,42ef4756-7517-408c-b201-49857560cc44,f828a707-ec72-42ec-9f36-4b10dbff6c28,c2,None,2224,p2,?,
1769501196.2031646,SENT,675facf3-6cd2-4c80-9a07-5e0c23175541,e3fe41c8-f756-4998-9d2d-eea2a7a67bc0,c4,DROP,1011,?,i1,
1769501196.2032022,FORWARDED,675facf3-6cd2-4c80-9a07-5e0c23175541,e3fe41c8-f756-4998-9d2d-eea2a7a67bc0,c4,DROP,1011,?,i1,
1769501196.343034,RECEIVED,e7b70e3b-f68a-4baa-9048-97dded6b9586,314da39a-4d82-4f20-9e5e-4b4ea6a6b17e,c2,DROP,1443,p2,?,
1769501196.3760142,RECEIVED,71939352-2349-4541-8119-791eab1ded6e,f67f504a-bcab-4c0d-8358-8b2cc6f3f229,c3,DROP,1440,p3,?,
1769501196.429303,SENT,71939352-2349-4541-8119-791eab1ded6e,f67f504a-bcab-4c0d-8358-8b2cc6f3f229,c3,DROP,1008,?,i3,
1769501196.4293468,FORWARDED,71939352-2349-4541-8119-791eab1ded6e,f67f504a-bcab-4c0d-8358-8b2cc6f3f229,c3,DROP,1008,?,i3,
1769501196.466649,RECEIVED,405bb34d-9a3b-4d3d-a5c4-ebb5f6d3de19,feab054d-a562-4f9f-bb9b-c370c217008f,c1,DROP,1440,p1,?,
1769501196.5721426,SENT,405bb34d-9a3b-4d3d-a5c4-ebb5f6d3de19,feab054d-a562-4f9f-bb9b-c370c217008f,c1,DROP,1008,?,i3,
1769501196.5721858,FORWARDED,405bb34d-9a3b-4d3d-a5c4-ebb5f6d3de19,feab054d-a562-4f9f-bb9b-c370c217008f,c1,DROP,1008,?,i3,
1769501196.59091,SENT,187e2cce-8aec-44ed-b8c4-6ecd82ef1899,b952050f-e0ae-4176-bdaa-40673f1418e3,c4,DROP,1013,?,i4,
1769501196.5909457,FORWARDED,187e2cce-8aec-44ed-b8c4-6ecd82ef1899,b952050f-e0ae-4176-bdaa-40673f1418e3,c4,DROP,1013,?,i4,
1769501196.647439,RECEIVED,895383b8-c3ff-4ed2-b5b8-5bf7761a4745,6cfe7ff2-f84a-475c-b4a1-a7d40698d7d4,c3,None,2233,p3,?,
1769501196.7509832,SENT,895383b8-c3ff-4ed2-b5b8-5bf7761a4745,6cfe7ff2-f84a-475c-b4a1-a7d40698d7d4,c3,None,1602,?,i10,
1769501196.7510262,FORWARDED,895383b8-c3ff-4ed2-b5b8-5bf7761a4745,6cfe7ff2-f84a-475c-b4a1-a7d40698d7d4,c3,None,1602,?,i10,
1769501196.8805075,SENT,cf441df7-153c-4cfe-8333-6a34b8af3bac,46502cda-e178-40d1-bc96-d0228189801c,c1,DROP,1010,?,i12,
1769501196.8805501,FORWARDED,cf441df7-153c-4cfe-8333-6a34b8af3bac,46502cda-e178-40d1-bc96-d0228189801c,c1,DROP,1010,?,i12,
1769501196.9045594,RECEIVED,045ec840-a4e8-4309-b9d1-dd97bcf6d0b0,90a44ca9-ab09-44fb-8e25-a8a8662d4827,c4,None,2235,p1,?,
1769501196.9082727,SENT,e7b70e3b-f68a-4baa-9048-97dded6b9586,314da39a-4d82-4f20-9e5e-4b4ea6a6b17e,c2,DROP,1009,?,i9,
1769501196.908316,FORWARDED,e7b70e3b-f68a-4baa-9048-97dded6b9586,314da39a-4d82-4f20-9e5e-4b4ea6a6b17e,c2,DROP,1009,?,i9,
1769501196.9763877,SENT,42ef4756-7517-408c-b201-49857560cc44,f828a707-ec72-42ec-9f36-4b10dbff6c28,c2,None,1596,?,i10,
1769501196.97643,FORWARDED,42ef4756-7517-408c-b201-49857560cc44,f828a707-ec72-42ec-9f36-4b10dbff6c28,c2,None,1596,?,i10,
1769501197.0542629,RECEIVED,65f0e252-f456-4744-818b-dfa01d2102b2,7a0b7c95-57d3-45c1-8b3d-ad44b42f8ccf,c1,None,2242,p1,?,
1769501197.0784981,SENT,65f0e252-f456-4744-818b-dfa01d2102b2,7a0b7c95-57d3-45c1-8b3d-ad44b42f8ccf,c1,None,1608,?,i7,
1769501197.078542,FORWARDED,65f0e252-f456-4744-818b-dfa01d2102b2,7a0b7c95-57d3-45c1-8b3d-ad44b42f8ccf,c1,None,1608,?,i7,
1769501197.1671207,SENT,045ec840-a4e8-4309-b9d1-dd97bcf6d0b0,90a44ca9-ab09-44fb-8e25-a8a8662d4827,c4,None,1604,?,i9,
1769501197.167163,FORWARDED,045ec840-a4e8-4309-b9d1-dd97bcf6d0b0,90a44ca9-ab09-44fb-8e25-a8a8662d4827,c4,None,1604,?,i9,
1769501197.1994348,RECEIVED,969c80b8-24b0-4711-b79a-c4ec05cc9f06,506c10a7-e49d-42a3-b367-3fde52f5264c,c1,DROP,1448,p1,?,
1769501197.2348132,RECEIVED,73590726-1727-46d9-b846-df24b1caf9aa,64e0d389-8b43-4e24-b20c-e8c8f0a67ceb,c1,c5,2444,p1,?,
1769501197.2814121,RECEIVED,7dbce3a0-a88b-4d10-abcc-bd6146adf832,1db7166d-e889-4cfb-95a6-34aa69fa1755,c1,DROP,1439,p1,?,
1769501197.34299,RECEIVED,49c68e11-7f92-4a32-8551-9034bd9f8cc4,8661ccb6-cb68-40e5-815a-c777c77a5e52,c5,DROP,1451,p2,?,
1769501197.5802243,RECEIVED,b90527a6-1ed2-49bf-afd1-cc8937ccd393,670f0334-f713-4377-991d-66a3426ef620,c5,DROP,1439,p2,?,
1769501197.6134698,RECEIVED,f5cb0097-3afa-4f8c-959e-b66bef86807b,1f3b67e1-2cd2-489b-a20a-557ddf2b06a8,c2,DROP,1440,p2,?,
1769501197.6381688,SENT,969c80b8-24b0-4711-b79a-c4ec05cc9f06,506c10a7-e49d-42a3-b367-3fde52f5264c,c1,DROP,1012,?,i1,
1769501197.6382136,FORWARDED,969c80b8-24b0-4711-b79a-c4ec05cc9f06,506c10a7-e49d-42a3-b367-3fde52f5264c,c1,DROP,1012,?,i1,
1769501197.6565843,SENT,73590726-1727-46d9-b846-df24b1caf9aa,64e0d389-8b43-4e24-b20c-e8c8f0a67ceb,c1,c5,1760,?,i1,
1769501197.6566274,FORWARDED,73590726-1727-46d9-b846-df24b1caf9aa,64e0d389-8b43-4e24-b20c-e8c8f0a67ceb,c1,c5,1760,?,i1,
1769501197.6654632,SENT,f5cb0097-3afa-4f8c-959e-b66bef86807b,1f3b67e1-2cd2-489b-a20a-557ddf2b06a8,c2,DROP,1007,?,i5,
1769501197.6655018,FORWARDED,f5cb0097-3afa-4f8c-959e-b66bef86807b,1f3b67e1-2cd2-489b-a20a-557ddf2b06a8,c2,DROP,1007,?,i5,
1769501197.7341812,SENT,49c68e11-7f92-4a32-8551-9034bd9f8cc4,8661ccb6-cb68-40e5-815a-c777c77a5e52,c5,DROP,1015,?,i7,
1769501197.7342188,FORWARDED,49c68e11-7f92-4a32-8551-9034bd9f8cc4,8661ccb6-cb68-40e5-815a-c777c77a5e52,c5,DROP,1015,?,i7,
1769501197.7744668,SENT,7dbce3a0-a88b-4d10-abcc-bd6146adf832,1db7166d-e889-4cfb-95a6-34aa69fa1755,c1,DROP,1007,?,i8,
1769501197.7745078,FORWARDED,7dbce3a0-a88b-4d10-abcc-bd6146adf832,1db7166d-e889-4cfb-95a6-34aa69fa1755,c1,DROP,1007,?,i8,
1769501198.2579885,RECEIVED,b145326f-13b1-49c1-85dd-41dd0fc6112d,8dbac929-25bc-47d4-8a59-039c15b0d8b1,c4,DROP,1451,p1,?,
1769501198.4324906,SENT,b145326f-13b1-49c1-85dd-41dd0fc6112d,8dbac929-25bc-47d4-8a59-039c15b0d8b1,c4,DROP,1015,?,i6,
1769501198.4325297,FORWARDED,b145326f-13b1-49c1-85dd-41dd0fc6112d,8dbac929-25bc-47d4-8a59-039c15b0d8b1,c4,DROP,1015,?,i6,
1769501198.4554133,SENT,b90527a6-1ed2-49bf-afd1-cc8937ccd393,670f0334-f713-4377-991d-66a3426ef620,c5,DROP,1007,?,i5,
1769501198.455456,FORWARDED,b90527a6-1ed2-49bf-afd1-cc8937ccd393,670f0334-f713-4377-991d-66a3426ef620,c5,DROP,1007,?,i5,
1769501198.5377812,RECEIVED,fcb133dc-406e-4061-b315-1b0713fe5e22,9627e469-6866-4484-b9d2-14fb3017283d,c4,None,2218,p1,?,
1769501198.5465124,RECEIVED,fd639a7d-34ce-47f1-9e17-6a526d8c5770,b9a6ec7d-bce5-467a-8d34-fa1a87c8c89b,c5,DROP,1439,p2,?,
1769501198.5623431,RECEIVED,c0f61d88-780e-4de3-a5b8-2ae242cbf3f9,3eff46a9-6c82-47bd-9b7d-2c1e88a6bdbd,c5,DROP,1439,p2,?,
1769501198.5690205,RECEIVED,c69d74e8-182e-4e33-8b02-b982b885d762,acb8432b-5c50-4fdc-b900-5726762d7ae3,c3,DROP,441,x9,?,
1769501198.7366376,RECEIVED,7ded1d1e-0a38-4fc5-8a56-2b999cfe277f,03c28c63-da7f-43b0-998d-b8b4fa08896e,c1,c5,2448,p1,?,
1769501198.8156235,SENT,fd639a7d-34ce-47f1-9e17-6a526d8c5770,b9a6ec7d-bce5-467a-8d34-fa1a87c8c89b,c5,DROP,1007,?,i3,
1769501198.8156729,FORWARDED,fd639a7d-34ce-47f1-9e17-6a526d8c5770,b9a6ec7d-bce5-467a-8d34-fa1a87c8c89b,c5,DROP,1007,?,i3,
1769501198.8915634,SENT,7ded1d1e-0a38-4fc5-8a56-2b999cfe277f,03c28c63-da7f-43b0-998d-b8b4fa08896e,c1,c5,1764,?,i6,
1769501198.8916073,FORWARDED,7ded1d1e-0a38-4fc5-8a56-2b999cfe277f,03c28c63-da7f-43b0-998d-b8b4fa08896e,c1,c5,1764,?,i6,
1769501198.9593234,RECEIVED,3e04f4db-ee69-4407-b777-cd31ae5b268b,50f00de8-c50d-41d2-8e89-dd420a1e904b,c5,DROP,1447,p2,?,
1769501199.0130973,RECEIVED,b95bfa9d-a55a-4bb5-badd-51e7d44aff5b,57fece92-ecac-4e02-bf63-0167433d8dcc,c5,DROP,441,x12,?,
1769501199.0358195,RECEIVED,69823877-45c7-4a92-be90-7967133e49aa,a8079540-7e2b-4b24-a71a-e995d8fd56e2,c3,DROP,1456,p3,?,
1769501199.4662008,RECEIVED,225940e2-fd54-42b4-aba3-7388a6691a46,552cf495-76db-4f5f-9ca2-595d0ebecd04,c1,None,2235,p1,?,
1769501199.4863894,SENT,c0f61d88-780e-4de3-a5b8-2ae242cbf3f9,3eff46a9-6c82-47bd-9b7d-2c1e88a6bdbd,c5,DROP,1007,?,i7,
1769501199.4864337,FORWARDED,c0f61d88-780e-4de3-a5b8-2ae242cbf3f9,3eff46a9-6c82-47bd-9b7d-2c1e88a6bdbd,c5,DROP,1007,?,i7,
1769501199.6560938,SENT,3e04f4db-ee69-4407-b777-cd31ae5b268b,50f00de8-c50d-41d2-8e89-dd420a1e904b,c5,DROP,1014,?,i3,
1769501199.6561394,FORWARDED,3e04f4db-ee69-4407-b777-cd31ae5b268b,50f00de8-c50d-41d2-8e89-dd420a1e904b,c5,DROP,1014,?,i3,
1769501199.6837263,RECEIVED,9950166a-506f-4c4f-934a-283d24ca2fec,fd695fff-0cec-4bfb-a83c-235957572bc7,c5,DROP,1452,p2,?,
1769501199.698927,SENT,225940e2-fd54-42b4-aba3-7388a6691a46,552cf495-76db-4f5f-9ca2-595d0ebecd04,c1,None,1603,?,i5,
1769501199.69897,FORWARDED,225940e2-fd54-42b4-aba3-7388a6691a46,552cf495-76db-4f5f-9ca2-595d0ebecd04,c1,None,1603,?,i5,
1769501199.8569202,SENT,fcb133dc-406e-4061-b315-1b0713fe5e22,9627e469-6866-4484-b9d2-14fb3017283d,c4,None,1591,?,i5,
1769501199.856965,FORWARDED,fcb133dc-406e-4061-b315-1b0713fe5e22,9627e469-6866-4484-b9d2-14fb3017283d,c4,None,1591,?,i5,
1769501200.0495877,RECEIVED,392d3acd-9a70-4c7c-af4c-a3291e830848,1d17674c-1938-4db6-81c5-cb78a81199a2,c5,DROP,447,x10,?,
1769501200.078447,RECEIVED,f6e44b63-66a8-4980-8f6e-4246ae6ecff6,71e2a612-0758-4336-8840-7557a822e8c1,c5,c2,2459,p2,?,
1769501200.1125672,RECEIVED,88da151b-b580-4501-8658-205e307e35d6,e81eead9-abda-4e7c-b976-7b1cd47f999d,c1,c5,2463,p1,?,
1769501200.1230419,RECEIVED,8f0ad2a8-e864-4603-8f25-eacf48c9a622,acaf4663-87df-425b-82a4-3fd88e6e6046,c4,None,2236,p1,?,
1769501200.1401947,RECEIVED,493e5a54-8887-40db-b083-b1158b9e3053,56c5c9fd-934f-411c-90e4-b3f6ef71ac0a,c1,c5,2463,p1,?,
1769501200.1480858,RECEIVED,74796ff4-835a-4287-a21f-42415fdb0fdd,351f3b1f-8273-44dd-a218-fc0c5856bb20,c4,c3,2470,p1,?,
1769501200.2206223,RECEIVED,0da8b1b8-280c-4326-baac-4ac6b47c4409,254fc3d3-6c2d-4f02-acad-7431f6c7b466,c5,DROP,1447,p2,?,
1769501200.2647119,SENT,8f0ad2a8-e864-4603-8f25-eacf48c9a622,acaf4663-87df-425b-82a4-3fd88e6e6046,c4,None,1604,?,i7,
1769501200.2647557,FORWARDED,8f0ad2a8-e864-4603-8f25-eacf48c9a622,acaf4663-87df-425b-82a4-3fd88e6e6046,c4,None,1604,?,i7,
1769501200.2671833,RECEIVED,362eb4c3-e158-46c3-a307-a58e4d2963d3,33fbdb5c-3da4-401b-81a2-e1f9c9d2bf2b,c2,None,2236,p2,?,
1769501200.3342557,RECEIVED,58eabaca-3095-4d64-8620-585d8d8a69f6,ceb11ad3-2ba9-429a-a0f2-be4db98e9d23,c3,DROP,1443,p3,?,
1769501200.362806,SENT,69823877-45c7-4a92-be90-7967133e49aa,a8079540-7e2b-4b24-a71a-e995d8fd56e2,c3,DROP,1018,?,i11,
1769501200.3628438,FORWARDED,69823877-45c7-4a92-be90-7967133e49aa,a8079540-7e2b-4b24-a71a-e995d8fd56e2,c3,DROP,1018,?,i11,
1769501200.4095068,SENT,9950166a-506f-4c4f-934a-283d24ca2fec,fd695fff-0cec-4bfb-a83c-235957572bc7,c5,DROP,1016,?,i12,
1769501200.409551,FORWARDED,9950166a-506f-4c4f-934a-283d24ca2fec,fd695fff-0cec-4bfb-a83c-235957572bc7,c5,DROP,1016,?,i12,
1769501200.4298441,SENT,f6e44b63-66a8-4980-8f6e-4246ae6ecff6,71e2a612-0758-4336-8840-7557a822e8c1,c5,c2,1773,?,i1,
1769501200.4298868,FORWARDED,f6e44b63-66a8-4980-8f6e-4246ae6ecff6,71e2a612-0758-4336-8840-7557a822e8c1,c5,c2,1773,?,i1,
1769501200.4635868,SENT,362eb4c3-e158-46c3-a307-a58e4d2963d3,33fbdb5c-3da4-401b-81a2-e1f9c9d2bf2b,c2,None,1604,?,i7,
1769501200.463628,FORWARDED,362eb4c3-e158-46c3-a307-a58e4d2963d3,33fbdb5c-3da4-401b-81a2-e1f9c9d2bf2b,c2,None,1604,?,i7,
1769501200.4793055,RECEIVED,91df698c-cc81-4cd2-aa72-fa60952466a4,3d63a545-3dc7-4a28-ba1b-7b866530cba1,c5,DROP,1439,p2,?,
1769501200.6658058,SENT,493e5a54-8887-40db-b083-b1158b9e3053,56c5c9fd-934f-411c-90e4-b3f6ef71ac0a,c1,c5,1776,?,i10,
1769501200.6659372,FORWARDED,493e5a54-8887-40db-b083-b1158b9e3053,56c5c9fd-934f-411c-90e4-b3f6ef71ac0a,c1,c5,1776,?,i10,
1769501200.675029,RECEIVED,2bbcdd58-77e6-41f9-8320-91946f50b263,2ffc4a9d-fbd8-4a63-b100-fad2f295e303,c2,DROP,1446,p2,?,
1769501200.6843417,SENT,74796ff4-835a-4287-a21f-42415fdb0fdd,351f3b1f-8273-44dd-a218-fc0c5856bb20,c4,c3,1780,?,i4,
1769501200.6843846,FORWARDED,74796ff4-835a-4287-a21f-42415fdb0fdd,351f3b1f-8273-44dd-a218-fc0c5856bb20,c4,c3,1780,?,i4,
1769501200.734446,RECEIVED,6d0abb7f-06df-4dd3-880a-0b60826c60f2,9b472e88-7b87-4327-b362-d954e803fea4,c5,DROP,1443,p2,?,
1769501200.753387,RECEIVED,07ae9449-1e4b-47f0-8fa6-b8369518db24,6e34b4bb-0222-436e-a4af-20b1ce3349d2,c4,DROP,1452,p1,?,
1769501200.7802038,SENT,91df698c-cc81-4cd2-aa72-fa60952466a4,3d63a545-3dc7-4a28-ba1b-7b866530cba1,c5,DROP,1008,?,i7,
1769501200.7802489,FORWARDED,91df698c-cc81-4cd2-aa72-fa60952466a4,3d63a545-3dc7-4a28-ba1b-7b866530cba1,c5,DROP,1008,?,i7,
1769501200.846577,RECEIVED,981bee96-04bb-424b-9d71-f339ba542136,e5ed724c-a950-4759-b43c-a8c67ceebb07,c3,DROP,1440,p3,?,
1769501200.9111564,RECEIVED,184d3e49-eaa1-491d-b3c9-32b3ac3f4293,b56f9e1d-d7d8-4fd9-bd11-e830a4e5d1bb,c2,DROP,1443,p2,?,
1769501200.9454272,RECEIVED,84079176-f5bf-4435-a5e8-ba60bd5d1121,7b1e029a-6cee-4068-9fd4-f05dbbfa9551,c3,DROP,441,x11,?,
1769501200.9902017,SENT,0da8b1b8-280c-4326-baac-4ac6b47c4409,254fc3d3-6c2d-4f02-acad-7431f6c7b466,c5,DROP,1012,?,i3,
1769501200.9902403,FORWARDED,0da8b1b8-280c-4326-baac-4ac6b47c4409,254fc3d3-6c2d-4f02-acad-7431f6c7b466,c5,DROP,1012,?,i3,
1769501201.0035787,SENT,981bee96-04bb-424b-9d71-f339ba542136,e5ed724c-a950-4759-b43c-a8c67ceebb07,c3,DROP,1008,?,i8,
1769501201.0036197,FORWARDED,981bee96-04bb-424b-9d71-f339ba542136,e5ed724c-a950-4759-b43c-a8c67ceebb07,c3,DROP,1008,?,i8,
1769501201.0670953,RECEIVED,75c0f0aa-107b-47fa-ae2c-c670dcf80a7f,0b310a4f-f8f5-4f35-b86b-d1dea4e3863d,c5,None,2224,p2,?,
1769501201.0885227,SENT,07ae9449-1e4b-47f0-8fa6-b8369518db24,6e34b4bb-0222-436e-a4af-20b1ce3349d2,c4,DROP,1016,?,i11,
1769501201.0885665,FORWARDED,07ae9449-1e4b-47f0-8fa6-b8369518db24,6e34b4bb-0222-436e-a4af-20b1ce3349d2,c4,DROP,1016,?,i11,
1769501201.1512895,RECEIVED,46f24fda-ade9-475a-a2e8-ab81dfd2d046,9a170ecf-1456-4019-9b9c-5f4057fb8e15,c1,None,2231,p1,?,
1769501201.2438943,RECEIVED,e9516dbf-fa88-4733-a529-c15d47d0066f,1864e56f-9ca7-45a9-915f-91cf75baa685,c5,DROP,1440,p2,?,
1769501201.3810356,SENT,75c0f0aa-107b-47fa-ae2c-c670dcf80a7f,0b310a4f-f8f5-4f35-b86b-d1dea4e3863d,c5,None,1595,?,i4,
1769501201.3810995,FORWARDED,75c0f0aa-107b-47fa-ae2c-c670dcf80a7f,0b310a4f-f8f5-4f35-b86b-d1dea4e3863d,c5,None,1595,?,i4,
1769501201.4429579,SENT,88da151b-b580-4501-8658-205e307e35d6,e81eead9-abda-4e7c-b976-7b1cd47f999d,c1,c5,1776,?,i3,
1769501201.442999,FORWARDED,88da151b-b580-4501-8658-205e307e35d6,e81eead9-abda-4e7c-b976-7b1cd47f999d,c1,c5,1776,?,i3,
1769501201.4819195,RECEIVED,ebd149de-ea55-40e0-9b84-5509eec537cd,1ea42653-33b1-4443-8e28-36546177f096,c1,DROP,1451,p1,?,
1769501201.5683439,SENT,58eabaca-3095-4d64-8620-585d8d8a69f6,ceb11ad3-2ba9-429a-a0f2-be4db98e9d23,c3,DROP,1011,?,i8,
1769501201.5683842,FORWARDED,58eabaca-3095-4d64-8620-585d8d8a69f6,ceb11ad3-2ba9-429a-a0f2-be4db98e9d23,c3,DROP,1011,?,i8,
1769501201.6883395,SENT,46f24fda-ade9-475a-a2e8-ab81dfd2d046,9a170ecf-1456-4019-9b9c-5f4057fb8e15,c1,None,1600,?,i6,
1769501201.6883843,FORWARDED,46f24fda-ade9-475a-a2e8-ab81dfd2d046,9a170ecf-1456-4019-9b9c-5f4057fb8e15,c1,None,1600,?,i6,
1769501201.692587,SENT,6d0abb7f-06df-4dd3-880a-0b60826c60f2,9b472e88-7b87-4327-b362-d954e803fea4,c5,DROP,1009,?,i3,
1769501201.6926212,FORWARDED,6d0abb7f-06df-4dd3-880a-0b60826c60f2,9b472e88-7b87-4327-b362-d954e803fea4,c5,DROP,1009,?,i3,
1769501201.8679736,RECEIVED,81e43710-50b6-40eb-bcd5-2c28749d1036,840abf88-e7f5-461b-8a03-70302f357a98,c3,DROP,1447,p3,?,
1769501201.9544754,RECEIVED,a4567358-d529-4e09-bb90-c1fdd2ec90e6,74303de0-348a-41b9-b014-f43457c84772,c2,DROP,1453,p2,?,
1769501201.9568624,RECEIVED,10807c6d-2dda-4f1c-bcda-6a2299b5105b,45a898f9-8901-40d6-bbe2-69e732308e51,c5,DROP,1440,p2,?,
1769501201.957101,RECEIVED,b478e90f-1280-4555-a1b2-3fc33e4d0ed0,96a2e116-6fed-49f9-9598-51a1a3ebba9d,c4,DROP,1446,p1,?,
1769501201.9699807,SENT,e9516dbf-fa88-4733-a529-c15d47d0066f,1864e56f-9ca7-45a9-915f-91cf75baa685,c5,DROP,1007,?,i11,
1769501201.970021,FORWARDED,e9516dbf-fa88-4733-a529-c15d47d0066f,1864e56f-9ca7-45a9-915f-91cf75baa685,c5,DROP,1007,?,i11,
1769501202.0269644,SENT,81e43710-50b6-40eb-bcd5-2c28749d1036,840abf88-e7f5-461b-8a03-70302f357a98,c3,DROP,1013,?,i7,
1769501202.0270069,FORWARDED,81e43710-50b6-40eb-bcd5-2c28749d1036,840abf88-e7f5-461b-8a03-70302f357a98,c3,DROP,1013,?,i7,
1769501202.0568402,SENT,2bbcdd58-77e6-41f9-8320-91946f50b263,2ffc4a9d-fbd8-4a63-b100-fad2f295e303,c2,DROP,1012,?,i3,
1769501202.0568824,FORWARDED,2bbcdd58-77e6-41f9-8320-91946f50b263,2ffc4a9d-fbd8-4a63-b100-fad2f295e303,c2,DROP,1012,?,i3,
1769501202.12599,SENT,a4567358-d529-4e09-bb90-c1fdd2ec90e6,74303de0-348a-41b9-b014-f43457c84772,c2,DROP,1016,?,i10,
1769501202.126028,FORWARDED,a4567358-d529-4e09-bb90-c1fdd2ec90e6,74303de0-348a-41b9-b014-f43457c84772,c2,DROP,1016,?,i10,
1769501202.1589706,RECEIVED,2b015d8e-1b09-402a-a477-c33a5737fa84,3ed21199-cd66-49d6-84be-218668359161,c4,DROP,1440,p1,?,
1769501202.1593714,SENT,184d3e49-eaa1-491d-b3c9-32b3ac3f4293,b56f9e1d-d7d8-4fd9-bd11-e830a4e5d1bb,c2,DROP,1011,?,i2,
1769501202.159413,FORWARDED,184d3e49-eaa1-491d-b3c9-32b3ac3f4293,b56f9e1d-d7d8-4fd9-bd11-e830a4e5d1bb,c2,DROP,1011,?,i2,
1769501202.2594502,RECEIVED,b655516b-1506-4c3d-bb2c-b26ea8dbac63,8045823d-6b90-4c12-abd7-8753ecb99164,c4,None,2236,p1,?,
1769501202.3177273,SENT,b655516b-1506-4c3d-bb2c-b26ea8dbac63,8045823d-6b90-4c12-abd7-8753ecb99164,c4,None,1603,?,i5,
1769501202.3177705,FORWARDED,b655516b-1506-4c3d-bb2c-b26ea8dbac63,8045823d-6b90-4c12-abd7-8753ecb99164,c4,None,1603,?,i5,
1769501202.6476629,RECEIVED,9497f30b-ba46-4ef6-a7b2-15195fbfa198,8f409c5d-ef3d-41b6-aed5-b956c758eadc,c5,DROP,443,x3,?,
1769501202.6530256,SENT,10807c6d-2dda-4f1c-bcda-6a2299b5105b,45a898f9-8901-40d6-bbe2-69e732308e51,c5,DROP,1008,?,i12,
1769501202.6530793,FORWARDED,10807c6d-2dda-4f1c-bcda-6a2299b5105b,45a898f9-8901-40d6-bbe2-69e732308e51,c5,DROP,1008,?,i12,
1769501202.7279742,RECEIVED,2035c0f4-54fe-479d-b537-f217b6e1fa0a,226c8c13-2a6a-4aac-ae7f-6bac02bdc648,c3,DROP,442,x4,?,
1769501202.7789757,RECEIVED,3d5cfd7a-320e-4398-98a9-9b04a81af7d7,91e091da-1ef5-4a10-ab2f-04bb5176a1e6,c2,DROP,1452,p2,?,
1769501202.8682292,RECEIVED,20282bbc-e4d3-47a1-983e-e1c5a9c471e4,2d7dc8b2-f226-4b94-b330-272aac9cb0d6,c1,c5,2465,p1,?,
1769501202.900969,SENT,3d5cfd7a-320e-4398-98a9-9b04a81af7d7,91e091da-1ef5-4a10-ab2f-04bb5176a1e6,c2,DROP,1017,?,i3,
1769501202.9010117,FORWARDED,3d5cfd7a-320e-4398-98a9-9b04a81af7d7,91e091da-1ef5-4a10-ab2f-04bb5176a1e6,c2,DROP,1017,?,i3,
1769501203.0033762,SENT,b478e90f-1280-4555-a1b2-3fc33e4d0ed0,96a2e116-6fed-49f9-9598-51a1a3ebba9d,c4,DROP,1012,?,i9,
1769501203.003411,FORWARDED,b478e90f-1280-4555-a1b2-3fc33e4d0ed0,96a2e116-6fed-49f9-9598-51a1a3ebba9d,c4,DROP,1012,?,i9,
1769501203.0521085,RECEIVED,45535132-193b-463f-ab07-fd36f8ab7c76,7ad6d61c-6d89-45a4-89b4-51875a800e23,c3,DROP,1453,p3,?,
1769501203.1046612,SENT,45535132-193b-463f-ab07-fd36f8ab7c76,7ad6d61c-6d89-45a4-89b4-51875a800e23,c3,DROP,1015,?,i10,
1769501203.1047032,FORWARDED,45535132-193b-463f-ab07-fd36f8ab7c76,7ad6d61c-6d89-45a4-89b4-51875a800e23,c3,DROP,1015,?,i10,
1769501203.137665,SENT,2b015d8e-1b09-402a-a477-c33a5737fa84,3ed21199-cd66-49d6-84be-218668359161,c4,DROP,1008,?,i11,
1769501203.1377037,FORWARDED,2b015d8e-1b09-402a-a477-c33a5737fa84,3ed21199-cd66-49d6-84be-218668359161,c4,DROP,1008,?,i11,
1769501203.152707,SENT,20282bbc-e4d3-47a1-983e-e1c5a9c471e4,2d7dc8b2-f226-4b94-b330-272aac9cb0d6,c1,c5,1775,?,i11,
1769501203.1527479,FORWARDED,20282bbc-e4d3-47a1-983e-e1c5a9c471e4,2d7dc8b2-f226-4b94-b330-272aac9cb0d6,c1,c5,1775,?,i11,
1769501203.1635616,RECEIVED,c99d050a-8ef8-4c2f-a796-50a73642ffa5,610f5ff9-428d-440b-a829-86476df950b8,c3,DROP,1452,p3,?,
1769501203.2142696,SENT,ebd149de-ea55-40e0-9b84-5509eec537cd,1ea42653-33b1-4443-8e28-36546177f096,c1,DROP,1016,?,i3,
1769501203.2143118,FORWARDED,ebd149de-ea55-40e0-9b84-5509eec537cd,1ea42653-33b1-4443-8e28-36546177f096,c1,DROP,1016,?,i3,
1769501203.4214938,RECEIVED,8941883e-dbd7-43e0-bdb0-7f684845db44,47495523-52e6-4494-8455-fad9e2c45a71,c4,DROP,444,x11,?,
1769501203.5465353,SENT,c99d050a-8ef8-4c2f-a796-50a73642ffa5,610f5ff9-428d-440b-a829-86476df950b8,c3,DROP,1015,?,i9,
1769501203.546795,FORWARDED,c99d050a-8ef8-4c2f-a796-50a73642ffa5,610f5ff9-428d-440b-a829-86476df950b8,c3,DROP,1015,?,i9,
1769501203.851074,RECEIVED,23a45723-2c7b-4494-a3ba-89d54d54bac5,c0084adc-e191-400f-b33f-1706661190ac,c2,DROP,1445,p2,?,
1769501203.8636682,SENT,23a45723-2c7b-4494-a3ba-89d54d54bac5,c0084adc-e191-400f-b33f-1706661190ac,c2,DROP,1011,?,i5,
1769501203.8637128,FORWARDED,23a45723-2c7b-4494-a3ba-89d54d54bac5,c0084adc-e191-400f-b33f-1706661190ac,c2,DROP,1011,?,i5,
1769501203.9643629,RECEIVED,27435efb-7cce-4bd0-842e-932845905acf,13f309c4-4a45-4a5b-aba6-e79f694d71b5,c5,DROP,445,x10,?,
1769501204.0086403,RECEIVED,83b53e94-f4cf-46c3-9b93-d41029cc40dd,036ea5ee-ff5f-4e04-9410-fa9d76f9e797,c5,DROP,441,x11,?,
1769501204.2276711,RECEIVED,43304b77-cf15-4e92-8e56-627e262426fc,8d9eaf90-ba12-4139-8aab-894d25343cb5,c2,DROP,1447,p2,?,
1769501204.4241233,SENT,43304b77-cf15-4e92-8e56-627e262426fc,8d9eaf90-ba12-4139-8aab-894d25343cb5,c2,DROP,1013,?,i5,
1769501204.4241662,FORWARDED,43304b77-cf15-4e92-8e56-627e262426fc,8d9eaf90-ba12-4139-8aab-894d25343cb5,c2,DROP,1013,?,i5,
1769501204.450582,RECEIVED,86a22c5b-70e6-427f-9643-4bf3406689e0,4bdc4ee5-de84-4858-8a19-c70e334ed133,c3,DROP,1442,p3,?,
1769501204.4853716,RECEIVED,24566579-aafd-4e66-87db-8690fb69f575,a214911e-5120-4fb2-8c09-6dac6f41a6cb,c1,None,2232,p1,?,
1769501204.5300446,SENT,86a22c5b-70e6-427f-9643-4bf3406689e0,4bdc4ee5-de84-4858-8a19-c70e334ed133,c3,DROP,1007,?,i5,
1769501204.5300996,FORWARDED,86a22c5b-70e6-427f-9643-4bf3406689e0,4bdc4ee5-de84-4858-8a19-c70e334ed133,c3,DROP,1007,?,i5,
1769501204.5693653,SENT,24566579-aafd-4e66-87db-8690fb69f575,a214911e-5120-4fb2-8c09-6dac6f41a6cb,c1,None,1600,?,i6,
1769501204.5694067,FORWARDED,24566579-aafd-4e66-87db-8690fb69f575,a214911e-5120-4fb2-8c09-6dac6f41a6cb,c1,None,1600,?,i6,
1769501204.6206682,RECEIVED,c80fc695-10b0-489b-b9ed-def55f0e91d9,d0cd316b-962a-4d51-be03-8014935720a4,c1,DROP,1438,p1,?,
1769501204.6989236,RECEIVED,05114772-b033-482f-814f-fa109be7e9f8,0ffbc99c-eced-4dfa-aa4a-7a0d5d36c410,c2,DROP,442,x12,?,
1769501204.7501802,RECEIVED,5650fd8f-f487-442b-86ee-27e84dba4410,dd2ac060-697e-4c0c-8324-d17602cfa775,c2,DROP,1439,p2,?,
1769501205.0416439,RECEIVED,731761f0-5a29-4e31-850a-f86ead0b960b,62e73496-0bdf-4869-9e4e-f77ceeab4016,c3,DROP,441,x1,?,
1769501205.0822625,RECEIVED,9e7aa957-4bec-4da5-bc3a-883bfb5e9155,a340347a-210b-41f8-9f8d-35bdbe824acc,c3,DROP,1439,p3,?,
1769501205.082681,RECEIVED,139a80dc-93a5-4894-b2a7-3ea79c8683de,72dd35f0-1d09-4a3a-83e0-bd3e67597cf6,c5,DROP,1440,p2,?,
1769501205.1098328,RECEIVED,1c90caf4-d469-4e54-9be6-c733d646bc22,15333234-d115-45d4-b3ac-bf57e9388b8e,c2,c1,2468,p2,?,
1769501205.2052143,SENT,1c90caf4-d469-4e54-9be6-c733d646bc22,15333234-d115-45d4-b3ac-bf57e9388b8e,c2,c1,1779,?,i5,
1769501205.2052538,FORWARDED,1c90caf4-d469-4e54-9be6-c733d646bc22,15333234-d115-45d4-b3ac-bf57e9388b8e,c2,c1,1779,?,i5,
1769501205.2622135,RECEIVED,e3852505-0f45-410e-bf89-3e4a70eaade2,4837c950-31fb-4e76-969e-3ea2fc188688,c5,DROP,1439,p2,?,
1769501205.3385704,SENT,5650fd8f-f487-442b-86ee-27e84dba4410,dd2ac060-697e-4c0c-8324-d17602cfa775,c2,DROP,1007,?,i5,
1769501205.3386128,FORWARDED,5650fd8f-f487-442b-86ee-27e84dba4410,dd2ac060-697e-4c0c-8324-d17602cfa775,c2,DROP,1007,?,i5,
1769501205.3715193,SENT,139a80dc-93a5-4894-b2a7-3ea79c8683de,72dd35f0-1d09-4a3a-83e0-bd3e67597cf6,c5,DROP,1007,?,i6,
1769501205.3715596,FORWARDED,139a80dc-93a5-4894-b2a7-3ea79c8683de,72dd35f0-1d09-4a3a-83e0-bd3e67597cf6,c5,DROP,1007,?,i6,
1769501205.638305,RECEIVED,fd9151aa-f86c-43dd-b65f-ecf2efa6db30,e63d755c-ac1c-4e79-9a32-dcb70074854b,c2,DROP,1438,p2,?,
1769501205.6550686,RECEIVED,9d938c08-a597-4971-a1b6-421b47bdd441,441bf841-5425-434c-a8a6-33aa408972c2,c4,DROP,1440,p1,?,
1769501205.8541005,RECEIVED,40b82dfa-cf03-4770-b52c-2bb79d9e2178,36d49718-c2dd-4828-b644-d3e5a294a109,c4,DROP,1435,p1,?,
1769501205.9163218,RECEIVED,4b58da63-86ef-407b-a053-94e5e0c97959,772352fc-667f-450e-bcc2-35b371c56571,c5,DROP,437,x3,?,
1769501205.9406626,SENT,9e7aa957-4bec-4da5-bc3a-883bfb5e9155,a340347a-210b-41f8-9f8d-35bdbe824acc,c3,DROP,1008,?,i3,
1769501205.9407053,FORWARDED,9e7aa957-4bec-4da5-bc3a-883bfb5e9155,a340347a-210b-41f8-9f8d-35bdbe824acc,c3,DROP,1008,?,i3,
1769501205.961395,RECEIVED,7adf8ecb-81b8-4f16-be6a-7b6b725efbcb,5777280b-2e86-41cc-8288-9c47c996f8bd,c4,DROP,1444,p1,?,
1769501205.9889514,RECEIVED,c07db3fa-a602-4ea8-9a9f-c45b76028c1b,8c8f62e2-8dd4-4ade-ae92-ee1b4fd114ee,c4,None,2231,p1,?,
1769501206.0706258,SENT,7adf8ecb-81b8-4f16-be6a-7b6b725efbcb,5777280b-2e86-41cc-8288-9c47c996f8bd,c4,DROP,1009,?,i9,
1769501206.0706658,FORWARDED,7adf8ecb-81b8-4f16-be6a-7b6b725efbcb,5777280b-2e86-41cc-8288-9c47c996f8bd,c4,DROP,1009,?,i9,
1769501206.2102933,RECEIVED,3322580c-6ad5-455b-8ad2-48109c635edb,e21aa035-4aa2-4934-9257-5b39bf8b0b37,c1,None,2239,p1,?,
1769501206.2373238,SENT,e3852505-0f45-410e-bf89-3e4a70eaade2,4837c950-31fb-4e76-969e-3ea2fc188688,c5,DROP,1008,?,i7,
1769501206.2373648,FORWARDED,e3852505-0f45-410e-bf89-3e4a70eaade2,4837c950-31fb-4e76-969e-3ea2fc188688,c5,DROP,1008,?,i7,
1769501206.3119254,RECEIVED,1994a09b-0a2c-4970-a1d5-fb46ba00d45c,7943b5b4-ab6f-4c95-aecd-700d69a94539,c5,None,2226,p2,?,
1769501206.317663,RECEIVED,b4a1c1f7-b4da-4ec6-a1dd-b978e15f479b,d426bdcf-14fd-4509-bc29-a68ec4dee66b,c4,None,2238,p1,?,
1769501206.3355825,RECEIVED,f07e16c8-58ba-489b-97ef-5bffe841f50f,019f6012-99ab-4924-9eed-148e8e6117c5,c1,DROP,1441,p1,?,
1769501206.3405187,SENT,1994a09b-0a2c-4970-a1d5-fb46ba00d45c,7943b5b4-ab6f-4c95-aecd-700d69a94539,c5,None,1595,?,i12,
1769501206.3405576,FORWARDED,1994a09b-0a2c-4970-a1d5-fb46ba00d45c,7943b5b4-ab6f-4c95-aecd-700d69a94539,c5,None,1595,?,i12,
1769501206.3960304,SENT,f07e16c8-58ba-489b-97ef-5bffe841f50f,019f6012-99ab-4924-9eed-148e8e6117c5,c1,DROP,1007,?,i9,
1769501206.3960845,FORWARDED,f07e16c8-58ba-489b-97ef-5bffe841f50f,019f6012-99ab-4924-9eed-148e8e6117c5,c1,DROP,1007,?,i9,
1769501206.4078581,SENT,9d938c08-a597-4971-a1b6-421b47bdd441,441bf841-5425-434c-a8a6-33aa408972c2,c4,DROP,1006,?,i10,
1769501206.4078977,FORWARDED,9d938c08-a597-4971-a1b6-421b47bdd441,441bf841-5425-434c-a8a6-33aa408972c2,c4,DROP,1006,?,i10,
1769501206.5131674,SENT,c80fc695-10b0-489b-b9ed-def55f0e91d9,d0cd316b-962a-4d51-be03-8014935720a4,c1,DROP,1008,?,i6,
1769501206.5132089,FORWARDED,c80fc695-10b0-489b-b9ed-def55f0e91d9,d0cd316b-962a-4d51-be03-8014935720a4,c1,DROP,1008,?,i6,
1769501206.5937047,RECEIVED,9f381b16-cd11-4aeb-9514-1576e5387215,cebb73eb-ab5b-4b77-8705-2dfdcb78614e,c2,DROP,1452,p2,?,
1769501206.616531,RECEIVED,1b4016e4-d758-4fc9-bca0-1bdca33c5650,a81fff54-1b71-4993-9689-1f88dcf69d5c,c2,DROP,1439,p2,?,
1769501206.616719,SENT,c07db3fa-a602-4ea8-9a9f-c45b76028c1b,8c8f62e2-8dd4-4ade-ae92-ee1b4fd114ee,c4,None,1601,?,i8,
1769501206.6169503,FORWARDED,c07db3fa-a602-4ea8-9a9f-c45b76028c1b,8c8f62e2-8dd4-4ade-ae92-ee1b4fd114ee,c4,None,1601,?,i8,
1769501206.6645987,RECEIVED,8c41c4f2-1cfd-44ab-837f-e38cbc848fc5,70d5682e-b45b-47d2-9ac1-54ae8576c185,c2,DROP,442,x1,?,
1769501206.7041004,SENT,fd9151aa-f86c-43dd-b65f-ecf2efa6db30,e63d755c-ac1c-4e79-9a32-dcb70074854b,c2,DROP,1008,?,i8,
1769501206.7041435,FORWARDED,fd9151aa-f86c-43dd-b65f-ecf2efa6db30,e63d755c-ac1c-4e79-9a32-dcb70074854b,c2,DROP,1008,?,i8,
1769501206.7769895,SENT,9f381b16-cd11-4aeb-9514-1576e5387215,cebb73eb-ab5b-4b77-8705-2dfdcb78614e,c2,DROP,1015,?,i3,
1769501206.777024,FORWARDED,9f381b16-cd11-4aeb-9514-1576e5387215,cebb73eb-ab5b-4b77-8705-2dfdcb78614e,c2,DROP,1015,?,i3,
1769501206.8322048,RECEIVED,97e13a8f-50f2-420b-8b08-4e533cfc4b40,ca19a82c-b7c0-4599-953e-91bb1a37bf57,c3,DROP,1439,p3,?,
1769501206.8504694,SENT,40b82dfa-cf03-4770-b52c-2bb79d9e2178,36d49718-c2dd-4828-b644-d3e5a294a109,c4,DROP,1003,?,i8,
1769501206.8505044,FORWARDED,40b82dfa-cf03-4770-b52c-2bb79d9e2178,36d49718-c2dd-4828-b644-d3e5a294a109,c4,DROP,1003,?,i8,
1769501206.9215643,RECEIVED,e8af4f72-06a9-402c-bbc3-64bd4aaccdf4,a1e8fe27-15cc-4030-829c-c6aa2f2eba5a,c5,None,2241,p2,?,
1769501206.9618554,RECEIVED,130676d7-30eb-4b6f-b10a-007acafe4705,91f98f22-b0e1-4912-be25-e98afa053d93,c4,DROP,1457,p1,?,
1769501206.9816885,RECEIVED,2675b225-9930-4483-aca6-50d6d6e9fac1,c336c743-0185-42a2-a5ed-7fb6c178328c,c5,DROP,1438,p2,?,
1769501207.0943675,SENT,e8af4f72-06a9-402c-bbc3-64bd4aaccdf4,a1e8fe27-15cc-4030-829c-c6aa2f2eba5a,c5,None,1608,?,i10,
1769501207.0944095,FORWARDED,e8af4f72-06a9-402c-bbc3-64bd4aaccdf4,a1e8fe27-15cc-4030-829c-c6aa2f2eba5a,c5,None,1608,?,i10,
1769501207.187741,SENT,130676d7-30eb-4b6f-b10a-007acafe4705,91f98f22-b0e1-4912-be25-e98afa053d93,c4,DROP,1019,?,i10,
1769501207.187789,FORWARDED,130676d7-30eb-4b6f-b10a-007acafe4705,91f98f22-b0e1-4912-be25-e98afa053d93,c4,DROP,1019,?,i10,
1769501207.2030606,SENT,97e13a8f-50f2-420b-8b08-4e533cfc4b40,ca19a82c-b7c0-4599-953e-91bb1a37bf57,c3,DROP,1008,?,i5,
1769501207.2030983,FORWARDED,97e13a8f-50f2-420b-8b08-4e533cfc4b40,ca19a82c-b7c0-4599-953e-91bb1a37bf57,c3,DROP,1008,?,i5,
1769501207.2403543,RECEIVED,e14f0f19-8753-4cde-b454-7bd376a824bc,78230333-df62-4f1c-ba6c-dbbdee76432f,c1,None,2229,p1,?,
1769501207.343525,RECEIVED,aef715d7-1fd1-4cc4-b7ac-94e983941ec7,116a1cea-85dc-4426-8e47-6f2630f44912,c2,c1,2476,p2,?,
1769501207.359887,RECEIVED,56702605-c1c6-45bd-9bfe-4a0be30ffc16,135d8e15-398d-4370-8798-1fcff8be67c7,c3,None,2235,p3,?,
1769501207.36035,SENT,e14f0f19-8753-4cde-b454-7bd376a824bc,78230333-df62-4f1c-ba6c-dbbdee76432f,c1,None,1599,?,i12,
1769501207.3603914,FORWARDED,e14f0f19-8753-4cde-b454-7bd376a824bc,78230333-df62-4f1c-ba6c-dbbdee76432f,c1,None,1599,?,i12,
1769501207.3742101,SENT,3322580c-6ad5-455b-8ad2-48109c635edb,e21aa035-4aa2-4934-9257-5b39bf8b0b37,c1,None,1608,?,i3,
1769501207.3742533,FORWARDED,3322580c-6ad5-455b-8ad2-48109c635edb,e21aa035-4aa2-4934-9257-5b39bf8b0b37,c1,None,1608,?,i3,
1769501207.3831189,RECEIVED,e34d5d95-aa27-4427-bbbb-dc6fb8d69514,debcd4e6-1b02-4471-b79c-bf1d35bfb49e,c1,DROP,1440,p1,?,
1769501207.5483482,SENT,b4a1c1f7-b4da-4ec6-a1dd-b978e15f479b,d426bdcf-14fd-4509-bc29-a68ec4dee66b,c4,None,1608,?,i6,
1769501207.5483909,FORWARDED,b4a1c1f7-b4da-4ec6-a1dd-b978e15f479b,d426bdcf-14fd-4509-bc29-a68ec4dee66b,c4,None,1608,?,i6,
1769501207.5607083,RECEIVED,b50f2898-ac52-4901-9612-4df20e193ba0,4f753e6b-eebb-42c4-bf84-807702bbeac5,c1,DROP,1451,p1,?,
1769501207.5935588,RECEIVED,ca538008-07e6-4943-b16b-161d62fc4d16,7435dc5a-b848-450b-a657-06d0a6d9a9e8,c3,None,2236,p3,?,
1769501207.70997,SENT,aef715d7-1fd1-4cc4-b7ac-94e983941ec7,116a1cea-85dc-4426-8e47-6f2630f44912,c2,c1,1783,?,i9,
1769501207.7100122,FORWARDED,aef715d7-1fd1-4cc4-b7ac-94e983941ec7,116a1cea-85dc-4426-8e47-6f2630f44912,c2,c1,1783,?,i9,
1769501207.7527232,SENT,ca538008-07e6-4943-b16b-161d62fc4d16,7435dc5a-b848-450b-a657-06d0a6d9a9e8,c3,None,1603,?,i2,
1769501207.7527647,FORWARDED,ca538008-07e6-4943-b16b-161d62fc4d16,7435dc5a-b848-450b-a657-06d0a6d9a9e8,c3,None,1603,?,i2,
1769501207.7565055,RECEIVED,7693736d-74f0-4610-a089-8140172b37f0,c7b28d50-69f5-400d-9f27-6c895a17d8d7,c1,DROP,1447,p1,?,
1769501207.7753663,RECEIVED,b3cc7289-b92a-4c27-85e6-1277450db612,5859c926-c612-45fa-a371-cef33ec6f9c5,c3,None,2233,p3,?,
1769501207.8765924,SENT,b3cc7289-b92a-4c27-85e6-1277450db612,5859c926-c612-45fa-a371-cef33ec6f9c5,c3,None,1600,?,i12,
1769501207.8769958,FORWARDED,b3cc7289-b92a-4c27-85e6-1277450db612,5859c926-c612-45fa-a371-cef33ec6f9c5,c3,None,1600,?,i12,
1769501207.9056942,SENT,7693736d-74f0-4610-a089-8140172b37f0,c7b28d50-69f5-400d-9f27-6c895a17d8d7,c1,DROP,1013,?,i1,
1769501207.9057357,FORWARDED,7693736d-74f0-4610-a089-8140172b37f0,c7b28d50-69f5-400d-9f27-6c895a17d8d7,c1,DROP,1013,?,i1,
1769501207.920539,RECEIVED,228f2186-8518-4aec-9c9b-3fa17d89aeed,fab0bb16-3951-4b2c-8583-969a82e6ed91,c4,DROP,1440,p1,?,
1769501208.123587,SENT,b50f2898-ac52-4901-9612-4df20e193ba0,4f753e6b-eebb-42c4-bf84-807702bbeac5,c1,DROP,1015,?,i1,
1769501208.1236265,FORWARDED,b50f2898-ac52-4901-9612-4df20e193ba0,4f753e6b-eebb-42c4-bf84-807702bbeac5,c1,DROP,1015,?,i1,
1769501208.206458,RECEIVED,5051a5d9-b8b2-4fe2-ba48-19010f307398,8e862caf-dd0e-4676-94ee-c4d3f0f56679,c2,DROP,1460,p2,?,
1769501208.224117,RECEIVED,8139b877-e8e0-4318-bcd0-178e6b2b8c3f,f529a714-3581-4874-b0cf-4dba09dcccef,c4,DROP,1443,p1,?,
1769501208.2244954,SENT,e34d5d95-aa27-4427-bbbb-dc6fb8d69514,debcd4e6-1b02-4471-b79c-bf1d35bfb49e,c1,DROP,1008,?,i10,
1769501208.2245302,FORWARDED,e34d5d95-aa27-4427-bbbb-dc6fb8d69514,debcd4e6-1b02-4471-b79c-bf1d35bfb49e,c1,DROP,1008,?,i10,
1769501208.298361,SENT,228f2186-8518-4aec-9c9b-3fa17d89aeed,fab0bb16-3951-4b2c-8583-969a82e6ed91,c4,DROP,1006,?,i1,
1769501208.298403,FORWARDED,228f2186-8518-4aec-9c9b-3fa17d89aeed,fab0bb16-3951-4b2c-8583-969a82e6ed91,c4,DROP,1006,?,i1,
1769501208.329907,SENT,1b4016e4-d758-4fc9-bca0-1bdca33c5650,a81fff54-1b71-4993-9689-1f88dcf69d5c,c2,DROP,1008,?,i7,
1769501208.3299394,FORWARDED,1b4016e4-d758-4fc9-bca0-1bdca33c5650,a81fff54-1b71-4993-9689-1f88dcf69d5c,c2,DROP,1008,?,i7,
1769501208.3795013,SENT,8139b877-e8e0-4318-bcd0-178e6b2b8c3f,f529a714-3581-4874-b0cf-4dba09dcccef,c4,DROP,1009,?,i9,
1769501208.3795571,FORWARDED,8139b877-e8e0-4318-bcd0-178e6b2b8c3f,f529a714-3581-4874-b0cf-4dba09dcccef,c4,DROP,1009,?,i9,
1769501208.4122725,SENT,56702605-c1c6-45bd-9bfe-4a0be30ffc16,135d8e15-398d-4370-8798-1fcff8be67c7,c3,None,1603,?,i6,
1769501208.412315,FORWARDED,56702605-c1c6-45bd-9bfe-4a0be30ffc16,135d8e15-398d-4370-8798-1fcff8be67c7,c3,None,1603,?,i6,
1769501208.41764,SENT,2675b225-9930-4483-aca6-50d6d6e9fac1,c336c743-0185-42a2-a5ed-7fb6c178328c,c5,DROP,1007,?,i9,
1769501208.4176772,FORWARDED,2675b225-9930-4483-aca6-50d6d6e9fac1,c336c743-0185-42a2-a5ed-7fb6c178328c,c5,DROP,1007,?,i9,
1769501208.560156,RECEIVED,d58bf69b-a4e1-4a81-880d-4b62eea41814,3f4ee041-3fdd-4923-8b1f-809bc53475f6,c1,None,2232,p1,?,
1769501208.6502717,RECEIVED,adfbbf29-405e-46b5-bb5a-f2d1d2ed29ff,5345fb12-1dde-4846-8fd7-b06ebd88d000,c5,c2,2447,p2,?,
1769501208.7130075,RECEIVED,e7f60d62-3bac-4887-add0-e92e09e283f6,21204125-384d-4537-b3aa-053dda61420e,c5,None,2235,p2,?,
1769501208.72048,SENT,adfbbf29-405e-46b5-bb5a-f2d1d2ed29ff,5345fb12-1dde-4846-8fd7-b06ebd88d000,c5,c2,1764,?,i4,
1769501208.7205148,FORWARDED,adfbbf29-405e-46b5-bb5a-f2d1d2ed29ff,5345fb12-1dde-4846-8fd7-b06ebd88d000,c5,c2,1764,?,i4,
1769501208.8517182,RECEIVED,6a49ace9-3864-4d0a-9a54-ff6a845f0b25,00656309-4ec2-4865-b27e-8e53cae58c63,c5,c2,2464,p2,?,
1769501208.9078805,SENT,d58bf69b-a4e1-4a81-880d-4b62eea41814,3f4ee041-3fdd-4923-8b1f-809bc53475f6,c1,None,1601,?,i10,
1769501208.9079227,FORWARDED,d58bf69b-a4e1-4a81-880d-4b62eea41814,3f4ee041-3fdd-4923-8b1f-809bc53475f6,c1,None,1601,?,i10,
1769501208.939791,SENT,6a49ace9-3864-4d0a-9a54-ff6a845f0b25,00656309-4ec2-4865-b27e-8e53cae58c63,c5,c2,1775,?,i8,
1769501208.9398332,FORWARDED,6a49ace9-3864-4d0a-9a54-ff6a845f0b25,00656309-4ec2-4865-b27e-8e53cae58c63,c5,c2,1775,?,i8,
1769501208.9432268,SENT,5051a5d9-b8b2-4fe2-ba48-19010f307398,8e862caf-dd0e-4676-94ee-c4d3f0f56679,c2,DROP,1021,?,i11,
1769501208.9432669,FORWARDED,5051a5d9-b8b2-4fe2-ba48-19010f307398,8e862caf-dd0e-4676-94ee-c4d3f0f56679,c2,DROP,1021,?,i11,
1769501208.9554157,RECEIVED,10f92b7d-4426-41c3-8eef-13d16a676326,c2a362d4-1e63-48ce-930e-5017c173ca3a,c5,None,2223,p2,?,
1769501209.0211918,RECEIVED,cc141e6f-0129-4ac5-83a0-413ce2695ec6,8c4fac10-06ce-496c-b73d-b674ed001b61,c4,c3,2463,p1,?,
1769501209.0289943,SENT,e7f60d62-3bac-4887-add0-e92e09e283f6,21204125-384d-4537-b3aa-053dda61420e,c5,None,1603,?,i8,
1769501209.0290396,FORWARDED,e7f60d62-3bac-4887-add0-e92e09e283f6,21204125-384d-4537-b3aa-053dda61420e,c5,None,1603,?,i8,
1769501209.0389442,RECEIVED,85309d60-2919-4eb9-b068-cbf1c0a988de,4f85cf81-2555-438f-9c38-f158e71972f0,c4,DROP,441,x2,?,
1769501209.0421243,RECEIVED,7a6b8066-1213-4c49-b851-208d6205409d,d814f359-63c3-4f00-a932-7e455145e582,c3,DROP,1455,p3,?,
1769501209.090472,SENT,cc141e6f-0129-4ac5-83a0-413ce2695ec6,8c4fac10-06ce-496c-b73d-b674ed001b61,c4,c3,1776,?,i9,
1769501209.090513,FORWARDED,cc141e6f-0129-4ac5-83a0-413ce2695ec6,8c4fac10-06ce-496c-b73d-b674ed001b61,c4,c3,1776,?,i9,
1769501209.124095,RECEIVED,ea4e3557-3875-4f6a-90ae-1c893d06f64a,eb62a3fc-6369-460a-b642-fb6deb325aa2,c4,None,2227,p1,?,
1769501209.1290627,RECEIVED,341e94d9-5010-43f0-b248-fbbcabacf51c,d6d48441-e252-4d09-9fac-391471e3264c,c5,c2,2467,p2,?,
1769501209.2435415,RECEIVED,b1cbec1f-0aac-4a7c-9e10-a9344f066249,1707a55b-7aa7-4ae1-a2c2-6769ba1a1cad,c3,DROP,442,x12,?,
1769501209.2649329,RECEIVED,9c5d3a42-b0d1-4232-91b5-5f3c577d415e,67153297-c9dc-42f7-a9db-894a2a99e8f8,c1,DROP,1440,p1,?,
1769501209.3243926,SENT,341e94d9-5010-43f0-b248-fbbcabacf51c,d6d48441-e252-4d09-9fac-391471e3264c,c5,c2,1779,?,i3,
1769501209.324435,FORWARDED,341e94d9-5010-43f0-b248-fbbcabacf51c,d6d48441-e252-4d09-9fac-391471e3264c,c5,c2,1779,?,i3,
1769501209.4584138,SENT,9c5d3a42-b0d1-4232-91b5-5f3c577d415e,67153297-c9dc-42f7-a9db-894a2a99e8f8,c1,DROP,1008,?,i3,
1769501209.4584563,FORWARDED,9c5d3a42-b0d1-4232-91b5-5f3c577d415e,67153297-c9dc-42f7-a9db-894a2a99e8f8,c1,DROP,1008,?,i3,
1769501209.6033425,RECEIVED,a31c283a-024f-4b0a-93c5-049de012f6cb,f9daa63d-94e0-42bf-b15d-e8652ffec8eb,c1,None,2236,p1,?,
1769501209.6085045,SENT,10f92b7d-4426-41c3-8eef-13d16a676326,c2a362d4-1e63-48ce-930e-5017c173ca3a,c5,None,1595,?,i8,
1769501209.6085715,FORWARDED,10f92b7d-4426-41c3-8eef-13d16a676326,c2a362d4-1e63-48ce-930e-5017c173ca3a,c5,None,1595,?,i8,
1769501209.609233,RECEIVED,8c73447f-1a7d-42ca-9cef-688e62c10c5f,f7b49a63-d220-4b9c-a998-a356dd035649,c5,DROP,1444,p2,?,
1769501209.667014,SENT,a31c283a-024f-4b0a-93c5-049de012f6cb,f9daa63d-94e0-42bf-b15d-e8652ffec8eb,c1,None,1603,?,i7,
1769501209.6670613,FORWARDED,a31c283a-024f-4b0a-93c5-049de012f6cb,f9daa63d-94e0-42bf-b15d-e8652ffec8eb,c1,None,1603,?,i7,
1769501209.7364836,SENT,8c73447f-1a7d-42ca-9cef-688e62c10c5f,f7b49a63-d220-4b9c-a998-a356dd035649,c5,DROP,1011,?,i5,
1769501209.7365236,FORWARDED,8c73447f-1a7d-42ca-9cef-688e62c10c5f,f7b49a63-d220-4b9c-a998-a356dd035649,c5,DROP,1011,?,i5,
1769501209.7649026,RECEIVED,6d558be3-0595-43bd-8b20-e246869e5155,c984828f-26f0-421b-87e1-f618e9c114bf,c4,DROP,1441,p1,?,
1769501209.8716476,SENT,6d558be3-0595-43bd-8b20-e246869e5155,c984828f-26f0-421b-87e1-f618e9c114bf,c4,DROP,1008,?,i10,
1769501209.87169,FORWARDED,6d558be3-0595-43bd-8b20-e246869e5155,c984828f-26f0-421b-87e1-f618e9c114bf,c4,DROP,1008,?,i10,
1769501209.9019663,RECEIVED,e220717f-94f4-4c6e-b62a-a14947c9d78d,0b6d94a8-7935-4882-b16d-0b2b2f73356a,c3,c4,2452,p3,?,
1769501209.9459577,RECEIVED,567fc7fa-4a54-4f49-aea1-deac086f56d9,16cf2b00-53de-48dd-a439-20992ad9b920,c4,DROP,1438,p1,?,
1769501210.0601666,RECEIVED,b5150e1e-ab99-4d44-aa77-a333a6a9c49a,dacb0ae0-bf31-46e9-a939-427322fef51d,c2,c1,2454,p2,?,
1769501210.119931,SENT,e220717f-94f4-4c6e-b62a-a14947c9d78d,0b6d94a8-7935-4882-b16d-0b2b2f73356a,c3,c4,1766,?,i2,
1769501210.1200767,FORWARDED,e220717f-94f4-4c6e-b62a-a14947c9d78d,0b6d94a8-7935-4882-b16d-0b2b2f73356a,c3,c4,1766,?,i2,
1769501210.3758352,SENT,567fc7fa-4a54-4f49-aea1-deac086f56d9,16cf2b00-53de-48dd-a439-20992ad9b920,c4,DROP,1008,?,i6,
1769501210.3758743,FORWARDED,567fc7fa-4a54-4f49-aea1-deac086f56d9,16cf2b00-53de-48dd-a439-20992ad9b920,c4,DROP,1008,?,i6,
1769501210.3766966,RECEIVED,ef90713c-9f01-4d7f-82f2-37dc4777d782,59659dd1-0897-4903-b3e2-9c7da30a6063,c5,DROP,1445,p2,?,
1769501210.478904,SENT,ef90713c-9f01-4d7f-82f2-37dc4777d782,59659dd1-0897-4903-b3e2-9c7da30a6063,c5,DROP,1011,?,i3,
1769501210.4789464,FORWARDED,ef90713c-9f01-4d7f-82f2-37dc4777d782,59659dd1-0897-4903-b3e2-9c7da30a6063,c5,DROP,1011,?,i3,
1769501210.4957182,RECEIVED,2b9a3ef9-4045-444a-9396-6258b5e76dd4,84d1d4ed-5b8f-4ffd-9824-336b53a8ac91,c1,c5,2465,p1,?,
1769501210.550862,RECEIVED,f13072c0-7504-4bfc-a0eb-628bab1efff9,9ff32dce-1b0d-45da-957c-217e09a8de56,c2,c1,2476,p2,?,
1769501210.6392183,RECEIVED,7eb501a1-1e8d-4cc2-bd69-4c2c218403a2,4a8ab2a3-8a8d-4622-b516-639ef0aedf43,c2,DROP,442,x5,?,
1769501210.645385,SENT,ea4e3557-3875-4f6a-90ae-1c893d06f64a,eb62a3fc-6369-460a-b642-fb6deb325aa2,c4,None,1597,?,i7,
1769501210.6454237,FORWARDED,ea4e3557-3875-4f6a-90ae-1c893d06f64a,eb62a3fc-6369-460a-b642-fb6deb325aa2,c4,None,1597,?,i7,
1769501210.6916318,RECEIVED,10231825-73fb-41d5-9d45-a24a0b485c2d,bf3de117-ae34-456e-917a-496b6272c0bd,c5,DROP,1447,p2,?,
1769501210.8577578,SENT,2b9a3ef9-4045-444a-9396-6258b5e76dd4,84d1d4ed-5b8f-4ffd-9824-336b53a8ac91,c1,c5,1774,?,i12,
1769501210.8578005,FORWARDED,2b9a3ef9-4045-444a-9396-6258b5e76dd4,84d1d4ed-5b8f-4ffd-9824-336b53a8ac91,c1,c5,1774,?,i12,
1769501210.971713,SENT,10231825-73fb-41d5-9d45-a24a0b485c2d,bf3de117-ae34-456e-917a-496b6272c0bd,c5,DROP,1012,?,i1,
1769501210.9717538,FORWARDED,10231825-73fb-41d5-9d45-a24a0b485c2d,bf3de117-ae34-456e-917a-496b6272c0bd,c5,DROP,1012,?,i1,
1769501210.993244,RECEIVED,79cd2b08-f431-4ced-acae-82cb61fcca92,9d054fa2-b4c2-47e2-8db7-fa9fac4cc31e,c2,DROP,1440,p2,?,
1769501211.0431972,RECEIVED,c83d0a23-bb28-421b-8474-e5e7e90d7513,0549e49c-d058-4fdd-981b-95fea52712aa,c2,None,2227,p2,?,
1769501211.053689,SENT,b5150e1e-ab99-4d44-aa77-a333a6a9c49a,dacb0ae0-bf31-46e9-a939-427322fef51d,c2,c1,1768,?,i8,
1769501211.0537329,FORWARDED,b5150e1e-ab99-4d44-aa77-a333a6a9c49a,dacb0ae0-bf31-46e9-a939-427322fef51d,c2,c1,1768,?,i8,
1769501211.1596546,SENT,79cd2b08-f431-4ced-acae-82cb61fcca92,9d054fa2-b4c2-47e2-8db7-fa9fac4cc31e,c2,DROP,1007,?,i8,
1769501211.159704,FORWARDED,79cd2b08-f431-4ced-acae-82cb61fcca92,9d054fa2-b4c2-47e2-8db7-fa9fac4cc31e,c2,DROP,1007,?,i8,
1769501211.2317448,SENT,7a6b8066-1213-4c49-b851-208d6205409d,d814f359-63c3-4f00-a932-7e455145e582,c3,DROP,1020,?,i11,
1769501211.231785,FORWARDED,7a6b8066-1213-4c49-b851-208d6205409d,d814f359-63c3-4f00-a932-7e455145e582,c3,DROP,1020,?,i11,
1769501211.4085045,RECEIVED,300d15c4-7b2f-4fb9-8fc5-54bd73ab62c7,92bf6725-3a6f-4e4c-96ff-00639d6f485b,c2,DROP,1451,p2,?,
1769501211.4949255,RECEIVED,e777ce79-3c89-43db-b5f9-7e459182be60,48cd797f-f762-4e5f-8a41-64fb6f4ccd8e,c4,DROP,1451,p1,?,
1769501211.6237297,RECEIVED,eed47416-88c5-4507-9bd1-2ab11a7d353c,4b53ef0e-42f4-4ce6-937a-ebb96ac1c079,c1,None,2240,p1,?,
1769501211.698966,SENT,eed47416-88c5-4507-9bd1-2ab11a7d353c,4b53ef0e-42f4-4ce6-937a-ebb96ac1c079,c1,None,1607,?,i4,
1769501211.6990108,FORWARDED,eed47416-88c5-4507-9bd1-2ab11a7d353c,4b53ef0e-42f4-4ce6-937a-ebb96ac1c079,c1,None,1607,?,i4,
1769501211.756167,SENT,c83d0a23-bb28-421b-8474-e5e7e90d7513,0549e49c-d058-4fdd-981b-95fea52712aa,c2,None,1598,?,i10,
1769501211.7562099,FORWARDED,c83d0a23-bb28-421b-8474-e5e7e90d7513,0549e49c-d058-4fdd-981b-95fea52712aa,c2,None,1598,?,i10,
1769501211.9754052,SENT,f13072c0-7504-4bfc-a0eb-628bab1efff9,9ff32dce-1b0d-45da-957c-217e09a8de56,c2,c1,1784,?,i10,
1769501211.975447,FORWARDED,f13072c0-7504-4bfc-a0eb-628bab1efff9,9ff32dce-1b0d-45da-957c-217e09a8de56,c2,c1,1784,?,i10,
1769501212.0326998,RECEIVED,2eb47e3f-6abb-4265-b0df-3e79a8d43a5d,cb61f37c-23fc-42c2-aee3-85d5b2deffd7,c1,DROP,1431,p1,?,
1769501212.0758133,RECEIVED,aac6b72d-6bd8-4d2f-bbcc-7c43044d2483,a851de2e-5a67-4b27-9d3b-eeec40733972,c1,c5,2460,p1,?,
1769501212.1879394,RECEIVED,9bcae963-89d1-47e1-af63-27ad0fe91ac4,cdbf763f-cdea-4d8e-9926-a7140f63e1f8,c2,DROP,1439,p2,?,
1769501212.1903493,SENT,300d15c4-7b2f-4fb9-8fc5-54bd73ab62c7,92bf6725-3a6f-4e4c-96ff-00639d6f485b,c2,DROP,1015,?,i8,
1769501212.190387,FORWARDED,300d15c4-7b2f-4fb9-8fc5-54bd73ab62c7,92bf6725-3a6f-4e4c-96ff-00639d6f485b,c2,DROP,1015,?,i8,
1769501212.209799,SENT,aac6b72d-6bd8-4d2f-bbcc-7c43044d2483,a851de2e-5a67-4b27-9d3b-eeec40733972,c1,c5,1772,?,i1,
1769501212.2098336,FORWARDED,aac6b72d-6bd8-4d2f-bbcc-7c43044d2483,a851de2e-5a67-4b27-9d3b-eeec40733972,c1,c5,1772,?,i1,
1769501212.2838435,RECEIVED,5a6b1597-bc4d-497e-b2b6-b2dc80b8de60,99bc552a-6b4e-4fbd-83e6-8ef96c62e46c,c4,DROP,442,x1,?,
1769501212.374387,RECEIVED,5cf24ba6-7857-4ee8-bd6d-07c425877be3,7b8202ef-5e07-4e06-93ab-def874d821dd,c1,c5,2450,p1,?,
1769501212.6040015,RECEIVED,9942ea83-8eb2-4d34-9a4d-dab5ae6a1e28,ddf6fdbd-241d-4b3f-a138-b8eea143897a,c2,DROP,1456,p2,?,
1769501212.6518903,RECEIVED,95ee4ea4-861b-43f4-a038-600de5b643a3,e67788eb-0c24-4241-91fd-1b48f655ea05,c1,DROP,1448,p1,?,
1769501212.6667323,RECEIVED,86461b2b-1a90-4d19-9462-47c201584e1e,d32af1e3-668b-44dc-a7b6-00e1b90c0070,c5,DROP,439,x8,?,
1769501212.6671073,RECEIVED,ad4958cd-679e-4200-b9fa-0c8b1b0deae0,2ee58f54-db22-4bea-8903-a1767bf09ebe,c2,DROP,1445,p2,?,
1769501212.695825,SENT,2eb47e3f-6abb-4265-b0df-3e79a8d43a5d,cb61f37c-23fc-42c2-aee3-85d5b2deffd7,c1,DROP,1002,?,i8,
1769501212.6958656,FORWARDED,2eb47e3f-6abb-4265-b0df-3e79a8d43a5d,cb61f37c-23fc-42c2-aee3-85d5b2deffd7,c1,DROP,1002,?,i8,
1769501212.7112687,SENT,ad4958cd-679e-4200-b9fa-0c8b1b0deae0,2ee58f54-db22-4bea-8903-a1767bf09ebe,c2,DROP,1011,?,i5,
1769501212.71131,FORWARDED,ad4958cd-679e-4200-b9fa-0c8b1b0deae0,2ee58f54-db22-4bea-8903-a1767bf09ebe,c2,DROP,1011,?,i5,
1769501212.7473867,SENT,95ee4ea4-861b-43f4-a038-600de5b643a3,e67788eb-0c24-4241-91fd-1b48f655ea05,c1,DROP,1012,?,i4,
1769501212.7474375,FORWARDED,95ee4ea4-861b-43f4-a038-600de5b643a3,e67788eb-0c24-4241-91fd-1b48f655ea05,c1,DROP,1012,?,i4,
1769501212.7573287,SENT,e777ce79-3c89-43db-b5f9-7e459182be60,48cd797f-f762-4e5f-8a41-64fb6f4ccd8e,c4,DROP,1017,?,i4,
1769501212.757372,FORWARDED,e777ce79-3c89-43db-b5f9-7e459182be60,48cd797f-f762-4e5f-8a41-64fb6f4ccd8e,c4,DROP,1017,?,i4,
1769501212.7717755,SENT,9942ea83-8eb2-4d34-9a4d-dab5ae6a1e28,ddf6fdbd-241d-4b3f-a138-b8eea143897a,c2,DROP,1020,?,i10,
1769501212.7718127,FORWARDED,9942ea83-8eb2-4d34-9a4d-dab5ae6a1e28,ddf6fdbd-241d-4b3f-a138-b8eea143897a,c2,DROP,1020,?,i10,
1769501212.777011,SENT,9bcae963-89d1-47e1-af63-27ad0fe91ac4,cdbf763f-cdea-4d8e-9926-a7140f63e1f8,c2,DROP,1007,?,i7,
1769501212.7770612,FORWARDED,9bcae963-89d1-47e1-af63-27ad0fe91ac4,cdbf763f-cdea-4d8e-9926-a7140f63e1f8,c2,DROP,1007,?,i7,
1769501212.8599617,RECEIVED,0f41ced4-d6c7-4a88-8568-8a944856b50b,0f8d1006-fe66-4b1f-bdcf-a56a21118fdf,c1,None,2213,p1,?,
1769501213.143386,RECEIVED,5dd2997d-5d5b-4719-bf80-dcf8cd489e8b,c3e571a5-a4a4-4cf1-8330-e233a048eed4,c2,None,2231,p2,?,
1769501213.272708,SENT,5cf24ba6-7857-4ee8-bd6d-07c425877be3,7b8202ef-5e07-4e06-93ab-def874d821dd,c1,c5,1765,?,i6,
1769501213.27275,FORWARDED,5cf24ba6-7857-4ee8-bd6d-07c425877be3,7b8202ef-5e07-4e06-93ab-def874d821dd,c1,c5,1765,?,i6,
1769501213.3461022,RECEIVED,3856953c-8138-478e-a399-8a78098cedca,e727019f-90e1-4c01-b9ec-47c765b3f201,c5,DROP,1463,p2,?,
1769501213.3693168,RECEIVED,597ea74d-cf3d-4e2b-be27-1b8a9e952a64,ec26c267-3ac3-4258-89b5-a1cc838a5730,c4,DROP,1434,p1,?,
1769501213.4551222,SENT,5dd2997d-5d5b-4719-bf80-dcf8cd489e8b,c3e571a5-a4a4-4cf1-8330-e233a048eed4,c2,None,1601,?,i6,
1769501213.4551659,FORWARDED,5dd2997d-5d5b-4719-bf80-dcf8cd489e8b,c3e571a5-a4a4-4cf1-8330-e233a048eed4,c2,None,1601,?,i6,
1769501213.5435383,RECEIVED,b9a8046a-a2b5-4418-9cb4-6aa1720f0b70,64d15f6c-7d7a-4ae6-b44e-a97295f76413,c3,None,2232,p3,?,
1769501213.656994,RECEIVED,a78b5a0f-20e6-4ef3-b839-d91efffd67b2,de6f1555-bdb3-4470-9ec1-9ed05c817f95,c5,None,2227,p2,?,
1769501213.7530541,RECEIVED,782e7b5f-24d1-4824-868a-ad6dae337efe,23431cb8-03f0-41e9-bed7-90706eca43fc,c1,DROP,1460,p1,?,
1769501213.958472,SENT,3856953c-8138-478e-a399-8a78098cedca,e727019f-90e1-4c01-b9ec-47c765b3f201,c5,DROP,1024,?,i1,
1769501213.958517,FORWARDED,3856953c-8138-478e-a399-8a78098cedca,e727019f-90e1-4c01-b9ec-47c765b3f201,c5,DROP,1024,?,i1,
1769501214.1242044,RECEIVED,d2baa4e2-e973-4ebd-8ba9-272fb0b11582,afcad555-0b1a-4415-a5e8-4343d840fc34,c1,DROP,442,x9,?,
1769501214.170385,SENT,782e7b5f-24d1-4824-868a-ad6dae337efe,23431cb8-03f0-41e9-bed7-90706eca43fc,c1,DROP,1022,?,i10,
1769501214.1704297,FORWARDED,782e7b5f-24d1-4824-868a-ad6dae337efe,23431cb8-03f0-41e9-bed7-90706eca43fc,c1,DROP,1022,?,i10,
1769501214.237534,SENT,b9a8046a-a2b5-4418-9cb4-6aa1720f0b70,64d15f6c-7d7a-4ae6-b44e-a97295f76413,c3,None,1600,?,i12,
1769501214.2375774,FORWARDED,b9a8046a-a2b5-4418-9cb4-6aa1720f0b70,64d15f6c-7d7a-4ae6-b44e-a97295f76413,c3,None,1600,?,i12,
1769501214.2728217,RECEIVED,3fca2064-582c-4aaf-9d27-eb5a8b767b6c,47d44ad3-a3d2-4980-8301-17fd749067da,c4,c3,2448,p1,?,
1769501214.2843482,RECEIVED,9ed894bb-91cb-46c0-ae79-1cc5a1f3823b,46355881-a5ff-48b8-b745-2278080f7ff0,c1,None,2233,p1,?,
1769501214.3395581,SENT,9ed894bb-91cb-46c0-ae79-1cc5a1f3823b,46355881-a5ff-48b8-b745-2278080f7ff0,c1,None,1602,?,i4,
1769501214.339601,FORWARDED,9ed894bb-91cb-46c0-ae79-1cc5a1f3823b,46355881-a5ff-48b8-b745-2278080f7ff0,c1,None,1602,?,i4,
1769501214.4569354,RECEIVED,756fd749-d067-4263-9640-805ab45d76a0,bab6d8fa-34c1-4161-9a6c-a1e8607e2961,c2,DROP,1453,p2,?,
1769501214.5187821,RECEIVED,4b1fd4b8-b7b9-49a6-857c-d6b905c149d4,a0a41c63-5a05-4c6b-a362-54edf5c0b7f0,c2,DROP,1440,p2,?,
1769501214.6176822,SENT,597ea74d-cf3d-4e2b-be27-1b8a9e952a64,ec26c267-3ac3-4258-89b5-a1cc838a5730,c4,DROP,1004,?,i1,
1769501214.6177244,FORWARDED,597ea74d-cf3d-4e2b-be27-1b8a9e952a64,ec26c267-3ac3-4258-89b5-a1cc838a5730,c4,DROP,1004,?,i1,
1769501214.6646621,SENT,0f41ced4-d6c7-4a88-8568-8a944856b50b,0f8d1006-fe66-4b1f-bdcf-a56a21118fdf,c1,None,1588,?,i1,
1769501214.6647048,FORWARDED,0f41ced4-d6c7-4a88-8568-8a944856b50b,0f8d1006-fe66-4b1f-bdcf-a56a21118fdf,c1,None,1588,?,i1,
1769501214.6963136,SENT,756fd749-d067-4263-9640-805ab45d76a0,bab6d8fa-34c1-4161-9a6c-a1e8607e2961,c2,DROP,1015,?,i11,
1769501214.696352,FORWARDED,756fd749-d067-4263-9640-805ab45d76a0,bab6d8fa-34c1-4161-9a6c-a1e8607e2961,c2,DROP,1015,?,i11,
1769501214.7486837,RECEIVED,4d77a66a-913e-4331-bbc5-5183c8429971,65545222-fdec-4294-a89c-87829e8b71d8,c2,DROP,1449,p2,?,
1769501214.8932319,SENT,4d77a66a-913e-4331-bbc5-5183c8429971,65545222-fdec-4294-a89c-87829e8b71d8,c2,DROP,1013,?,i11,
1769501214.893282,FORWARDED,4d77a66a-913e-4331-bbc5-5183c8429971,65545222-fdec-4294-a89c-87829e8b71d8,c2,DROP,1013,?,i11,
1769501214.9641812,SENT,4b1fd4b8-b7b9-49a6-857c-d6b905c149d4,a0a41c63-5a05-4c6b-a362-54edf5c0b7f0,c2,DROP,1006,?,i12,
1769501214.9642243,FORWARDED,4b1fd4b8-b7b9-49a6-857c-d6b905c149d4,a0a41c63-5a05-4c6b-a362-54edf5c0b7f0,c2,DROP,1006,?,i12,
1769501215.096859,RECEIVED,89ea2f4c-25fa-41b0-8e1c-734b01b3e214,b187e05a-fa6c-418b-924f-24dbe10ce66c,c5,DROP,1440,p2,?,
1769501215.1376002,RECEIVED,0915ddb8-02b7-45b7-8795-0cba7a915be7,4056c9eb-4928-45d9-a8cb-593c28b69e8f,c2,c1,2466,p2,?,
1769501215.1685946,SENT,0915ddb8-02b7-45b7-8795-0cba7a915be7,4056c9eb-4928-45d9-a8cb-593c28b69e8f,c2,c1,1775,?,i2,
1769501215.168628,FORWARDED,0915ddb8-02b7-45b7-8795-0cba7a915be7,4056c9eb-4928-45d9-a8cb-593c28b69e8f,c2,c1,1775,?,i2,
1769501215.236798,SENT,a78b5a0f-20e6-4ef3-b839-d91efffd67b2,de6f1555-bdb3-4470-9ec1-9ed05c817f95,c5,None,1599,?,i1,
1769501215.2368422,FORWARDED,a78b5a0f-20e6-4ef3-b839-d91efffd67b2,de6f1555-bdb3-4470-9ec1-9ed05c817f95,c5,None,1599,?,i1,
1769501215.2448432,SENT,3fca2064-582c-4aaf-9d27-eb5a8b767b6c,47d44ad3-a3d2-4980-8301-17fd749067da,c4,c3,1764,?,i12,
1769501215.2448819,FORWARDED,3fca2064-582c-4aaf-9d27-eb5a8b767b6c,47d44ad3-a3d2-4980-8301-17fd749067da,c4,c3,1764,?,i12,
1769501215.565108,RECEIVED,8c33e253-4c88-4b86-b4cd-050af16d2853,2c2ca087-c536-43e9-8c60-2d8ea46a2c91,c2,c1,2476,p2,?,
1769501215.5717392,RECEIVED,e97b96bd-e20d-4bf0-bf5d-c1fad6f70b1c,c2085656-2a68-43cb-b0e9-8a5214e177f1,c3,None,2221,p3,?,
1769501215.885612,RECEIVED,ef0047b7-6228-4403-b002-20981dee4886,28acfd69-16c8-429e-a205-ee9dbb66e16a,c2,DROP,1444,p2,?,
1769501215.9163358,SENT,e97b96bd-e20d-4bf0-bf5d-c1fad6f70b1c,c2085656-2a68-43cb-b0e9-8a5214e177f1,c3,None,1592,?,i12,
1769501215.91638,FORWARDED,e97b96bd-e20d-4bf0-bf5d-c1fad6f70b1c,c2085656-2a68-43cb-b0e9-8a5214e177f1,c3,None,1592,?,i12,
1769501215.9645226,RECEIVED,9811fc2e-f048-4505-8df0-50aadb22fc04,64d7268b-b2ad-4f70-b9ac-efd0e0a6e97b,c3,DROP,1448,p3,?,
1769501216.0028145,RECEIVED,55ce94d3-062f-493c-b6ec-df1b2ba106f8,f67e5f08-7a2a-4b3d-9e63-591109fed422,c4,DROP,1440,p1,?,
1769501216.0646205,SENT,55ce94d3-062f-493c-b6ec-df1b2ba106f8,f67e5f08-7a2a-4b3d-9e63-591109fed422,c4,DROP,1008,?,i9,
1769501216.064666,FORWARDED,55ce94d3-062f-493c-b6ec-df1b2ba106f8,f67e5f08-7a2a-4b3d-9e63-591109fed422,c4,DROP,1008,?,i9,
1769501216.164342,RECEIVED,1403e6d5-827e-4fb0-a0c3-9f92969aff74,507975df-e678-47c2-a607-3581aea0850c,c4,DROP,441,x11,?,
1769501216.2858171,RECEIVED,f1dd1e46-b19d-4686-b816-61c4dc4eb34c,bfa593b4-5bfb-4781-ae03-69bcf64bb2e2,c4,DROP,1440,p1,?,
1769501216.309449,SENT,9811fc2e-f048-4505-8df0-50aadb22fc04,64d7268b-b2ad-4f70-b9ac-efd0e0a6e97b,c3,DROP,1012,?,i1,
1769501216.309495,FORWARDED,9811fc2e-f048-4505-8df0-50aadb22fc04,64d7268b-b2ad-4f70-b9ac-efd0e0a6e97b,c3,DROP,1012,?,i1,
1769501216.450008,RECEIVED,bb22dda1-73fa-4275-b9b7-d6ebf25b7e99,f1b28289-70e0-4b65-8b8b-0e1c9ad21918,c1,DROP,1449,p1,?,
1769501216.4595554,RECEIVED,468e6a12-ebb7-4cea-94f9-bcd1cc2f63c9,24a0b14c-dd38-47e7-8842-ceaae78c33ea,c1,DROP,1439,p1,?,
1769501216.4889433,SENT,f1dd1e46-b19d-4686-b816-61c4dc4eb34c,bfa593b4-5bfb-4781-ae03-69bcf64bb2e2,c4,DROP,1008,?,i12,
1769501216.4889882,FORWARDED,f1dd1e46-b19d-4686-b816-61c4dc4eb34c,bfa593b4-5bfb-4781-ae03-69bcf64bb2e2,c4,DROP,1008,?,i12,
1769501216.5240045,RECEIVED,87d89376-854b-481c-9180-25a7c0d27978,8defe92d-488c-4bd5-bd34-b51923c49665,c1,DROP,442,x3,?,
1769501216.548461,SENT,bb22dda1-73fa-4275-b9b7-d6ebf25b7e99,f1b28289-70e0-4b65-8b8b-0e1c9ad21918,c1,DROP,1013,?,i10,
1769501216.5485027,FORWARDED,bb22dda1-73fa-4275-b9b7-d6ebf25b7e99,f1b28289-70e0-4b65-8b8b-0e1c9ad21918,c1,DROP,1013,?,i10,
1769501216.5691552,RECEIVED,67589483-1f5d-443a-9457-0d1d26462179,1372a204-3dbe-45f2-b4d5-f28c4c6aa689,c4,DROP,1439,p1,?,
1769501216.6028562,RECEIVED,18a25498-aff9-4796-adcf-cedf44dd33ce,6fbaee9a-a8c6-478d-9191-20db5adfdcb7,c3,None,2222,p3,?,
1769501216.616394,RECEIVED,b0e94405-6782-4454-9704-621be5a4637a,6ee089d2-3ce5-41ab-a510-f11adbeb2c22,c4,DROP,1440,p1,?,
1769501216.6827912,SENT,67589483-1f5d-443a-9457-0d1d26462179,1372a204-3dbe-45f2-b4d5-f28c4c6aa689,c4,DROP,1007,?,i6,
1769501216.6828341,FORWARDED,67589483-1f5d-443a-9457-0d1d26462179,1372a204-3dbe-45f2-b4d5-f28c4c6aa689,c4,DROP,1007,?,i6,
1769501216.711143,SENT,b0e94405-6782-4454-9704-621be5a4637a,6ee089d2-3ce5-41ab-a510-f11adbeb2c22,c4,DROP,1007,?,i4,
1769501216.7111857,FORWARDED,b0e94405-6782-4454-9704-621be5a4637a,6ee089d2-3ce5-41ab-a510-f11adbeb2c22,c4,DROP,1007,?,i4,
1769501216.755974,SENT,89ea2f4c-25fa-41b0-8e1c-734b01b3e214,b187e05a-fa6c-418b-924f-24dbe10ce66c,c5,DROP,1008,?,i11,
1769501216.756016,FORWARDED,89ea2f4c-25fa-41b0-8e1c-734b01b3e214,b187e05a-fa6c-418b-924f-24dbe10ce66c,c5,DROP,1008,?,i11,
1769501216.7823415,SENT,8c33e253-4c88-4b86-b4cd-050af16d2853,2c2ca087-c536-43e9-8c60-2d8ea46a2c91,c2,c1,1783,?,i12,
1769501216.783095,FORWARDED,8c33e253-4c88-4b86-b4cd-050af16d2853,2c2ca087-c536-43e9-8c60-2d8ea46a2c91,c2,c1,1783,?,i12,
1769501216.7980785,SENT,ef0047b7-6228-4403-b002-20981dee4886,28acfd69-16c8-429e-a205-ee9dbb66e16a,c2,DROP,1011,?,i11,
1769501216.7981224,FORWARDED,ef0047b7-6228-4403-b002-20981dee4886,28acfd69-16c8-429e-a205-ee9dbb66e16a,c2,DROP,1011,?,i11,
1769501216.8237782,RECEIVED,237a3b09-d60d-4097-98f9-4018c130bfd1,8bd9435e-3db4-47bc-b0cc-730c759d06c2,c3,DROP,442,x4,?,
1769501216.8719304,RECEIVED,c811a1ca-2aa8-447e-b2b9-fc02576cd4c7,318becb3-0e40-436f-b658-2a68ec1a4c37,c4,None,2233,p1,?,
1769501216.9687095,RECEIVED,65372c27-aded-457d-8890-cde3ee647431,b9472150-102f-49f9-a182-fb69f79b85f9,c4,DROP,1451,p1,?,
1769501216.9796247,RECEIVED,c3c740ba-130a-4352-a123-e0b678b44705,e55a2fce-077c-4a84-a834-e1bb8bc160d9,c4,DROP,1439,p1,?,
1769501217.0071557,RECEIVED,72d66417-c2e1-4e1a-86d7-bd98d87c4c24,cb769654-75ba-4039-b6bc-c97030593e21,c1,DROP,1451,p1,?,
1769501217.02697,SENT,c811a1ca-2aa8-447e-b2b9-fc02576cd4c7,318becb3-0e40-436f-b658-2a68ec1a4c37,c4,None,1600,?,i11,
1769501217.027015,FORWARDED,c811a1ca-2aa8-447e-b2b9-fc02576cd4c7,318becb3-0e40-436f-b658-2a68ec1a4c37,c4,None,1600,?,i11,
1769501217.0614421,RECEIVED,11769d54-f8d0-4464-a497-bc54ded7b577,7eae99f5-6356-463c-82c0-20d744aac9ff,c5,DROP,1455,p2,?,
1769501217.1049373,SENT,c3c740ba-130a-4352-a123-e0b678b44705,e55a2fce-077c-4a84-a834-e1bb8bc160d9,c4,DROP,1008,?,i8,
1769501217.1049802,FORWARDED,c3c740ba-130a-4352-a123-e0b678b44705,e55a2fce-077c-4a84-a834-e1bb8bc160d9,c4,DROP,1008,?,i8,
1769501217.256187,SENT,65372c27-aded-457d-8890-cde3ee647431,b9472150-102f-49f9-a182-fb69f79b85f9,c4,DROP,1016,?,i8,
1769501217.2562313,FORWARDED,65372c27-aded-457d-8890-cde3ee647431,b9472150-102f-49f9-a182-fb69f79b85f9,c4,DROP,1016,?,i8,
1769501217.3437395,RECEIVED,1b818f87-93be-4700-a310-bcd0086c21cd,ce564c0e-dd9d-48fc-91c3-cd9b6de2ffb9,c4,None,2232,p1,?,
1769501217.3451252,RECEIVED,0b867d96-e9a6-419d-b495-807f99931515,3e73cba3-1a68-4f50-8eb2-aadfa2850035,c5,c2,2472,p2,?,
1769501217.395507,SENT,468e6a12-ebb7-4cea-94f9-bcd1cc2f63c9,24a0b14c-dd38-47e7-8842-ceaae78c33ea,c1,DROP,1008,?,i6,
1769501217.3955495,FORWARDED,468e6a12-ebb7-4cea-94f9-bcd1cc2f63c9,24a0b14c-dd38-47e7-8842-ceaae78c33ea,c1,DROP,1008,?,i6,
1769501217.416015,SENT,0b867d96-e9a6-419d-b495-807f99931515,3e73cba3-1a68-4f50-8eb2-aadfa2850035,c5,c2,1781,?,i9,
1769501217.416061,FORWARDED,0b867d96-e9a6-419d-b495-807f99931515,3e73cba3-1a68-4f50-8eb2-aadfa2850035,c5,c2,1781,?,i9,
1769501217.4697602,SENT,1b818f87-93be-4700-a310-bcd0086c21cd,ce564c0e-dd9d-48fc-91c3-cd9b6de2ffb9,c4,None,1602,?,i4,
1769501217.4698017,FORWARDED,1b818f87-93be-4700-a310-bcd0086c21cd,ce564c0e-dd9d-48fc-91c3-cd9b6de2ffb9,c4,None,1602,?,i4,
1769501217.4777322,SENT,72d66417-c2e1-4e1a-86d7-bd98d87c4c24,cb769654-75ba-4039-b6bc-c97030593e21,c1,DROP,1017,?,i1,
1769501217.4777753,FORWARDED,72d66417-c2e1-4e1a-86d7-bd98d87c4c24,cb769654-75ba-4039-b6bc-c97030593e21,c1,DROP,1017,?,i1,
1769501217.5369234,SENT,11769d54-f8d0-4464-a497-bc54ded7b577,7eae99f5-6356-463c-82c0-20d744aac9ff,c5,DROP,1018,?,i8,
1769501217.5369666,FORWARDED,11769d54-f8d0-4464-a497-bc54ded7b577,7eae99f5-6356-463c-82c0-20d744aac9ff,c5,DROP,1018,?,i8,
1769501217.7888527,RECEIVED,20c33ac4-06bb-4cca-80c5-55f697b6c94d,083f0be6-5999-4a60-a31f-76c299fc48f6,c1,None,2228,p1,?,
1769501218.1599443,SENT,18a25498-aff9-4796-adcf-cedf44dd33ce,6fbaee9a-a8c6-478d-9191-20db5adfdcb7,c3,None,1594,?,i8,
1769501218.1599848,FORWARDED,18a25498-aff9-4796-adcf-cedf44dd33ce,6fbaee9a-a8c6-478d-9191-20db5adfdcb7,c3,None,1594,?,i8,
1769501218.3404224,RECEIVED,0712f8b9-7afb-4e25-a714-3edffc681885,ced2b1f1-4a68-4829-b470-62a99e9ea815,c1,DROP,1447,p1,?,
1769501218.3576374,RECEIVED,ab35054e-5790-4a22-82c1-bdcb8fd2ef40,307bc99a-fb9a-48e1-87b4-a6853d8f7f78,c3,c4,2470,p3,?,
1769501218.426279,RECEIVED,285e6468-0a33-4a8b-a7a8-c338dbdf9aa1,df5c099f-c8ef-4b01-a33f-f123e621e655,c2,DROP,1439,p2,?,
1769501218.545541,SENT,285e6468-0a33-4a8b-a7a8-c338dbdf9aa1,df5c099f-c8ef-4b01-a33f-f123e621e655,c2,DROP,1008,?,i4,
1769501218.5455825,FORWARDED,285e6468-0a33-4a8b-a7a8-c338dbdf9aa1,df5c099f-c8ef-4b01-a33f-f123e621e655,c2,DROP,1008,?,i4,
1769501218.5876095,SENT,20c33ac4-06bb-4cca-80c5-55f697b6c94d,083f0be6-5999-4a60-a31f-76c299fc48f6,c1,None,1598,?,i10,
1769501218.5876522,FORWARDED,20c33ac4-06bb-4cca-80c5-55f697b6c94d,083f0be6-5999-4a60-a31f-76c299fc48f6,c1,None,1598,?,i10,
1769501218.7146058,SENT,0712f8b9-7afb-4e25-a714-3edffc681885,ced2b1f1-4a68-4829-b470-62a99e9ea815,c1,DROP,1013,?,i2,
1769501218.7146454,FORWARDED,0712f8b9-7afb-4e25-a714-3edffc681885,ced2b1f1-4a68-4829-b470-62a99e9ea815,c1,DROP,1013,?,i2,
1769501218.7354033,RECEIVED,51e6d4a6-e866-4566-9d3e-237e57b5986f,bac32202-8dae-42d9-b77e-2c47ec02a244,c3,DROP,443,x10,?,
1769501218.7384634,RECEIVED,10e30477-4373-4d19-bbbd-cc6f8ad88e71,29e5866c-cbfd-4b86-ac89-b1da529d2d70,c1,DROP,1439,p1,?,
1769501218.7935255,RECEIVED,c82b3235-e5ee-4a41-a7af-ebfe48225071,2c3a3b8a-688d-434c-b751-250e144c93c5,c3,c4,2459,p3,?,
1769501218.8484454,RECEIVED,d4cd590b-8efd-4b31-baa5-9b828ea9118a,68da8df1-c246-4f6a-a1dc-7b3eb6a55e8e,c1,DROP,1460,p1,?,
1769501218.9712336,RECEIVED,902e7f4f-b463-434b-a39d-6292601163c4,78dc05d6-4999-433d-8cfa-4d1df646acd3,c2,DROP,1435,p2,?,
1769501219.0468812,RECEIVED,f9240ed4-54de-42c6-9789-de9cff9ce041,d33e93a2-a360-480b-b2a6-e0ac3009f4eb,c5,DROP,440,x1,?,
1769501219.155264,RECEIVED,86aa82a5-26dc-4935-8e2e-2502793afe47,4c2e2757-2d5f-4c1e-b5a7-1b51416bb99a,c2,DROP,1439,p2,?,
1769501219.1875994,SENT,10e30477-4373-4d19-bbbd-cc6f8ad88e71,29e5866c-cbfd-4b86-ac89-b1da529d2d70,c1,DROP,1007,?,i7,
1769501219.1876438,FORWARDED,10e30477-4373-4d19-bbbd-cc6f8ad88e71,29e5866c-cbfd-4b86-ac89-b1da529d2d70,c1,DROP,1007,?,i7,
1769501219.2597687,SENT,c82b3235-e5ee-4a41-a7af-ebfe48225071,2c3a3b8a-688d-434c-b751-250e144c93c5,c3,c4,1771,?,i9,
1769501219.2598102,FORWARDED,c82b3235-e5ee-4a41-a7af-ebfe48225071,2c3a3b8a-688d-434c-b751-250e144c93c5,c3,c4,1771,?,i9,
1769501219.4966643,RECEIVED,ba852896-a2eb-4d29-a5e6-ec2cc603b356,a5e06eac-11b5-419e-bf67-fc70effc3019,c1,DROP,1440,p1,?,
1769501219.5770092,SENT,86aa82a5-26dc-4935-8e2e-2502793afe47,4c2e2757-2d5f-4c1e-b5a7-1b51416bb99a,c2,DROP,1007,?,i4,
1769501219.5770721,FORWARDED,86aa82a5-26dc-4935-8e2e-2502793afe47,4c2e2757-2d5f-4c1e-b5a7-1b51416bb99a,c2,DROP,1007,?,i4,
1769501219.5954056,RECEIVED,810c64b1-1420-4406-b37a-c10d98430132,6240218b-38f8-4990-a111-fea0d18ef046,c3,DROP,1456,p3,?,
1769501219.634204,SENT,ba852896-a2eb-4d29-a5e6-ec2cc603b356,a5e06eac-11b5-419e-bf67-fc70effc3019,c1,DROP,1008,?,i12,
1769501219.6342492,FORWARDED,ba852896-a2eb-4d29-a5e6-ec2cc603b356,a5e06eac-11b5-419e-bf67-fc70effc3019,c1,DROP,1008,?,i12,
1769501219.7033696,SENT,902e7f4f-b463-434b-a39d-6292601163c4,78dc05d6-4999-433d-8cfa-4d1df646acd3,c2,DROP,1003,?,i9,
1769501219.7034113,FORWARDED,902e7f4f-b463-434b-a39d-6292601163c4,78dc05d6-4999-433d-8cfa-4d1df646acd3,c2,DROP,1003,?,i9,
1769501219.7423334,SENT,d4cd590b-8efd-4b31-baa5-9b828ea9118a,68da8df1-c246-4f6a-a1dc-7b3eb6a55e8e,c1,DROP,1021,?,i10,
1769501219.742387,FORWARDED,d4cd590b-8efd-4b31-baa5-9b828ea9118a,68da8df1-c246-4f6a-a1dc-7b3eb6a55e8e,c1,DROP,1021,?,i10,
1769501219.9225087,RECEIVED,3a59afe9-bdaa-4a9d-a7fa-18835970172b,aa6fb931-63f8-4b71-b89a-69342d396ce5,c1,DROP,1445,p1,?,
1769501219.923536,RECEIVED,91fa2ab7-5ab4-4513-9b35-e706fdd19d31,86187aaa-536d-4a0b-b77d-9b570004ec57,c1,DROP,1452,p1,?,
1769501219.9637797,SENT,3a59afe9-bdaa-4a9d-a7fa-18835970172b,aa6fb931-63f8-4b71-b89a-69342d396ce5,c1,DROP,1011,?,i6,
1769501219.9638216,FORWARDED,3a59afe9-bdaa-4a9d-a7fa-18835970172b,aa6fb931-63f8-4b71-b89a-69342d396ce5,c1,DROP,1011,?,i6,
1769501220.0106146,RECEIVED,4aa93d2a-8b64-4a99-8101-c6b36f6370ee,0d88f5d9-a8f7-4b43-a58c-d166d5351361,c1,c5,2459,p1,?,
1769501220.0696821,RECEIVED,269f907e-f1f8-4c25-862d-f222fc20660c,3fe0af5c-18d2-47cc-8443-4ff1c1cab35c,c2,None,2245,p2,?,
1769501220.1267817,RECEIVED,6c6d3d27-f6ef-47b8-bfc9-f7823151b9bf,5786c489-1119-4624-93e6-98720a01afaa,c5,DROP,441,x2,?,
1769501220.3704662,SENT,810c64b1-1420-4406-b37a-c10d98430132,6240218b-38f8-4990-a111-fea0d18ef046,c3,DROP,1020,?,i10,
1769501220.3705103,FORWARDED,810c64b1-1420-4406-b37a-c10d98430132,6240218b-38f8-4990-a111-fea0d18ef046,c3,DROP,1020,?,i10,
1769501220.3978205,RECEIVED,9426a1ca-5f8c-4ab8-b8eb-9159302fa87c,11634021-0689-4283-88e3-9eb93c25ecc3,c4,DROP,1441,p1,?,
1769501220.467934,SENT,9426a1ca-5f8c-4ab8-b8eb-9159302fa87c,11634021-0689-4283-88e3-9eb93c25ecc3,c4,DROP,1008,?,i8,
1769501220.467975,FORWARDED,9426a1ca-5f8c-4ab8-b8eb-9159302fa87c,11634021-0689-4283-88e3-9eb93c25ecc3,c4,DROP,1008,?,i8,
1769501220.5361645,SENT,269f907e-f1f8-4c25-862d-f222fc20660c,3fe0af5c-18d2-47cc-8443-4ff1c1cab35c,c2,None,1609,?,i10,
1769501220.536207,FORWARDED,269f907e-f1f8-4c25-862d-f222fc20660c,3fe0af5c-18d2-47cc-8443-4ff1c1cab35c,c2,None,1609,?,i10,
1769501220.6331606,SENT,4aa93d2a-8b64-4a99-8101-c6b36f6370ee,0d88f5d9-a8f7-4b43-a58c-d166d5351361,c1,c5,1771,?,i1,
1769501220.6331985,FORWARDED,4aa93d2a-8b64-4a99-8101-c6b36f6370ee,0d88f5d9-a8f7-4b43-a58c-d166d5351361,c1,c5,1771,?,i1,
1769501221.0394404,RECEIVED,e1514fb2-310b-46bd-bde0-459bdc162e29,2fb7c625-4a43-4c08-8ff0-5a5190155e2b,c5,DROP,1456,p2,?,
1769501221.0465567,SENT,ab35054e-5790-4a22-82c1-bdcb8fd2ef40,307bc99a-fb9a-48e1-87b4-a6853d8f7f78,c3,c4,1780,?,i12,
1769501221.0466,FORWARDED,ab35054e-5790-4a22-82c1-bdcb8fd2ef40,307bc99a-fb9a-48e1-87b4-a6853d8f7f78,c3,c4,1780,?,i12,
1769501221.0917017,RECEIVED,159f622e-ca96-4317-977e-456c61dacc46,0b38aff7-80ce-4aeb-b558-9908ff7d0f59,c4,None,2227,p1,?,
1769501221.1215167,RECEIVED,a1efc610-0ebb-46ec-a236-3107a7459d1c,ce267033-c088-4cae-9ca5-14b91505e1f2,c2,DROP,1449,p2,?,
1769501221.1488676,SENT,a1efc610-0ebb-46ec-a236-3107a7459d1c,ce267033-c088-4cae-9ca5-14b91505e1f2,c2,DROP,1012,?,i7,
1769501221.1489158,FORWARDED,a1efc610-0ebb-46ec-a236-3107a7459d1c,ce267033-c088-4cae-9ca5-14b91505e1f2,c2,DROP,1012,?,i7,
1769501221.2363143,RECEIVED,0063cf22-e12a-45b9-9432-40202c4d8807,29523da3-2f85-4c11-89df-b2a09a8915c4,c4,None,2223,p1,?,
1769501221.4181666,SENT,159f622e-ca96-4317-977e-456c61dacc46,0b38aff7-80ce-4aeb-b558-9908ff7d0f59,c4,None,1599,?,i9,
1769501221.4182086,FORWARDED,159f622e-ca96-4317-977e-456c61dacc46,0b38aff7-80ce-4aeb-b558-9908ff7d0f59,c4,None,1599,?,i9,
1769501221.5057101,RECEIVED,04453e1a-b957-4a0f-9816-ad3600cc0e2f,978e5562-03a3-41e9-83f9-1e1c2553dfcd,c1,c5,2463,p1,?,
1769501221.5794516,RECEIVED,79ab288a-47bf-413f-bfc2-74f5e303d8c7,b08f7436-3175-4f29-8a64-453582c49064,c1,None,2223,p1,?,
1769501221.68844,SENT,04453e1a-b957-4a0f-9816-ad3600cc0e2f,978e5562-03a3-41e9-83f9-1e1c2553dfcd,c1,c5,1776,?,i1,
1769501221.688481,FORWARDED,04453e1a-b957-4a0f-9816-ad3600cc0e2f,978e5562-03a3-41e9-83f9-1e1c2553dfcd,c1,c5,1776,?,i1,
1769501221.7083497,SENT,91fa2ab7-5ab4-4513-9b35-e706fdd19d31,86187aaa-536d-4a0b-b77d-9b570004ec57,c1,DROP,1015,?,i10,
1769501221.7083921,FORWARDED,91fa2ab7-5ab4-4513-9b35-e706fdd19d31,86187aaa-536d-4a0b-b77d-9b570004ec57,c1,DROP,1015,?,i10,
1769501221.7493532,SENT,0063cf22-e12a-45b9-9432-40202c4d8807,29523da3-2f85-4c11-89df-b2a09a8915c4,c4,None,1595,?,i9,
1769501221.7493901,FORWARDED,0063cf22-e12a-45b9-9432-40202c4d8807,29523da3-2f85-4c11-89df-b2a09a8915c4,c4,None,1595,?,i9,
1769501221.7526236,RECEIVED,e892bf4d-cdeb-4a50-a2f0-fa23577414ef,c6c4950a-149d-4211-901a-fa3621140a24,c2,DROP,1452,p2,?,
1769501221.8525095,RECEIVED,7a29b4fd-90fd-4922-ab7c-eef1add1f780,7746db6f-3bf3-4e4f-8616-d9059643480c,c2,None,2225,p2,?,
1769501221.983759,SENT,7a29b4fd-90fd-4922-ab7c-eef1add1f780,7746db6f-3bf3-4e4f-8616-d9059643480c,c2,None,1596,?,i10,
1769501221.9838028,FORWARDED,7a29b4fd-90fd-4922-ab7c-eef1add1f780,7746db6f-3bf3-4e4f-8616-d9059643480c,c2,None,1596,?,i10,
1769501221.9904282,SENT,e892bf4d-cdeb-4a50-a2f0-fa23577414ef,c6c4950a-149d-4211-901a-fa3621140a24,c2,DROP,1016,?,i3,
1769501221.9904692,FORWARDED,e892bf4d-cdeb-4a50-a2f0-fa23577414ef,c6c4950a-149d-4211-901a-fa3621140a24,c2,DROP,1016,?,i3,
1769501222.0922954,RECEIVED,ed48f17f-7058-42d5-905d-2f0370b3e60c,790706f3-7f31-4d7b-94ad-a4c760005c17,c4,None,2224,p1,?,
1769501222.1805387,SENT,e1514fb2-310b-46bd-bde0-459bdc162e29,2fb7c625-4a43-4c08-8ff0-5a5190155e2b,c5,DROP,1020,?,i11,
1769501222.180584,FORWARDED,e1514fb2-310b-46bd-bde0-459bdc162e29,2fb7c625-4a43-4c08-8ff0-5a5190155e2b,c5,DROP,1020,?,i11,
1769501222.1824212,SENT,ed48f17f-7058-42d5-905d-2f0370b3e60c,790706f3-7f31-4d7b-94ad-a4c760005c17,c4,None,1596,?,i4,
1769501222.1824706,FORWARDED,ed48f17f-7058-42d5-905d-2f0370b3e60c,790706f3-7f31-4d7b-94ad-a4c760005c17,c4,None,1596,?,i4,
1769501222.228176,SENT,79ab288a-47bf-413f-bfc2-74f5e303d8c7,b08f7436-3175-4f29-8a64-453582c49064,c1,None,1596,?,i6,
1769501222.228217,FORWARDED,79ab288a-47bf-413f-bfc2-74f5e303d8c7,b08f7436-3175-4f29-8a64-453582c49064,c1,None,1596,?,i6,
1769501222.91479,RECEIVED,7f1a5789-369a-45b2-a186-eda3fe582ee7,77963bc9-e7a9-464f-8182-1b0a7bcfa496,c4,DROP,1447,p1,?,
1769501222.9611678,RECEIVED,ebffecff-5df0-4a28-ac85-be2603e49ab5,8d231dcb-5a8d-4a34-8892-7ed4230db9f0,c4,DROP,441,x2,?,
1769501223.1801605,RECEIVED,3dbd84e8-415e-4aee-998d-613f4cc16e50,4dd4a14b-3ea1-4dc3-94d3-0c73d3060a37,c4,DROP,1439,p1,?,
1769501223.2160275,RECEIVED,4e39942c-0c93-42e2-b5b5-b3389f838d1a,ef28fc50-8261-4663-8784-c43b43c45083,c5,DROP,1440,p2,?,
1769501223.291848,SENT,4e39942c-0c93-42e2-b5b5-b3389f838d1a,ef28fc50-8261-4663-8784-c43b43c45083,c5,DROP,1007,?,i9,
1769501223.2918897,FORWARDED,4e39942c-0c93-42e2-b5b5-b3389f838d1a,ef28fc50-8261-4663-8784-c43b43c45083,c5,DROP,1007,?,i9,
1769501223.3298202,SENT,3dbd84e8-415e-4aee-998d-613f4cc16e50,4dd4a14b-3ea1-4dc3-94d3-0c73d3060a37,c4,DROP,1008,?,i8,
1769501223.3298588,FORWARDED,3dbd84e8-415e-4aee-998d-613f4cc16e50,4dd4a14b-3ea1-4dc3-94d3-0c73d3060a37,c4,DROP,1008,?,i8,
1769501223.3458595,RECEIVED,a76cd9cc-e653-4555-927b-fc79ef1308f4,c49bbaf3-fa24-48df-a0cb-3500c9c4fb6f,c4,DROP,1461,p1,?,
1769501223.4325085,RECEIVED,62d283cd-8a46-4ff3-acbf-706c00052b9f,8619372e-8b76-4060-8eb7-9b3d87c5c869,c5,DROP,1450,p2,?,
1769501223.6782644,RECEIVED,ad907762-c109-4806-8609-24da7147943e,ddf64964-035d-481b-bb5b-cf0e11af7ff9,c1,DROP,438,x9,?,
1769501223.6820042,RECEIVED,21f8e5e9-71f7-4d0b-a7ec-8dd1f3a3c551,d1f9fd79-a014-48f5-a6f3-affa757d937e,c5,DROP,1441,p2,?,
1769501223.7183495,SENT,a76cd9cc-e653-4555-927b-fc79ef1308f4,c49bbaf3-fa24-48df-a0cb-3500c9c4fb6f,c4,DROP,1022,?,i11,
1769501223.7183938,FORWARDED,a76cd9cc-e653-4555-927b-fc79ef1308f4,c49bbaf3-fa24-48df-a0cb-3500c9c4fb6f,c4,DROP,1022,?,i11,
1769501223.7223377,SENT,21f8e5e9-71f7-4d0b-a7ec-8dd1f3a3c551,d1f9fd79-a014-48f5-a6f3-affa757d937e,c5,DROP,1008,?,i5,
1769501223.7223806,FORWARDED,21f8e5e9-71f7-4d0b-a7ec-8dd1f3a3c551,d1f9fd79-a014-48f5-a6f3-affa757d937e,c5,DROP,1008,?,i5,
1769501223.9483821,RECEIVED,1b2c25d0-8b35-46f1-a16a-aa3302af51d5,3ec901a8-bbba-460e-98d2-26e204920add,c1,c5,2463,p1,?,
1769501224.0169687,RECEIVED,f79aa5d8-fa93-4365-9a21-cd7897ced833,07fb2810-cfcc-48d8-90af-a978fb84e5c2,c4,c3,2459,p1,?,
1769501224.043955,RECEIVED,bf422317-e2fa-44ed-bda5-542cc13ed197,ef08e23b-670d-4239-a6fa-eb1d8f751a49,c1,c5,2447,p1,?,
1769501224.1713004,SENT,7f1a5789-369a-45b2-a186-eda3fe582ee7,77963bc9-e7a9-464f-8182-1b0a7bcfa496,c4,DROP,1012,?,i8,
1769501224.1713424,FORWARDED,7f1a5789-369a-45b2-a186-eda3fe582ee7,77963bc9-e7a9-464f-8182-1b0a7bcfa496,c4,DROP,1012,?,i8,
1769501224.1819801,RECEIVED,9d54266b-7845-47ce-98e4-4affd4ccc888,400053e7-95e7-473b-bad3-1549a39e53b3,c1,None,2228,p1,?,
1769501224.203718,RECEIVED,324fee87-2d21-4f12-a88e-4b5a0e95bd40,a1a70244-334d-44ca-8a9e-324c8ccc7cc6,c2,DROP,1440,p2,?,
1769501224.2432802,RECEIVED,44190fbd-b75e-4979-a581-db12e4b548e1,da50a3a8-55a0-4aee-ad8b-274506ea68b9,c4,DROP,441,x12,?,
1769501224.2465415,SENT,bf422317-e2fa-44ed-bda5-542cc13ed197,ef08e23b-670d-4239-a6fa-eb1d8f751a49,c1,c5,1763,?,i2,
1769501224.246581,FORWARDED,bf422317-e2fa-44ed-bda5-542cc13ed197,ef08e23b-670d-4239-a6fa-eb1d8f751a49,c1,c5,1763,?,i2,
1769501224.32739,RECEIVED,16a196ed-2f9f-41c0-b050-74c5636d82d4,b453dc82-bfe3-44b5-a604-d3a603141335,c4,DROP,1453,p1,?,
1769501224.3986068,SENT,324fee87-2d21-4f12-a88e-4b5a0e95bd40,a1a70244-334d-44ca-8a9e-324c8ccc7cc6,c2,DROP,1008,?,i3,
1769501224.3986497,FORWARDED,324fee87-2d21-4f12-a88e-4b5a0e95bd40,a1a70244-334d-44ca-8a9e-324c8ccc7cc6,c2,DROP,1008,?,i3,
1769501224.4542506,SENT,16a196ed-2f9f-41c0-b050-74c5636d82d4,b453dc82-bfe3-44b5-a604-d3a603141335,c4,DROP,1016,?,i12,
1769501224.4542935,FORWARDED,16a196ed-2f9f-41c0-b050-74c5636d82d4,b453dc82-bfe3-44b5-a604-d3a603141335,c4,DROP,1016,?,i12,
1769501224.5938776,SENT,9d54266b-7845-47ce-98e4-4affd4ccc888,400053e7-95e7-473b-bad3-1549a39e53b3,c1,None,1599,?,i9,
1769501224.5939133,FORWARDED,9d54266b-7845-47ce-98e4-4affd4ccc888,400053e7-95e7-473b-bad3-1549a39e53b3,c1,None,1599,?,i9,
1769501224.753018,SENT,f79aa5d8-fa93-4365-9a21-cd7897ced833,07fb2810-cfcc-48d8-90af-a978fb84e5c2,c4,c3,1772,?,i9,
1769501224.7530775,FORWARDED,f79aa5d8-fa93-4365-9a21-cd7897ced833,07fb2810-cfcc-48d8-90af-a978fb84e5c2,c4,c3,1772,?,i9,
1769501224.7959778,RECEIVED,1a7763f9-b53b-415e-96d6-874ec63b25f6,ba727153-39af-4b21-898b-b356ff8e60dd,c1,DROP,1439,p1,?,
1769501224.8700821,RECEIVED,ebeaac79-29e2-4d09-8a43-af126c338d36,852b8c8a-6bba-4ed4-ab03-b30fb701b135,c4,DROP,1440,p1,?,
1769501224.8945358,RECEIVED,76cccc0a-8690-4137-b026-551f3e3d6496,1274a6c0-90c4-4914-aecd-654b297f75fc,c5,DROP,442,x4,?,
1769501224.915325,SENT,1a7763f9-b53b-415e-96d6-874ec63b25f6,ba727153-39af-4b21-898b-b356ff8e60dd,c1,DROP,1007,?,i4,
1769501224.9153671,FORWARDED,1a7763f9-b53b-415e-96d6-874ec63b25f6,ba727153-39af-4b21-898b-b356ff8e60dd,c1,DROP,1007,?,i4,
1769501225.0703158,RECEIVED,4f6440af-ea2c-4bc5-979b-0d042188a232,b1802e77-6efd-4d6e-b33a-b96105ba29c1,c5,None,2233,p2,?,
1769501225.1262486,SENT,4f6440af-ea2c-4bc5-979b-0d042188a232,b1802e77-6efd-4d6e-b33a-b96105ba29c1,c5,None,1601,?,i9,
1769501225.1262898,FORWARDED,4f6440af-ea2c-4bc5-979b-0d042188a232,b1802e77-6efd-4d6e-b33a-b96105ba29c1,c5,None,1601,?,i9,
1769501225.1517675,SENT,ebeaac79-29e2-4d09-8a43-af126c338d36,852b8c8a-6bba-4ed4-ab03-b30fb701b135,c4,DROP,1007,?,i1,
1769501225.1518457,FORWARDED,ebeaac79-29e2-4d09-8a43-af126c338d36,852b8c8a-6bba-4ed4-ab03-b30fb701b135,c4,DROP,1007,?,i1,
1769501225.33669,SENT,62d283cd-8a46-4ff3-acbf-706c00052b9f,8619372e-8b76-4060-8eb7-9b3d87c5c869,c5,DROP,1015,?,i8,
1769501225.3367329,FORWARDED,62d283cd-8a46-4ff3-acbf-706c00052b9f,8619372e-8b76-4060-8eb7-9b3d87c5c869,c5,DROP,1015,?,i8,
1769501225.3462648,RECEIVED,2a8ad53a-4ab8-4bce-9348-e17565f5ec9c,f6bfaa38-63ee-4576-b82c-af6806cde28e,c3,DROP,1439,p3,?,
1769501225.5079694,SENT,1b2c25d0-8b35-46f1-a16a-aa3302af51d5,3ec901a8-bbba-460e-98d2-26e204920add,c1,c5,1776,?,i8,
1769501225.508025,FORWARDED,1b2c25d0-8b35-46f1-a16a-aa3302af51d5,3ec901a8-bbba-460e-98d2-26e204920add,c1,c5,1776,?,i8,
1769501225.668495,SENT,2a8ad53a-4ab8-4bce-9348-e17565f5ec9c,f6bfaa38-63ee-4576-b82c-af6806cde28e,c3,DROP,1008,?,i6,
1769501225.6685355,FORWARDED,2a8ad53a-4ab8-4bce-9348-e17565f5ec9c,f6bfaa38-63ee-4576-b82c-af6806cde28e,c3,DROP,1008,?,i6,
1769501226.0087476,RECEIVED,696e28e5-463b-4ac0-875b-5628e9f50542,80dd5b01-535f-4cd2-b24c-c4d1ad1b455b,c2,c1,2455,p2,?,
1769501226.1795733,RECEIVED,9f9e0158-4ddf-4c0a-827e-f27961add421,34da4ef8-051d-41a3-a6d7-333d3b58c0bb,c5,DROP,441,x1,?,
1769501226.2017121,RECEIVED,5486153a-60e7-4f34-9d4d-ab7b844d116e,b3b73376-6a83-4c48-9068-22c88b46d26f,c2,DROP,1435,p2,?,
1769501226.308793,RECEIVED,029bc04c-7ee7-4d82-9c1a-76b42f96591c,563f4673-a14b-4671-b443-41aa4beaf1a5,c5,None,2235,p2,?,
1769501226.3137903,RECEIVED,3bf46b38-06de-4fbc-a56f-3f02785a4142,c662ef56-0ef5-4ecf-b7dd-5188589c1bc9,c3,c4,2459,p3,?,
1769501226.3145065,RECEIVED,71f26350-dd1d-4415-978c-2ba75d57b24d,4464ac41-1ea6-4081-b8c0-e0cf1cbea468,c5,DROP,442,x7,?,
1769501226.3561423,RECEIVED,61da8629-3295-470a-9704-5bb04bab1049,0eaa0eb6-de72-4357-85ec-15b789fe583a,c4,None,2237,p1,?,
1769501226.3966815,RECEIVED,1d6ff401-19e8-44fe-bd3c-9b24a39bf2e2,1315ae7d-38d9-4a8d-8fdf-abcc7afb8f50,c1,None,2228,p1,?,
1769501226.4263613,RECEIVED,8d7f4881-09e1-4c58-ae91-11948890783a,14570484-694d-4c3d-8915-835c7ef5e1b5,c4,DROP,1451,p1,?,
1769501226.5130968,SENT,1d6ff401-19e8-44fe-bd3c-9b24a39bf2e2,1315ae7d-38d9-4a8d-8fdf-abcc7afb8f50,c1,None,1599,?,i8,
1769501226.513135,FORWARDED,1d6ff401-19e8-44fe-bd3c-9b24a39bf2e2,1315ae7d-38d9-4a8d-8fdf-abcc7afb8f50,c1,None,1599,?,i8,
1769501226.540188,SENT,61da8629-3295-470a-9704-5bb04bab1049,0eaa0eb6-de72-4357-85ec-15b789fe583a,c4,None,1603,?,i10,
1769501226.540232,FORWARDED,61da8629-3295-470a-9704-5bb04bab1049,0eaa0eb6-de72-4357-85ec-15b789fe583a,c4,None,1603,?,i10,
1769501226.5480452,SENT,696e28e5-463b-4ac0-875b-5628e9f50542,80dd5b01-535f-4cd2-b24c-c4d1ad1b455b,c2,c1,1768,?,i3,
1769501226.548098,FORWARDED,696e28e5-463b-4ac0-875b-5628e9f50542,80dd5b01-535f-4cd2-b24c-c4d1ad1b455b,c2,c1,1768,?,i3,
1769501226.677764,SENT,5486153a-60e7-4f34-9d4d-ab7b844d116e,b3b73376-6a83-4c48-9068-22c88b46d26f,c2,DROP,1004,?,i7,
1769501226.6778066,FORWARDED,5486153a-60e7-4f34-9d4d-ab7b844d116e,b3b73376-6a83-4c48-9068-22c88b46d26f,c2,DROP,1004,?,i7,
1769501226.880853,RECEIVED,088b207c-1da1-479d-8f11-f11a0d6a38a2,fb1cda18-5736-4316-8c0f-76efd2dd30b4,c5,DROP,1455,p2,?,
1769501227.023983,SENT,029bc04c-7ee7-4d82-9c1a-76b42f96591c,563f4673-a14b-4671-b443-41aa4beaf1a5,c5,None,1603,?,i6,
1769501227.0240293,FORWARDED,029bc04c-7ee7-4d82-9c1a-76b42f96591c,563f4673-a14b-4671-b443-41aa4beaf1a5,c5,None,1603,?,i6,
1769501227.0399494,RECEIVED,db878fba-639a-4072-b717-f8f9dae02152,e2d8f85b-8ae4-4fb1-a3d0-27172d07f737,c2,DROP,1444,p2,?,
1769501227.06806,RECEIVED,d3df34fd-0076-44b3-bb1f-b0fd2900134f,70fb42cd-d0d4-43cb-9ab6-0b2899222190,c4,DROP,1447,p1,?,
1769501227.1368477,SENT,db878fba-639a-4072-b717-f8f9dae02152,e2d8f85b-8ae4-4fb1-a3d0-27172d07f737,c2,DROP,1011,?,i7,
1769501227.1368885,FORWARDED,db878fba-639a-4072-b717-f8f9dae02152,e2d8f85b-8ae4-4fb1-a3d0-27172d07f737,c2,DROP,1011,?,i7,
1769501227.1637392,RECEIVED,68a34e0d-a9b4-4fa1-91d1-52fb1b0e15d2,43a812f6-9442-45d8-8250-c379d4dd6afd,c5,c2,2464,p2,?,
1769501227.1775477,SENT,3bf46b38-06de-4fbc-a56f-3f02785a4142,c662ef56-0ef5-4ecf-b7dd-5188589c1bc9,c3,c4,1771,?,i5,
1769501227.1775863,FORWARDED,3bf46b38-06de-4fbc-a56f-3f02785a4142,c662ef56-0ef5-4ecf-b7dd-5188589c1bc9,c3,c4,1771,?,i5,
1769501227.259783,SENT,68a34e0d-a9b4-4fa1-91d1-52fb1b0e15d2,43a812f6-9442-45d8-8250-c379d4dd6afd,c5,c2,1776,?,i9,
1769501227.259843,FORWARDED,68a34e0d-a9b4-4fa1-91d1-52fb1b0e15d2,43a812f6-9442-45d8-8250-c379d4dd6afd,c5,c2,1776,?,i9,
1769501227.3449938,RECEIVED,60cce165-f801-420a-af35-cff226fbcbfa,f673f0d2-8e58-42b9-bbd3-6ce8fa6e5389,c3,None,2223,p3,?,
1769501227.3467197,SENT,8d7f4881-09e1-4c58-ae91-11948890783a,14570484-694d-4c3d-8915-835c7ef5e1b5,c4,DROP,1016,?,i2,
1769501227.3467617,FORWARDED,8d7f4881-09e1-4c58-ae91-11948890783a,14570484-694d-4c3d-8915-835c7ef5e1b5,c4,DROP,1016,?,i2,
1769501227.3621655,SENT,d3df34fd-0076-44b3-bb1f-b0fd2900134f,70fb42cd-d0d4-43cb-9ab6-0b2899222190,c4,DROP,1013,?,i2,
1769501227.3622072,FORWARDED,d3df34fd-0076-44b3-bb1f-b0fd2900134f,70fb42cd-d0d4-43cb-9ab6-0b2899222190,c4,DROP,1013,?,i2,
1769501227.6076765,RECEIVED,7c081103-c847-4836-84ce-4fe36d588a20,50a6c76d-2e5d-4337-84c1-141ea84afa85,c1,DROP,1451,p1,?,
1769501227.6878383,RECEIVED,e317169b-b409-43bb-9d21-f23b5de3d4e5,fda60949-54b9-48d3-a111-536049c04352,c5,c2,2459,p2,?,
1769501227.986146,RECEIVED,5f5586a9-5ff0-4090-a21c-c941c96364c0,c04f5f85-3597-4998-a9d0-709a160f3955,c4,DROP,1451,p1,?,
1769501228.1113343,SENT,60cce165-f801-420a-af35-cff226fbcbfa,f673f0d2-8e58-42b9-bbd3-6ce8fa6e5389,c3,None,1595,?,i1,
1769501228.1113782,FORWARDED,60cce165-f801-420a-af35-cff226fbcbfa,f673f0d2-8e58-42b9-bbd3-6ce8fa6e5389,c3,None,1595,?,i1,
1769501228.121077,RECEIVED,cff9c1bc-8cdc-4a89-a60c-72b78e71dabb,11392ae9-a73c-4fb7-a64b-009a44b78b6e,c4,DROP,1439,p1,?,
1769501228.4736164,SENT,7c081103-c847-4836-84ce-4fe36d588a20,50a6c76d-2e5d-4337-84c1-141ea84afa85,c1,DROP,1015,?,i9,
1769501228.4736607,FORWARDED,7c081103-c847-4836-84ce-4fe36d588a20,50a6c76d-2e5d-4337-84c1-141ea84afa85,c1,DROP,1015,?,i9,
1769501228.6128213,RECEIVED,9a32f871-e183-4423-b140-b9e5ab92e7bc,1c0f2527-e6d8-409c-96d8-c64364f896d2,c4,DROP,1440,p1,?,
1769501228.741099,SENT,088b207c-1da1-479d-8f11-f11a0d6a38a2,fb1cda18-5736-4316-8c0f-76efd2dd30b4,c5,DROP,1020,?,i3,
1769501228.7411418,FORWARDED,088b207c-1da1-479d-8f11-f11a0d6a38a2,fb1cda18-5736-4316-8c0f-76efd2dd30b4,c5,DROP,1020,?,i3,
1769501228.7747347,RECEIVED,d049cebc-fabd-4156-b8f5-5959f5fa7906,73717a3c-b36a-4416-9d12-70449c6fdeaf,c3,c4,2447,p3,?,
1769501228.8243248,RECEIVED,b55ba452-f240-4ca6-8aa7-d3fb3f96dbd2,b2782851-5225-43b5-9687-3c08f53c2f33,c3,DROP,445,x12,?,
1769501228.8507397,SENT,9a32f871-e183-4423-b140-b9e5ab92e7bc,1c0f2527-e6d8-409c-96d8-c64364f896d2,c4,DROP,1007,?,i6,
1769501228.8507743,FORWARDED,9a32f871-e183-4423-b140-b9e5ab92e7bc,1c0f2527-e6d8-409c-96d8-c64364f896d2,c4,DROP,1007,?,i6,
1769501228.8837733,SENT,5f5586a9-5ff0-4090-a21c-c941c96364c0,c04f5f85-3597-4998-a9d0-709a160f3955,c4,DROP,1016,?,i6,
1769501228.883816,FORWARDED,5f5586a9-5ff0-4090-a21c-c941c96364c0,c04f5f85-3597-4998-a9d0-709a160f3955,c4,DROP,1016,?,i6,
1769501229.0652852,SENT,cff9c1bc-8cdc-4a89-a60c-72b78e71dabb,11392ae9-a73c-4fb7-a64b-009a44b78b6e,c4,DROP,1007,?,i2,
1769501229.0653315,FORWARDED,cff9c1bc-8cdc-4a89-a60c-72b78e71dabb,11392ae9-a73c-4fb7-a64b-009a44b78b6e,c4,DROP,1007,?,i2,
1769501229.3522036,RECEIVED,e87d46fe-3391-49b4-8da7-3f9ca005d7d2,87dc47a8-2b16-4333-a9d6-09f8cbd351af,c4,DROP,1456,p1,?,
1769501229.365392,RECEIVED,aa8b3a58-b320-4e25-bbe1-784d8a6dcba1,78cc6217-aa2c-4e36-b833-b1da44bee912,c3,c4,2463,p3,?,
1769501229.4147716,SENT,d049cebc-fabd-4156-b8f5-5959f5fa7906,73717a3c-b36a-4416-9d12-70449c6fdeaf,c3,c4,1764,?,i4,
1769501229.4148138,FORWARDED,d049cebc-fabd-4156-b8f5-5959f5fa7906,73717a3c-b36a-4416-9d12-70449c6fdeaf,c3,c4,1764,?,i4,
1769501229.4758224,RECEIVED,5cca0eec-db24-4710-99e2-82b9ed64b211,458b6ace-829c-42f5-af4a-4cfb8930dc76,c4,DROP,1435,p1,?,
1769501229.4915488,SENT,e87d46fe-3391-49b4-8da7-3f9ca005d7d2,87dc47a8-2b16-4333-a9d6-09f8cbd351af,c4,DROP,1020,?,i4,
1769501229.491591,FORWARDED,e87d46fe-3391-49b4-8da7-3f9ca005d7d2,87dc47a8-2b16-4333-a9d6-09f8cbd351af,c4,DROP,1020,?,i4,
1769501229.5143898,SENT,aa8b3a58-b320-4e25-bbe1-784d8a6dcba1,78cc6217-aa2c-4e36-b833-b1da44bee912,c3,c4,1775,?,i3,
1769501229.514429,FORWARDED,aa8b3a58-b320-4e25-bbe1-784d8a6dcba1,78cc6217-aa2c-4e36-b833-b1da44bee912,c3,c4,1775,?,i3,
1769501229.5718265,RECEIVED,61a4b963-0e14-447d-84ed-48c7afbb3ddc,3e816432-09ea-4525-834e-a08c1a816c07,c2,DROP,1444,p2,?,
1769501229.5835996,SENT,e317169b-b409-43bb-9d21-f23b5de3d4e5,fda60949-54b9-48d3-a111-536049c04352,c5,c2,1771,?,i5,
1769501229.5836399,FORWARDED,e317169b-b409-43bb-9d21-f23b5de3d4e5,fda60949-54b9-48d3-a111-536049c04352,c5,c2,1771,?,i5,
1769501229.9078994,SENT,61a4b963-0e14-447d-84ed-48c7afbb3ddc,3e816432-09ea-4525-834e-a08c1a816c07,c2,DROP,1011,?,i8,
1769501229.9079418,FORWARDED,61a4b963-0e14-447d-84ed-48c7afbb3ddc,3e816432-09ea-4525-834e-a08c1a816c07,c2,DROP,1011,?,i8,
1769501230.0721245,RECEIVED,0cb79d02-6b77-457e-ba24-d6c6c9d53709,81e02015-6f66-484f-a3e6-e9ba2c5623d4,c5,DROP,1443,p2,?,
1769501230.1200008,RECEIVED,8627021c-d807-445f-a2f5-241b614c4fed,c5832530-42cd-43d2-a61b-e6a19272c994,c1,DROP,446,x10,?,
1769501230.1876354,RECEIVED,758301e4-09dc-4bce-bac7-55f3b18684ca,2fb32676-89b7-4181-8ddb-2bdf2506cfc0,c4,None,2223,p1,?,
1769501230.2460277,RECEIVED,00b51211-e477-47e3-bbf0-b44e0b75285d,e7ac630d-1b69-4a6d-9513-cce28210c0d9,c4,DROP,1444,p1,?,
1769501230.294257,RECEIVED,afb23dff-1ddd-43cd-828d-6dd5e5b4c192,cfdb4a81-5949-4e01-8aac-08762f52881b,c3,DROP,1457,p3,?,
1769501230.2957253,RECEIVED,85c387d6-5bd8-4cf9-98b4-adbbdad9cc1e,aaabd589-a7d9-4683-b219-061d874b9ced,c1,DROP,1440,p1,?,
1769501230.3655453,SENT,afb23dff-1ddd-43cd-828d-6dd5e5b4c192,cfdb4a81-5949-4e01-8aac-08762f52881b,c3,DROP,1019,?,i11,
1769501230.3655975,FORWARDED,afb23dff-1ddd-43cd-828d-6dd5e5b4c192,cfdb4a81-5949-4e01-8aac-08762f52881b,c3,DROP,1019,?,i11,
1769501230.40448,RECEIVED,efdabfb3-d76a-4caf-aa45-4f2e2255d1d6,cc633c50-07a8-4738-b3c4-044680ca84a0,c3,c4,2459,p3,?,
1769501230.4459774,RECEIVED,21b20486-203c-4e27-bfc3-1d984bf0cdf9,e616c0d3-5a4f-4a2f-bad6-8a7430ae9bbb,c2,None,2237,p2,?,
1769501230.4816062,SENT,85c387d6-5bd8-4cf9-98b4-adbbdad9cc1e,aaabd589-a7d9-4683-b219-061d874b9ced,c1,DROP,1008,?,i6,
1769501230.4816504,FORWARDED,85c387d6-5bd8-4cf9-98b4-adbbdad9cc1e,aaabd589-a7d9-4683-b219-061d874b9ced,c1,DROP,1008,?,i6,
1769501230.4931421,SENT,00b51211-e477-47e3-bbf0-b44e0b75285d,e7ac630d-1b69-4a6d-9513-cce28210c0d9,c4,DROP,1011,?,i7,
1769501230.4931839,FORWARDED,00b51211-e477-47e3-bbf0-b44e0b75285d,e7ac630d-1b69-4a6d-9513-cce28210c0d9,c4,DROP,1011,?,i7,
1769501230.5485163,RECEIVED,12d21de4-2a8c-40c8-8026-39180d4b816e,cfc78508-737c-44c2-b9c8-ab88dd5a8cd9,c3,DROP,1447,p3,?,
1769501230.6143045,SENT,5cca0eec-db24-4710-99e2-82b9ed64b211,458b6ace-829c-42f5-af4a-4cfb8930dc76,c4,DROP,1004,?,i8,
1769501230.6143482,FORWARDED,5cca0eec-db24-4710-99e2-82b9ed64b211,458b6ace-829c-42f5-af4a-4cfb8930dc76,c4,DROP,1004,?,i8,
1769501230.7247007,SENT,21b20486-203c-4e27-bfc3-1d984bf0cdf9,e616c0d3-5a4f-4a2f-bad6-8a7430ae9bbb,c2,None,1603,?,i10,
1769501230.724833,FORWARDED,21b20486-203c-4e27-bfc3-1d984bf0cdf9,e616c0d3-5a4f-4a2f-bad6-8a7430ae9bbb,c2,None,1603,?,i10,
1769501230.7761586,SENT,758301e4-09dc-4bce-bac7-55f3b18684ca,2fb32676-89b7-4181-8ddb-2bdf2506cfc0,c4,None,1596,?,i9,
1769501230.7762005,FORWARDED,758301e4-09dc-4bce-bac7-55f3b18684ca,2fb32676-89b7-4181-8ddb-2bdf2506cfc0,c4,None,1596,?,i9,
1769501230.7906036,RECEIVED,0cd10247-4f27-4324-bb4e-8360ca828948,28d2feed-8c6f-498f-81d6-c4823eb39f74,c2,DROP,1439,p2,?,
1769501230.9894085,SENT,0cb79d02-6b77-457e-ba24-d6c6c9d53709,81e02015-6f66-484f-a3e6-e9ba2c5623d4,c5,DROP,1009,?,i1,
1769501230.989453,FORWARDED,0cb79d02-6b77-457e-ba24-d6c6c9d53709,81e02015-6f66-484f-a3e6-e9ba2c5623d4,c5,DROP,1009,?,i1,
1769501231.1400127,RECEIVED,6b4b26ce-dae0-454c-b2b2-60222a237bb8,a90e60b9-c5e7-419b-ae15-6df3b891ddb7,c4,DROP,1439,p1,?,
1769501231.349885,SENT,0cd10247-4f27-4324-bb4e-8360ca828948,28d2feed-8c6f-498f-81d6-c4823eb39f74,c2,DROP,1008,?,i9,
1769501231.3499262,FORWARDED,0cd10247-4f27-4324-bb4e-8360ca828948,28d2feed-8c6f-498f-81d6-c4823eb39f74,c2,DROP,1008,?,i9,
1769501231.4519658,RECEIVED,96aa029e-3299-42e8-8338-68b5e260fd2a,86c5545e-34d0-4e15-9994-53dbcaf7e2ff,c4,c3,2463,p1,?,
1769501231.5081651,RECEIVED,16a46859-eab9-4d90-9a2d-06bae87e9115,f44238d1-81c5-4800-901d-37ade9681188,c5,DROP,1452,p2,?,
1769501231.514225,RECEIVED,0cd47da4-2c0f-4f58-b9b7-d0743d2318ef,b60704ec-9152-4324-aaa7-cf0a731e237d,c4,DROP,1440,p1,?,
1769501231.538447,SENT,12d21de4-2a8c-40c8-8026-39180d4b816e,cfc78508-737c-44c2-b9c8-ab88dd5a8cd9,c3,DROP,1012,?,i2,
1769501231.5384889,FORWARDED,12d21de4-2a8c-40c8-8026-39180d4b816e,cfc78508-737c-44c2-b9c8-ab88dd5a8cd9,c3,DROP,1012,?,i2,
1769501231.720427,SENT,efdabfb3-d76a-4caf-aa45-4f2e2255d1d6,cc633c50-07a8-4738-b3c4-044680ca84a0,c3,c4,1773,?,i7,
1769501231.720467,FORWARDED,efdabfb3-d76a-4caf-aa45-4f2e2255d1d6,cc633c50-07a8-4738-b3c4-044680ca84a0,c3,c4,1773,?,i7,
1769501231.7344046,SENT,0cd47da4-2c0f-4f58-b9b7-d0743d2318ef,b60704ec-9152-4324-aaa7-cf0a731e237d,c4,DROP,1008,?,i4,
1769501231.7344394,FORWARDED,0cd47da4-2c0f-4f58-b9b7-d0743d2318ef,b60704ec-9152-4324-aaa7-cf0a731e237d,c4,DROP,1008,?,i4,
1769501231.8193598,RECEIVED,a0525c84-fe11-4dc4-baab-6e4ff9f2a0ea,8025478c-f5fd-4aed-a4b0-eee7790b77f7,c5,DROP,441,x3,?,
1769501231.8924243,RECEIVED,a1362194-536e-4cd0-8eb7-0e390545f759,780f5824-5b74-4565-819a-9297a5f724f9,c1,DROP,445,x4,?,
1769501231.9383404,SENT,16a46859-eab9-4d90-9a2d-06bae87e9115,f44238d1-81c5-4800-901d-37ade9681188,c5,DROP,1017,?,i3,
1769501231.9383836,FORWARDED,16a46859-eab9-4d90-9a2d-06bae87e9115,f44238d1-81c5-4800-901d-37ade9681188,c5,DROP,1017,?,i3,
1769501232.128588,RECEIVED,66058942-4cb9-4a01-bb31-6fae4e5e566e,f8b29685-ca93-4ffe-b964-2a4d484c894b,c4,DROP,1451,p1,?,
1769501232.1425893,RECEIVED,7e3bbdf7-8c8b-4e17-8287-f804e5587c1a,582e2766-91a9-4c2a-941c-c0c5e096f58a,c2,DROP,1436,p2,?,
1769501232.4456346,RECEIVED,894048e7-9b9b-4dda-9dbb-fb3bd62f59ed,df295268-5038-4086-b5dc-fea13458e417,c1,DROP,1440,p1,?,
1769501232.5537612,SENT,7e3bbdf7-8c8b-4e17-8287-f804e5587c1a,582e2766-91a9-4c2a-941c-c0c5e096f58a,c2,DROP,1005,?,i9,
1769501232.5538151,FORWARDED,7e3bbdf7-8c8b-4e17-8287-f804e5587c1a,582e2766-91a9-4c2a-941c-c0c5e096f58a,c2,DROP,1005,?,i9,
1769501232.6515243,SENT,894048e7-9b9b-4dda-9dbb-fb3bd62f59ed,df295268-5038-4086-b5dc-fea13458e417,c1,DROP,1008,?,i1,
1769501232.6515644,FORWARDED,894048e7-9b9b-4dda-9dbb-fb3bd62f59ed,df295268-5038-4086-b5dc-fea13458e417,c1,DROP,1008,?,i1,
1769501232.6813421,SENT,66058942-4cb9-4a01-bb31-6fae4e5e566e,f8b29685-ca93-4ffe-b964-2a4d484c894b,c4,DROP,1016,?,i4,
1769501232.681385,FORWARDED,66058942-4cb9-4a01-bb31-6fae4e5e566e,f8b29685-ca93-4ffe-b964-2a4d484c894b,c4,DROP,1016,?,i4,
1769501232.8212998,SENT,96aa029e-3299-42e8-8338-68b5e260fd2a,86c5545e-34d0-4e15-9994-53dbcaf7e2ff,c4,c3,1774,?,i9,
1769501232.8215528,FORWARDED,96aa029e-3299-42e8-8338-68b5e260fd2a,86c5545e-34d0-4e15-9994-53dbcaf7e2ff,c4,c3,1774,?,i9,
1769501232.879707,SENT,6b4b26ce-dae0-454c-b2b2-60222a237bb8,a90e60b9-c5e7-419b-ae15-6df3b891ddb7,c4,DROP,1007,?,i6,
1769501232.8797462,FORWARDED,6b4b26ce-dae0-454c-b2b2-60222a237bb8,a90e60b9-c5e7-419b-ae15-6df3b891ddb7,c4,DROP,1007,?,i6,
1769501232.9318345,RECEIVED,7beec1ce-7a3f-4b44-bfa4-2b2482a4d46e,2a2c3233-41b4-49e3-9a97-ba9affa49f4a,c3,DROP,440,x6,?,
1769501233.9097273,RECEIVED,fbf19148-845a-4623-903a-c490e053ca22,bbb5f588-3df8-4faa-b0c9-153f45de7730,c2,c1,2463,p2,?,
1769501234.5747685,SENT,fbf19148-845a-4623-903a-c490e053ca22,bbb5f588-3df8-4faa-b0c9-153f45de7730,c2,c1,1775,?,i1,
1769501234.574813,FORWARDED,fbf19148-845a-4623-903a-c490e053ca22,bbb5f588-3df8-4faa-b0c9-153f45de7730,c2,c1,1775,?,i1,
1769501235.1617355,RECEIVED,f48ffb96-f9f3-4a20-ad8c-787498c62529,77d62b87-3fca-4cca-962f-6e5275fcdcc6,c1,DROP,437,x8,?,
1769501236.5375252,RECEIVED,8f95f588-546e-47e3-9abd-db7609612d34,a0ba9ee6-266b-421d-b2f0-d4f6f1fb376f,c1,None,2231,p1,?,
1769501236.6168418,SENT,8f95f588-546e-47e3-9abd-db7609612d34,a0ba9ee6-266b-421d-b2f0-d4f6f1fb376f,c1,None,1600,?,i2,
1769501236.6168878,FORWARDED,8f95f588-546e-47e3-9abd-db7609612d34,a0ba9ee6-266b-421d-b2f0-d4f6f1fb376f,c1,None,1600,?,i2,
