timestamp,event_type,packet_id,message_id,src,dst,size,prev_hop,next_hop,flags
1769466087.6782057,RECEIVED,11d353b4-3f41-4434-afbf-c9a5a7dbe45f,2f15de43-5804-4708-ad7f-73155c0a43fb,c4,c5,1767,e2,?,
1769466088.1825762,SENT,11d353b4-3f41-4434-afbf-c9a5a7dbe45f,2f15de43-5804-4708-ad7f-73155c0a43fb,c4,c5,1254,?,x2,
1769466088.1827033,FORWARDED,11d353b4-3f41-4434-afbf-c9a5a7dbe45f,2f15de43-5804-4708-ad7f-73155c0a43fb,c4,c5,1254,?,x2,
1769466088.238745,RECEIVED,7f876f1f-1d45-4899-849d-1277fd674eb3,37e8d969-2422-4169-9df5-2c2e65d081f9,c1,DROP,1008,e4,?,
1769466088.3203545,SENT,7f876f1f-1d45-4899-849d-1277fd674eb3,37e8d969-2422-4169-9df5-2c2e65d081f9,c1,DROP,683,?,x6,
1769466088.3204892,FORWARDED,7f876f1f-1d45-4899-849d-1277fd674eb3,37e8d969-2422-4169-9df5-2c2e65d081f9,c1,DROP,683,?,x6,
1769466088.359689,RECEIVED,d71cad0c-b7e4-4465-b278-af48084cb50d,6d29fd5d-0309-47d6-9362-b573342d090e,c3,c1,1773,e1,?,
1769466088.6789515,SENT,d71cad0c-b7e4-4465-b278-af48084cb50d,6d29fd5d-0309-47d6-9362-b573342d090e,c3,c1,1256,?,x12,
1769466088.6791186,FORWARDED,d71cad0c-b7e4-4465-b278-af48084cb50d,6d29fd5d-0309-47d6-9362-b573342d090e,c3,c1,1256,?,x12,
1769466089.1244557,RECEIVED,542523cc-fb53-4ce6-b81c-669ad3578269,6bb2e6c4-e8cb-4b83-b378-b8f152d5be4b,c5,c4,1776,e5,?,
1769466089.517502,SENT,542523cc-fb53-4ce6-b81c-669ad3578269,6bb2e6c4-e8cb-4b83-b378-b8f152d5be4b,c5,c4,1260,?,x8,
1769466089.5176415,FORWARDED,542523cc-fb53-4ce6-b81c-669ad3578269,6bb2e6c4-e8cb-4b83-b378-b8f152d5be4b,c5,c4,1260,?,x8,
1769466089.850454,RECEIVED,95902b44-3d54-4ed7-a811-a3cb8b0fae9c,3dc53c2a-57aa-4b0f-a3b7-22686b4886dd,c4,c5,1771,e3,?,
1769466089.988337,RECEIVED,875483d8-f94a-4edd-9e38-4a2078c59cc2,22e0ae9c-2115-45b3-9292-4c7bada115a3,c5,c4,1774,e9,?,
1769466090.5385878,SENT,875483d8-f94a-4edd-9e38-4a2078c59cc2,22e0ae9c-2115-45b3-9292-4c7bada115a3,c5,c4,1260,?,x8,
1769466090.5387187,FORWARDED,875483d8-f94a-4edd-9e38-4a2078c59cc2,22e0ae9c-2115-45b3-9292-4c7bada115a3,c5,c4,1260,?,x8,
1769466090.9495237,SENT,95902b44-3d54-4ed7-a811-a3cb8b0fae9c,3dc53c2a-57aa-4b0f-a3b7-22686b4886dd,c4,c5,1255,?,x1,
1769466090.9496555,FORWARDED,95902b44-3d54-4ed7-a811-a3cb8b0fae9c,3dc53c2a-57aa-4b0f-a3b7-22686b4886dd,c4,c5,1255,?,x1,
1769466091.0810986,RECEIVED,9f0309ce-2ae1-4aaa-b439-ad50330d6f56,268a1274-a045-4a11-a346-e5b330c9cc5b,c4,c5,1776,e7,?,
1769466091.2300403,SENT,9f0309ce-2ae1-4aaa-b439-ad50330d6f56,268a1274-a045-4a11-a346-e5b330c9cc5b,c4,c5,1260,?,x2,
1769466091.2302303,FORWARDED,9f0309ce-2ae1-4aaa-b439-ad50330d6f56,268a1274-a045-4a11-a346-e5b330c9cc5b,c4,c5,1260,?,x2,
1769466092.3212976,RECEIVED,18683d86-09f6-4068-9916-bb36b31a45d0,a90e52dd-fb6b-42eb-afc7-6ca47176a12d,c1,c3,1780,e11,?,
1769466092.6616535,SENT,18683d86-09f6-4068-9916-bb36b31a45d0,a90e52dd-fb6b-42eb-afc7-6ca47176a12d,c1,c3,1263,?,x12,
1769466092.6617877,FORWARDED,18683d86-09f6-4068-9916-bb36b31a45d0,a90e52dd-fb6b-42eb-afc7-6ca47176a12d,c1,c3,1263,?,x12,
1769466093.1998572,RECEIVED,2290b770-dcf0-4876-bab7-808839e308d4,f35222a5-5c72-40f8-971c-ce1b6a1e846a,c2,c5,1767,e2,?,
1769466093.9407408,SENT,2290b770-dcf0-4876-bab7-808839e308d4,f35222a5-5c72-40f8-971c-ce1b6a1e846a,c2,c5,1252,?,x2,
1769466093.9408667,FORWARDED,2290b770-dcf0-4876-bab7-808839e308d4,f35222a5-5c72-40f8-971c-ce1b6a1e846a,c2,c5,1252,?,x2,
1769466095.3696172,RECEIVED,bdb5240b-b39b-4d8c-a157-a530ed1021ac,3ec93693-145e-46b0-a74f-4585e52567da,c3,c1,1772,e6,?,
1769466095.4495535,SENT,bdb5240b-b39b-4d8c-a157-a530ed1021ac,3ec93693-145e-46b0-a74f-4585e52567da,c3,c1,1256,?,x1,
1769466095.4496875,FORWARDED,bdb5240b-b39b-4d8c-a157-a530ed1021ac,3ec93693-145e-46b0-a74f-4585e52567da,c3,c1,1256,?,x1,
1769466095.863302,RECEIVED,d2479990-9114-45b7-bfd5-0ccee4190abe,a49f9bc0-f972-4f4f-8434-bba86c9c50ce,c1,c3,1776,e11,?,
1769466096.9307618,SENT,d2479990-9114-45b7-bfd5-0ccee4190abe,a49f9bc0-f972-4f4f-8434-bba86c9c50ce,c1,c3,1260,?,x11,
1769466096.9310386,FORWARDED,d2479990-9114-45b7-bfd5-0ccee4190abe,a49f9bc0-f972-4f4f-8434-bba86c9c50ce,c1,c3,1260,?,x11,
1769466098.2446465,RECEIVED,130e0e42-dc65-4ed7-add1-4b3e3348c1ca,c0a1623a-8ef1-4728-b4b4-c3519221797e,c1,c3,1763,e6,?,
1769466098.5228841,RECEIVED,a7a49689-e5da-4fbf-8f0b-96f92be7695d,a1fcb0bc-9224-49eb-a338-efcd9dca96f5,c2,c5,1764,e6,?,
1769466098.7135496,SENT,a7a49689-e5da-4fbf-8f0b-96f92be7695d,a1fcb0bc-9224-49eb-a338-efcd9dca96f5,c2,c5,1251,?,x11,
1769466098.7136884,FORWARDED,a7a49689-e5da-4fbf-8f0b-96f92be7695d,a1fcb0bc-9224-49eb-a338-efcd9dca96f5,c2,c5,1251,?,x11,
1769466099.1244965,RECEIVED,018da475-081c-4cb4-8a91-6e7f0d76d810,3d78e4d9-92b1-4338-a4a0-e0fc30b1793e,c4,DROP,1012,e6,?,
1769466099.1283054,SENT,130e0e42-dc65-4ed7-add1-4b3e3348c1ca,c0a1623a-8ef1-4728-b4b4-c3519221797e,c1,c3,1251,?,x6,
1769466099.1284447,FORWARDED,130e0e42-dc65-4ed7-add1-4b3e3348c1ca,c0a1623a-8ef1-4728-b4b4-c3519221797e,c1,c3,1251,?,x6,
1769466099.3550682,SENT,018da475-081c-4cb4-8a91-6e7f0d76d810,3d78e4d9-92b1-4338-a4a0-e0fc30b1793e,c4,DROP,687,?,x12,
1769466099.3552084,FORWARDED,018da475-081c-4cb4-8a91-6e7f0d76d810,3d78e4d9-92b1-4338-a4a0-e0fc30b1793e,c4,DROP,687,?,x12,
1769466099.3646955,RECEIVED,05a64ba3-ffe1-4952-9e95-6a16429763be,e79a00f0-5d02-40cd-a0ea-a7a857bc5e39,c5,c4,1768,e2,?,
1769466099.8149335,SENT,05a64ba3-ffe1-4952-9e95-6a16429763be,e79a00f0-5d02-40cd-a0ea-a7a857bc5e39,c5,c4,1254,?,x9,
1769466099.8161583,FORWARDED,05a64ba3-ffe1-4952-9e95-6a16429763be,e79a00f0-5d02-40cd-a0ea-a7a857bc5e39,c5,c4,1254,?,x9,
1769466099.8271651,RECEIVED,6dcb78b6-33b8-4e6b-b5c6-46654869a648,28fcbe84-39a2-4731-8229-8f818b651e2c,c3,c1,1772,e2,?,
1769466099.9837046,RECEIVED,2c29a967-cae3-49e4-9dc4-20dd5178a24b,31406028-298a-4c19-8bf0-dba9fbec29e6,c5,c4,1776,e10,?,
1769466100.1832142,RECEIVED,4d21cfc3-6e45-4b57-97da-22c1b618a3e7,9526954e-84b1-4d5a-84c7-968ac55c4722,c1,c3,1770,e7,?,
1769466100.2026832,SENT,2c29a967-cae3-49e4-9dc4-20dd5178a24b,31406028-298a-4c19-8bf0-dba9fbec29e6,c5,c4,1259,?,x10,
1769466100.2028224,FORWARDED,2c29a967-cae3-49e4-9dc4-20dd5178a24b,31406028-298a-4c19-8bf0-dba9fbec29e6,c5,c4,1259,?,x10,
1769466100.3615963,SENT,6dcb78b6-33b8-4e6b-b5c6-46654869a648,28fcbe84-39a2-4731-8229-8f818b651e2c,c3,c1,1256,?,x10,
1769466100.3617268,FORWARDED,6dcb78b6-33b8-4e6b-b5c6-46654869a648,28fcbe84-39a2-4731-8229-8f818b651e2c,c3,c1,1256,?,x10,
1769466100.4967673,SENT,4d21cfc3-6e45-4b57-97da-22c1b618a3e7,9526954e-84b1-4d5a-84c7-968ac55c4722,c1,c3,1255,?,x5,
1769466100.4968972,FORWARDED,4d21cfc3-6e45-4b57-97da-22c1b618a3e7,9526954e-84b1-4d5a-84c7-968ac55c4722,c1,c3,1255,?,x5,
1769466100.5406728,RECEIVED,2512f57a-d4d5-4e5f-bcc7-3b15a8ab80c9,0a358465-8564-4de8-9cdb-f5ac5b9da34d,c3,c1,1776,e1,?,
1769466100.876105,RECEIVED,5ded04ce-f943-44ec-be54-db3e19e771c7,26ffbd1d-25b5-49aa-8e20-638ec4d0cf57,c5,c4,1779,e2,?,
1769466101.1113846,RECEIVED,02143164-796e-4db6-a2a5-cf24cb6d88e3,0e2b81f7-d60f-4351-934b-1f4630a41ed0,c2,c5,1776,e11,?,
1769466101.1494572,RECEIVED,275cf18a-efdc-4f59-8c3d-36b8ff7b9b40,b583f294-ad67-4e96-a271-dada6f4efb36,c3,c1,1773,e12,?,
1769466101.1808054,SENT,5ded04ce-f943-44ec-be54-db3e19e771c7,26ffbd1d-25b5-49aa-8e20-638ec4d0cf57,c5,c4,1263,?,x4,
1769466101.1808722,FORWARDED,5ded04ce-f943-44ec-be54-db3e19e771c7,26ffbd1d-25b5-49aa-8e20-638ec4d0cf57,c5,c4,1263,?,x4,
1769466101.2373765,RECEIVED,0d096ecb-2c81-4d09-ae69-a9c9ee4c0dae,4f66c42a-8d38-45b1-83d2-f6186144eb95,c5,c4,1777,e6,?,
1769466101.2554388,SENT,0d096ecb-2c81-4d09-ae69-a9c9ee4c0dae,4f66c42a-8d38-45b1-83d2-f6186144eb95,c5,c4,1259,?,x2,
1769466101.2557266,FORWARDED,0d096ecb-2c81-4d09-ae69-a9c9ee4c0dae,4f66c42a-8d38-45b1-83d2-f6186144eb95,c5,c4,1259,?,x2,
1769466101.2621725,SENT,02143164-796e-4db6-a2a5-cf24cb6d88e3,0e2b81f7-d60f-4351-934b-1f4630a41ed0,c2,c5,1260,?,x5,
1769466101.2623043,FORWARDED,02143164-796e-4db6-a2a5-cf24cb6d88e3,0e2b81f7-d60f-4351-934b-1f4630a41ed0,c2,c5,1260,?,x5,
1769466101.2737157,SENT,2512f57a-d4d5-4e5f-bcc7-3b15a8ab80c9,0a358465-8564-4de8-9cdb-f5ac5b9da34d,c3,c1,1260,?,x12,
1769466101.2738466,FORWARDED,2512f57a-d4d5-4e5f-bcc7-3b15a8ab80c9,0a358465-8564-4de8-9cdb-f5ac5b9da34d,c3,c1,1260,?,x12,
1769466101.5355186,SENT,275cf18a-efdc-4f59-8c3d-36b8ff7b9b40,b583f294-ad67-4e96-a271-dada6f4efb36,c3,c1,1255,?,x11,
1769466101.5356565,FORWARDED,275cf18a-efdc-4f59-8c3d-36b8ff7b9b40,b583f294-ad67-4e96-a271-dada6f4efb36,c3,c1,1255,?,x11,
1769466107.6411667,RECEIVED,fb303107-bd70-492d-b455-8cda94edbb01,085753b8-a2fa-4f48-9a27-4ffaa145ab28,c4,c5,1780,e3,?,
1769466108.4578116,RECEIVED,666250c1-c337-4f4a-8534-4017922ceca1,08d82622-ce57-484b-8350-8ededacdd2b8,c3,c1,1780,e12,?,
1769466108.6169438,SENT,666250c1-c337-4f4a-8534-4017922ceca1,08d82622-ce57-484b-8350-8ededacdd2b8,c3,c1,1263,?,x1,
1769466108.6170244,FORWARDED,666250c1-c337-4f4a-8534-4017922ceca1,08d82622-ce57-484b-8350-8ededacdd2b8,c3,c1,1263,?,x1,
1769466108.7956529,RECEIVED,5ebf00f7-7f96-4ff0-b9ce-081df227c62d,689cf42b-5f90-42d3-931b-615aa485e8b5,c4,c5,1780,e1,?,
1769466109.1733527,SENT,fb303107-bd70-492d-b455-8cda94edbb01,085753b8-a2fa-4f48-9a27-4ffaa145ab28,c4,c5,1263,?,x10,
1769466109.173491,FORWARDED,fb303107-bd70-492d-b455-8cda94edbb01,085753b8-a2fa-4f48-9a27-4ffaa145ab28,c4,c5,1263,?,x10,
1769466109.6982849,RECEIVED,3943d34f-507b-4ca8-9edd-c483123538c2,32ebb112-edcd-4cb2-8130-ddf51d577c3a,c5,c4,1764,e10,?,
1769466109.7256417,RECEIVED,3922f924-53dd-407f-873b-4a1ade16cc16,733dfc62-1464-454a-b9db-7f561078e89e,c2,c5,1767,e7,?,
1769466109.9922237,RECEIVED,92d46659-ee04-48f7-835b-7ab0125419f1,e86a2130-d403-49e8-aef2-1915fb0b8ec4,c3,c1,1775,e2,?,
1769466110.0459383,SENT,5ebf00f7-7f96-4ff0-b9ce-081df227c62d,689cf42b-5f90-42d3-931b-615aa485e8b5,c4,c5,1263,?,x12,
1769466110.0460956,FORWARDED,5ebf00f7-7f96-4ff0-b9ce-081df227c62d,689cf42b-5f90-42d3-931b-615aa485e8b5,c4,c5,1263,?,x12,
1769466110.1112604,SENT,3943d34f-507b-4ca8-9edd-c483123538c2,32ebb112-edcd-4cb2-8130-ddf51d577c3a,c5,c4,1250,?,x11,
1769466110.1113367,FORWARDED,3943d34f-507b-4ca8-9edd-c483123538c2,32ebb112-edcd-4cb2-8130-ddf51d577c3a,c5,c4,1250,?,x11,
1769466110.266421,SENT,3922f924-53dd-407f-873b-4a1ade16cc16,733dfc62-1464-454a-b9db-7f561078e89e,c2,c5,1253,?,x1,
1769466110.266504,FORWARDED,3922f924-53dd-407f-873b-4a1ade16cc16,733dfc62-1464-454a-b9db-7f561078e89e,c2,c5,1253,?,x1,
1769466110.2781477,RECEIVED,7bd7ca39-a710-4877-aa51-677061f25e20,2eb424d2-42ab-4951-9112-659f265681dc,c2,c5,1784,e4,?,
1769466110.4390302,RECEIVED,a6cc707d-7481-4fe4-ae15-27d8800aa004,3bb9145b-aff0-4d9d-bdfd-eb6e4b1e8278,c2,DROP,441,x7,?,
1769466110.7196925,SENT,92d46659-ee04-48f7-835b-7ab0125419f1,e86a2130-d403-49e8-aef2-1915fb0b8ec4,c3,c1,1259,?,x4,
1769466110.719894,FORWARDED,92d46659-ee04-48f7-835b-7ab0125419f1,e86a2130-d403-49e8-aef2-1915fb0b8ec4,c3,c1,1259,?,x4,
1769466111.1006777,SENT,7bd7ca39-a710-4877-aa51-677061f25e20,2eb424d2-42ab-4951-9112-659f265681dc,c2,c5,1265,?,x11,
1769466111.1008048,FORWARDED,7bd7ca39-a710-4877-aa51-677061f25e20,2eb424d2-42ab-4951-9112-659f265681dc,c2,c5,1265,?,x11,
1769466112.2538524,RECEIVED,ab17375a-1077-417b-acdd-4fedfd3dc6ed,d4f4b6bc-eee6-4b94-970a-dc7239424f03,c4,c5,1762,e5,?,
1769466112.8613806,SENT,ab17375a-1077-417b-acdd-4fedfd3dc6ed,d4f4b6bc-eee6-4b94-970a-dc7239424f03,c4,c5,1250,?,x8,
1769466112.861518,FORWARDED,ab17375a-1077-417b-acdd-4fedfd3dc6ed,d4f4b6bc-eee6-4b94-970a-dc7239424f03,c4,c5,1250,?,x8,
1769466112.8856697,RECEIVED,4c9a59a1-beeb-439a-a14c-96e3d09a30ef,9394caca-d5e0-47ae-8f81-a950d5d0f925,c4,c5,1776,e12,?,
1769466112.991999,RECEIVED,b85dd972-0a7b-47d7-912f-9b869be3e1e5,3882b876-9491-46fb-a854-152f6135d139,c5,c4,1771,e6,?,
1769466113.0282147,RECEIVED,b85f2d48-543e-489b-9058-9c362f619f6f,469b6a88-3a66-4bec-b78f-49a81fba2511,c3,c1,1776,e11,?,
1769466113.1303675,SENT,b85f2d48-543e-489b-9058-9c362f619f6f,469b6a88-3a66-4bec-b78f-49a81fba2511,c3,c1,1259,?,x1,
1769466113.1305246,FORWARDED,b85f2d48-543e-489b-9058-9c362f619f6f,469b6a88-3a66-4bec-b78f-49a81fba2511,c3,c1,1259,?,x1,
1769466113.3218935,SENT,b85dd972-0a7b-47d7-912f-9b869be3e1e5,3882b876-9491-46fb-a854-152f6135d139,c5,c4,1255,?,x8,
1769466113.322026,FORWARDED,b85dd972-0a7b-47d7-912f-9b869be3e1e5,3882b876-9491-46fb-a854-152f6135d139,c5,c4,1255,?,x8,
1769466113.5150928,RECEIVED,42fe3a5c-ef5b-42bf-9951-a3031b14e1c6,22cbd414-5da5-4f9c-a600-e2b20823f91d,c2,c5,1781,e12,?,
1769466113.7670264,SENT,42fe3a5c-ef5b-42bf-9951-a3031b14e1c6,22cbd414-5da5-4f9c-a600-e2b20823f91d,c2,c5,1262,?,x12,
1769466113.7671456,FORWARDED,42fe3a5c-ef5b-42bf-9951-a3031b14e1c6,22cbd414-5da5-4f9c-a600-e2b20823f91d,c2,c5,1262,?,x12,
1769466114.0993948,SENT,4c9a59a1-beeb-439a-a14c-96e3d09a30ef,9394caca-d5e0-47ae-8f81-a950d5d0f925,c4,c5,1260,?,x12,
1769466114.0995245,FORWARDED,4c9a59a1-beeb-439a-a14c-96e3d09a30ef,9394caca-d5e0-47ae-8f81-a950d5d0f925,c4,c5,1260,?,x12,
1769466114.1397994,RECEIVED,000ef2ca-ff85-423a-98d5-4beb8e0238ab,9256a1c6-18b9-47d3-8d1b-48619cfb2b76,c2,c5,1784,e7,?,
1769466114.6547172,SENT,000ef2ca-ff85-423a-98d5-4beb8e0238ab,9256a1c6-18b9-47d3-8d1b-48619cfb2b76,c2,c5,1266,?,x11,
1769466114.6548502,FORWARDED,000ef2ca-ff85-423a-98d5-4beb8e0238ab,9256a1c6-18b9-47d3-8d1b-48619cfb2b76,c2,c5,1266,?,x11,
1769466115.7728136,RECEIVED,f033e07d-9677-47d4-9cd2-8bdfa190fcdb,8438b0e6-6485-4df5-9a11-7d69cfaef07c,c5,c4,1781,e3,?,
1769466115.945214,SENT,f033e07d-9677-47d4-9cd2-8bdfa190fcdb,8438b0e6-6485-4df5-9a11-7d69cfaef07c,c5,c4,1263,?,x12,
1769466115.945343,FORWARDED,f033e07d-9677-47d4-9cd2-8bdfa190fcdb,8438b0e6-6485-4df5-9a11-7d69cfaef07c,c5,c4,1263,?,x12,
1769466116.7836149,RECEIVED,6dd790c8-e927-406a-af5c-fb86f7501127,ff77388a-2a59-4a28-8a2e-93d25298080b,c1,c3,1780,e12,?,
1769466117.3191237,RECEIVED,a0cbf696-c4ca-4746-962a-0c3038d59bd9,2bc1587f-5c13-49cc-ac39-4d0987f12caa,c5,c4,1763,e5,?,
1769466117.3867176,SENT,6dd790c8-e927-406a-af5c-fb86f7501127,ff77388a-2a59-4a28-8a2e-93d25298080b,c1,c3,1263,?,x12,
1769466117.386847,FORWARDED,6dd790c8-e927-406a-af5c-fb86f7501127,ff77388a-2a59-4a28-8a2e-93d25298080b,c1,c3,1263,?,x12,
1769466118.0986168,SENT,a0cbf696-c4ca-4746-962a-0c3038d59bd9,2bc1587f-5c13-49cc-ac39-4d0987f12caa,c5,c4,1250,?,x7,
1769466118.0987494,FORWARDED,a0cbf696-c4ca-4746-962a-0c3038d59bd9,2bc1587f-5c13-49cc-ac39-4d0987f12caa,c5,c4,1250,?,x7,
1769466118.32043,RECEIVED,d33fe841-0fca-4c32-98c1-73de5285c8ba,90d690c8-1014-40fe-8e54-6d2384a03429,c4,c5,1775,e2,?,
1769466118.4047508,RECEIVED,18ac84f3-515c-48da-9968-d1e79beaa19d,a89e1cc2-c452-4938-a0a7-3f435788e5e9,c2,c5,1777,e4,?,
1769466118.6166463,SENT,18ac84f3-515c-48da-9968-d1e79beaa19d,a89e1cc2-c452-4938-a0a7-3f435788e5e9,c2,c5,1260,?,x12,
1769466118.6167781,FORWARDED,18ac84f3-515c-48da-9968-d1e79beaa19d,a89e1cc2-c452-4938-a0a7-3f435788e5e9,c2,c5,1260,?,x12,
1769466118.6331306,RECEIVED,320674d7-8b51-47cb-9c74-ee137f8521bc,6a7e1ab3-dfac-4974-98e4-5f47c911b2a7,c2,c5,1764,e3,?,
1769466118.7671525,RECEIVED,d3637249-2b34-4bc5-9e60-f38660dfd756,0e420064-4b86-4f65-bd37-3eda7a1948a3,c5,c4,1763,e10,?,
1769466118.8356972,SENT,320674d7-8b51-47cb-9c74-ee137f8521bc,6a7e1ab3-dfac-4974-98e4-5f47c911b2a7,c2,c5,1251,?,x9,
1769466118.8358147,FORWARDED,320674d7-8b51-47cb-9c74-ee137f8521bc,6a7e1ab3-dfac-4974-98e4-5f47c911b2a7,c2,c5,1251,?,x9,
1769466119.5760827,SENT,d33fe841-0fca-4c32-98c1-73de5285c8ba,90d690c8-1014-40fe-8e54-6d2384a03429,c4,c5,1260,?,x11,
1769466119.5762203,FORWARDED,d33fe841-0fca-4c32-98c1-73de5285c8ba,90d690c8-1014-40fe-8e54-6d2384a03429,c4,c5,1260,?,x11,
1769466119.6422906,SENT,d3637249-2b34-4bc5-9e60-f38660dfd756,0e420064-4b86-4f65-bd37-3eda7a1948a3,c5,c4,1251,?,x3,
1769466119.6424332,FORWARDED,d3637249-2b34-4bc5-9e60-f38660dfd756,0e420064-4b86-4f65-bd37-3eda7a1948a3,c5,c4,1251,?,x3,
1769466121.7000031,RECEIVED,9ef961aa-ec04-4a68-95b2-ad3a9f204aca,ba4f38fc-faca-4fb1-8e9d-db796f7bf0b5,c3,c1,1779,e3,?,
1769466121.8284342,RECEIVED,4594f566-1434-4517-9cb5-9c500d391f76,2a5de44b-b61f-4b9d-b7b5-d3050728f4d7,c3,c1,1772,e7,?,
1769466121.905638,SENT,4594f566-1434-4517-9cb5-9c500d391f76,2a5de44b-b61f-4b9d-b7b5-d3050728f4d7,c3,c1,1255,?,x9,
1769466121.9057696,FORWARDED,4594f566-1434-4517-9cb5-9c500d391f76,2a5de44b-b61f-4b9d-b7b5-d3050728f4d7,c3,c1,1255,?,x9,
1769466122.0164354,SENT,9ef961aa-ec04-4a68-95b2-ad3a9f204aca,ba4f38fc-faca-4fb1-8e9d-db796f7bf0b5,c3,c1,1263,?,x9,
1769466122.0165708,FORWARDED,9ef961aa-ec04-4a68-95b2-ad3a9f204aca,ba4f38fc-faca-4fb1-8e9d-db796f7bf0b5,c3,c1,1263,?,x9,
1769466122.5811405,RECEIVED,cda95af9-2245-458c-9084-1ad8aac34e59,e0634717-68a1-4985-89c7-038e0192935e,c3,DROP,442,x9,?,
1769466122.964032,RECEIVED,46658624-01c2-4898-8f41-99beb9313943,4ae48333-64a6-4d72-8a4d-f659017fdeab,c2,c5,1783,e12,?,
1769466123.1115978,SENT,46658624-01c2-4898-8f41-99beb9313943,4ae48333-64a6-4d72-8a4d-f659017fdeab,c2,c5,1264,?,x2,
1769466123.1116834,FORWARDED,46658624-01c2-4898-8f41-99beb9313943,4ae48333-64a6-4d72-8a4d-f659017fdeab,c2,c5,1264,?,x2,
1769466123.3649578,RECEIVED,7abf43d4-0016-4e4d-84cb-f18a4a193ce7,015969a3-0e16-4dcf-9f6f-2f8c134ffbc2,c1,c3,1775,e6,?,
1769466123.4994638,SENT,7abf43d4-0016-4e4d-84cb-f18a4a193ce7,015969a3-0e16-4dcf-9f6f-2f8c134ffbc2,c1,c3,1260,?,x3,
1769466123.499594,FORWARDED,7abf43d4-0016-4e4d-84cb-f18a4a193ce7,015969a3-0e16-4dcf-9f6f-2f8c134ffbc2,c1,c3,1260,?,x3,
1769466123.8307126,RECEIVED,2c8d8407-9a9b-4190-901b-e02476c68565,8ccdd6bc-3168-4a88-974c-4a284bb4a088,c3,DROP,1007,e7,?,
1769466124.1250777,RECEIVED,803f38be-95b1-47ef-ad7d-5a1a872fe0e6,863ae975-3dd8-40c1-9abb-4548ad02b728,c1,c3,1768,e4,?,
1769466124.3355045,RECEIVED,53b059a0-50fa-495f-8bcb-b67b66631a41,d7a94cc9-c4b8-4ba8-8ef1-42e7ec7cf0b2,c2,c5,1775,e12,?,
1769466124.5087483,RECEIVED,d96bc9d6-c3da-48d1-a24d-601959403b47,724d728c-3b72-4e1a-bf18-119e86c3ccde,c2,c5,1772,e2,?,
1769466124.6028838,SENT,53b059a0-50fa-495f-8bcb-b67b66631a41,d7a94cc9-c4b8-4ba8-8ef1-42e7ec7cf0b2,c2,c5,1260,?,x6,
1769466124.602988,FORWARDED,53b059a0-50fa-495f-8bcb-b67b66631a41,d7a94cc9-c4b8-4ba8-8ef1-42e7ec7cf0b2,c2,c5,1260,?,x6,
1769466124.6204767,SENT,803f38be-95b1-47ef-ad7d-5a1a872fe0e6,863ae975-3dd8-40c1-9abb-4548ad02b728,c1,c3,1254,?,x9,
1769466124.620581,FORWARDED,803f38be-95b1-47ef-ad7d-5a1a872fe0e6,863ae975-3dd8-40c1-9abb-4548ad02b728,c1,c3,1254,?,x9,
1769466124.7077572,SENT,d96bc9d6-c3da-48d1-a24d-601959403b47,724d728c-3b72-4e1a-bf18-119e86c3ccde,c2,c5,1255,?,x8,
1769466124.707864,FORWARDED,d96bc9d6-c3da-48d1-a24d-601959403b47,724d728c-3b72-4e1a-bf18-119e86c3ccde,c2,c5,1255,?,x8,
1769466124.9480436,RECEIVED,857eb975-3b26-404e-bc2e-248f30e9a399,69dce865-8275-497b-9ce2-ac34fe74fc8e,c5,c4,1764,e1,?,
1769466125.1368604,SENT,857eb975-3b26-404e-bc2e-248f30e9a399,69dce865-8275-497b-9ce2-ac34fe74fc8e,c5,c4,1251,?,x9,
1769466125.136953,FORWARDED,857eb975-3b26-404e-bc2e-248f30e9a399,69dce865-8275-497b-9ce2-ac34fe74fc8e,c5,c4,1251,?,x9,
1769466125.3618934,SENT,2c8d8407-9a9b-4190-901b-e02476c68565,8ccdd6bc-3168-4a88-974c-4a284bb4a088,c3,DROP,684,?,x3,
1769466125.3620255,FORWARDED,2c8d8407-9a9b-4190-901b-e02476c68565,8ccdd6bc-3168-4a88-974c-4a284bb4a088,c3,DROP,684,?,x3,
1769466128.6038105,RECEIVED,df9dccd0-e6b4-4dd8-968c-38b4553ecaf1,d7e3d069-5111-4662-9ec9-1a6b2b77ffc7,c2,c5,1781,e11,?,
1769466128.7675529,SENT,df9dccd0-e6b4-4dd8-968c-38b4553ecaf1,d7e3d069-5111-4662-9ec9-1a6b2b77ffc7,c2,c5,1263,?,x11,
1769466128.7676826,FORWARDED,df9dccd0-e6b4-4dd8-968c-38b4553ecaf1,d7e3d069-5111-4662-9ec9-1a6b2b77ffc7,c2,c5,1263,?,x11,
1769466128.9808662,RECEIVED,215f0525-14ae-4cae-a3fa-934fa6f86653,11ac03e0-71a0-4279-936e-ca0ebe6bdb23,c5,c4,1775,e6,?,
1769466129.2293866,SENT,215f0525-14ae-4cae-a3fa-934fa6f86653,11ac03e0-71a0-4279-936e-ca0ebe6bdb23,c5,c4,1259,?,x2,
1769466129.2295194,FORWARDED,215f0525-14ae-4cae-a3fa-934fa6f86653,11ac03e0-71a0-4279-936e-ca0ebe6bdb23,c5,c4,1259,?,x2,
1769466130.5594857,RECEIVED,95e46211-539b-400e-a121-38a4266a6f51,ee0be03f-108c-4555-8503-77c0b8069c82,c4,c5,1776,e3,?,
1769466130.6793728,SENT,95e46211-539b-400e-a121-38a4266a6f51,ee0be03f-108c-4555-8503-77c0b8069c82,c4,c5,1259,?,x11,
1769466130.6795015,FORWARDED,95e46211-539b-400e-a121-38a4266a6f51,ee0be03f-108c-4555-8503-77c0b8069c82,c4,c5,1259,?,x11,
1769466130.8079462,RECEIVED,7e4a9d60-60fa-4975-9e2e-8d5960d181d8,4d7fea8b-e8b7-4eb3-9bc4-46681560f152,c4,c5,1776,e2,?,
1769466130.8778932,RECEIVED,08c85b72-1802-4013-bc34-1de0c2f14cbe,970746fc-3467-492d-b656-067a823e9155,c4,c5,1784,e12,?,
1769466131.3544593,SENT,08c85b72-1802-4013-bc34-1de0c2f14cbe,970746fc-3467-492d-b656-067a823e9155,c4,c5,1266,?,x7,
1769466131.3545876,FORWARDED,08c85b72-1802-4013-bc34-1de0c2f14cbe,970746fc-3467-492d-b656-067a823e9155,c4,c5,1266,?,x7,
1769466131.5570304,SENT,7e4a9d60-60fa-4975-9e2e-8d5960d181d8,4d7fea8b-e8b7-4eb3-9bc4-46681560f152,c4,c5,1260,?,x11,
1769466131.557197,FORWARDED,7e4a9d60-60fa-4975-9e2e-8d5960d181d8,4d7fea8b-e8b7-4eb3-9bc4-46681560f152,c4,c5,1260,?,x11,
1769466131.8666818,RECEIVED,bb1d8f6a-bb55-44b3-b156-2c0d52092c73,a3a25058-555a-4f20-961d-e4ca924cc078,c4,c5,1771,e5,?,
1769466131.9709346,RECEIVED,f1b24a32-587c-48b5-9d99-13117a306402,59962926-810a-49b8-b387-80fb08897fe3,c5,c4,1776,e3,?,
1769466132.061623,SENT,f1b24a32-587c-48b5-9d99-13117a306402,59962926-810a-49b8-b387-80fb08897fe3,c5,c4,1259,?,x7,
1769466132.0617573,FORWARDED,f1b24a32-587c-48b5-9d99-13117a306402,59962926-810a-49b8-b387-80fb08897fe3,c5,c4,1259,?,x7,
1769466132.1837091,RECEIVED,b254f5b0-07a5-4ce5-ab63-6576ff760319,ca38eaf8-4b3f-4cd2-8ae9-eeaa7278b2bc,c1,c3,1778,e5,?,
1769466132.267137,SENT,b254f5b0-07a5-4ce5-ab63-6576ff760319,ca38eaf8-4b3f-4cd2-8ae9-eeaa7278b2bc,c1,c3,1259,?,x2,
1769466132.2672694,FORWARDED,b254f5b0-07a5-4ce5-ab63-6576ff760319,ca38eaf8-4b3f-4cd2-8ae9-eeaa7278b2bc,c1,c3,1259,?,x2,
1769466132.4428158,SENT,bb1d8f6a-bb55-44b3-b156-2c0d52092c73,a3a25058-555a-4f20-961d-e4ca924cc078,c4,c5,1255,?,x3,
1769466132.4429498,FORWARDED,bb1d8f6a-bb55-44b3-b156-2c0d52092c73,a3a25058-555a-4f20-961d-e4ca924cc078,c4,c5,1255,?,x3,
1769466133.0050242,RECEIVED,6e704f92-b4fe-413b-95ed-218a3e62abd6,e590f521-5a60-4a4b-846a-ed54fb6ec95a,c5,c4,1780,e4,?,
1769466133.8547704,SENT,6e704f92-b4fe-413b-95ed-218a3e62abd6,e590f521-5a60-4a4b-846a-ed54fb6ec95a,c5,c4,1263,?,x12,
1769466133.854907,FORWARDED,6e704f92-b4fe-413b-95ed-218a3e62abd6,e590f521-5a60-4a4b-846a-ed54fb6ec95a,c5,c4,1263,?,x12,
1769466135.8113244,RECEIVED,daf81845-3ba6-4521-89fc-857683bb606d,6b9cfe7a-c4bf-4c84-a002-20f743031edc,c5,c4,1767,e5,?,
1769466135.8409843,RECEIVED,2aa80f56-f5c8-49d1-9723-cf18861068bb,8b4d229a-a1d3-40ae-87b5-8008753ca31e,c4,DROP,1007,e10,?,
1769466136.2401917,SENT,2aa80f56-f5c8-49d1-9723-cf18861068bb,8b4d229a-a1d3-40ae-87b5-8008753ca31e,c4,DROP,683,?,x7,
1769466136.2403185,FORWARDED,2aa80f56-f5c8-49d1-9723-cf18861068bb,8b4d229a-a1d3-40ae-87b5-8008753ca31e,c4,DROP,683,?,x7,
1769466136.2856066,SENT,daf81845-3ba6-4521-89fc-857683bb606d,6b9cfe7a-c4bf-4c84-a002-20f743031edc,c5,c4,1252,?,x1,
1769466136.2857418,FORWARDED,daf81845-3ba6-4521-89fc-857683bb606d,6b9cfe7a-c4bf-4c84-a002-20f743031edc,c5,c4,1252,?,x1,
1769466138.425555,RECEIVED,406041b1-ce07-4f71-9df6-b1cd7261772a,60a493f6-1d8c-4f58-b21e-f1571ead5e96,c5,c4,1772,e1,?,
1769466138.6922355,SENT,406041b1-ce07-4f71-9df6-b1cd7261772a,60a493f6-1d8c-4f58-b21e-f1571ead5e96,c5,c4,1255,?,x3,
1769466138.692366,FORWARDED,406041b1-ce07-4f71-9df6-b1cd7261772a,60a493f6-1d8c-4f58-b21e-f1571ead5e96,c5,c4,1255,?,x3,
1769466139.9937718,RECEIVED,12e528a3-480f-459e-b9a9-6d588bc6881a,5175f587-2d82-464d-9cb9-90c132d7ca7b,c2,c5,1774,e10,?,
1769466140.1038344,RECEIVED,a4de786b-0607-4079-829b-dfd08edc410a,e083f76d-4de3-4e0e-89a4-e939cc5f310b,c5,c4,1779,e1,?,
1769466140.7792103,SENT,a4de786b-0607-4079-829b-dfd08edc410a,e083f76d-4de3-4e0e-89a4-e939cc5f310b,c5,c4,1261,?,x10,
1769466140.779346,FORWARDED,a4de786b-0607-4079-829b-dfd08edc410a,e083f76d-4de3-4e0e-89a4-e939cc5f310b,c5,c4,1261,?,x10,
1769466141.8101788,RECEIVED,a580b709-6ec9-4631-a0d9-9512b67d863a,446a1870-e199-408f-8e3b-77fd7bdddbeb,c4,c5,1779,e6,?,
1769466142.0167005,FORWARDED,12e528a3-480f-459e-b9a9-6d588bc6881a,5175f587-2d82-464d-9cb9-90c132d7ca7b,c2,c5,1259,?,x6,
1769466142.1423128,RECEIVED,c5c44d1f-ca32-4506-803e-61103986aa8d,76102568-2da1-479e-9ff1-73c59719de19,c3,c1,1783,e11,?,
1769466142.2489693,RECEIVED,48cb7a1a-5013-4ae0-afd7-374ca885bc39,a2bd131b-f571-47ba-87d9-73224076be16,c4,c5,1773,e5,?,
1769466142.318916,SENT,48cb7a1a-5013-4ae0-afd7-374ca885bc39,a2bd131b-f571-47ba-87d9-73224076be16,c4,c5,1255,?,x9,
1769466142.3189762,FORWARDED,48cb7a1a-5013-4ae0-afd7-374ca885bc39,a2bd131b-f571-47ba-87d9-73224076be16,c4,c5,1255,?,x9,
1769466142.520813,SENT,a580b709-6ec9-4631-a0d9-9512b67d863a,446a1870-e199-408f-8e3b-77fd7bdddbeb,c4,c5,1262,?,x9,
1769466142.5209613,FORWARDED,a580b709-6ec9-4631-a0d9-9512b67d863a,446a1870-e199-408f-8e3b-77fd7bdddbeb,c4,c5,1262,?,x9,
1769466142.9428072,FORWARDED,c5c44d1f-ca32-4506-803e-61103986aa8d,76102568-2da1-479e-9ff1-73c59719de19,c3,c1,1264,?,x6,
1769466143.2296283,RECEIVED,210cc9e9-beec-4568-b4e4-6a3e294286f7,06a7ce68-be41-416d-8f38-1a7ba7f127a8,c5,c4,1775,e1,?,
1769466144.5536995,FORWARDED,210cc9e9-beec-4568-b4e4-6a3e294286f7,06a7ce68-be41-416d-8f38-1a7ba7f127a8,c5,c4,1260,?,x6,
1769466144.8305068,RECEIVED,78118688-42f9-4ac8-b3b7-d2673285d08b,1eaa3658-8211-41a7-aafe-e90f677daf48,c2,c5,1768,e9,?,
1769466145.1302161,SENT,78118688-42f9-4ac8-b3b7-d2673285d08b,1eaa3658-8211-41a7-aafe-e90f677daf48,c2,c5,1252,?,x11,
1769466145.1303465,FORWARDED,78118688-42f9-4ac8-b3b7-d2673285d08b,1eaa3658-8211-41a7-aafe-e90f677daf48,c2,c5,1252,?,x11,
1769466145.2831879,RECEIVED,c6341198-6538-4743-9dcf-df5ffdfb978a,ff751455-5d70-4067-9d4e-c133f8487492,c4,c5,1772,e10,?,
1769466145.5378263,RECEIVED,78df714c-a0f7-4bd1-83da-3f5196ce61e2,dc1ce703-3b27-424c-90ba-399faa80b6d8,c3,c1,1781,e6,?,
1769466145.606612,SENT,78df714c-a0f7-4bd1-83da-3f5196ce61e2,dc1ce703-3b27-424c-90ba-399faa80b6d8,c3,c1,1261,?,x12,
1769466145.606733,FORWARDED,78df714c-a0f7-4bd1-83da-3f5196ce61e2,dc1ce703-3b27-424c-90ba-399faa80b6d8,c3,c1,1261,?,x12,
1769466145.6245747,SENT,c6341198-6538-4743-9dcf-df5ffdfb978a,ff751455-5d70-4067-9d4e-c133f8487492,c4,c5,1255,?,x7,
1769466145.6247258,FORWARDED,c6341198-6538-4743-9dcf-df5ffdfb978a,ff751455-5d70-4067-9d4e-c133f8487492,c4,c5,1255,?,x7,
1769466146.080277,RECEIVED,3f018fb8-7e0d-45a5-8beb-deac9dcd37cf,8113a716-98f0-470f-a59b-7afe040502bf,c4,DROP,442,x3,?,
1769466146.4741797,RECEIVED,7e83c776-b0be-4a5a-8a95-ed27a471693d,59c9e332-0828-45d2-b14d-18c06257e46c,c5,c4,1768,e12,?,
1769466146.5865114,SENT,7e83c776-b0be-4a5a-8a95-ed27a471693d,59c9e332-0828-45d2-b14d-18c06257e46c,c5,c4,1252,?,x5,
1769466146.586601,FORWARDED,7e83c776-b0be-4a5a-8a95-ed27a471693d,59c9e332-0828-45d2-b14d-18c06257e46c,c5,c4,1252,?,x5,
1769466146.793649,RECEIVED,fe0c9ef5-acb9-40b7-91f7-112124d94c9e,e4737907-a589-4641-aaaf-ac4b18d00e8d,c3,c1,1769,e2,?,
1769466147.37571,RECEIVED,f63c32d9-b0f6-4aae-a8b8-8178b14b6047,ba301220-f8f8-4d4c-b658-960f2901a02d,c5,c4,1778,e7,?,
1769466147.409654,SENT,f63c32d9-b0f6-4aae-a8b8-8178b14b6047,ba301220-f8f8-4d4c-b658-960f2901a02d,c5,c4,1259,?,x11,
1769466147.40979,FORWARDED,f63c32d9-b0f6-4aae-a8b8-8178b14b6047,ba301220-f8f8-4d4c-b658-960f2901a02d,c5,c4,1259,?,x11,
1769466148.072177,RECEIVED,f18c23bf-67b4-48c6-8fc4-5fd36c254cc8,75141ed6-0843-4493-9d14-d146aa4bcc41,c2,c5,1771,e1,?,
1769466148.286345,SENT,fe0c9ef5-acb9-40b7-91f7-112124d94c9e,e4737907-a589-4641-aaaf-ac4b18d00e8d,c3,c1,1257,?,x7,
1769466148.2864738,FORWARDED,fe0c9ef5-acb9-40b7-91f7-112124d94c9e,e4737907-a589-4641-aaaf-ac4b18d00e8d,c3,c1,1257,?,x7,
1769466148.332491,SENT,f18c23bf-67b4-48c6-8fc4-5fd36c254cc8,75141ed6-0843-4493-9d14-d146aa4bcc41,c2,c5,1255,?,x2,
1769466148.3326187,FORWARDED,f18c23bf-67b4-48c6-8fc4-5fd36c254cc8,75141ed6-0843-4493-9d14-d146aa4bcc41,c2,c5,1255,?,x2,
1769466148.550957,RECEIVED,ca17ec1d-9d46-435e-abf7-60a87ec9518c,71f6fd49-5174-4c3e-a16f-e9572d95a5b9,c1,c3,1780,e11,?,
1769466148.6439755,SENT,ca17ec1d-9d46-435e-abf7-60a87ec9518c,71f6fd49-5174-4c3e-a16f-e9572d95a5b9,c1,c3,1261,?,x7,
1769466148.6441467,FORWARDED,ca17ec1d-9d46-435e-abf7-60a87ec9518c,71f6fd49-5174-4c3e-a16f-e9572d95a5b9,c1,c3,1261,?,x7,
1769466149.1765192,RECEIVED,824bae72-0cdd-40c7-b7ed-126a15d71889,d38a2db3-4210-466d-81cd-c52ee2e2bd41,c5,c4,1771,e2,?,
1769466150.7974267,SENT,824bae72-0cdd-40c7-b7ed-126a15d71889,d38a2db3-4210-466d-81cd-c52ee2e2bd41,c5,c4,1256,?,x4,
1769466150.797558,FORWARDED,824bae72-0cdd-40c7-b7ed-126a15d71889,d38a2db3-4210-466d-81cd-c52ee2e2bd41,c5,c4,1256,?,x4,
1769466150.866922,RECEIVED,ae82369a-ac4e-4b13-9ca6-d7bba56b9718,062709d6-9b82-4e24-803d-c969ede91d88,c2,c5,1766,e8,?,
1769466150.8835273,SENT,ae82369a-ac4e-4b13-9ca6-d7bba56b9718,062709d6-9b82-4e24-803d-c969ede91d88,c2,c5,1250,?,x12,
1769466150.8835971,FORWARDED,ae82369a-ac4e-4b13-9ca6-d7bba56b9718,062709d6-9b82-4e24-803d-c969ede91d88,c2,c5,1250,?,x12,
1769466152.6615415,RECEIVED,5f64450c-b1cc-46c2-9eeb-5ae67f829f62,b1d2275a-39f3-47b2-af86-ee142c8ee4dc,c4,c5,1774,e3,?,
1769466152.674268,SENT,5f64450c-b1cc-46c2-9eeb-5ae67f829f62,b1d2275a-39f3-47b2-af86-ee142c8ee4dc,c4,c5,1255,?,x10,
1769466152.674456,FORWARDED,5f64450c-b1cc-46c2-9eeb-5ae67f829f62,b1d2275a-39f3-47b2-af86-ee142c8ee4dc,c4,c5,1255,?,x10,
1769466154.4949112,RECEIVED,867a3356-fce0-469c-9480-90f8ab5b05ec,881809dc-acae-478a-a682-08126ef0ab55,c4,c5,1768,e11,?,
1769466154.5717618,SENT,867a3356-fce0-469c-9480-90f8ab5b05ec,881809dc-acae-478a-a682-08126ef0ab55,c4,c5,1252,?,x9,
1769466154.571882,FORWARDED,867a3356-fce0-469c-9480-90f8ab5b05ec,881809dc-acae-478a-a682-08126ef0ab55,c4,c5,1252,?,x9,
1769466155.0043125,RECEIVED,0f6d0464-986b-4707-98ed-96697f1d95b8,ada93b3b-a396-4394-9e96-f716aac4f00d,c2,c5,1775,e5,?,
1769466155.4830666,SENT,0f6d0464-986b-4707-98ed-96697f1d95b8,ada93b3b-a396-4394-9e96-f716aac4f00d,c2,c5,1258,?,x4,
1769466155.483132,FORWARDED,0f6d0464-986b-4707-98ed-96697f1d95b8,ada93b3b-a396-4394-9e96-f716aac4f00d,c2,c5,1258,?,x4,
1769466155.953303,RECEIVED,fd36d364-7fb6-4af8-8caa-f2eb94484f52,1bfa8a84-a6b2-4432-94e5-8bf2a58a932c,c1,c3,1780,e10,?,
1769466156.2935476,SENT,fd36d364-7fb6-4af8-8caa-f2eb94484f52,1bfa8a84-a6b2-4432-94e5-8bf2a58a932c,c1,c3,1263,?,x5,
1769466156.293644,FORWARDED,fd36d364-7fb6-4af8-8caa-f2eb94484f52,1bfa8a84-a6b2-4432-94e5-8bf2a58a932c,c1,c3,1263,?,x5,
1769466157.0937438,RECEIVED,159c5541-8f4e-465a-9798-5571390a499b,aa134cee-5c13-46d5-8bf3-a5d7a52de9de,c1,c3,1779,e1,?,
1769466157.2820423,RECEIVED,6ee7df6b-4783-4512-aec2-0ec253e706e3,28513935-1a01-4bbf-b3cd-5156fbc90dd1,c2,c5,1778,e3,?,
1769466157.348534,RECEIVED,0e084a01-60ad-4c9f-b874-43e3321ff125,0f29afd0-a303-40e3-9ee5-039b80119cd7,c5,c4,1759,e9,?,
1769466157.5110087,SENT,159c5541-8f4e-465a-9798-5571390a499b,aa134cee-5c13-46d5-8bf3-a5d7a52de9de,c1,c3,1261,?,x2,
1769466157.5110984,FORWARDED,159c5541-8f4e-465a-9798-5571390a499b,aa134cee-5c13-46d5-8bf3-a5d7a52de9de,c1,c3,1261,?,x2,
1769466157.710294,RECEIVED,99f08249-9a02-4f7c-8856-af37df61c646,19d13f13-5379-49f2-9a2c-8e6f32602f6e,c3,c1,1779,e3,?,
1769466157.831749,SENT,0e084a01-60ad-4c9f-b874-43e3321ff125,0f29afd0-a303-40e3-9ee5-039b80119cd7,c5,c4,1247,?,x9,
1769466157.8318043,FORWARDED,0e084a01-60ad-4c9f-b874-43e3321ff125,0f29afd0-a303-40e3-9ee5-039b80119cd7,c5,c4,1247,?,x9,
1769466158.1819084,RECEIVED,767223f7-a6df-402e-8d97-69d28b83a358,bda212e5-deaa-4133-a26c-801aa38d76a6,c2,c5,1780,e12,?,
1769466158.4330032,SENT,99f08249-9a02-4f7c-8856-af37df61c646,19d13f13-5379-49f2-9a2c-8e6f32602f6e,c3,c1,1262,?,x10,
1769466158.4330888,FORWARDED,99f08249-9a02-4f7c-8856-af37df61c646,19d13f13-5379-49f2-9a2c-8e6f32602f6e,c3,c1,1262,?,x10,
1769466158.4832554,SENT,767223f7-a6df-402e-8d97-69d28b83a358,bda212e5-deaa-4133-a26c-801aa38d76a6,c2,c5,1263,?,x10,
1769466158.4833238,FORWARDED,767223f7-a6df-402e-8d97-69d28b83a358,bda212e5-deaa-4133-a26c-801aa38d76a6,c2,c5,1263,?,x10,
1769466158.7068648,SENT,6ee7df6b-4783-4512-aec2-0ec253e706e3,28513935-1a01-4bbf-b3cd-5156fbc90dd1,c2,c5,1263,?,x4,
1769466158.706931,FORWARDED,6ee7df6b-4783-4512-aec2-0ec253e706e3,28513935-1a01-4bbf-b3cd-5156fbc90dd1,c2,c5,1263,?,x4,
1769466158.9093146,RECEIVED,94533cef-2986-4f58-92dc-1af207552834,ac9e4c04-5af1-480c-aa50-d9b1fb3f3fa1,c1,c3,1782,e11,?,
1769466158.960151,SENT,94533cef-2986-4f58-92dc-1af207552834,ac9e4c04-5af1-480c-aa50-d9b1fb3f3fa1,c1,c3,1263,?,x10,
1769466158.9602191,FORWARDED,94533cef-2986-4f58-92dc-1af207552834,ac9e4c04-5af1-480c-aa50-d9b1fb3f3fa1,c1,c3,1263,?,x10,
1769466158.9807668,RECEIVED,f5377840-8ddf-47b9-ae5b-19dcb47542dc,62e5cd0a-8950-4480-ba0f-79be6146801e,c2,c5,1776,e11,?,
1769466159.0195625,SENT,f5377840-8ddf-47b9-ae5b-19dcb47542dc,62e5cd0a-8950-4480-ba0f-79be6146801e,c2,c5,1258,?,x4,
1769466159.0196295,FORWARDED,f5377840-8ddf-47b9-ae5b-19dcb47542dc,62e5cd0a-8950-4480-ba0f-79be6146801e,c2,c5,1258,?,x4,
1769466159.5529678,RECEIVED,9ef47bc4-459f-4621-bdee-7ccd0f551de2,6d8cd404-9e2c-418e-a5c7-ea9080316e94,c3,c1,1777,e7,?,
1769466159.7003229,SENT,9ef47bc4-459f-4621-bdee-7ccd0f551de2,6d8cd404-9e2c-418e-a5c7-ea9080316e94,c3,c1,1259,?,x10,
1769466159.7003794,FORWARDED,9ef47bc4-459f-4621-bdee-7ccd0f551de2,6d8cd404-9e2c-418e-a5c7-ea9080316e94,c3,c1,1259,?,x10,
1769466159.8705063,RECEIVED,d695962c-a39d-49fd-9ce4-09a54866043a,71abfc06-2a24-4b07-a73f-aca0c3440cb1,c3,c1,1767,e6,?,
1769466160.128944,FORWARDED,d695962c-a39d-49fd-9ce4-09a54866043a,71abfc06-2a24-4b07-a73f-aca0c3440cb1,c3,c1,1252,?,x6,
1769466160.359682,RECEIVED,b8ad9a52-688b-4416-8dc2-400cd652b27f,2f479f80-07d5-4780-97d4-15c6c424d4f6,c4,c5,1771,e8,?,
1769466160.6577258,SENT,b8ad9a52-688b-4416-8dc2-400cd652b27f,2f479f80-07d5-4780-97d4-15c6c424d4f6,c4,c5,1256,?,x2,
1769466160.6578207,FORWARDED,b8ad9a52-688b-4416-8dc2-400cd652b27f,2f479f80-07d5-4780-97d4-15c6c424d4f6,c4,c5,1256,?,x2,
1769466161.212386,RECEIVED,2ba7646f-b4d3-41f0-ba8f-f82ac521b182,8d73d1bd-f2c6-454b-b921-8bfe559dbfb9,c4,c5,1771,e6,?,
1769466162.1313658,SENT,2ba7646f-b4d3-41f0-ba8f-f82ac521b182,8d73d1bd-f2c6-454b-b921-8bfe559dbfb9,c4,c5,1256,?,x3,
1769466162.1314692,FORWARDED,2ba7646f-b4d3-41f0-ba8f-f82ac521b182,8d73d1bd-f2c6-454b-b921-8bfe559dbfb9,c4,c5,1256,?,x3,
1769466163.849293,RECEIVED,ad9d32e7-59db-4f66-9b8d-4ee6e2bca5f8,81eb9857-8ac9-4198-8370-472c9a671c8f,c2,c5,1780,e12,?,
1769466163.9844966,SENT,ad9d32e7-59db-4f66-9b8d-4ee6e2bca5f8,81eb9857-8ac9-4198-8370-472c9a671c8f,c2,c5,1263,?,x4,
1769466163.9846127,FORWARDED,ad9d32e7-59db-4f66-9b8d-4ee6e2bca5f8,81eb9857-8ac9-4198-8370-472c9a671c8f,c2,c5,1263,?,x4,
1769466164.4215498,RECEIVED,996db01a-4464-4e05-acf5-e589025faaa9,3ec211e2-d784-4858-a7e3-5e36d94538bc,c4,c5,1775,e3,?,
1769466164.5534554,RECEIVED,cfc169cb-17f8-4dee-b8a7-4c28a411fa7c,d4d15478-fbae-4b2c-baee-6a2ef059e745,c1,c3,1776,e7,?,
1769466164.6355624,RECEIVED,d6fdaae1-783d-4d87-b1dc-984a218c88de,4839f934-6629-4212-b990-8111421e6d20,c3,c1,1771,e1,?,
1769466165.01102,SENT,cfc169cb-17f8-4dee-b8a7-4c28a411fa7c,d4d15478-fbae-4b2c-baee-6a2ef059e745,c1,c3,1258,?,x12,
1769466165.0111513,FORWARDED,cfc169cb-17f8-4dee-b8a7-4c28a411fa7c,d4d15478-fbae-4b2c-baee-6a2ef059e745,c1,c3,1258,?,x12,
1769466165.2238512,SENT,d6fdaae1-783d-4d87-b1dc-984a218c88de,4839f934-6629-4212-b990-8111421e6d20,c3,c1,1256,?,x8,
1769466165.2239661,FORWARDED,d6fdaae1-783d-4d87-b1dc-984a218c88de,4839f934-6629-4212-b990-8111421e6d20,c3,c1,1256,?,x8,
1769466165.3939254,SENT,996db01a-4464-4e05-acf5-e589025faaa9,3ec211e2-d784-4858-a7e3-5e36d94538bc,c4,c5,1259,?,x4,
1769466165.3940208,FORWARDED,996db01a-4464-4e05-acf5-e589025faaa9,3ec211e2-d784-4858-a7e3-5e36d94538bc,c4,c5,1259,?,x4,
1769466166.749419,RECEIVED,5326d2be-ce18-43c4-ac91-b41926051ae4,50c04ca5-9263-4503-a465-75654f691357,c1,c3,1763,e8,?,
1769466167.1555452,SENT,5326d2be-ce18-43c4-ac91-b41926051ae4,50c04ca5-9263-4503-a465-75654f691357,c1,c3,1251,?,x3,
1769466167.155662,FORWARDED,5326d2be-ce18-43c4-ac91-b41926051ae4,50c04ca5-9263-4503-a465-75654f691357,c1,c3,1251,?,x3,
1769466167.6742978,RECEIVED,ec23aeb2-773f-4a7d-af1f-5cb15c1f0847,570b0530-07aa-4a30-9045-f159b0b0dc14,c3,c1,1766,e2,?,
1769466169.1599326,SENT,ec23aeb2-773f-4a7d-af1f-5cb15c1f0847,570b0530-07aa-4a30-9045-f159b0b0dc14,c3,c1,1252,?,x1,
1769466169.1602588,FORWARDED,ec23aeb2-773f-4a7d-af1f-5cb15c1f0847,570b0530-07aa-4a30-9045-f159b0b0dc14,c3,c1,1252,?,x1,
1769466169.2064576,RECEIVED,4bf3d48b-13d9-4240-a434-f37c7d6c15f0,a06a93bf-a809-49c1-ad73-0a0cb40efe35,c3,c1,1782,e10,?,
1769466169.4451194,RECEIVED,2a6d6328-1da6-41b4-8e09-cb26861b24c9,f8457486-ae6d-4ff1-a890-eca9cafb6d26,c1,c3,1774,e12,?,
1769466169.7252645,SENT,4bf3d48b-13d9-4240-a434-f37c7d6c15f0,a06a93bf-a809-49c1-ad73-0a0cb40efe35,c3,c1,1264,?,x1,
1769466169.7253444,FORWARDED,4bf3d48b-13d9-4240-a434-f37c7d6c15f0,a06a93bf-a809-49c1-ad73-0a0cb40efe35,c3,c1,1264,?,x1,
1769466169.9255774,RECEIVED,ee686192-0c7c-4a1e-82c6-e5f0c58b25f1,08cec20f-69c9-41d7-b85f-46aac66648a9,c4,c5,1776,e3,?,
1769466169.9578264,FORWARDED,2a6d6328-1da6-41b4-8e09-cb26861b24c9,f8457486-ae6d-4ff1-a890-eca9cafb6d26,c1,c3,1259,?,x6,
1769466170.1393118,SENT,ee686192-0c7c-4a1e-82c6-e5f0c58b25f1,08cec20f-69c9-41d7-b85f-46aac66648a9,c4,c5,1259,?,x9,
1769466170.1394565,FORWARDED,ee686192-0c7c-4a1e-82c6-e5f0c58b25f1,08cec20f-69c9-41d7-b85f-46aac66648a9,c4,c5,1259,?,x9,
1769466170.4881444,RECEIVED,988cff32-16a0-49b6-bba9-f2c33aadece3,2cb8985c-2b79-4d4e-b3df-38b3748011e9,c2,c5,1772,e9,?,
1769466170.662181,SENT,988cff32-16a0-49b6-bba9-f2c33aadece3,2cb8985c-2b79-4d4e-b3df-38b3748011e9,c2,c5,1256,?,x1,
1769466170.6623297,FORWARDED,988cff32-16a0-49b6-bba9-f2c33aadece3,2cb8985c-2b79-4d4e-b3df-38b3748011e9,c2,c5,1256,?,x1,
1769466171.8681767,RECEIVED,2b670b72-36a5-4e06-84ef-523005579120,bee2c8eb-5831-468e-b9a6-54bf3e9ef666,c2,c5,1783,e8,?,
1769466172.1256292,RECEIVED,624a816c-243b-4bc3-8399-1be47a1118e4,8d814937-a1f9-498a-a09a-a75ea523a9c1,c4,c5,1775,e6,?,
1769466172.4963436,SENT,2b670b72-36a5-4e06-84ef-523005579120,bee2c8eb-5831-468e-b9a6-54bf3e9ef666,c2,c5,1264,?,x11,
1769466172.496464,FORWARDED,2b670b72-36a5-4e06-84ef-523005579120,bee2c8eb-5831-468e-b9a6-54bf3e9ef666,c2,c5,1264,?,x11,
1769466172.6362116,FORWARDED,624a816c-243b-4bc3-8399-1be47a1118e4,8d814937-a1f9-498a-a09a-a75ea523a9c1,c4,c5,1260,?,x6,
1769466172.7667148,RECEIVED,c59b0df9-9b5a-4809-97fc-8607e1a8e0d8,53551619-91f5-4036-80e6-d28c4c9d8fe8,c1,c3,1773,e2,?,
1769466172.8040128,SENT,c59b0df9-9b5a-4809-97fc-8607e1a8e0d8,53551619-91f5-4036-80e6-d28c4c9d8fe8,c1,c3,1255,?,x10,
1769466172.8041625,FORWARDED,c59b0df9-9b5a-4809-97fc-8607e1a8e0d8,53551619-91f5-4036-80e6-d28c4c9d8fe8,c1,c3,1255,?,x10,
1769466173.6630814,RECEIVED,0d069a6d-c06e-4676-827e-7fee087eb44d,d217db0c-9d52-4adc-8888-2c5c6d37f86b,c5,c4,1775,e10,?,
1769466174.5587978,SENT,0d069a6d-c06e-4676-827e-7fee087eb44d,d217db0c-9d52-4adc-8888-2c5c6d37f86b,c5,c4,1260,?,x3,
1769466174.5589406,FORWARDED,0d069a6d-c06e-4676-827e-7fee087eb44d,d217db0c-9d52-4adc-8888-2c5c6d37f86b,c5,c4,1260,?,x3,
1769466174.6178522,RECEIVED,3d424bfc-9c08-4dde-9380-69cf155e9cb5,eeec0606-6ccb-4dfc-ac84-eb5829eb4cd3,c1,c3,1767,e1,?,
1769466174.702752,FORWARDED,3d424bfc-9c08-4dde-9380-69cf155e9cb5,eeec0606-6ccb-4dfc-ac84-eb5829eb4cd3,c1,c3,1252,?,x6,
1769466175.2419913,RECEIVED,949523e1-2537-48a1-b6a6-0eaae900f64c,125b1a24-a483-4c4d-a924-0f5f5e7f234a,c5,c4,1784,e5,?,
1769466175.696013,SENT,949523e1-2537-48a1-b6a6-0eaae900f64c,125b1a24-a483-4c4d-a924-0f5f5e7f234a,c5,c4,1264,?,x11,
1769466175.6964154,FORWARDED,949523e1-2537-48a1-b6a6-0eaae900f64c,125b1a24-a483-4c4d-a924-0f5f5e7f234a,c5,c4,1264,?,x11,
1769466176.3988273,RECEIVED,77e3306e-cc2c-456d-8f37-126225e8bdd3,c9697a44-2575-407b-87a9-36964e6b1609,c3,c1,1786,e10,?,
1769466176.4311624,SENT,77e3306e-cc2c-456d-8f37-126225e8bdd3,c9697a44-2575-407b-87a9-36964e6b1609,c3,c1,1264,?,x12,
1769466176.4319746,FORWARDED,77e3306e-cc2c-456d-8f37-126225e8bdd3,c9697a44-2575-407b-87a9-36964e6b1609,c3,c1,1264,?,x12,
1769466176.7919145,RECEIVED,b05bb083-97af-4de7-9ab5-0093bfb3b3ca,46168938-25cb-48de-981f-55bfae555d6e,c4,c5,1767,e8,?,
1769466177.6062574,SENT,b05bb083-97af-4de7-9ab5-0093bfb3b3ca,46168938-25cb-48de-981f-55bfae555d6e,c4,c5,1252,?,x4,
1769466177.606324,FORWARDED,b05bb083-97af-4de7-9ab5-0093bfb3b3ca,46168938-25cb-48de-981f-55bfae555d6e,c4,c5,1252,?,x4,
1769466179.415725,RECEIVED,72a1450e-5293-4fbc-b9a7-4f284d1ae0a5,f5428d15-c915-4367-b528-a599c30b8554,c4,c5,1767,e2,?,
1769466179.4282417,RECEIVED,1ea57fa3-4738-44fa-9869-c0398b5076ad,1cd5118a-e60f-4027-916f-24249464b034,c2,c5,1767,e9,?,
1769466179.5398989,RECEIVED,522da105-43fb-437b-874f-284920f3609d,9735fdc5-359d-4ff2-83b7-1529decf293b,c4,c5,1764,e1,?,
1769466179.682339,FORWARDED,522da105-43fb-437b-874f-284920f3609d,9735fdc5-359d-4ff2-83b7-1529decf293b,c4,c5,1251,?,x6,
1769466180.1783419,SENT,1ea57fa3-4738-44fa-9869-c0398b5076ad,1cd5118a-e60f-4027-916f-24249464b034,c2,c5,1254,?,x2,
1769466180.1784353,FORWARDED,1ea57fa3-4738-44fa-9869-c0398b5076ad,1cd5118a-e60f-4027-916f-24249464b034,c2,c5,1254,?,x2,
1769466180.1909678,SENT,72a1450e-5293-4fbc-b9a7-4f284d1ae0a5,f5428d15-c915-4367-b528-a599c30b8554,c4,c5,1252,?,x1,
1769466180.1910844,FORWARDED,72a1450e-5293-4fbc-b9a7-4f284d1ae0a5,f5428d15-c915-4367-b528-a599c30b8554,c4,c5,1252,?,x1,
1769466180.799679,RECEIVED,c8273578-7d41-434b-8420-c823d48ccb37,bffcf5c9-c1dd-4d8f-971c-7ca74a08c3b5,c3,c1,1779,e5,?,
1769466182.124715,RECEIVED,be18eac3-1c64-425a-8ccd-31cbf7c4c371,23ef5763-e442-47b9-8f50-d4059b1345f0,c3,c1,1780,e11,?,
1769466182.1649435,RECEIVED,1c4f8346-20b3-4f0e-b772-f87de4e258f6,dc22d68b-37ab-423f-a43f-db31bda053c0,c1,c3,1768,e9,?,
1769466182.213681,SENT,be18eac3-1c64-425a-8ccd-31cbf7c4c371,23ef5763-e442-47b9-8f50-d4059b1345f0,c3,c1,1263,?,x4,
1769466182.2137654,FORWARDED,be18eac3-1c64-425a-8ccd-31cbf7c4c371,23ef5763-e442-47b9-8f50-d4059b1345f0,c3,c1,1263,?,x4,
1769466182.3612058,SENT,1c4f8346-20b3-4f0e-b772-f87de4e258f6,dc22d68b-37ab-423f-a43f-db31bda053c0,c1,c3,1252,?,x3,
1769466182.361289,FORWARDED,1c4f8346-20b3-4f0e-b772-f87de4e258f6,dc22d68b-37ab-423f-a43f-db31bda053c0,c1,c3,1252,?,x3,
1769466183.2438934,SENT,c8273578-7d41-434b-8420-c823d48ccb37,bffcf5c9-c1dd-4d8f-971c-7ca74a08c3b5,c3,c1,1261,?,x7,
1769466183.2440207,FORWARDED,c8273578-7d41-434b-8420-c823d48ccb37,bffcf5c9-c1dd-4d8f-971c-7ca74a08c3b5,c3,c1,1261,?,x7,
1769466184.4899783,RECEIVED,6bd696a2-e7a3-4d30-a6f3-748c76cfd4ef,a84e7d4a-7c96-4f01-a453-81b5441a0255,c1,DROP,1008,e2,?,
1769466184.8481877,SENT,6bd696a2-e7a3-4d30-a6f3-748c76cfd4ef,a84e7d4a-7c96-4f01-a453-81b5441a0255,c1,DROP,684,?,x8,
1769466184.8482754,FORWARDED,6bd696a2-e7a3-4d30-a6f3-748c76cfd4ef,a84e7d4a-7c96-4f01-a453-81b5441a0255,c1,DROP,684,?,x8,
1769466187.0385463,RECEIVED,f9934b1a-b33e-4528-9e98-5f83d0860b94,b9f948fc-e10c-428c-8fdf-61d6ef1930f0,c2,c5,1763,e2,?,
1769466187.3124065,RECEIVED,cd14f1d5-dd48-4509-8a23-a03a1d6d6afd,c0b896f0-5364-46cc-82d9-9ae0418ee2de,c2,c5,1768,e6,?,
1769466187.4124413,SENT,cd14f1d5-dd48-4509-8a23-a03a1d6d6afd,c0b896f0-5364-46cc-82d9-9ae0418ee2de,c2,c5,1252,?,x5,
1769466187.4125679,FORWARDED,cd14f1d5-dd48-4509-8a23-a03a1d6d6afd,c0b896f0-5364-46cc-82d9-9ae0418ee2de,c2,c5,1252,?,x5,
1769466187.665439,SENT,f9934b1a-b33e-4528-9e98-5f83d0860b94,b9f948fc-e10c-428c-8fdf-61d6ef1930f0,c2,c5,1251,?,x2,
1769466187.6655686,FORWARDED,f9934b1a-b33e-4528-9e98-5f83d0860b94,b9f948fc-e10c-428c-8fdf-61d6ef1930f0,c2,c5,1251,?,x2,
1769466189.0486426,RECEIVED,f5e58ef4-a2e9-4112-aa03-e64287b08c39,87c9c045-b72c-48fa-b98f-ecf23b2cd993,c4,c5,1766,e3,?,
1769466189.6334121,SENT,f5e58ef4-a2e9-4112-aa03-e64287b08c39,87c9c045-b72c-48fa-b98f-ecf23b2cd993,c4,c5,1252,?,x3,
1769466189.6334984,FORWARDED,f5e58ef4-a2e9-4112-aa03-e64287b08c39,87c9c045-b72c-48fa-b98f-ecf23b2cd993,c4,c5,1252,?,x3,
1769466190.0285609,RECEIVED,6ca4df4c-106c-45d7-bdbf-d73d61db385d,e11e6031-a1ee-4d50-a32d-0fba99cb9d7c,c4,c5,1763,e3,?,
1769466190.3261719,FORWARDED,6ca4df4c-106c-45d7-bdbf-d73d61db385d,e11e6031-a1ee-4d50-a32d-0fba99cb9d7c,c4,c5,1251,?,x6,
1769466191.549515,RECEIVED,a25127b3-852a-46f2-a283-22d82ed92e29,62df92b7-a665-4683-bea5-e96238b8dbf9,c3,c1,1775,e11,?,
1769466192.6876168,SENT,a25127b3-852a-46f2-a283-22d82ed92e29,62df92b7-a665-4683-bea5-e96238b8dbf9,c3,c1,1259,?,x4,
1769466192.687751,FORWARDED,a25127b3-852a-46f2-a283-22d82ed92e29,62df92b7-a665-4683-bea5-e96238b8dbf9,c3,c1,1259,?,x4,
1769466193.2084672,RECEIVED,9632fe5a-99d5-4027-9a21-9af308315896,d4c2f0fb-99d5-4389-80d9-b740c6e86079,c3,c1,1776,e10,?,
1769466193.293128,RECEIVED,b5f4e596-e188-4d46-a1bf-c3c2798e4998,287372b8-fbe9-47b7-853b-d1925078b99d,c1,c3,1780,e10,?,
1769466193.6557088,SENT,9632fe5a-99d5-4027-9a21-9af308315896,d4c2f0fb-99d5-4389-80d9-b740c6e86079,c3,c1,1259,?,x4,
1769466193.6557667,FORWARDED,9632fe5a-99d5-4027-9a21-9af308315896,d4c2f0fb-99d5-4389-80d9-b740c6e86079,c3,c1,1259,?,x4,
1769466195.2166176,SENT,b5f4e596-e188-4d46-a1bf-c3c2798e4998,287372b8-fbe9-47b7-853b-d1925078b99d,c1,c3,1263,?,x11,
1769466195.2167363,FORWARDED,b5f4e596-e188-4d46-a1bf-c3c2798e4998,287372b8-fbe9-47b7-853b-d1925078b99d,c1,c3,1263,?,x11,
1769466196.7026772,RECEIVED,29a55ebc-e440-4af6-b227-38bdd198b7f2,803b54ce-75f9-4be6-b920-d3f0ba331aba,c5,c4,1775,e9,?,
1769466197.482622,SENT,29a55ebc-e440-4af6-b227-38bdd198b7f2,803b54ce-75f9-4be6-b920-d3f0ba331aba,c5,c4,1259,?,x7,
1769466197.4827507,FORWARDED,29a55ebc-e440-4af6-b227-38bdd198b7f2,803b54ce-75f9-4be6-b920-d3f0ba331aba,c5,c4,1259,?,x7,
1769466197.5289097,RECEIVED,71891699-9add-4870-aede-190976b96d16,7c196259-43fe-4419-b169-2e60662e49af,c5,c4,1776,e3,?,
1769466197.7486246,SENT,71891699-9add-4870-aede-190976b96d16,7c196259-43fe-4419-b169-2e60662e49af,c5,c4,1260,?,x8,
1769466197.748704,FORWARDED,71891699-9add-4870-aede-190976b96d16,7c196259-43fe-4419-b169-2e60662e49af,c5,c4,1260,?,x8,
1769466197.7637799,RECEIVED,5eacfe6b-0986-400b-9f26-1786157305ee,9e5894b8-66fc-4519-b7f4-0b475712f18a,c5,c4,1768,e5,?,
1769466198.2568614,FORWARDED,5eacfe6b-0986-400b-9f26-1786157305ee,9e5894b8-66fc-4519-b7f4-0b475712f18a,c5,c4,1254,?,x6,
1769466198.8585238,RECEIVED,d4d0279d-9a25-4d6d-81c4-58f595c1fe3b,f3cc4d3f-34cb-45f3-81fd-b841f71f8e01,c2,c5,1776,e6,?,
1769466199.222763,SENT,d4d0279d-9a25-4d6d-81c4-58f595c1fe3b,f3cc4d3f-34cb-45f3-81fd-b841f71f8e01,c2,c5,1260,?,x3,
1769466199.222899,FORWARDED,d4d0279d-9a25-4d6d-81c4-58f595c1fe3b,f3cc4d3f-34cb-45f3-81fd-b841f71f8e01,c2,c5,1260,?,x3,
1769466199.5202188,RECEIVED,f430bf84-1d4e-43bc-b3b7-0331bbf4246a,f11e2112-2265-460c-86fb-4976c631efe9,c3,c1,1775,e8,?,
1769466200.49834,SENT,f430bf84-1d4e-43bc-b3b7-0331bbf4246a,f11e2112-2265-460c-86fb-4976c631efe9,c3,c1,1259,?,x8,
1769466200.49848,FORWARDED,f430bf84-1d4e-43bc-b3b7-0331bbf4246a,f11e2112-2265-460c-86fb-4976c631efe9,c3,c1,1259,?,x8,
1769466201.9195852,RECEIVED,e40f38c1-3818-49f9-ae02-aded1c1e508a,d96f48ca-b25f-493e-bad8-947ed83df95c,c2,c5,1776,e9,?,
1769466202.1043975,SENT,e40f38c1-3818-49f9-ae02-aded1c1e508a,d96f48ca-b25f-493e-bad8-947ed83df95c,c2,c5,1258,?,x4,
1769466202.1044652,FORWARDED,e40f38c1-3818-49f9-ae02-aded1c1e508a,d96f48ca-b25f-493e-bad8-947ed83df95c,c2,c5,1258,?,x4,
1769466202.451694,RECEIVED,3fc0fa37-8324-4999-96eb-2edd48047587,fa99751f-6430-429f-8b77-bcf537515917,c1,c3,1777,e11,?,
1769466202.5428045,SENT,3fc0fa37-8324-4999-96eb-2edd48047587,fa99751f-6430-429f-8b77-bcf537515917,c1,c3,1260,?,x10,
1769466202.5429828,FORWARDED,3fc0fa37-8324-4999-96eb-2edd48047587,fa99751f-6430-429f-8b77-bcf537515917,c1,c3,1260,?,x10,
1769466203.8630242,RECEIVED,029e9894-24ba-4d7f-82a1-78d5056afda5,fa2a566a-8fb9-4241-8fbd-a92d72709faa,c1,c3,1776,e2,?,
1769466203.9963472,SENT,029e9894-24ba-4d7f-82a1-78d5056afda5,fa2a566a-8fb9-4241-8fbd-a92d72709faa,c1,c3,1260,?,x8,
1769466203.996449,FORWARDED,029e9894-24ba-4d7f-82a1-78d5056afda5,fa2a566a-8fb9-4241-8fbd-a92d72709faa,c1,c3,1260,?,x8,
1769466205.9764566,RECEIVED,1f3a4305-25a3-4ab1-90fb-10f9af0c0ccd,68e9dac3-9c5a-4c68-b5ae-c72e1eae9edb,c1,c3,1778,e1,?,
1769466205.9843926,SENT,1f3a4305-25a3-4ab1-90fb-10f9af0c0ccd,68e9dac3-9c5a-4c68-b5ae-c72e1eae9edb,c1,c3,1259,?,x4,
1769466205.9845486,FORWARDED,1f3a4305-25a3-4ab1-90fb-10f9af0c0ccd,68e9dac3-9c5a-4c68-b5ae-c72e1eae9edb,c1,c3,1259,?,x4,
1769466208.3872156,RECEIVED,51002c46-1897-4985-b0eb-aba8e1762a97,34c25e5d-f0ed-4b5f-ba13-70ab33474ca3,c2,c5,1771,e3,?,
1769466208.6847022,RECEIVED,edde6a3c-ac9b-467a-b4de-fc6fe1636448,9c90116e-f82e-45eb-ba05-03054a422466,c5,c4,1781,e11,?,
1769466208.8126795,SENT,edde6a3c-ac9b-467a-b4de-fc6fe1636448,9c90116e-f82e-45eb-ba05-03054a422466,c5,c4,1263,?,x11,
1769466208.8128142,FORWARDED,edde6a3c-ac9b-467a-b4de-fc6fe1636448,9c90116e-f82e-45eb-ba05-03054a422466,c5,c4,1263,?,x11,
1769466208.899719,SENT,51002c46-1897-4985-b0eb-aba8e1762a97,34c25e5d-f0ed-4b5f-ba13-70ab33474ca3,c2,c5,1255,?,x2,
1769466208.8997993,FORWARDED,51002c46-1897-4985-b0eb-aba8e1762a97,34c25e5d-f0ed-4b5f-ba13-70ab33474ca3,c2,c5,1255,?,x2,
1769466209.986481,RECEIVED,61cf422e-442b-46bd-88b6-19e25e53ce4d,6d808df3-16ac-40b7-88f2-8a6fc13dfdb1,c5,c4,1763,e9,?,
1769466210.093588,RECEIVED,82d1b149-8754-43eb-87da-f4ae369ccbbb,835b42b8-81a0-4959-b1c7-5ebf9fa7da99,c5,c4,1763,e6,?,
1769466210.363331,SENT,61cf422e-442b-46bd-88b6-19e25e53ce4d,6d808df3-16ac-40b7-88f2-8a6fc13dfdb1,c5,c4,1250,?,x4,
1769466210.3634453,FORWARDED,61cf422e-442b-46bd-88b6-19e25e53ce4d,6d808df3-16ac-40b7-88f2-8a6fc13dfdb1,c5,c4,1250,?,x4,
1769466210.7778862,RECEIVED,c432793c-7b44-46a8-80b8-44166c51f3ea,00800dc5-bde5-4321-a809-9af56a16d7b7,c5,c4,1775,e2,?,
1769466210.9034777,SENT,82d1b149-8754-43eb-87da-f4ae369ccbbb,835b42b8-81a0-4959-b1c7-5ebf9fa7da99,c5,c4,1251,?,x7,
1769466210.9035468,FORWARDED,82d1b149-8754-43eb-87da-f4ae369ccbbb,835b42b8-81a0-4959-b1c7-5ebf9fa7da99,c5,c4,1251,?,x7,
1769466211.1788425,RECEIVED,3a63c25d-e93c-42e1-9607-97f61fd13bec,f225baee-8471-4439-a236-f21d6f2c66b6,c2,c5,1777,e3,?,
1769466211.23439,SENT,3a63c25d-e93c-42e1-9607-97f61fd13bec,f225baee-8471-4439-a236-f21d6f2c66b6,c2,c5,1259,?,x7,
1769466211.234515,FORWARDED,3a63c25d-e93c-42e1-9607-97f61fd13bec,f225baee-8471-4439-a236-f21d6f2c66b6,c2,c5,1259,?,x7,
1769466211.2984896,SENT,c432793c-7b44-46a8-80b8-44166c51f3ea,00800dc5-bde5-4321-a809-9af56a16d7b7,c5,c4,1259,?,x8,
1769466211.2986126,FORWARDED,c432793c-7b44-46a8-80b8-44166c51f3ea,00800dc5-bde5-4321-a809-9af56a16d7b7,c5,c4,1259,?,x8,
1769466211.70976,RECEIVED,ef7a12e3-662a-44fd-9493-e6956c6d4741,617c856f-1fb3-4128-9557-210f885cdb37,c5,c4,1759,e8,?,
1769466211.8989005,RECEIVED,30c21e0a-3ade-4b23-9034-23c45bb12d9a,078a2af5-7415-4157-8f12-95f5a9c7d966,c3,c1,1779,e3,?,
1769466212.529879,SENT,30c21e0a-3ade-4b23-9034-23c45bb12d9a,078a2af5-7415-4157-8f12-95f5a9c7d966,c3,c1,1262,?,x7,
1769466212.5300262,FORWARDED,30c21e0a-3ade-4b23-9034-23c45bb12d9a,078a2af5-7415-4157-8f12-95f5a9c7d966,c3,c1,1262,?,x7,
1769466212.7880127,SENT,ef7a12e3-662a-44fd-9493-e6956c6d4741,617c856f-1fb3-4128-9557-210f885cdb37,c5,c4,1247,?,x3,
1769466212.7881365,FORWARDED,ef7a12e3-662a-44fd-9493-e6956c6d4741,617c856f-1fb3-4128-9557-210f885cdb37,c5,c4,1247,?,x3,
1769466213.7305832,RECEIVED,fdd4666b-fcfd-4e9b-af7d-8c7745d8ed03,ff63cf5d-c5d1-4890-a203-412c3ca9cc0b,c2,c5,1772,e6,?,
1769466213.8581052,RECEIVED,404a6c69-6256-4a94-8936-b882b14b0778,f9a853e5-2d52-4ac3-ae01-4bff366604d6,c1,c3,1776,e9,?,
1769466213.96322,FORWARDED,fdd4666b-fcfd-4e9b-af7d-8c7745d8ed03,ff63cf5d-c5d1-4890-a203-412c3ca9cc0b,c2,c5,1256,?,x6,
1769466213.985565,SENT,404a6c69-6256-4a94-8936-b882b14b0778,f9a853e5-2d52-4ac3-ae01-4bff366604d6,c1,c3,1259,?,x1,
1769466213.9856386,FORWARDED,404a6c69-6256-4a94-8936-b882b14b0778,f9a853e5-2d52-4ac3-ae01-4bff366604d6,c1,c3,1259,?,x1,
1769466216.5525842,RECEIVED,8beab898-62cc-4b18-99ff-a61a2a0b09ae,e31bfb4d-5d18-440e-9e73-9504976fd198,c1,c3,1776,e9,?,
1769466216.5887895,RECEIVED,dd091d3d-6657-4f1a-ae8f-23da52b30d26,3ac8a160-389b-4ad3-b325-c66df68ead49,c4,c5,1784,e11,?,
1769466216.659954,SENT,dd091d3d-6657-4f1a-ae8f-23da52b30d26,3ac8a160-389b-4ad3-b325-c66df68ead49,c4,c5,1265,?,x9,
1769466216.6600351,FORWARDED,dd091d3d-6657-4f1a-ae8f-23da52b30d26,3ac8a160-389b-4ad3-b325-c66df68ead49,c4,c5,1265,?,x9,
1769466216.8347895,SENT,8beab898-62cc-4b18-99ff-a61a2a0b09ae,e31bfb4d-5d18-440e-9e73-9504976fd198,c1,c3,1259,?,x4,
1769466216.8349233,FORWARDED,8beab898-62cc-4b18-99ff-a61a2a0b09ae,e31bfb4d-5d18-440e-9e73-9504976fd198,c1,c3,1259,?,x4,
1769466216.9241638,RECEIVED,8a6ee046-ed3a-4be8-bc1c-0e31c3ad33db,ede903b9-3dd1-490a-ac59-96add4222db6,c4,c5,1784,e8,?,
1769466217.3085878,SENT,8a6ee046-ed3a-4be8-bc1c-0e31c3ad33db,ede903b9-3dd1-490a-ac59-96add4222db6,c4,c5,1264,?,x10,
1769466217.308719,FORWARDED,8a6ee046-ed3a-4be8-bc1c-0e31c3ad33db,ede903b9-3dd1-490a-ac59-96add4222db6,c4,c5,1264,?,x10,
1769466217.3481843,RECEIVED,cad9733c-2558-4947-a545-7d313d45764e,f2144f3f-92d6-4992-b057-40abc80e9b29,c2,c5,1776,e3,?,
1769466217.4962,SENT,cad9733c-2558-4947-a545-7d313d45764e,f2144f3f-92d6-4992-b057-40abc80e9b29,c2,c5,1259,?,x2,
1769466217.4962652,FORWARDED,cad9733c-2558-4947-a545-7d313d45764e,f2144f3f-92d6-4992-b057-40abc80e9b29,c2,c5,1259,?,x2,
1769466217.7658522,RECEIVED,b304d69e-9548-486d-8064-9a76a8d872ea,c0e3ec57-dbd1-4a5b-9cba-fd482485ebf4,c2,c5,1762,e10,?,
1769466217.7893393,RECEIVED,d435c733-395e-41c7-9aa3-ff936e4a6880,91c49645-be87-4e47-b6d6-809b4be1a832,c2,c5,1772,e1,?,
1769466217.8737504,SENT,d435c733-395e-41c7-9aa3-ff936e4a6880,91c49645-be87-4e47-b6d6-809b4be1a832,c2,c5,1256,?,x4,
1769466217.8738167,FORWARDED,d435c733-395e-41c7-9aa3-ff936e4a6880,91c49645-be87-4e47-b6d6-809b4be1a832,c2,c5,1256,?,x4,
1769466219.058559,RECEIVED,9a11a0aa-024c-45b9-8f2e-11961fbda92d,f59e67fe-ee29-49d4-9fca-36b28c739b91,c1,c3,1776,e8,?,
1769466219.3677697,SENT,9a11a0aa-024c-45b9-8f2e-11961fbda92d,f59e67fe-ee29-49d4-9fca-36b28c739b91,c1,c3,1260,?,x5,
1769466219.3678956,FORWARDED,9a11a0aa-024c-45b9-8f2e-11961fbda92d,f59e67fe-ee29-49d4-9fca-36b28c739b91,c1,c3,1260,?,x5,
1769466219.964514,SENT,b304d69e-9548-486d-8064-9a76a8d872ea,c0e3ec57-dbd1-4a5b-9cba-fd482485ebf4,c2,c5,1251,?,x3,
1769466219.96462,FORWARDED,b304d69e-9548-486d-8064-9a76a8d872ea,c0e3ec57-dbd1-4a5b-9cba-fd482485ebf4,c2,c5,1251,?,x3,
1769466220.1639595,RECEIVED,4f2aa337-2639-42ae-b297-7d6d9640e3ad,73fa3f17-c2ac-447e-a036-f0763352905d,c1,c3,1777,e3,?,
1769466220.188038,SENT,4f2aa337-2639-42ae-b297-7d6d9640e3ad,73fa3f17-c2ac-447e-a036-f0763352905d,c1,c3,1259,?,x2,
1769466220.1885,FORWARDED,4f2aa337-2639-42ae-b297-7d6d9640e3ad,73fa3f17-c2ac-447e-a036-f0763352905d,c1,c3,1259,?,x2,
1769466220.7405868,RECEIVED,76fc861b-9fd0-4bbe-ba4c-f26fc696512c,6ac100fd-8c8e-4149-b1b7-3af7b7833aea,c3,c1,1772,e8,?,
1769466220.8144808,RECEIVED,21c17fdb-81e8-434d-ba5d-f0421f7cacc6,96b3c105-1a85-40d8-abc9-6da4823f82c5,c5,c4,1764,e1,?,
1769466221.03087,SENT,21c17fdb-81e8-434d-ba5d-f0421f7cacc6,96b3c105-1a85-40d8-abc9-6da4823f82c5,c5,c4,1251,?,x3,
1769466221.030972,FORWARDED,21c17fdb-81e8-434d-ba5d-f0421f7cacc6,96b3c105-1a85-40d8-abc9-6da4823f82c5,c5,c4,1251,?,x3,
1769466221.0516243,SENT,76fc861b-9fd0-4bbe-ba4c-f26fc696512c,6ac100fd-8c8e-4149-b1b7-3af7b7833aea,c3,c1,1255,?,x4,
1769466221.0517292,FORWARDED,76fc861b-9fd0-4bbe-ba4c-f26fc696512c,6ac100fd-8c8e-4149-b1b7-3af7b7833aea,c3,c1,1255,?,x4,
1769466223.8273542,RECEIVED,6c5f8c8b-eaf0-4d3c-b0a2-2cc6687fb920,2fa1f3fc-fd06-4e41-a805-0b85d0da2ce4,c3,c1,1773,e10,?,
1769466223.8587456,SENT,6c5f8c8b-eaf0-4d3c-b0a2-2cc6687fb920,2fa1f3fc-fd06-4e41-a805-0b85d0da2ce4,c3,c1,1255,?,x5,
1769466223.8588765,FORWARDED,6c5f8c8b-eaf0-4d3c-b0a2-2cc6687fb920,2fa1f3fc-fd06-4e41-a805-0b85d0da2ce4,c3,c1,1255,?,x5,
1769466223.9322772,RECEIVED,df4068df-5c64-4b1a-944a-0a6c83c6e097,d5ccea07-2fc9-4fa1-98ae-c7bb2a31a8cf,c3,c1,1780,e9,?,
1769466223.955914,RECEIVED,92301237-d20b-4586-8d79-8f020fff9917,b54a6b5e-7636-4b2b-a169-b11d4878de9e,c4,c5,1775,e7,?,
1769466224.395873,RECEIVED,da7c5d5e-a3f9-48e8-873d-74088096fa86,36304036-124a-46af-9bfc-83b697992afd,c4,c5,1780,e6,?,
1769466224.490412,SENT,da7c5d5e-a3f9-48e8-873d-74088096fa86,36304036-124a-46af-9bfc-83b697992afd,c4,c5,1263,?,x12,
1769466224.4905531,FORWARDED,da7c5d5e-a3f9-48e8-873d-74088096fa86,36304036-124a-46af-9bfc-83b697992afd,c4,c5,1263,?,x12,
1769466224.9532747,SENT,df4068df-5c64-4b1a-944a-0a6c83c6e097,d5ccea07-2fc9-4fa1-98ae-c7bb2a31a8cf,c3,c1,1263,?,x10,
1769466224.9533923,FORWARDED,df4068df-5c64-4b1a-944a-0a6c83c6e097,d5ccea07-2fc9-4fa1-98ae-c7bb2a31a8cf,c3,c1,1263,?,x10,
1769466225.0139525,SENT,92301237-d20b-4586-8d79-8f020fff9917,b54a6b5e-7636-4b2b-a169-b11d4878de9e,c4,c5,1260,?,x9,
1769466225.0141058,FORWARDED,92301237-d20b-4586-8d79-8f020fff9917,b54a6b5e-7636-4b2b-a169-b11d4878de9e,c4,c5,1260,?,x9,
1769466225.4377785,RECEIVED,1ddf291d-3ef7-4ca2-977a-7ccaf198715f,09c163e8-ec80-4469-a3c3-8bda90dd14a4,c4,c5,1771,e3,?,
1769466225.446898,RECEIVED,accc8f15-0eb3-416a-b250-e3d2d4ddc1b2,8ed6ee1c-405e-4316-b8f9-ce34349ecbed,c2,c5,1776,e7,?,
1769466225.5426295,SENT,accc8f15-0eb3-416a-b250-e3d2d4ddc1b2,8ed6ee1c-405e-4316-b8f9-ce34349ecbed,c2,c5,1259,?,x4,
1769466225.5427375,FORWARDED,accc8f15-0eb3-416a-b250-e3d2d4ddc1b2,8ed6ee1c-405e-4316-b8f9-ce34349ecbed,c2,c5,1259,?,x4,
1769466225.5713048,RECEIVED,35ca5581-e57a-41b0-ae3e-989326e28330,f9a6ed1a-7c35-4f05-8252-517b749e4504,c5,c4,1767,e6,?,
1769466225.988258,SENT,1ddf291d-3ef7-4ca2-977a-7ccaf198715f,09c163e8-ec80-4469-a3c3-8bda90dd14a4,c4,c5,1255,?,x3,
1769466225.9883602,FORWARDED,1ddf291d-3ef7-4ca2-977a-7ccaf198715f,09c163e8-ec80-4469-a3c3-8bda90dd14a4,c4,c5,1255,?,x3,
1769466226.6183403,SENT,35ca5581-e57a-41b0-ae3e-989326e28330,f9a6ed1a-7c35-4f05-8252-517b749e4504,c5,c4,1252,?,x4,
1769466226.6184692,FORWARDED,35ca5581-e57a-41b0-ae3e-989326e28330,f9a6ed1a-7c35-4f05-8252-517b749e4504,c5,c4,1252,?,x4,
1769466227.7045548,RECEIVED,d9fa07ed-50fb-45cb-94c2-935160b15f14,81d5c3a5-577c-4d9b-bc2a-65b412b5f10d,c5,c4,1759,e8,?,
1769466228.3982081,SENT,d9fa07ed-50fb-45cb-94c2-935160b15f14,81d5c3a5-577c-4d9b-bc2a-65b412b5f10d,c5,c4,1248,?,x7,
1769466228.3982947,FORWARDED,d9fa07ed-50fb-45cb-94c2-935160b15f14,81d5c3a5-577c-4d9b-bc2a-65b412b5f10d,c5,c4,1248,?,x7,
1769466228.5564194,RECEIVED,1224e1b3-3097-487f-a902-1fd6988bf684,371646a3-fe92-43f8-9ffa-a47fd9177355,c2,c5,1759,e2,?,
1769466229.402775,RECEIVED,13bb88cc-46e7-4ade-a024-ea523cf7df19,91f1d5c4-6f87-4ba6-a6f6-2e6d7990a065,c3,c1,1780,e12,?,
1769466229.4214065,SENT,1224e1b3-3097-487f-a902-1fd6988bf684,371646a3-fe92-43f8-9ffa-a47fd9177355,c2,c5,1248,?,x7,
1769466229.4215379,FORWARDED,1224e1b3-3097-487f-a902-1fd6988bf684,371646a3-fe92-43f8-9ffa-a47fd9177355,c2,c5,1248,?,x7,
1769466229.4740312,SENT,13bb88cc-46e7-4ade-a024-ea523cf7df19,91f1d5c4-6f87-4ba6-a6f6-2e6d7990a065,c3,c1,1263,?,x7,
1769466229.4742007,FORWARDED,13bb88cc-46e7-4ade-a024-ea523cf7df19,91f1d5c4-6f87-4ba6-a6f6-2e6d7990a065,c3,c1,1263,?,x7,
1769466231.4733102,RECEIVED,8dc8491f-5038-4d32-b63c-cb2a8676f3de,42ba6c8c-a201-4d20-bff1-df720d616c54,c5,c4,1775,e6,?,
1769466232.457563,SENT,8dc8491f-5038-4d32-b63c-cb2a8676f3de,42ba6c8c-a201-4d20-bff1-df720d616c54,c5,c4,1260,?,x2,
1769466232.4576976,FORWARDED,8dc8491f-5038-4d32-b63c-cb2a8676f3de,42ba6c8c-a201-4d20-bff1-df720d616c54,c5,c4,1260,?,x2,
1769466236.1671898,RECEIVED,30994d09-12fa-4a7b-adf3-d40e0e7d8e7b,d1804af0-a099-4a4d-955d-bb1512597d2b,c5,c4,1768,e3,?,
1769466236.2548134,RECEIVED,3b11167a-7d6d-4601-bfc6-e74b6c676d1b,e4edf677-f12d-4c6e-a24d-0903265b0392,c1,c3,1781,e10,?,
1769466236.3129406,SENT,30994d09-12fa-4a7b-adf3-d40e0e7d8e7b,d1804af0-a099-4a4d-955d-bb1512597d2b,c5,c4,1252,?,x3,
1769466236.3130977,FORWARDED,30994d09-12fa-4a7b-adf3-d40e0e7d8e7b,d1804af0-a099-4a4d-955d-bb1512597d2b,c5,c4,1252,?,x3,
1769466236.4723916,SENT,3b11167a-7d6d-4601-bfc6-e74b6c676d1b,e4edf677-f12d-4c6e-a24d-0903265b0392,c1,c3,1263,?,x10,
1769466236.4726543,FORWARDED,3b11167a-7d6d-4601-bfc6-e74b6c676d1b,e4edf677-f12d-4c6e-a24d-0903265b0392,c1,c3,1263,?,x10,
1769466236.6386416,RECEIVED,a04d298b-c887-4079-9e3f-7b351e55bc6e,e855d564-fdc2-4758-87db-70c207955318,c2,c5,1776,e12,?,
1769466236.7358584,SENT,a04d298b-c887-4079-9e3f-7b351e55bc6e,e855d564-fdc2-4758-87db-70c207955318,c2,c5,1258,?,x4,
1769466236.7360044,FORWARDED,a04d298b-c887-4079-9e3f-7b351e55bc6e,e855d564-fdc2-4758-87db-70c207955318,c2,c5,1258,?,x4,
1769466236.7499526,RECEIVED,b65bd157-4dcb-4607-8707-df95d9eb947b,4738c563-aece-4f45-bbce-7050d5780e7b,c3,c1,1779,e5,?,
1769466236.8078134,RECEIVED,6dac2d91-7c2e-4f03-8f54-093f42365ada,5c1e5056-3208-4022-9457-fab3cbf848d3,c5,c4,1780,e11,?,
1769466236.9007647,SENT,6dac2d91-7c2e-4f03-8f54-093f42365ada,5c1e5056-3208-4022-9457-fab3cbf848d3,c5,c4,1261,?,x4,
1769466236.9008539,FORWARDED,6dac2d91-7c2e-4f03-8f54-093f42365ada,5c1e5056-3208-4022-9457-fab3cbf848d3,c5,c4,1261,?,x4,
1769466237.341638,SENT,b65bd157-4dcb-4607-8707-df95d9eb947b,4738c563-aece-4f45-bbce-7050d5780e7b,c3,c1,1262,?,x1,
1769466237.3417742,FORWARDED,b65bd157-4dcb-4607-8707-df95d9eb947b,4738c563-aece-4f45-bbce-7050d5780e7b,c3,c1,1262,?,x1,
1769466237.8839529,RECEIVED,b5cd0a9d-c258-4d96-9b2e-5f34e235c60c,4e3f76fb-84f4-49b2-9217-dd4a560fd84b,c1,c3,1777,e7,?,
1769466238.084099,SENT,b5cd0a9d-c258-4d96-9b2e-5f34e235c60c,4e3f76fb-84f4-49b2-9217-dd4a560fd84b,c1,c3,1259,?,x11,
1769466238.0842302,FORWARDED,b5cd0a9d-c258-4d96-9b2e-5f34e235c60c,4e3f76fb-84f4-49b2-9217-dd4a560fd84b,c1,c3,1259,?,x11,
1769466238.340002,RECEIVED,1a15d1ae-7888-4bf7-9c06-597b96112495,a1ddfcb1-8abd-4f12-84fe-89d951c8f6e4,c3,c1,1776,e9,?,
1769466238.7372005,SENT,1a15d1ae-7888-4bf7-9c06-597b96112495,a1ddfcb1-8abd-4f12-84fe-89d951c8f6e4,c3,c1,1259,?,x4,
1769466238.737297,FORWARDED,1a15d1ae-7888-4bf7-9c06-597b96112495,a1ddfcb1-8abd-4f12-84fe-89d951c8f6e4,c3,c1,1259,?,x4,
1769466239.146895,RECEIVED,3eae0a97-3f71-4881-9348-e886995cf6d2,3d31b4e6-1e00-430e-8f3b-dde9fce0c383,c4,c5,1767,e5,?,
1769466239.495564,RECEIVED,b9ebe516-092c-4656-a476-778eb31c5924,f3448af2-f1de-42fb-bfe8-ed5565211477,c4,c5,1775,e3,?,
1769466239.52064,SENT,3eae0a97-3f71-4881-9348-e886995cf6d2,3d31b4e6-1e00-430e-8f3b-dde9fce0c383,c4,c5,1254,?,x4,
1769466239.5207052,FORWARDED,3eae0a97-3f71-4881-9348-e886995cf6d2,3d31b4e6-1e00-430e-8f3b-dde9fce0c383,c4,c5,1254,?,x4,
1769466239.7885985,SENT,b9ebe516-092c-4656-a476-778eb31c5924,f3448af2-f1de-42fb-bfe8-ed5565211477,c4,c5,1260,?,x3,
1769466239.7887056,FORWARDED,b9ebe516-092c-4656-a476-778eb31c5924,f3448af2-f1de-42fb-bfe8-ed5565211477,c4,c5,1260,?,x3,
1769466239.8626673,RECEIVED,faed181a-080c-499f-b809-23367fc072f9,e8985773-83dd-4e14-92a7-8f31571e407c,c1,c3,1767,e6,?,
1769466240.2481494,RECEIVED,7c68728f-68e7-438a-816a-05a8fa1b0619,9a0cf6c0-0a7a-4631-8ae6-2008c82996fd,c5,c4,1763,e8,?,
1769466240.5803487,RECEIVED,522decc7-3cfc-48e5-be8d-10833648fe80,7f068d75-8b39-42b5-b27c-93fea7df94e5,c3,c1,1776,e5,?,
1769466240.675664,SENT,522decc7-3cfc-48e5-be8d-10833648fe80,7f068d75-8b39-42b5-b27c-93fea7df94e5,c3,c1,1260,?,x1,
1769466240.6757689,FORWARDED,522decc7-3cfc-48e5-be8d-10833648fe80,7f068d75-8b39-42b5-b27c-93fea7df94e5,c3,c1,1260,?,x1,
1769466241.0509682,RECEIVED,f4a2eb2f-200d-4f73-af72-a3661b031f01,b064fd8e-5a78-4af2-b275-8913a7091930,c2,c5,1763,e2,?,
1769466241.156853,SENT,7c68728f-68e7-438a-816a-05a8fa1b0619,9a0cf6c0-0a7a-4631-8ae6-2008c82996fd,c5,c4,1251,?,x1,
1769466241.1569867,FORWARDED,7c68728f-68e7-438a-816a-05a8fa1b0619,9a0cf6c0-0a7a-4631-8ae6-2008c82996fd,c5,c4,1251,?,x1,
1769466241.4730217,SENT,faed181a-080c-499f-b809-23367fc072f9,e8985773-83dd-4e14-92a7-8f31571e407c,c1,c3,1252,?,x7,
1769466241.4731965,FORWARDED,faed181a-080c-499f-b809-23367fc072f9,e8985773-83dd-4e14-92a7-8f31571e407c,c1,c3,1252,?,x7,
1769466241.553879,SENT,f4a2eb2f-200d-4f73-af72-a3661b031f01,b064fd8e-5a78-4af2-b275-8913a7091930,c2,c5,1251,?,x7,
1769466241.5540376,FORWARDED,f4a2eb2f-200d-4f73-af72-a3661b031f01,b064fd8e-5a78-4af2-b275-8913a7091930,c2,c5,1251,?,x7,
1769466242.3990297,RECEIVED,388a7964-d81a-4846-8701-1df273596d99,89a39d09-7c13-4610-80f1-7bbe08af616e,c2,c5,1771,e5,?,
1769466242.423182,SENT,388a7964-d81a-4846-8701-1df273596d99,89a39d09-7c13-4610-80f1-7bbe08af616e,c2,c5,1255,?,x3,
1769466242.423236,FORWARDED,388a7964-d81a-4846-8701-1df273596d99,89a39d09-7c13-4610-80f1-7bbe08af616e,c2,c5,1255,?,x3,
1769466242.553483,RECEIVED,d873ba0e-5fc0-4bf1-ae2c-14375819f93e,a575e866-16ba-4d96-a123-2362c5cfbc7e,c3,c1,1779,e5,?,
1769466242.6569552,SENT,d873ba0e-5fc0-4bf1-ae2c-14375819f93e,a575e866-16ba-4d96-a123-2362c5cfbc7e,c3,c1,1261,?,x7,
1769466242.6574745,FORWARDED,d873ba0e-5fc0-4bf1-ae2c-14375819f93e,a575e866-16ba-4d96-a123-2362c5cfbc7e,c3,c1,1261,?,x7,
1769466244.2990088,RECEIVED,4fe37fa2-3266-42e2-99e8-8860d6ab74f1,f9fe83a2-d99f-48cd-bf23-12433a0b1d67,c2,c5,1788,e11,?,
1769466244.6274285,SENT,4fe37fa2-3266-42e2-99e8-8860d6ab74f1,f9fe83a2-d99f-48cd-bf23-12433a0b1d67,c2,c5,1268,?,x11,
1769466244.627506,FORWARDED,4fe37fa2-3266-42e2-99e8-8860d6ab74f1,f9fe83a2-d99f-48cd-bf23-12433a0b1d67,c2,c5,1268,?,x11,
1769466245.3166962,RECEIVED,00993d18-616a-4a13-be57-ca7467b163a5,5cbc9097-5421-47a7-98e9-8a5e5e04688a,c3,c1,1775,e7,?,
1769466245.570517,SENT,00993d18-616a-4a13-be57-ca7467b163a5,5cbc9097-5421-47a7-98e9-8a5e5e04688a,c3,c1,1259,?,x8,
1769466245.570975,FORWARDED,00993d18-616a-4a13-be57-ca7467b163a5,5cbc9097-5421-47a7-98e9-8a5e5e04688a,c3,c1,1259,?,x8,
1769466245.6778123,RECEIVED,91e78553-2e8f-42d5-ab1f-231a94b6f98e,6735c081-d7d2-489d-96e1-f55f90a68d36,c5,c4,1763,e8,?,
1769466246.4903667,RECEIVED,1d5d800a-ca2f-4d45-bcd1-c1e75cd3a74f,b6acfcfb-0ae9-4aed-a115-acca51e9d572,c4,c5,1775,e6,?,
1769466246.9094539,SENT,1d5d800a-ca2f-4d45-bcd1-c1e75cd3a74f,b6acfcfb-0ae9-4aed-a115-acca51e9d572,c4,c5,1260,?,x5,
1769466246.9095516,FORWARDED,1d5d800a-ca2f-4d45-bcd1-c1e75cd3a74f,b6acfcfb-0ae9-4aed-a115-acca51e9d572,c4,c5,1260,?,x5,
1769466247.252904,SENT,91e78553-2e8f-42d5-ab1f-231a94b6f98e,6735c081-d7d2-489d-96e1-f55f90a68d36,c5,c4,1250,?,x8,
1769466247.253038,FORWARDED,91e78553-2e8f-42d5-ab1f-231a94b6f98e,6735c081-d7d2-489d-96e1-f55f90a68d36,c5,c4,1250,?,x8,
1769466247.347701,RECEIVED,cf5ed9bf-ef4a-41e1-a8b8-ddd68bb463e7,737a8813-1fee-4b18-9700-fb701be996c3,c1,c3,1776,e7,?,
1769466247.4913132,SENT,cf5ed9bf-ef4a-41e1-a8b8-ddd68bb463e7,737a8813-1fee-4b18-9700-fb701be996c3,c1,c3,1259,?,x3,
1769466247.4914382,FORWARDED,cf5ed9bf-ef4a-41e1-a8b8-ddd68bb463e7,737a8813-1fee-4b18-9700-fb701be996c3,c1,c3,1259,?,x3,
1769466247.4923012,RECEIVED,8ca8d1cc-e44f-49a6-b06d-d1477c10e756,c7a87f77-bd3c-4e0f-a9b5-b7b8c364c3b1,c5,c4,1780,e2,?,
1769466247.9933424,SENT,8ca8d1cc-e44f-49a6-b06d-d1477c10e756,c7a87f77-bd3c-4e0f-a9b5-b7b8c364c3b1,c5,c4,1263,?,x4,
1769466247.9934587,FORWARDED,8ca8d1cc-e44f-49a6-b06d-d1477c10e756,c7a87f77-bd3c-4e0f-a9b5-b7b8c364c3b1,c5,c4,1263,?,x4,
1769466248.724365,RECEIVED,709aefae-9570-472f-85e4-c5e3cd8f7724,ee7bc287-58a3-4855-a101-c1eb73bede4e,c1,c3,1772,e11,?,
1769466248.9132097,SENT,709aefae-9570-472f-85e4-c5e3cd8f7724,ee7bc287-58a3-4855-a101-c1eb73bede4e,c1,c3,1255,?,x4,
1769466248.9133394,FORWARDED,709aefae-9570-472f-85e4-c5e3cd8f7724,ee7bc287-58a3-4855-a101-c1eb73bede4e,c1,c3,1255,?,x4,
1769466249.5954168,RECEIVED,4bf4308b-e61f-4dc9-a4a8-2fb3817da683,b43fd2bb-e3a9-4b66-8105-983fda50f91d,c2,c5,1776,e10,?,
1769466249.7843885,SENT,4bf4308b-e61f-4dc9-a4a8-2fb3817da683,b43fd2bb-e3a9-4b66-8105-983fda50f91d,c2,c5,1259,?,x9,
1769466249.784521,FORWARDED,4bf4308b-e61f-4dc9-a4a8-2fb3817da683,b43fd2bb-e3a9-4b66-8105-983fda50f91d,c2,c5,1259,?,x9,
1769466249.8866358,RECEIVED,5cf63e53-6018-43c2-810a-59cf03f4c5d0,e79e4e3a-da3c-4de1-8d7e-304d0d189331,c1,c3,1763,e2,?,
1769466250.359873,RECEIVED,da5bd646-f49b-4742-9e89-315a88c3fe9b,989ce4f9-c733-4bc2-b411-bba02b5c5f35,c3,c1,1774,e11,?,
1769466250.828561,SENT,da5bd646-f49b-4742-9e89-315a88c3fe9b,989ce4f9-c733-4bc2-b411-bba02b5c5f35,c3,c1,1259,?,x9,
1769466250.8287938,FORWARDED,da5bd646-f49b-4742-9e89-315a88c3fe9b,989ce4f9-c733-4bc2-b411-bba02b5c5f35,c3,c1,1259,?,x9,
1769466251.0099669,SENT,5cf63e53-6018-43c2-810a-59cf03f4c5d0,e79e4e3a-da3c-4de1-8d7e-304d0d189331,c1,c3,1250,?,x1,
1769466251.0101433,FORWARDED,5cf63e53-6018-43c2-810a-59cf03f4c5d0,e79e4e3a-da3c-4de1-8d7e-304d0d189331,c1,c3,1250,?,x1,
1769466251.4173222,RECEIVED,fbda7e56-d924-42db-9a4d-687accdd7213,54861c79-ce3f-4121-87dc-692bcf254eea,c3,c1,1777,e6,?,
1769466251.490578,SENT,fbda7e56-d924-42db-9a4d-687accdd7213,54861c79-ce3f-4121-87dc-692bcf254eea,c3,c1,1259,?,x12,
1769466251.490642,FORWARDED,fbda7e56-d924-42db-9a4d-687accdd7213,54861c79-ce3f-4121-87dc-692bcf254eea,c3,c1,1259,?,x12,
1769466251.6212955,RECEIVED,feb70394-e307-4182-ac0a-ab4d793997ef,a3f46099-1ff6-4c02-b776-c27f61e6eb89,c4,c5,1760,e6,?,
1769466252.0217369,SENT,feb70394-e307-4182-ac0a-ab4d793997ef,a3f46099-1ff6-4c02-b776-c27f61e6eb89,c4,c5,1247,?,x8,
1769466252.0218127,FORWARDED,feb70394-e307-4182-ac0a-ab4d793997ef,a3f46099-1ff6-4c02-b776-c27f61e6eb89,c4,c5,1247,?,x8,
1769466252.5593393,RECEIVED,40f26bf0-f3e4-4cb5-84a0-af4bfcee5e30,c8cd95b0-2826-4e6f-8fe1-4d7908b75cdf,c3,c1,1769,e9,?,
1769466252.9762876,SENT,40f26bf0-f3e4-4cb5-84a0-af4bfcee5e30,c8cd95b0-2826-4e6f-8fe1-4d7908b75cdf,c3,c1,1254,?,x10,
1769466252.976386,FORWARDED,40f26bf0-f3e4-4cb5-84a0-af4bfcee5e30,c8cd95b0-2826-4e6f-8fe1-4d7908b75cdf,c3,c1,1254,?,x10,
1769466255.151681,RECEIVED,b1d9abc1-5a0f-4607-9487-badb04e8bd70,ca275652-6b12-4ce4-929a-084ec67ff58c,c2,c5,1772,e6,?,
1769466255.398657,SENT,b1d9abc1-5a0f-4607-9487-badb04e8bd70,ca275652-6b12-4ce4-929a-084ec67ff58c,c2,c5,1255,?,x4,
1769466255.3987856,FORWARDED,b1d9abc1-5a0f-4607-9487-badb04e8bd70,ca275652-6b12-4ce4-929a-084ec67ff58c,c2,c5,1255,?,x4,
1769466256.0401063,RECEIVED,a128fd2c-737f-44cb-9956-48e346cebd5f,0b7f9ef2-3006-437e-951d-f67a3961c890,c4,c5,1767,e8,?,
1769466256.689937,FORWARDED,a128fd2c-737f-44cb-9956-48e346cebd5f,0b7f9ef2-3006-437e-951d-f67a3961c890,c4,c5,1252,?,x6,
1769466257.8289666,RECEIVED,3829aa14-e12f-4e9f-8d5f-aa97ba9afce5,576f596f-8583-4f48-a663-8d224b111ac5,c4,c5,1764,e10,?,
1769466257.9532764,SENT,3829aa14-e12f-4e9f-8d5f-aa97ba9afce5,576f596f-8583-4f48-a663-8d224b111ac5,c4,c5,1251,?,x2,
1769466257.9534087,FORWARDED,3829aa14-e12f-4e9f-8d5f-aa97ba9afce5,576f596f-8583-4f48-a663-8d224b111ac5,c4,c5,1251,?,x2,
1769466258.5037487,RECEIVED,ea1a138d-2061-4b2b-88cb-26cfb86af056,759937d9-7a16-4e57-8f1a-99e4eb97d836,c4,c5,1779,e10,?,
1769466259.751604,SENT,ea1a138d-2061-4b2b-88cb-26cfb86af056,759937d9-7a16-4e57-8f1a-99e4eb97d836,c4,c5,1263,?,x7,
1769466259.7519474,FORWARDED,ea1a138d-2061-4b2b-88cb-26cfb86af056,759937d9-7a16-4e57-8f1a-99e4eb97d836,c4,c5,1263,?,x7,
1769466259.7728374,RECEIVED,977e45fc-cc09-48c8-94b1-2d34ba625971,633e3f10-cb4e-4f28-9dd6-42f462de1732,c3,c1,1785,e9,?,
1769466260.1195977,SENT,977e45fc-cc09-48c8-94b1-2d34ba625971,633e3f10-cb4e-4f28-9dd6-42f462de1732,c3,c1,1264,?,x12,
1769466260.119716,FORWARDED,977e45fc-cc09-48c8-94b1-2d34ba625971,633e3f10-cb4e-4f28-9dd6-42f462de1732,c3,c1,1264,?,x12,
1769466261.1286423,RECEIVED,6fa77413-3023-4981-b1f0-9ac5deef4a6f,df7946f1-d9ab-4d86-a36a-4268a436f31c,c3,c1,1772,e7,?,
1769466261.338409,SENT,6fa77413-3023-4981-b1f0-9ac5deef4a6f,df7946f1-d9ab-4d86-a36a-4268a436f31c,c3,c1,1255,?,x3,
1769466261.33854,FORWARDED,6fa77413-3023-4981-b1f0-9ac5deef4a6f,df7946f1-d9ab-4d86-a36a-4268a436f31c,c3,c1,1255,?,x3,
1769466261.4733067,RECEIVED,2365bf75-717a-4662-94ea-3c708608b54c,9e3b1714-a926-4915-a444-63c47ad6059a,c3,c1,1772,e8,?,
1769466262.003012,SENT,2365bf75-717a-4662-94ea-3c708608b54c,9e3b1714-a926-4915-a444-63c47ad6059a,c3,c1,1255,?,x11,
1769466262.003187,FORWARDED,2365bf75-717a-4662-94ea-3c708608b54c,9e3b1714-a926-4915-a444-63c47ad6059a,c3,c1,1255,?,x11,
1769466262.202156,RECEIVED,43f74a62-e794-48e3-83cc-74f9ba9df0d8,96b18a36-6445-47d8-8980-561f01e5faab,c4,c5,1763,e2,?,
1769466262.2877834,RECEIVED,95bbd8a2-05e1-4ff4-aa4c-e9609b94825d,3ad9ed5d-380d-456e-928e-43fd1a22a4db,c1,c3,1776,e7,?,
1769466262.6905987,SENT,95bbd8a2-05e1-4ff4-aa4c-e9609b94825d,3ad9ed5d-380d-456e-928e-43fd1a22a4db,c1,c3,1259,?,x3,
1769466262.6907322,FORWARDED,95bbd8a2-05e1-4ff4-aa4c-e9609b94825d,3ad9ed5d-380d-456e-928e-43fd1a22a4db,c1,c3,1259,?,x3,
1769466262.7166648,FORWARDED,43f74a62-e794-48e3-83cc-74f9ba9df0d8,96b18a36-6445-47d8-8980-561f01e5faab,c4,c5,1251,?,x6,
1769466262.8233206,RECEIVED,8b8fd6ed-7307-4893-adc8-8d1c4331162c,13588988-c12c-4fa5-9eda-c973372064e8,c5,c4,1775,e9,?,
1769466263.815771,RECEIVED,3a88b166-a6df-4eca-8d0c-5353053bc1de,732870ea-f556-4197-a384-f30e0b56c40d,c4,c5,1779,e7,?,
1769466264.1412442,SENT,8b8fd6ed-7307-4893-adc8-8d1c4331162c,13588988-c12c-4fa5-9eda-c973372064e8,c5,c4,1258,?,x9,
1769466264.1414435,FORWARDED,8b8fd6ed-7307-4893-adc8-8d1c4331162c,13588988-c12c-4fa5-9eda-c973372064e8,c5,c4,1258,?,x9,
1769466264.2976336,RECEIVED,bca99dd7-8748-47ff-931d-bfcc679489a2,381b4e9d-d6b6-43fe-a68f-638a3844bf37,c2,c5,1776,e6,?,
1769466264.348786,SENT,bca99dd7-8748-47ff-931d-bfcc679489a2,381b4e9d-d6b6-43fe-a68f-638a3844bf37,c2,c5,1260,?,x5,
1769466264.3489184,FORWARDED,bca99dd7-8748-47ff-931d-bfcc679489a2,381b4e9d-d6b6-43fe-a68f-638a3844bf37,c2,c5,1260,?,x5,
1769466264.8340402,SENT,3a88b166-a6df-4eca-8d0c-5353053bc1de,732870ea-f556-4197-a384-f30e0b56c40d,c4,c5,1261,?,x2,
1769466264.8342123,FORWARDED,3a88b166-a6df-4eca-8d0c-5353053bc1de,732870ea-f556-4197-a384-f30e0b56c40d,c4,c5,1261,?,x2,
1769466265.213255,RECEIVED,0e6348b9-8f1d-4244-a641-a7bd26bdd37a,16f0440d-4f7a-4d9a-9adc-94dee67cdc1a,c4,c5,1775,e6,?,
1769466265.962341,SENT,0e6348b9-8f1d-4244-a641-a7bd26bdd37a,16f0440d-4f7a-4d9a-9adc-94dee67cdc1a,c4,c5,1260,?,x7,
1769466265.9624696,FORWARDED,0e6348b9-8f1d-4244-a641-a7bd26bdd37a,16f0440d-4f7a-4d9a-9adc-94dee67cdc1a,c4,c5,1260,?,x7,
1769466266.550433,RECEIVED,8819c680-f7f9-44a7-8653-aae0c268f5c0,6100c0c9-9676-402e-931a-53cbf5b911b9,c5,c4,1772,e6,?,
1769466266.5917065,SENT,8819c680-f7f9-44a7-8653-aae0c268f5c0,6100c0c9-9676-402e-931a-53cbf5b911b9,c5,c4,1256,?,x5,
1769466266.591823,FORWARDED,8819c680-f7f9-44a7-8653-aae0c268f5c0,6100c0c9-9676-402e-931a-53cbf5b911b9,c5,c4,1256,?,x5,
1769466268.3292656,RECEIVED,b0bf6597-bf78-4d06-8ae9-8fe6221887c6,2af434c7-f8a9-4eb4-a436-bbf71d3102ca,c5,c4,1774,e7,?,
1769466268.5611496,RECEIVED,7ec9cae2-412b-40f8-a2c6-5bec9c68565c,92aef4f9-f256-49ec-981c-db438fa27eed,c5,c4,1766,e9,?,
1769466268.6494787,SENT,b0bf6597-bf78-4d06-8ae9-8fe6221887c6,2af434c7-f8a9-4eb4-a436-bbf71d3102ca,c5,c4,1259,?,x2,
1769466268.649568,FORWARDED,b0bf6597-bf78-4d06-8ae9-8fe6221887c6,2af434c7-f8a9-4eb4-a436-bbf71d3102ca,c5,c4,1259,?,x2,
1769466268.7194593,SENT,7ec9cae2-412b-40f8-a2c6-5bec9c68565c,92aef4f9-f256-49ec-981c-db438fa27eed,c5,c4,1252,?,x4,
1769466268.7195477,FORWARDED,7ec9cae2-412b-40f8-a2c6-5bec9c68565c,92aef4f9-f256-49ec-981c-db438fa27eed,c5,c4,1252,?,x4,
1769466270.6643221,RECEIVED,977ffb72-5b04-4145-b561-374c32913eba,e7851904-8177-41ec-a82b-5f852a0208a5,c2,c5,1767,e3,?,
1769466270.8341005,RECEIVED,45ef937d-db44-4315-abf5-d34e5037ea15,6816c737-89c0-408d-a8a5-3bb83d201f55,c5,c4,1783,e3,?,
1769466271.106426,SENT,977ffb72-5b04-4145-b561-374c32913eba,e7851904-8177-41ec-a82b-5f852a0208a5,c2,c5,1253,?,x3,
1769466271.1065583,FORWARDED,977ffb72-5b04-4145-b561-374c32913eba,e7851904-8177-41ec-a82b-5f852a0208a5,c2,c5,1253,?,x3,
1769466271.5816567,RECEIVED,2c56776a-d64f-42d3-b2cc-83e14d4c5d4e,2ce09249-3fe8-4d46-9365-7c29af8c83d3,c1,c3,1767,e2,?,
1769466271.806187,SENT,2c56776a-d64f-42d3-b2cc-83e14d4c5d4e,2ce09249-3fe8-4d46-9365-7c29af8c83d3,c1,c3,1252,?,x8,
1769466271.8062727,FORWARDED,2c56776a-d64f-42d3-b2cc-83e14d4c5d4e,2ce09249-3fe8-4d46-9365-7c29af8c83d3,c1,c3,1252,?,x8,
1769466272.5175202,SENT,45ef937d-db44-4315-abf5-d34e5037ea15,6816c737-89c0-408d-a8a5-3bb83d201f55,c5,c4,1264,?,x2,
1769466272.5176573,FORWARDED,45ef937d-db44-4315-abf5-d34e5037ea15,6816c737-89c0-408d-a8a5-3bb83d201f55,c5,c4,1264,?,x2,
1769466272.9644897,RECEIVED,92144515-1239-4ea7-ae00-a510f6c539ed,26dfe267-9122-4bab-9a19-d58103b27eb2,c3,c1,1771,e5,?,
1769466273.0944786,RECEIVED,b37e776b-7598-43df-8a4c-a00b5a3cf8dd,f9aefeb0-e007-4fdd-a79a-1bc9ea6a5356,c3,c1,1764,e9,?,
1769466273.1379914,RECEIVED,aa648d79-da9a-43b8-a142-4dc0340abd7f,cb86cdd4-247f-4abd-9711-f44dee77eba1,c2,c5,1768,e6,?,
1769466273.2011437,SENT,b37e776b-7598-43df-8a4c-a00b5a3cf8dd,f9aefeb0-e007-4fdd-a79a-1bc9ea6a5356,c3,c1,1250,?,x12,
1769466273.2012138,FORWARDED,b37e776b-7598-43df-8a4c-a00b5a3cf8dd,f9aefeb0-e007-4fdd-a79a-1bc9ea6a5356,c3,c1,1250,?,x12,
1769466273.2300222,FORWARDED,92144515-1239-4ea7-ae00-a510f6c539ed,26dfe267-9122-4bab-9a19-d58103b27eb2,c3,c1,1257,?,x6,
1769466273.2374756,SENT,aa648d79-da9a-43b8-a142-4dc0340abd7f,cb86cdd4-247f-4abd-9711-f44dee77eba1,c2,c5,1252,?,x9,
1769466273.2376041,FORWARDED,aa648d79-da9a-43b8-a142-4dc0340abd7f,cb86cdd4-247f-4abd-9711-f44dee77eba1,c2,c5,1252,?,x9,
1769466277.1383815,RECEIVED,85dbc7a8-ff40-4977-99b2-42ce66e5ee86,860f6502-be49-4813-808a-7f26c98268f0,c2,c5,1777,e1,?,
1769466277.3642428,SENT,85dbc7a8-ff40-4977-99b2-42ce66e5ee86,860f6502-be49-4813-808a-7f26c98268f0,c2,c5,1260,?,x10,
1769466277.3643103,FORWARDED,85dbc7a8-ff40-4977-99b2-42ce66e5ee86,860f6502-be49-4813-808a-7f26c98268f0,c2,c5,1260,?,x10,
1769466277.9088197,RECEIVED,895ab2ae-f9b4-4c5d-abae-304f0b23f691,913ce0ba-2341-455b-8278-7abbb4f6e50a,c4,c5,1764,e2,?,
1769466278.5920959,SENT,895ab2ae-f9b4-4c5d-abae-304f0b23f691,913ce0ba-2341-455b-8278-7abbb4f6e50a,c4,c5,1251,?,x11,
1769466278.5922322,FORWARDED,895ab2ae-f9b4-4c5d-abae-304f0b23f691,913ce0ba-2341-455b-8278-7abbb4f6e50a,c4,c5,1251,?,x11,
1769466279.2103758,RECEIVED,04383536-bfa2-472b-817f-a6efdf264621,f76e140e-c069-4a89-afb5-a374e049d486,c3,c1,1788,e2,?,
1769466279.501367,SENT,04383536-bfa2-472b-817f-a6efdf264621,f76e140e-c069-4a89-afb5-a374e049d486,c3,c1,1269,?,x11,
1769466279.5014906,FORWARDED,04383536-bfa2-472b-817f-a6efdf264621,f76e140e-c069-4a89-afb5-a374e049d486,c3,c1,1269,?,x11,
1769466281.2316782,RECEIVED,c3d97265-9c95-48ea-9103-5686d8e9ef0d,c8d510e3-0b28-486f-a656-c46921de2df4,c4,c5,1775,e12,?,
1769466282.8492298,RECEIVED,e3284991-a6aa-4741-b9e6-0949067eba89,187a77ce-5f00-403d-8737-7208ac97bc04,c4,c5,1777,e11,?,
1769466282.943621,SENT,e3284991-a6aa-4741-b9e6-0949067eba89,187a77ce-5f00-403d-8737-7208ac97bc04,c4,c5,1260,?,x9,
1769466282.9437878,FORWARDED,e3284991-a6aa-4741-b9e6-0949067eba89,187a77ce-5f00-403d-8737-7208ac97bc04,c4,c5,1260,?,x9,
1769466283.177493,FORWARDED,c3d97265-9c95-48ea-9103-5686d8e9ef0d,c8d510e3-0b28-486f-a656-c46921de2df4,c4,c5,1260,?,x6,
1769466284.514141,RECEIVED,d5d2ac74-3e10-453a-81c5-50f60099b8c6,ff147bd1-ed02-470d-b11a-b75b7a200cf7,c2,c5,1772,e3,?,
1769466284.697513,SENT,d5d2ac74-3e10-453a-81c5-50f60099b8c6,ff147bd1-ed02-470d-b11a-b75b7a200cf7,c2,c5,1255,?,x1,
1769466284.6976326,FORWARDED,d5d2ac74-3e10-453a-81c5-50f60099b8c6,ff147bd1-ed02-470d-b11a-b75b7a200cf7,c2,c5,1255,?,x1,
1769466287.1679585,RECEIVED,5e72dad7-aa4f-4819-ace3-a947fd1455e4,7252abbe-50ae-4032-a7a1-5d236b6d047a,c3,c1,1768,e9,?,
1769466287.192522,RECEIVED,e16ea0e2-fe64-4f24-9654-bf90c0d21374,d1f53f34-1a64-40c8-bc8d-8cd2c1a264dd,c3,c1,1784,e12,?,
1769466287.331823,FORWARDED,5e72dad7-aa4f-4819-ace3-a947fd1455e4,7252abbe-50ae-4032-a7a1-5d236b6d047a,c3,c1,1254,?,x6,
1769466287.5061543,SENT,e16ea0e2-fe64-4f24-9654-bf90c0d21374,d1f53f34-1a64-40c8-bc8d-8cd2c1a264dd,c3,c1,1264,?,x8,
1769466287.5062885,FORWARDED,e16ea0e2-fe64-4f24-9654-bf90c0d21374,d1f53f34-1a64-40c8-bc8d-8cd2c1a264dd,c3,c1,1264,?,x8,
1769466288.015362,RECEIVED,f1361ac6-0093-4029-a970-93a63fc0c10c,6389d07d-5097-42d8-90dd-061a504b58ab,c1,c3,1779,e10,?,
1769466288.3442383,RECEIVED,2d2dc456-7557-4f4f-ac1c-5ac2bcc6cdb5,4a5d55cf-9e2c-47de-9e9d-9e850368db38,c5,c4,1776,e2,?,
1769466288.491269,SENT,f1361ac6-0093-4029-a970-93a63fc0c10c,6389d07d-5097-42d8-90dd-061a504b58ab,c1,c3,1263,?,x7,
1769466288.491419,FORWARDED,f1361ac6-0093-4029-a970-93a63fc0c10c,6389d07d-5097-42d8-90dd-061a504b58ab,c1,c3,1263,?,x7,
1769466288.6009948,SENT,2d2dc456-7557-4f4f-ac1c-5ac2bcc6cdb5,4a5d55cf-9e2c-47de-9e9d-9e850368db38,c5,c4,1259,?,x12,
1769466288.6010954,FORWARDED,2d2dc456-7557-4f4f-ac1c-5ac2bcc6cdb5,4a5d55cf-9e2c-47de-9e9d-9e850368db38,c5,c4,1259,?,x12,
1769466290.2636702,RECEIVED,79326e5f-5abb-48c0-8ff0-e05442c7dea9,7ce7f9e7-8737-425b-8bbb-78a5fc2a21e1,c4,c5,1776,e5,?,
1769466290.30877,SENT,79326e5f-5abb-48c0-8ff0-e05442c7dea9,7ce7f9e7-8737-425b-8bbb-78a5fc2a21e1,c4,c5,1259,?,x1,
1769466290.3088999,FORWARDED,79326e5f-5abb-48c0-8ff0-e05442c7dea9,7ce7f9e7-8737-425b-8bbb-78a5fc2a21e1,c4,c5,1259,?,x1,
1769466291.0602646,RECEIVED,ddf29e34-eb77-4fb9-b329-0986b772a808,6c7d3356-2da0-49f3-a95c-15d8989b0423,c2,c5,1784,e2,?,
1769466291.378817,SENT,ddf29e34-eb77-4fb9-b329-0986b772a808,6c7d3356-2da0-49f3-a95c-15d8989b0423,c2,c5,1264,?,x10,
1769466291.3789463,FORWARDED,ddf29e34-eb77-4fb9-b329-0986b772a808,6c7d3356-2da0-49f3-a95c-15d8989b0423,c2,c5,1264,?,x10,
1769466293.1396894,RECEIVED,d83adaac-5dc8-4ebb-84aa-e51419decbbb,0a2d81f8-616b-45c6-af8c-8c9bcdc73a10,c5,c4,1765,e7,?,
1769466293.61086,SENT,d83adaac-5dc8-4ebb-84aa-e51419decbbb,0a2d81f8-616b-45c6-af8c-8c9bcdc73a10,c5,c4,1251,?,x10,
1769466293.6109903,FORWARDED,d83adaac-5dc8-4ebb-84aa-e51419decbbb,0a2d81f8-616b-45c6-af8c-8c9bcdc73a10,c5,c4,1251,?,x10,
1769466293.8406909,RECEIVED,6494cebe-e058-4f7a-b08e-aa243f7ab63f,c409ef8c-85cf-4b08-a5c2-7ff7eaf6c42b,c4,c5,1783,e2,?,
1769466294.0845418,SENT,6494cebe-e058-4f7a-b08e-aa243f7ab63f,c409ef8c-85cf-4b08-a5c2-7ff7eaf6c42b,c4,c5,1264,?,x9,
1769466294.0846243,FORWARDED,6494cebe-e058-4f7a-b08e-aa243f7ab63f,c409ef8c-85cf-4b08-a5c2-7ff7eaf6c42b,c4,c5,1264,?,x9,
1769466294.4860303,RECEIVED,e268df6d-aa9a-4c53-91e2-64fdb23a9b2a,9a97aa74-aa7d-49bb-8104-63084a86ab76,c4,c5,1768,e10,?,
1769466294.8174663,RECEIVED,f541c1e8-1102-44a3-a058-3de74b6ab1a9,f66dd530-4a9c-4c19-81e8-0862da88cdce,c3,c1,1768,e8,?,
1769466294.8488488,SENT,e268df6d-aa9a-4c53-91e2-64fdb23a9b2a,9a97aa74-aa7d-49bb-8104-63084a86ab76,c4,c5,1254,?,x4,
1769466294.8489726,FORWARDED,e268df6d-aa9a-4c53-91e2-64fdb23a9b2a,9a97aa74-aa7d-49bb-8104-63084a86ab76,c4,c5,1254,?,x4,
1769466295.0551467,RECEIVED,c2ffdf21-b5cb-4cfe-b9ea-cbf52fd4bd6b,b0377073-4505-4abc-b457-a73fd2ab522b,c1,c3,1763,e8,?,
1769466295.1257513,SENT,f541c1e8-1102-44a3-a058-3de74b6ab1a9,f66dd530-4a9c-4c19-81e8-0862da88cdce,c3,c1,1252,?,x4,
1769466295.1258316,FORWARDED,f541c1e8-1102-44a3-a058-3de74b6ab1a9,f66dd530-4a9c-4c19-81e8-0862da88cdce,c3,c1,1252,?,x4,
1769466295.132194,SENT,c2ffdf21-b5cb-4cfe-b9ea-cbf52fd4bd6b,b0377073-4505-4abc-b457-a73fd2ab522b,c1,c3,1251,?,x5,
1769466295.1322744,FORWARDED,c2ffdf21-b5cb-4cfe-b9ea-cbf52fd4bd6b,b0377073-4505-4abc-b457-a73fd2ab522b,c1,c3,1251,?,x5,
1769466295.6298692,RECEIVED,2bfe0258-b7e5-4f21-93bf-b510a2c0e780,42dd2738-16d7-4925-9a08-3f8b698fd4c1,c5,c4,1780,e5,?,
1769466296.388521,SENT,2bfe0258-b7e5-4f21-93bf-b510a2c0e780,42dd2738-16d7-4925-9a08-3f8b698fd4c1,c5,c4,1262,?,x11,
1769466296.3886523,FORWARDED,2bfe0258-b7e5-4f21-93bf-b510a2c0e780,42dd2738-16d7-4925-9a08-3f8b698fd4c1,c5,c4,1262,?,x11,
1769466296.7322876,RECEIVED,1eb717c6-af98-4e85-9452-fe45e56df3ae,9e63aa73-2e59-4f94-9c09-e190a8864ff1,c4,c5,1775,e7,?,
1769466296.9587562,RECEIVED,627f9711-0b20-4d3c-a200-baf0a39c3f4a,2e099c75-eaa7-4bbc-ae7e-c6663d7b68c6,c5,c4,1784,e2,?,
1769466297.0609086,RECEIVED,87b0eedb-50d7-4f0d-84ba-aec7ce40f89f,559a4533-d6fd-4141-91e0-13841216a30b,c2,c5,1771,e2,?,
1769466297.2013686,SENT,87b0eedb-50d7-4f0d-84ba-aec7ce40f89f,559a4533-d6fd-4141-91e0-13841216a30b,c2,c5,1256,?,x2,
1769466297.2014754,FORWARDED,87b0eedb-50d7-4f0d-84ba-aec7ce40f89f,559a4533-d6fd-4141-91e0-13841216a30b,c2,c5,1256,?,x2,
1769466297.237224,RECEIVED,2c6ba5e4-20d4-490b-b483-7731cdbffb8d,24270300-99d5-4887-8b6d-3aaaef74069d,c5,c4,1776,e3,?,
1769466297.333005,SENT,1eb717c6-af98-4e85-9452-fe45e56df3ae,9e63aa73-2e59-4f94-9c09-e190a8864ff1,c4,c5,1259,?,x4,
1769466297.3331351,FORWARDED,1eb717c6-af98-4e85-9452-fe45e56df3ae,9e63aa73-2e59-4f94-9c09-e190a8864ff1,c4,c5,1259,?,x4,
1769466297.6626773,SENT,2c6ba5e4-20d4-490b-b483-7731cdbffb8d,24270300-99d5-4887-8b6d-3aaaef74069d,c5,c4,1260,?,x7,
1769466297.6627831,FORWARDED,2c6ba5e4-20d4-490b-b483-7731cdbffb8d,24270300-99d5-4887-8b6d-3aaaef74069d,c5,c4,1260,?,x7,
1769466297.6802132,SENT,627f9711-0b20-4d3c-a200-baf0a39c3f4a,2e099c75-eaa7-4bbc-ae7e-c6663d7b68c6,c5,c4,1265,?,x12,
1769466297.6803365,FORWARDED,627f9711-0b20-4d3c-a200-baf0a39c3f4a,2e099c75-eaa7-4bbc-ae7e-c6663d7b68c6,c5,c4,1265,?,x12,
1769466297.749232,RECEIVED,bd528353-5bd9-4e36-832f-33a808633f16,e012dfd0-c055-4b1d-a25a-0b491fd9fc22,c3,c1,1776,e11,?,
1769466297.8707695,RECEIVED,6baeac50-0503-46f5-aa12-84f53be51816,4112dbf0-104c-4745-b01a-c14387c8e988,c2,c5,1785,e10,?,
1769466297.9540768,SENT,6baeac50-0503-46f5-aa12-84f53be51816,4112dbf0-104c-4745-b01a-c14387c8e988,c2,c5,1264,?,x7,
1769466297.9541852,FORWARDED,6baeac50-0503-46f5-aa12-84f53be51816,4112dbf0-104c-4745-b01a-c14387c8e988,c2,c5,1264,?,x7,
1769466297.9694803,SENT,bd528353-5bd9-4e36-832f-33a808633f16,e012dfd0-c055-4b1d-a25a-0b491fd9fc22,c3,c1,1260,?,x8,
1769466297.9695854,FORWARDED,bd528353-5bd9-4e36-832f-33a808633f16,e012dfd0-c055-4b1d-a25a-0b491fd9fc22,c3,c1,1260,?,x8,
1769466299.07129,RECEIVED,bd75df5c-8a15-4df0-ba2f-252337e5336f,b4770375-0acb-4491-a177-d39624507373,c5,c4,1775,e5,?,
1769466299.2019794,RECEIVED,a9163a33-3c56-4fa5-b777-add38eaf1792,fa7d9304-fd23-4d23-8710-2759b6a40161,c5,c4,1759,e6,?,
1769466299.4681644,RECEIVED,f43eed82-a1d6-41cb-b2cc-ae02d92e1fbb,ea52f90d-fe48-4e1d-a7d9-01a13b9e8915,c2,c5,1775,e9,?,
1769466299.5746188,SENT,a9163a33-3c56-4fa5-b777-add38eaf1792,fa7d9304-fd23-4d23-8710-2759b6a40161,c5,c4,1248,?,x3,
1769466299.5747023,FORWARDED,a9163a33-3c56-4fa5-b777-add38eaf1792,fa7d9304-fd23-4d23-8710-2759b6a40161,c5,c4,1248,?,x3,
1769466299.7020788,SENT,f43eed82-a1d6-41cb-b2cc-ae02d92e1fbb,ea52f90d-fe48-4e1d-a7d9-01a13b9e8915,c2,c5,1260,?,x5,
1769466299.7021716,FORWARDED,f43eed82-a1d6-41cb-b2cc-ae02d92e1fbb,ea52f90d-fe48-4e1d-a7d9-01a13b9e8915,c2,c5,1260,?,x5,
1769466299.77802,SENT,bd75df5c-8a15-4df0-ba2f-252337e5336f,b4770375-0acb-4491-a177-d39624507373,c5,c4,1260,?,x9,
1769466299.7781212,FORWARDED,bd75df5c-8a15-4df0-ba2f-252337e5336f,b4770375-0acb-4491-a177-d39624507373,c5,c4,1260,?,x9,
1769466300.2207189,RECEIVED,c24f52fc-610e-4d46-b51c-d31a3a79920a,95553860-b5d3-49aa-a431-ab6e00df8fc5,c1,c3,1780,e12,?,
1769466300.5216923,RECEIVED,620f2f64-8f77-4e84-8228-24076b79e803,6e59d2e1-7416-4803-96ba-cf7810be3ed4,c2,c5,1783,e8,?,
1769466300.6107156,RECEIVED,336fbf66-e44e-45c6-9a1e-067112c0b5f3,9c6c7c40-4144-4f1e-8b96-9088d40656ff,c3,c1,1771,e11,?,
1769466300.8169575,SENT,336fbf66-e44e-45c6-9a1e-067112c0b5f3,9c6c7c40-4144-4f1e-8b96-9088d40656ff,c3,c1,1256,?,x3,
1769466300.8170955,FORWARDED,336fbf66-e44e-45c6-9a1e-067112c0b5f3,9c6c7c40-4144-4f1e-8b96-9088d40656ff,c3,c1,1256,?,x3,
1769466301.0489347,SENT,c24f52fc-610e-4d46-b51c-d31a3a79920a,95553860-b5d3-49aa-a431-ab6e00df8fc5,c1,c3,1263,?,x11,
1769466301.0490835,FORWARDED,c24f52fc-610e-4d46-b51c-d31a3a79920a,95553860-b5d3-49aa-a431-ab6e00df8fc5,c1,c3,1263,?,x11,
1769466301.0740845,SENT,620f2f64-8f77-4e84-8228-24076b79e803,6e59d2e1-7416-4803-96ba-cf7810be3ed4,c2,c5,1264,?,x2,
1769466301.0742028,FORWARDED,620f2f64-8f77-4e84-8228-24076b79e803,6e59d2e1-7416-4803-96ba-cf7810be3ed4,c2,c5,1264,?,x2,
1769466301.8088827,RECEIVED,8252b631-63c8-4e56-afc8-7fd46177e79e,f05b13b9-6233-4263-b0d7-385e8dcb8ec3,c1,c3,1783,e12,?,
1769466302.1594918,RECEIVED,a7f52ea8-f749-4934-b9d1-e83b14f3ddd1,509255f5-ce60-46b1-91e3-e30d44f02b93,c3,c1,1771,e1,?,
1769466302.3247192,SENT,8252b631-63c8-4e56-afc8-7fd46177e79e,f05b13b9-6233-4263-b0d7-385e8dcb8ec3,c1,c3,1264,?,x10,
1769466302.324846,FORWARDED,8252b631-63c8-4e56-afc8-7fd46177e79e,f05b13b9-6233-4263-b0d7-385e8dcb8ec3,c1,c3,1264,?,x10,
1769466302.3287442,RECEIVED,f559b27f-d54c-4e08-b19a-18466c4b3cae,acd76428-8df7-4213-92ca-07b8d77161f3,c5,c4,1776,e2,?,
1769466302.441851,RECEIVED,88dd9798-043f-4769-a7d2-0d5c428978c4,9403ea07-49b5-4990-a6c8-609a22979e85,c5,c4,1768,e1,?,
1769466302.4619286,SENT,88dd9798-043f-4769-a7d2-0d5c428978c4,9403ea07-49b5-4990-a6c8-609a22979e85,c5,c4,1252,?,x8,
1769466302.4619753,FORWARDED,88dd9798-043f-4769-a7d2-0d5c428978c4,9403ea07-49b5-4990-a6c8-609a22979e85,c5,c4,1252,?,x8,
1769466302.4653428,SENT,f559b27f-d54c-4e08-b19a-18466c4b3cae,acd76428-8df7-4213-92ca-07b8d77161f3,c5,c4,1260,?,x8,
1769466302.4653857,FORWARDED,f559b27f-d54c-4e08-b19a-18466c4b3cae,acd76428-8df7-4213-92ca-07b8d77161f3,c5,c4,1260,?,x8,
1769466302.4763205,SENT,a7f52ea8-f749-4934-b9d1-e83b14f3ddd1,509255f5-ce60-46b1-91e3-e30d44f02b93,c3,c1,1255,?,x1,
1769466302.4763641,FORWARDED,a7f52ea8-f749-4934-b9d1-e83b14f3ddd1,509255f5-ce60-46b1-91e3-e30d44f02b93,c3,c1,1255,?,x1,
1769466303.080428,RECEIVED,a8628850-6eed-4d29-9ce1-cc7ab424787c,20fe162c-88b7-41a1-8dba-d6e9cd180d7d,c5,c4,1776,e7,?,
1769466303.3014216,SENT,a8628850-6eed-4d29-9ce1-cc7ab424787c,20fe162c-88b7-41a1-8dba-d6e9cd180d7d,c5,c4,1259,?,x9,
1769466303.3015594,FORWARDED,a8628850-6eed-4d29-9ce1-cc7ab424787c,20fe162c-88b7-41a1-8dba-d6e9cd180d7d,c5,c4,1259,?,x9,
1769466306.3630261,RECEIVED,5205944e-f19f-40ca-bab8-d6943ef8144e,b3a50f21-8c51-4b94-b6f9-b95714542c30,c5,c4,1771,e1,?,
1769466306.7816567,RECEIVED,b065cfa4-45c6-4ba5-b075-32f28d64626d,fb048066-3e2e-452d-9f7b-b8f10e326772,c5,c4,1764,e3,?,
1769466306.887823,SENT,b065cfa4-45c6-4ba5-b075-32f28d64626d,fb048066-3e2e-452d-9f7b-b8f10e326772,c5,c4,1251,?,x8,
1769466306.8879573,FORWARDED,b065cfa4-45c6-4ba5-b075-32f28d64626d,fb048066-3e2e-452d-9f7b-b8f10e326772,c5,c4,1251,?,x8,
1769466307.2870054,SENT,5205944e-f19f-40ca-bab8-d6943ef8144e,b3a50f21-8c51-4b94-b6f9-b95714542c30,c5,c4,1256,?,x4,
1769466307.2872088,FORWARDED,5205944e-f19f-40ca-bab8-d6943ef8144e,b3a50f21-8c51-4b94-b6f9-b95714542c30,c5,c4,1256,?,x4,
1769466308.402401,RECEIVED,8a77c75e-110e-4ad8-8b31-9700e9140664,99db4a9c-c9c3-442b-9c04-92f5f1ea3a6b,c4,c5,1768,e12,?,
1769466308.6643357,RECEIVED,b45d97ff-7db7-438a-a432-7d3ed31cabbf,b04b9212-3c0d-4066-9310-aefd883279e8,c3,c1,1768,e11,?,
1769466308.72759,RECEIVED,c4e159bd-a71d-4cc2-ba2b-095e6cb65986,3068c58d-d4c8-45ee-bbc1-7e4259e6ef55,c1,c3,1772,e8,?,
1769466308.755267,SENT,b45d97ff-7db7-438a-a432-7d3ed31cabbf,b04b9212-3c0d-4066-9310-aefd883279e8,c3,c1,1252,?,x7,
1769466308.755394,FORWARDED,b45d97ff-7db7-438a-a432-7d3ed31cabbf,b04b9212-3c0d-4066-9310-aefd883279e8,c3,c1,1252,?,x7,
1769466308.7948499,RECEIVED,158dcea7-9bec-4e20-8d40-7125af205be7,2f9cc785-6221-4192-9375-ae97d7164a53,c5,c4,1775,e8,?,
1769466308.8131337,SENT,8a77c75e-110e-4ad8-8b31-9700e9140664,99db4a9c-c9c3-442b-9c04-92f5f1ea3a6b,c4,c5,1252,?,x4,
1769466308.8132703,FORWARDED,8a77c75e-110e-4ad8-8b31-9700e9140664,99db4a9c-c9c3-442b-9c04-92f5f1ea3a6b,c4,c5,1252,?,x4,
1769466309.1777444,SENT,c4e159bd-a71d-4cc2-ba2b-095e6cb65986,3068c58d-d4c8-45ee-bbc1-7e4259e6ef55,c1,c3,1255,?,x3,
1769466309.1778808,FORWARDED,c4e159bd-a71d-4cc2-ba2b-095e6cb65986,3068c58d-d4c8-45ee-bbc1-7e4259e6ef55,c1,c3,1255,?,x3,
1769466309.6487837,RECEIVED,2913480f-ccc8-47e6-8200-97b1905fed29,367cd9fb-f2b3-4692-94c3-03fe4d7691fd,c3,c1,1775,e5,?,
1769466310.0993981,SENT,158dcea7-9bec-4e20-8d40-7125af205be7,2f9cc785-6221-4192-9375-ae97d7164a53,c5,c4,1259,?,x4,
1769466310.0995097,FORWARDED,158dcea7-9bec-4e20-8d40-7125af205be7,2f9cc785-6221-4192-9375-ae97d7164a53,c5,c4,1259,?,x4,
1769466310.4945948,FORWARDED,2913480f-ccc8-47e6-8200-97b1905fed29,367cd9fb-f2b3-4692-94c3-03fe4d7691fd,c3,c1,1259,?,x6,
1769466310.7924552,RECEIVED,8457ffa3-fc4b-45fb-84d7-3c1f2dc8b314,a493a91d-4bf1-4524-bc25-882ede510b78,c4,c5,1772,e2,?,
1769466310.9376824,SENT,8457ffa3-fc4b-45fb-84d7-3c1f2dc8b314,a493a91d-4bf1-4524-bc25-882ede510b78,c4,c5,1255,?,x2,
1769466310.9378326,FORWARDED,8457ffa3-fc4b-45fb-84d7-3c1f2dc8b314,a493a91d-4bf1-4524-bc25-882ede510b78,c4,c5,1255,?,x2,
1769466311.1219625,RECEIVED,7a43f3e2-1e06-4512-a322-71588f94d554,5d10035a-6915-40fc-b51c-4de2fa85a490,c1,c3,1758,e11,?,
1769466312.4902728,FORWARDED,7a43f3e2-1e06-4512-a322-71588f94d554,5d10035a-6915-40fc-b51c-4de2fa85a490,c1,c3,1247,?,x6,
1769466312.9295533,RECEIVED,52bc7fbe-b273-4097-ae60-0d1793116df9,8e25d2e8-4b39-4497-bc99-bd86519f334b,c2,c5,1773,e1,?,
1769466313.1229832,SENT,52bc7fbe-b273-4097-ae60-0d1793116df9,8e25d2e8-4b39-4497-bc99-bd86519f334b,c2,c5,1255,?,x10,
1769466313.1231704,FORWARDED,52bc7fbe-b273-4097-ae60-0d1793116df9,8e25d2e8-4b39-4497-bc99-bd86519f334b,c2,c5,1255,?,x10,
1769466314.319424,RECEIVED,e0c37e36-eb26-4e9a-8061-177e9b54a9f8,2c779aaa-52a5-45f6-a1a5-a9d219aff63b,c1,c3,1760,e8,?,
1769466314.4797823,RECEIVED,b42d4b22-7ff7-4aee-932d-dceb9a9161d0,4cb779a8-de44-4cc5-9373-a379c47e29d9,c4,c5,1771,e11,?,
1769466314.6243696,SENT,e0c37e36-eb26-4e9a-8061-177e9b54a9f8,2c779aaa-52a5-45f6-a1a5-a9d219aff63b,c1,c3,1248,?,x1,
1769466314.6246586,FORWARDED,e0c37e36-eb26-4e9a-8061-177e9b54a9f8,2c779aaa-52a5-45f6-a1a5-a9d219aff63b,c1,c3,1248,?,x1,
1769466314.676025,FORWARDED,b42d4b22-7ff7-4aee-932d-dceb9a9161d0,4cb779a8-de44-4cc5-9373-a379c47e29d9,c4,c5,1255,?,x6,
1769466319.6254675,RECEIVED,a35803e6-cbce-4c53-a980-25f9dd3a124c,f29f4465-e477-4c4f-ab2b-1649ddef4dce,c5,c4,1772,e5,?,
1769466319.7137527,SENT,a35803e6-cbce-4c53-a980-25f9dd3a124c,f29f4465-e477-4c4f-ab2b-1649ddef4dce,c5,c4,1256,?,x8,
1769466319.7138371,FORWARDED,a35803e6-cbce-4c53-a980-25f9dd3a124c,f29f4465-e477-4c4f-ab2b-1649ddef4dce,c5,c4,1256,?,x8,
1769466321.093351,RECEIVED,59e22caf-3afa-4777-b98d-bd0cd62a68d8,42f13b5f-adbf-4d9c-85c6-23d5319f69a2,c4,c5,1777,e8,?,
1769466321.5297396,RECEIVED,b0b724cf-355e-4f2c-b6e3-aa6ad3d66fc0,4d65b4a5-cff0-4dcc-8bf6-6c047af5c0b4,c2,c5,1780,e9,?,
1769466321.5811448,SENT,59e22caf-3afa-4777-b98d-bd0cd62a68d8,42f13b5f-adbf-4d9c-85c6-23d5319f69a2,c4,c5,1260,?,x12,
1769466321.5812092,FORWARDED,59e22caf-3afa-4777-b98d-bd0cd62a68d8,42f13b5f-adbf-4d9c-85c6-23d5319f69a2,c4,c5,1260,?,x12,
1769466322.6573217,RECEIVED,e342fcf2-8681-4564-93b6-ed4c17607857,0943f6cd-3307-449d-a622-54c907ad8baa,c4,c5,1773,e1,?,
1769466322.8179846,SENT,b0b724cf-355e-4f2c-b6e3-aa6ad3d66fc0,4d65b4a5-cff0-4dcc-8bf6-6c047af5c0b4,c2,c5,1262,?,x10,
1769466322.8183522,FORWARDED,b0b724cf-355e-4f2c-b6e3-aa6ad3d66fc0,4d65b4a5-cff0-4dcc-8bf6-6c047af5c0b4,c2,c5,1262,?,x10,
1769466323.041745,RECEIVED,180da43d-dea1-4606-98c7-9ed056731b05,19bd4bb1-1776-47a9-893d-26cb8a84cd4f,c1,c3,1775,e9,?,
1769466323.0498798,SENT,e342fcf2-8681-4564-93b6-ed4c17607857,0943f6cd-3307-449d-a622-54c907ad8baa,c4,c5,1256,?,x12,
1769466323.0499659,FORWARDED,e342fcf2-8681-4564-93b6-ed4c17607857,0943f6cd-3307-449d-a622-54c907ad8baa,c4,c5,1256,?,x12,
1769466323.4753923,SENT,180da43d-dea1-4606-98c7-9ed056731b05,19bd4bb1-1776-47a9-893d-26cb8a84cd4f,c1,c3,1258,?,x1,
1769466323.475519,FORWARDED,180da43d-dea1-4606-98c7-9ed056731b05,19bd4bb1-1776-47a9-893d-26cb8a84cd4f,c1,c3,1258,?,x1,
1769466324.776691,RECEIVED,420859f9-da10-4957-8d02-8a384bd06686,0ee5b618-d2ec-4c1b-97da-80237e076fb6,c4,c5,1775,e8,?,
1769466324.9017956,SENT,420859f9-da10-4957-8d02-8a384bd06686,0ee5b618-d2ec-4c1b-97da-80237e076fb6,c4,c5,1259,?,x5,
1769466324.9019284,FORWARDED,420859f9-da10-4957-8d02-8a384bd06686,0ee5b618-d2ec-4c1b-97da-80237e076fb6,c4,c5,1259,?,x5,
1769466325.5881028,RECEIVED,dc51c3b1-e6d4-46da-a7d6-042462c4dd8e,1fc14e20-a0dc-4719-b2c2-927deba4eb2a,c3,c1,1781,e5,?,
1769466325.6497228,SENT,dc51c3b1-e6d4-46da-a7d6-042462c4dd8e,1fc14e20-a0dc-4719-b2c2-927deba4eb2a,c3,c1,1263,?,x10,
1769466325.6498513,FORWARDED,dc51c3b1-e6d4-46da-a7d6-042462c4dd8e,1fc14e20-a0dc-4719-b2c2-927deba4eb2a,c3,c1,1263,?,x10,
1769466327.3798914,RECEIVED,aa03e508-aa23-4ead-a548-8c9862428bad,928a89b7-c5de-4009-ba2b-f8c3fb503c1a,c4,c5,1771,e1,?,
1769466328.1974669,FORWARDED,aa03e508-aa23-4ead-a548-8c9862428bad,928a89b7-c5de-4009-ba2b-f8c3fb503c1a,c4,c5,1255,?,x6,
1769466329.7050214,RECEIVED,a44dea07-302d-4aec-962e-3f95c6012cdd,f30f997a-6b14-4a35-96d2-fc29eda15c45,c5,c4,1764,e11,?,
1769466330.1959853,SENT,a44dea07-302d-4aec-962e-3f95c6012cdd,f30f997a-6b14-4a35-96d2-fc29eda15c45,c5,c4,1251,?,x7,
1769466330.1960351,FORWARDED,a44dea07-302d-4aec-962e-3f95c6012cdd,f30f997a-6b14-4a35-96d2-fc29eda15c45,c5,c4,1251,?,x7,
1769466331.6348753,RECEIVED,7bd092b0-8a13-43f6-9a66-ed3d8d4603d5,23499d14-2890-4280-ab69-7b2668eb8520,c1,DROP,1020,e12,?,
1769466332.1844509,SENT,7bd092b0-8a13-43f6-9a66-ed3d8d4603d5,23499d14-2890-4280-ab69-7b2668eb8520,c1,DROP,692,?,x11,
1769466332.1845856,FORWARDED,7bd092b0-8a13-43f6-9a66-ed3d8d4603d5,23499d14-2890-4280-ab69-7b2668eb8520,c1,DROP,692,?,x11,
1769466333.0430245,RECEIVED,ca5bd8e1-cc83-4d49-9fe8-8bda54820725,962ce734-21e3-4a1b-8c78-e8f8ba595116,c2,c5,1763,e3,?,
1769466333.6928616,RECEIVED,45244429-3346-4fae-a55c-36c0ad914b68,5706a1da-1ee6-46c9-af56-df3e5d41748b,c5,c4,1771,e11,?,
1769466334.4266243,RECEIVED,5fe071f2-4f7d-4f83-b7b2-f69d02c796a0,ed6b090e-b260-4cd0-96be-21596d379bac,c4,c5,1776,e6,?,
1769466334.5166953,SENT,5fe071f2-4f7d-4f83-b7b2-f69d02c796a0,ed6b090e-b260-4cd0-96be-21596d379bac,c4,c5,1260,?,x9,
1769466334.5167656,FORWARDED,5fe071f2-4f7d-4f83-b7b2-f69d02c796a0,ed6b090e-b260-4cd0-96be-21596d379bac,c4,c5,1260,?,x9,
1769466334.6668766,SENT,ca5bd8e1-cc83-4d49-9fe8-8bda54820725,962ce734-21e3-4a1b-8c78-e8f8ba595116,c2,c5,1251,?,x7,
1769466334.6669605,FORWARDED,ca5bd8e1-cc83-4d49-9fe8-8bda54820725,962ce734-21e3-4a1b-8c78-e8f8ba595116,c2,c5,1251,?,x7,
1769466334.850038,SENT,45244429-3346-4fae-a55c-36c0ad914b68,5706a1da-1ee6-46c9-af56-df3e5d41748b,c5,c4,1256,?,x4,
1769466334.850175,FORWARDED,45244429-3346-4fae-a55c-36c0ad914b68,5706a1da-1ee6-46c9-af56-df3e5d41748b,c5,c4,1256,?,x4,
1769466335.3515432,RECEIVED,65bae59c-45a6-40f9-9cc3-9aa4b0f50b79,0eb0148d-9c6d-4581-b8ea-1396d9007931,c4,c5,1780,e9,?,
1769466335.894232,SENT,65bae59c-45a6-40f9-9cc3-9aa4b0f50b79,0eb0148d-9c6d-4581-b8ea-1396d9007931,c4,c5,1263,?,x12,
1769466335.8943052,FORWARDED,65bae59c-45a6-40f9-9cc3-9aa4b0f50b79,0eb0148d-9c6d-4581-b8ea-1396d9007931,c4,c5,1263,?,x12,
1769466337.4849496,RECEIVED,968048c9-da95-43eb-b4a2-61a25322cab3,5f3de554-b91a-4b45-9f76-99b560745d1f,c4,c5,1779,e11,?,
1769466338.2644277,SENT,968048c9-da95-43eb-b4a2-61a25322cab3,5f3de554-b91a-4b45-9f76-99b560745d1f,c4,c5,1263,?,x4,
1769466338.2645643,FORWARDED,968048c9-da95-43eb-b4a2-61a25322cab3,5f3de554-b91a-4b45-9f76-99b560745d1f,c4,c5,1263,?,x4,
1769466340.3142724,RECEIVED,412805b5-8ebd-4854-beb3-795c6a25d02a,ec49c54f-f97e-4e5d-b8a9-9cb34d927b03,c1,c3,1771,e9,?,
1769466340.532751,SENT,412805b5-8ebd-4854-beb3-795c6a25d02a,ec49c54f-f97e-4e5d-b8a9-9cb34d927b03,c1,c3,1255,?,x8,
1769466340.5328853,FORWARDED,412805b5-8ebd-4854-beb3-795c6a25d02a,ec49c54f-f97e-4e5d-b8a9-9cb34d927b03,c1,c3,1255,?,x8,
1769466341.8531663,RECEIVED,71f75708-ceeb-4581-929f-0af21458c34c,2afc4afe-b29c-410b-b13b-d47ba06622a4,c2,c5,1786,e12,?,
1769466342.2806914,RECEIVED,70da3897-3996-47c0-8a18-1193068d4e59,c4fabc1d-3d2e-4244-87d4-89c26a3c9884,c2,c5,1769,e8,?,
1769466343.0337,RECEIVED,ca60f07f-f4c1-4edb-8f79-9e33848301e1,bca4228e-a14f-4cbe-987b-8b7cfab14bdb,c3,c1,1771,e6,?,
1769466343.2364933,RECEIVED,66a3c6e0-a1f3-4aaf-8bbd-ad78704cc710,c74dfef3-1eea-40e1-aecd-1b6a5903d338,c1,c3,1776,e7,?,
1769466343.4048266,FORWARDED,ca60f07f-f4c1-4edb-8f79-9e33848301e1,bca4228e-a14f-4cbe-987b-8b7cfab14bdb,c3,c1,1256,?,x6,
1769466343.9904988,FORWARDED,71f75708-ceeb-4581-929f-0af21458c34c,2afc4afe-b29c-410b-b13b-d47ba06622a4,c2,c5,1267,?,x6,
1769466344.026331,SENT,66a3c6e0-a1f3-4aaf-8bbd-ad78704cc710,c74dfef3-1eea-40e1-aecd-1b6a5903d338,c1,c3,1260,?,x12,
1769466344.0264723,FORWARDED,66a3c6e0-a1f3-4aaf-8bbd-ad78704cc710,c74dfef3-1eea-40e1-aecd-1b6a5903d338,c1,c3,1260,?,x12,
1769466344.3506799,FORWARDED,70da3897-3996-47c0-8a18-1193068d4e59,c4fabc1d-3d2e-4244-87d4-89c26a3c9884,c2,c5,1257,?,x6,
1769466345.3563766,RECEIVED,34c38936-929f-440f-9857-92a14b07b086,9bffc33d-0dac-4352-8709-1a922a1f997c,c1,c3,1774,e10,?,
1769466345.4599164,RECEIVED,7918c42d-2aee-4b6e-8a1c-0a6802c438fa,2b950b8e-9af0-47d4-9a12-982998daf5e9,c3,c1,1784,e10,?,
1769466345.4640062,RECEIVED,7f907971-94db-425a-badf-e360a8df38d5,9c5909d9-0a54-4e1b-b242-c7097bb5d2a9,c3,c1,1775,e3,?,
1769466345.7726324,SENT,7918c42d-2aee-4b6e-8a1c-0a6802c438fa,2b950b8e-9af0-47d4-9a12-982998daf5e9,c3,c1,1264,?,x10,
1769466345.7727437,FORWARDED,7918c42d-2aee-4b6e-8a1c-0a6802c438fa,2b950b8e-9af0-47d4-9a12-982998daf5e9,c3,c1,1264,?,x10,
1769466346.208249,SENT,7f907971-94db-425a-badf-e360a8df38d5,9c5909d9-0a54-4e1b-b242-c7097bb5d2a9,c3,c1,1260,?,x5,
1769466346.208375,FORWARDED,7f907971-94db-425a-badf-e360a8df38d5,9c5909d9-0a54-4e1b-b242-c7097bb5d2a9,c3,c1,1260,?,x5,
1769466346.229485,RECEIVED,0a12fcf7-50c8-43cc-8e4f-2077ace8efbf,0ca8f1d0-2b7c-4000-8376-71aa6d5b6bd2,c2,c5,1775,e10,?,
1769466347.3703468,SENT,0a12fcf7-50c8-43cc-8e4f-2077ace8efbf,0ca8f1d0-2b7c-4000-8376-71aa6d5b6bd2,c2,c5,1259,?,x8,
1769466347.3704796,FORWARDED,0a12fcf7-50c8-43cc-8e4f-2077ace8efbf,0ca8f1d0-2b7c-4000-8376-71aa6d5b6bd2,c2,c5,1259,?,x8,
1769466347.6216164,SENT,34c38936-929f-440f-9857-92a14b07b086,9bffc33d-0dac-4352-8709-1a922a1f997c,c1,c3,1259,?,x2,
1769466347.621743,FORWARDED,34c38936-929f-440f-9857-92a14b07b086,9bffc33d-0dac-4352-8709-1a922a1f997c,c1,c3,1259,?,x2,
1769466347.895748,RECEIVED,0c9b0c76-54f8-4e55-bc3b-83eef98192ad,bcdb52c6-99eb-403d-ba1d-d6b86c7e4542,c5,c4,1779,e3,?,
1769466347.967779,RECEIVED,0ff2eb1b-014d-45cc-b069-4c3b35928d89,a769102f-6147-4d8f-adec-163fcf1bda37,c1,c3,1775,e2,?,
1769466348.213943,RECEIVED,6d1cdd54-ed4d-4d8a-a087-228aadacebc6,7f5cae79-b7a5-4ff4-9623-958116445f0c,c2,c5,1764,e3,?,
1769466348.3100421,SENT,6d1cdd54-ed4d-4d8a-a087-228aadacebc6,7f5cae79-b7a5-4ff4-9623-958116445f0c,c2,c5,1250,?,x9,
1769466348.310155,FORWARDED,6d1cdd54-ed4d-4d8a-a087-228aadacebc6,7f5cae79-b7a5-4ff4-9623-958116445f0c,c2,c5,1250,?,x9,
1769466348.4390292,SENT,0c9b0c76-54f8-4e55-bc3b-83eef98192ad,bcdb52c6-99eb-403d-ba1d-d6b86c7e4542,c5,c4,1263,?,x1,
1769466348.4395344,FORWARDED,0c9b0c76-54f8-4e55-bc3b-83eef98192ad,bcdb52c6-99eb-403d-ba1d-d6b86c7e4542,c5,c4,1263,?,x1,
1769466348.6894715,FORWARDED,0ff2eb1b-014d-45cc-b069-4c3b35928d89,a769102f-6147-4d8f-adec-163fcf1bda37,c1,c3,1259,?,x6,
1769466349.8125005,RECEIVED,30c8bcb7-e907-480b-8bcd-f940bd5056eb,b94a0ec9-53b8-45ff-8bec-907281853bf6,c2,c5,1775,e3,?,
1769466350.1722155,RECEIVED,38e0b651-47ea-4565-9277-88201107b2e1,b2a17240-6695-4c95-8ebf-e78ae9c8b547,c4,c5,1777,e7,?,
1769466350.2223763,SENT,38e0b651-47ea-4565-9277-88201107b2e1,b2a17240-6695-4c95-8ebf-e78ae9c8b547,c4,c5,1260,?,x10,
1769466350.2225168,FORWARDED,38e0b651-47ea-4565-9277-88201107b2e1,b2a17240-6695-4c95-8ebf-e78ae9c8b547,c4,c5,1260,?,x10,
1769466350.7025585,SENT,30c8bcb7-e907-480b-8bcd-f940bd5056eb,b94a0ec9-53b8-45ff-8bec-907281853bf6,c2,c5,1259,?,x1,
1769466350.70264,FORWARDED,30c8bcb7-e907-480b-8bcd-f940bd5056eb,b94a0ec9-53b8-45ff-8bec-907281853bf6,c2,c5,1259,?,x1,
1769466351.5997276,RECEIVED,9c940c70-c0f7-4607-9889-78565da92bd0,208c0ef0-6ce3-409a-a8a2-7ad1f5f9b164,c1,c3,1786,e2,?,
1769466351.6130023,SENT,9c940c70-c0f7-4607-9889-78565da92bd0,208c0ef0-6ce3-409a-a8a2-7ad1f5f9b164,c1,c3,1264,?,x10,
1769466351.613156,FORWARDED,9c940c70-c0f7-4607-9889-78565da92bd0,208c0ef0-6ce3-409a-a8a2-7ad1f5f9b164,c1,c3,1264,?,x10,
1769466353.326296,RECEIVED,3e9b9460-a159-4080-acdb-4cf2f12a1901,cdcab228-1105-46f6-9978-4deb22af7b09,c5,c4,1771,e7,?,
1769466353.4932833,RECEIVED,276fb0a0-6ee7-4d63-9bf3-48a3df259c13,d27f0423-8aaa-4538-8d4c-fbb6bb9e74e2,c1,c3,1780,e12,?,
1769466353.6143382,SENT,3e9b9460-a159-4080-acdb-4cf2f12a1901,cdcab228-1105-46f6-9978-4deb22af7b09,c5,c4,1256,?,x1,
1769466353.614448,FORWARDED,3e9b9460-a159-4080-acdb-4cf2f12a1901,cdcab228-1105-46f6-9978-4deb22af7b09,c5,c4,1256,?,x1,
1769466354.65132,RECEIVED,69ca0a88-d878-4ce7-9c98-af3d160e9193,f98cd57c-599a-480b-825e-55cab024b666,c1,DROP,1011,e6,?,
1769466354.8128223,RECEIVED,0a1c7861-7a7e-47c9-a4b6-251a747a3612,41827077-6fc0-4285-bf69-84320d736fc7,c3,c1,1763,e9,?,
1769466354.8338394,SENT,69ca0a88-d878-4ce7-9c98-af3d160e9193,f98cd57c-599a-480b-825e-55cab024b666,c1,DROP,686,?,x5,
1769466354.833969,FORWARDED,69ca0a88-d878-4ce7-9c98-af3d160e9193,f98cd57c-599a-480b-825e-55cab024b666,c1,DROP,686,?,x5,
1769466354.8668222,SENT,276fb0a0-6ee7-4d63-9bf3-48a3df259c13,d27f0423-8aaa-4538-8d4c-fbb6bb9e74e2,c1,c3,1263,?,x11,
1769466354.866961,FORWARDED,276fb0a0-6ee7-4d63-9bf3-48a3df259c13,d27f0423-8aaa-4538-8d4c-fbb6bb9e74e2,c1,c3,1263,?,x11,
1769466355.019134,SENT,0a1c7861-7a7e-47c9-a4b6-251a747a3612,41827077-6fc0-4285-bf69-84320d736fc7,c3,c1,1251,?,x2,
1769466355.0192,FORWARDED,0a1c7861-7a7e-47c9-a4b6-251a747a3612,41827077-6fc0-4285-bf69-84320d736fc7,c3,c1,1251,?,x2,
1769466356.066018,RECEIVED,4636c663-b37b-4486-b0ce-e3505722a879,3f91d6ef-f241-4bec-b3a4-bb8a88a1dccb,c1,c3,1775,e7,?,
1769466356.7892725,SENT,4636c663-b37b-4486-b0ce-e3505722a879,3f91d6ef-f241-4bec-b3a4-bb8a88a1dccb,c1,c3,1260,?,x4,
1769466356.7893806,FORWARDED,4636c663-b37b-4486-b0ce-e3505722a879,3f91d6ef-f241-4bec-b3a4-bb8a88a1dccb,c1,c3,1260,?,x4,
1769466357.5950449,RECEIVED,5a56dee4-95b3-4db0-aa01-5cbff7dbb728,cf066923-c595-4df1-af44-1810b1bbbaf1,c2,c5,1767,e5,?,
1769466358.2255294,SENT,5a56dee4-95b3-4db0-aa01-5cbff7dbb728,cf066923-c595-4df1-af44-1810b1bbbaf1,c2,c5,1253,?,x7,
1769466358.2256393,FORWARDED,5a56dee4-95b3-4db0-aa01-5cbff7dbb728,cf066923-c595-4df1-af44-1810b1bbbaf1,c2,c5,1253,?,x7,
1769466358.4764924,RECEIVED,256f8e87-5650-40ed-a2da-127be59624c0,412f80e6-bd4e-4f52-b44e-f13d1d19c5f6,c1,c3,1764,e6,?,
1769466358.6782355,RECEIVED,b026ac9f-9de4-4925-9fc4-278cd3ac4659,0195ebb4-edfe-4d16-a326-a08875c64f73,c1,c3,1765,e2,?,
1769466358.7714016,SENT,b026ac9f-9de4-4925-9fc4-278cd3ac4659,0195ebb4-edfe-4d16-a326-a08875c64f73,c1,c3,1251,?,x10,
1769466358.771461,FORWARDED,b026ac9f-9de4-4925-9fc4-278cd3ac4659,0195ebb4-edfe-4d16-a326-a08875c64f73,c1,c3,1251,?,x10,
1769466358.951981,RECEIVED,dcc6c50d-5257-41e8-af98-a8446acb6638,7077e1eb-5226-4b74-a928-2aa0da14a729,c1,c3,1780,e3,?,
1769466359.1819644,SENT,256f8e87-5650-40ed-a2da-127be59624c0,412f80e6-bd4e-4f52-b44e-f13d1d19c5f6,c1,c3,1251,?,x12,
1769466359.182125,FORWARDED,256f8e87-5650-40ed-a2da-127be59624c0,412f80e6-bd4e-4f52-b44e-f13d1d19c5f6,c1,c3,1251,?,x12,
1769466359.8871949,SENT,dcc6c50d-5257-41e8-af98-a8446acb6638,7077e1eb-5226-4b74-a928-2aa0da14a729,c1,c3,1263,?,x12,
1769466359.8872478,FORWARDED,dcc6c50d-5257-41e8-af98-a8446acb6638,7077e1eb-5226-4b74-a928-2aa0da14a729,c1,c3,1263,?,x12,
1769466360.1748636,RECEIVED,701bda95-0eeb-4fc3-be83-5b429ff0dd2a,c6572b6c-6124-40ce-bdfa-2756f71d569b,c3,c1,1779,e7,?,
1769466360.3769462,RECEIVED,f6a0d339-3ea3-45ec-837c-e02cf719aa61,091e1f7d-5742-480c-9c51-f69616741b8b,c5,c4,1775,e2,?,
1769466360.408921,RECEIVED,bc4118eb-6e1b-4006-997f-a917291c998a,6e14efd9-65f8-4837-b6cf-21f1486eef44,c4,c5,1779,e10,?,
1769466360.8235967,SENT,f6a0d339-3ea3-45ec-837c-e02cf719aa61,091e1f7d-5742-480c-9c51-f69616741b8b,c5,c4,1260,?,x7,
1769466360.8237178,FORWARDED,f6a0d339-3ea3-45ec-837c-e02cf719aa61,091e1f7d-5742-480c-9c51-f69616741b8b,c5,c4,1260,?,x7,
1769466360.854935,SENT,bc4118eb-6e1b-4006-997f-a917291c998a,6e14efd9-65f8-4837-b6cf-21f1486eef44,c4,c5,1261,?,x5,
1769466360.855038,FORWARDED,bc4118eb-6e1b-4006-997f-a917291c998a,6e14efd9-65f8-4837-b6cf-21f1486eef44,c4,c5,1261,?,x5,
1769466361.146976,SENT,701bda95-0eeb-4fc3-be83-5b429ff0dd2a,c6572b6c-6124-40ce-bdfa-2756f71d569b,c3,c1,1263,?,x2,
1769466361.1471276,FORWARDED,701bda95-0eeb-4fc3-be83-5b429ff0dd2a,c6572b6c-6124-40ce-bdfa-2756f71d569b,c3,c1,1263,?,x2,
1769466361.277092,RECEIVED,1915b52d-4e07-4f2f-8f50-f22fdf72fe8f,9cd75771-d4b4-4efb-9151-2f8a2fd724c8,c3,c1,1768,e5,?,
1769466361.338632,SENT,1915b52d-4e07-4f2f-8f50-f22fdf72fe8f,9cd75771-d4b4-4efb-9151-2f8a2fd724c8,c3,c1,1254,?,x1,
1769466361.3387454,FORWARDED,1915b52d-4e07-4f2f-8f50-f22fdf72fe8f,9cd75771-d4b4-4efb-9151-2f8a2fd724c8,c3,c1,1254,?,x1,
1769466361.8364122,RECEIVED,8cbde166-4a6d-4810-b817-d7a26c0e3e20,594fb4cc-9181-4305-84d0-9eba9f37d5a1,c2,c5,1771,e12,?,
1769466361.877002,RECEIVED,b3efd191-69f3-4b00-8f82-a561d6617eac,f90c18e2-cc75-4bf1-aaad-e85327560d0b,c3,c1,1764,e1,?,
1769466361.9303467,RECEIVED,c04e6d08-7c5e-43e9-b24c-38597505148e,0f40b76b-4d7e-4423-9934-ad361625b7f3,c1,c3,1765,e6,?,
1769466362.0943744,RECEIVED,e036bfd4-793a-4595-8ce3-7b78a07e5bb1,3b9dd585-f0f9-4c84-8cad-4918f356d988,c3,c1,1776,e9,?,
1769466362.1064875,SENT,8cbde166-4a6d-4810-b817-d7a26c0e3e20,594fb4cc-9181-4305-84d0-9eba9f37d5a1,c2,c5,1257,?,x2,
1769466362.1065552,FORWARDED,8cbde166-4a6d-4810-b817-d7a26c0e3e20,594fb4cc-9181-4305-84d0-9eba9f37d5a1,c2,c5,1257,?,x2,
1769466362.137854,SENT,c04e6d08-7c5e-43e9-b24c-38597505148e,0f40b76b-4d7e-4423-9934-ad361625b7f3,c1,c3,1251,?,x12,
1769466362.1379201,FORWARDED,c04e6d08-7c5e-43e9-b24c-38597505148e,0f40b76b-4d7e-4423-9934-ad361625b7f3,c1,c3,1251,?,x12,
1769466362.3189752,SENT,e036bfd4-793a-4595-8ce3-7b78a07e5bb1,3b9dd585-f0f9-4c84-8cad-4918f356d988,c3,c1,1260,?,x5,
1769466362.319042,FORWARDED,e036bfd4-793a-4595-8ce3-7b78a07e5bb1,3b9dd585-f0f9-4c84-8cad-4918f356d988,c3,c1,1260,?,x5,
1769466362.3757424,SENT,b3efd191-69f3-4b00-8f82-a561d6617eac,f90c18e2-cc75-4bf1-aaad-e85327560d0b,c3,c1,1251,?,x9,
1769466362.3758512,FORWARDED,b3efd191-69f3-4b00-8f82-a561d6617eac,f90c18e2-cc75-4bf1-aaad-e85327560d0b,c3,c1,1251,?,x9,
1769466363.6130927,RECEIVED,4eefc0a6-484c-433d-a955-bbbbd22b4132,af870393-8b37-4d51-8a93-bbc4d722fab1,c4,c5,1779,e5,?,
1769466364.0787299,RECEIVED,6c807570-c800-431d-996b-e1e624bcef2e,a9b69424-e045-45cc-8bb3-b534f3fd0638,c1,DROP,442,x9,?,
1769466364.1439714,RECEIVED,95669fce-3a22-4d3b-abb8-9960b56191d2,2bfd4431-5a80-4721-8d57-646b16503874,c5,c4,1779,e10,?,
1769466364.7412708,SENT,4eefc0a6-484c-433d-a955-bbbbd22b4132,af870393-8b37-4d51-8a93-bbc4d722fab1,c4,c5,1262,?,x5,
1769466364.7413309,FORWARDED,4eefc0a6-484c-433d-a955-bbbbd22b4132,af870393-8b37-4d51-8a93-bbc4d722fab1,c4,c5,1262,?,x5,
1769466364.8023198,SENT,95669fce-3a22-4d3b-abb8-9960b56191d2,2bfd4431-5a80-4721-8d57-646b16503874,c5,c4,1263,?,x5,
1769466364.802388,FORWARDED,95669fce-3a22-4d3b-abb8-9960b56191d2,2bfd4431-5a80-4721-8d57-646b16503874,c5,c4,1263,?,x5,
1769466367.8351378,RECEIVED,a368f448-e678-413b-9915-02055f4236da,989f3c01-5932-4862-9baf-7815f554ad85,c2,c5,1771,e3,?,
1769466368.2742896,RECEIVED,ac85474d-3053-4ce1-9cb3-57c96bf6e950,59027486-a827-4329-941a-b1265bd141c0,c1,DROP,442,x11,?,
1769466368.5605345,SENT,a368f448-e678-413b-9915-02055f4236da,989f3c01-5932-4862-9baf-7815f554ad85,c2,c5,1255,?,x4,
1769466368.560643,FORWARDED,a368f448-e678-413b-9915-02055f4236da,989f3c01-5932-4862-9baf-7815f554ad85,c2,c5,1255,?,x4,
1769466369.0946152,RECEIVED,be3143fc-0dda-497e-9480-76598ab7c703,5b456c82-3401-4b90-948d-d2e565c3f5e5,c4,c5,1780,e11,?,
1769466369.3102882,SENT,be3143fc-0dda-497e-9480-76598ab7c703,5b456c82-3401-4b90-948d-d2e565c3f5e5,c4,c5,1262,?,x5,
1769466369.310429,FORWARDED,be3143fc-0dda-497e-9480-76598ab7c703,5b456c82-3401-4b90-948d-d2e565c3f5e5,c4,c5,1262,?,x5,
1769466369.7702222,RECEIVED,65d9545d-37bc-4949-97ef-80298b7708b5,e7c348fd-eab2-4884-be21-524f674293a6,c3,c1,1775,e5,?,
1769466370.2822669,SENT,65d9545d-37bc-4949-97ef-80298b7708b5,e7c348fd-eab2-4884-be21-524f674293a6,c3,c1,1259,?,x2,
1769466370.282385,FORWARDED,65d9545d-37bc-4949-97ef-80298b7708b5,e7c348fd-eab2-4884-be21-524f674293a6,c3,c1,1259,?,x2,
1769466370.8727696,RECEIVED,d9d73b2c-18ef-4496-b99b-4a12a1dfa153,c3e20e0f-1791-48bc-907f-2376450a9333,c1,c3,1764,e11,?,
1769466371.2259545,RECEIVED,b409e75e-9931-4a15-b1ca-26e19ba2cf7e,9ceb67ae-a7bd-4c9f-a60b-0297d78e3028,c4,c5,1772,e2,?,
1769466371.321275,SENT,d9d73b2c-18ef-4496-b99b-4a12a1dfa153,c3e20e0f-1791-48bc-907f-2376450a9333,c1,c3,1251,?,x1,
1769466371.3214362,FORWARDED,d9d73b2c-18ef-4496-b99b-4a12a1dfa153,c3e20e0f-1791-48bc-907f-2376450a9333,c1,c3,1251,?,x1,
1769466371.5051851,RECEIVED,919d4adb-da87-4003-a904-37ef3a85e3cb,ccf57589-3a97-4477-9e00-26772c28aa49,c5,c4,1760,e5,?,
1769466371.6066754,SENT,919d4adb-da87-4003-a904-37ef3a85e3cb,ccf57589-3a97-4477-9e00-26772c28aa49,c5,c4,1248,?,x9,
1769466371.6068118,FORWARDED,919d4adb-da87-4003-a904-37ef3a85e3cb,ccf57589-3a97-4477-9e00-26772c28aa49,c5,c4,1248,?,x9,
1769466371.6306846,SENT,b409e75e-9931-4a15-b1ca-26e19ba2cf7e,9ceb67ae-a7bd-4c9f-a60b-0297d78e3028,c4,c5,1255,?,x4,
1769466371.6308155,FORWARDED,b409e75e-9931-4a15-b1ca-26e19ba2cf7e,9ceb67ae-a7bd-4c9f-a60b-0297d78e3028,c4,c5,1255,?,x4,
1769466373.5583377,RECEIVED,0723696a-1b39-4621-9dd0-26cd93098560,a6a5093d-39f9-4b3d-bf48-a850eec7ed7f,c1,c3,1763,e10,?,
1769466373.9197776,FORWARDED,0723696a-1b39-4621-9dd0-26cd93098560,a6a5093d-39f9-4b3d-bf48-a850eec7ed7f,c1,c3,1250,?,x6,
1769466374.409719,RECEIVED,2783681d-0013-48db-afd3-b82de8b16b32,9097e9f2-dc9e-478d-8fb6-46278564439a,c3,c1,1770,e9,?,
1769466374.8892736,RECEIVED,9d443d85-b863-43d8-a98a-72e1fc331039,06962d76-fd6e-4a93-ba61-a69b1aa971db,c4,c5,1762,e1,?,
1769466375.0100973,SENT,9d443d85-b863-43d8-a98a-72e1fc331039,06962d76-fd6e-4a93-ba61-a69b1aa971db,c4,c5,1251,?,x7,
1769466375.010238,FORWARDED,9d443d85-b863-43d8-a98a-72e1fc331039,06962d76-fd6e-4a93-ba61-a69b1aa971db,c4,c5,1251,?,x7,
1769466375.224134,SENT,2783681d-0013-48db-afd3-b82de8b16b32,9097e9f2-dc9e-478d-8fb6-46278564439a,c3,c1,1255,?,x1,
1769466375.2243013,FORWARDED,2783681d-0013-48db-afd3-b82de8b16b32,9097e9f2-dc9e-478d-8fb6-46278564439a,c3,c1,1255,?,x1,
1769466375.9604244,RECEIVED,d49d3bfd-aada-4d79-9728-b584e39e6832,dee1cba8-4eee-49da-ab65-ffaba3dcf840,c5,c4,1768,e9,?,
1769466376.3393486,SENT,d49d3bfd-aada-4d79-9728-b584e39e6832,dee1cba8-4eee-49da-ab65-ffaba3dcf840,c5,c4,1252,?,x11,
1769466376.3394835,FORWARDED,d49d3bfd-aada-4d79-9728-b584e39e6832,dee1cba8-4eee-49da-ab65-ffaba3dcf840,c5,c4,1252,?,x11,
1769466378.0177338,RECEIVED,4e671d7f-3178-4648-a749-7eeab10c7f83,fec5bdec-7af4-480b-81bf-50199647cbb7,c1,c3,1771,e9,?,
1769466378.1131692,RECEIVED,648dfbd5-bd47-44a6-beb5-f03ff5006282,8b85b76b-de2f-44c3-9c7a-765b88b6c809,c1,DROP,1003,e1,?,
1769466378.5152707,SENT,648dfbd5-bd47-44a6-beb5-f03ff5006282,8b85b76b-de2f-44c3-9c7a-765b88b6c809,c1,DROP,679,?,x4,
1769466378.5153968,FORWARDED,648dfbd5-bd47-44a6-beb5-f03ff5006282,8b85b76b-de2f-44c3-9c7a-765b88b6c809,c1,DROP,679,?,x4,
1769466378.612738,SENT,4e671d7f-3178-4648-a749-7eeab10c7f83,fec5bdec-7af4-480b-81bf-50199647cbb7,c1,c3,1255,?,x11,
1769466378.6128666,FORWARDED,4e671d7f-3178-4648-a749-7eeab10c7f83,fec5bdec-7af4-480b-81bf-50199647cbb7,c1,c3,1255,?,x11,
1769466379.12721,RECEIVED,9149254e-006d-4021-8378-1c764217f82f,2c303341-ccc8-404a-b032-2e28d4a56165,c3,c1,1776,e11,?,
1769466379.2487266,SENT,9149254e-006d-4021-8378-1c764217f82f,2c303341-ccc8-404a-b032-2e28d4a56165,c3,c1,1260,?,x7,
1769466379.2488182,FORWARDED,9149254e-006d-4021-8378-1c764217f82f,2c303341-ccc8-404a-b032-2e28d4a56165,c3,c1,1260,?,x7,
1769466379.5992327,RECEIVED,f13c1e34-5a0c-4d76-887c-1ec0324cee70,21451006-da5c-4036-82d7-7710e9dc36d9,c1,c3,1759,e8,?,
1769466380.6167982,RECEIVED,cc2532c8-1906-449d-a56c-d56ee65ce7d2,490084b4-c602-466d-9e55-0e957b85a262,c4,c5,1776,e9,?,
1769466380.7133076,SENT,cc2532c8-1906-449d-a56c-d56ee65ce7d2,490084b4-c602-466d-9e55-0e957b85a262,c4,c5,1260,?,x3,
1769466380.7134423,FORWARDED,cc2532c8-1906-449d-a56c-d56ee65ce7d2,490084b4-c602-466d-9e55-0e957b85a262,c4,c5,1260,?,x3,
1769466381.2790217,SENT,f13c1e34-5a0c-4d76-887c-1ec0324cee70,21451006-da5c-4036-82d7-7710e9dc36d9,c1,c3,1248,?,x1,
1769466381.2791977,FORWARDED,f13c1e34-5a0c-4d76-887c-1ec0324cee70,21451006-da5c-4036-82d7-7710e9dc36d9,c1,c3,1248,?,x1,
1769466383.85777,RECEIVED,1a1c822d-6176-473b-9e01-6bf152250297,3cabb806-6e2f-4da9-bf09-261da9302bdf,c1,c3,1771,e6,?,
1769466384.4642084,SENT,1a1c822d-6176-473b-9e01-6bf152250297,3cabb806-6e2f-4da9-bf09-261da9302bdf,c1,c3,1255,?,x7,
1769466384.4643645,FORWARDED,1a1c822d-6176-473b-9e01-6bf152250297,3cabb806-6e2f-4da9-bf09-261da9302bdf,c1,c3,1255,?,x7,
1769466384.9323533,RECEIVED,9d50f4e3-cedc-4f8f-8b6f-3aabd1e9e86e,000c6177-dd90-449d-a6d0-bb36529dfc7b,c2,c5,1770,e1,?,
1769466386.2364118,RECEIVED,2addee30-e019-4b49-a4e5-2397b70fd519,36e05870-430d-4e6e-a242-6d5fb4ff22f9,c3,c1,1784,e8,?,
1769466386.2834196,SENT,9d50f4e3-cedc-4f8f-8b6f-3aabd1e9e86e,000c6177-dd90-449d-a6d0-bb36529dfc7b,c2,c5,1256,?,x9,
1769466386.2834716,FORWARDED,9d50f4e3-cedc-4f8f-8b6f-3aabd1e9e86e,000c6177-dd90-449d-a6d0-bb36529dfc7b,c2,c5,1256,?,x9,
1769466386.3351429,SENT,2addee30-e019-4b49-a4e5-2397b70fd519,36e05870-430d-4e6e-a242-6d5fb4ff22f9,c3,c1,1264,?,x9,
1769466386.335187,FORWARDED,2addee30-e019-4b49-a4e5-2397b70fd519,36e05870-430d-4e6e-a242-6d5fb4ff22f9,c3,c1,1264,?,x9,
1769466386.4704428,RECEIVED,5eb7c8af-b74d-4cd2-b407-dfabd8a58c21,433921a0-ec20-4de3-a9f7-dc4ef94bf7d2,c2,c5,1780,e10,?,
1769466387.643613,SENT,5eb7c8af-b74d-4cd2-b407-dfabd8a58c21,433921a0-ec20-4de3-a9f7-dc4ef94bf7d2,c2,c5,1262,?,x10,
1769466387.6441834,FORWARDED,5eb7c8af-b74d-4cd2-b407-dfabd8a58c21,433921a0-ec20-4de3-a9f7-dc4ef94bf7d2,c2,c5,1262,?,x10,
1769466388.1242774,RECEIVED,04a4cfb6-f457-4716-8495-d6af56b2b1fe,6bcadc4e-b144-4f47-88bb-5a1540042c82,c3,c1,1784,e12,?,
1769466388.2648036,RECEIVED,09efc7a6-8be4-4d9c-84c4-a98e23ac1f69,9ae410ff-6748-4539-8ca1-ebc5c09d07ce,c3,c1,1768,e7,?,
1769466388.4243734,RECEIVED,cc17b97b-1421-4a56-a6cf-3be3f4569905,92a8de98-e4c8-460e-8731-541a1fc31eae,c2,c5,1763,e1,?,
1769466388.4381285,SENT,04a4cfb6-f457-4716-8495-d6af56b2b1fe,6bcadc4e-b144-4f47-88bb-5a1540042c82,c3,c1,1264,?,x12,
1769466388.438262,FORWARDED,04a4cfb6-f457-4716-8495-d6af56b2b1fe,6bcadc4e-b144-4f47-88bb-5a1540042c82,c3,c1,1264,?,x12,
1769466388.5157394,SENT,09efc7a6-8be4-4d9c-84c4-a98e23ac1f69,9ae410ff-6748-4539-8ca1-ebc5c09d07ce,c3,c1,1253,?,x3,
1769466388.5158749,FORWARDED,09efc7a6-8be4-4d9c-84c4-a98e23ac1f69,9ae410ff-6748-4539-8ca1-ebc5c09d07ce,c3,c1,1253,?,x3,
1769466389.5175495,SENT,cc17b97b-1421-4a56-a6cf-3be3f4569905,92a8de98-e4c8-460e-8731-541a1fc31eae,c2,c5,1251,?,x4,
1769466389.5176635,FORWARDED,cc17b97b-1421-4a56-a6cf-3be3f4569905,92a8de98-e4c8-460e-8731-541a1fc31eae,c2,c5,1251,?,x4,
1769466389.874132,RECEIVED,c4de3348-4663-438c-843d-f932326d9faf,731a24f0-cd78-4f4d-b521-ec2b6dc8b45a,c1,c3,1770,e12,?,
1769466390.2652667,RECEIVED,f18faab2-5530-41eb-a2d4-acd09a4ca3b3,dee653be-f3a5-4edd-af56-c90cc84e762b,c3,c1,1779,e6,?,
1769466390.6785285,RECEIVED,d0fb808e-884d-492a-b1e2-751e1b64d843,adaa474d-93c4-49b6-82bd-aeeba29ff9fb,c1,c3,1773,e1,?,
1769466390.6952317,FORWARDED,d0fb808e-884d-492a-b1e2-751e1b64d843,adaa474d-93c4-49b6-82bd-aeeba29ff9fb,c1,c3,1255,?,x6,
1769466391.0163825,SENT,f18faab2-5530-41eb-a2d4-acd09a4ca3b3,dee653be-f3a5-4edd-af56-c90cc84e762b,c3,c1,1263,?,x5,
1769466391.016496,FORWARDED,f18faab2-5530-41eb-a2d4-acd09a4ca3b3,dee653be-f3a5-4edd-af56-c90cc84e762b,c3,c1,1263,?,x5,
1769466391.2461922,RECEIVED,d2788239-c7d5-48d5-86f4-e120bd868864,303c03ff-6414-4d59-8d49-ba4d05a2030b,c1,c3,1775,e9,?,
1769466391.4233377,RECEIVED,216a37b2-4468-47e8-b937-325224215476,0298d084-37b1-4643-8d0d-2b315b07c301,c3,c1,1780,e2,?,
1769466391.5206244,SENT,216a37b2-4468-47e8-b937-325224215476,0298d084-37b1-4643-8d0d-2b315b07c301,c3,c1,1263,?,x2,
1769466391.5207427,FORWARDED,216a37b2-4468-47e8-b937-325224215476,0298d084-37b1-4643-8d0d-2b315b07c301,c3,c1,1263,?,x2,
1769466391.659421,SENT,d2788239-c7d5-48d5-86f4-e120bd868864,303c03ff-6414-4d59-8d49-ba4d05a2030b,c1,c3,1259,?,x2,
1769466391.659539,FORWARDED,d2788239-c7d5-48d5-86f4-e120bd868864,303c03ff-6414-4d59-8d49-ba4d05a2030b,c1,c3,1259,?,x2,
1769466391.7338104,SENT,c4de3348-4663-438c-843d-f932326d9faf,731a24f0-cd78-4f4d-b521-ec2b6dc8b45a,c1,c3,1256,?,x7,
1769466391.733947,FORWARDED,c4de3348-4663-438c-843d-f932326d9faf,731a24f0-cd78-4f4d-b521-ec2b6dc8b45a,c1,c3,1256,?,x7,
1769466392.2762203,RECEIVED,3fbda0d6-7e05-456b-b0ef-217ab23f3bcd,062f146d-a2ba-4d36-89a6-605e76cb3527,c5,c4,1788,e10,?,
1769466392.5300038,SENT,3fbda0d6-7e05-456b-b0ef-217ab23f3bcd,062f146d-a2ba-4d36-89a6-605e76cb3527,c5,c4,1267,?,x10,
1769466392.5301466,FORWARDED,3fbda0d6-7e05-456b-b0ef-217ab23f3bcd,062f146d-a2ba-4d36-89a6-605e76cb3527,c5,c4,1267,?,x10,
1769466392.9519627,RECEIVED,6e28aa33-5840-4c0f-9b61-7dfb4b24ebbd,5a97157f-8d9d-44d5-b612-98bb658ff974,c4,c5,1777,e11,?,
1769466393.3528852,RECEIVED,216a6e84-a4a7-4b04-acbd-00eccb450c55,252da93f-0c06-480b-bd5e-fb500681d199,c4,c5,1775,e7,?,
1769466393.391726,RECEIVED,15d0206a-8a31-4fea-a851-38cbf21bf60e,f4ad4caf-d672-4bce-ba6d-d5c37285eba9,c5,c4,1785,e9,?,
1769466393.4065347,RECEIVED,cf1a27f7-e9b4-48ed-a2f0-41f26ff424d0,950c6860-aff1-40c8-92dc-808937ca3747,c5,c4,1770,e9,?,
1769466393.4611962,SENT,cf1a27f7-e9b4-48ed-a2f0-41f26ff424d0,950c6860-aff1-40c8-92dc-808937ca3747,c5,c4,1252,?,x11,
1769466393.461283,FORWARDED,cf1a27f7-e9b4-48ed-a2f0-41f26ff424d0,950c6860-aff1-40c8-92dc-808937ca3747,c5,c4,1252,?,x11,
1769466393.4884837,SENT,15d0206a-8a31-4fea-a851-38cbf21bf60e,f4ad4caf-d672-4bce-ba6d-d5c37285eba9,c5,c4,1265,?,x11,
1769466393.488573,FORWARDED,15d0206a-8a31-4fea-a851-38cbf21bf60e,f4ad4caf-d672-4bce-ba6d-d5c37285eba9,c5,c4,1265,?,x11,
1769466393.5015984,RECEIVED,8cc623ba-e8cc-46bc-a8bb-79dc5f19758e,756eea6d-5cd9-4c5c-b15c-8d0f4c34f309,c3,c1,1776,e8,?,
1769466393.593308,SENT,8cc623ba-e8cc-46bc-a8bb-79dc5f19758e,756eea6d-5cd9-4c5c-b15c-8d0f4c34f309,c3,c1,1259,?,x1,
1769466393.5934389,FORWARDED,8cc623ba-e8cc-46bc-a8bb-79dc5f19758e,756eea6d-5cd9-4c5c-b15c-8d0f4c34f309,c3,c1,1259,?,x1,
1769466393.7302349,SENT,6e28aa33-5840-4c0f-9b61-7dfb4b24ebbd,5a97157f-8d9d-44d5-b612-98bb658ff974,c4,c5,1263,?,x8,
1769466393.730379,FORWARDED,6e28aa33-5840-4c0f-9b61-7dfb4b24ebbd,5a97157f-8d9d-44d5-b612-98bb658ff974,c4,c5,1263,?,x8,
1769466393.7439427,RECEIVED,1b599c6d-832d-4c81-8227-0a2bb55f056a,78209bd9-5534-404b-b1a2-df0a9520a52a,c1,c3,1774,e11,?,
1769466394.204826,SENT,216a6e84-a4a7-4b04-acbd-00eccb450c55,252da93f-0c06-480b-bd5e-fb500681d199,c4,c5,1259,?,x4,
1769466394.2049406,FORWARDED,216a6e84-a4a7-4b04-acbd-00eccb450c55,252da93f-0c06-480b-bd5e-fb500681d199,c4,c5,1259,?,x4,
1769466394.4166865,RECEIVED,ecd8ad8a-365a-4552-a7d5-c680e024003d,bc221ad9-fe2a-4108-8fbd-4d4696caea4f,c3,c1,1774,e12,?,
1769466394.622021,SENT,1b599c6d-832d-4c81-8227-0a2bb55f056a,78209bd9-5534-404b-b1a2-df0a9520a52a,c1,c3,1259,?,x1,
1769466394.6221826,FORWARDED,1b599c6d-832d-4c81-8227-0a2bb55f056a,78209bd9-5534-404b-b1a2-df0a9520a52a,c1,c3,1259,?,x1,
1769466395.2867758,RECEIVED,611bf3e6-0b0d-4710-b879-b5bae7ec97dc,ebab0781-a6a3-4bb9-a8d0-57f58d3c723c,c4,c5,1772,e1,?,
1769466395.3045127,RECEIVED,319538bb-40a1-4020-8468-86cc90c0bacd,0a2035ee-9e65-40cc-885a-65ded8aa1abf,c5,c4,1781,e12,?,
1769466395.3901184,RECEIVED,d45d59b6-8a25-4226-a301-d71db0de1754,f769c09e-a86f-43d1-8db7-7b1d0e5b47fe,c5,c4,1776,e6,?,
1769466395.472738,SENT,611bf3e6-0b0d-4710-b879-b5bae7ec97dc,ebab0781-a6a3-4bb9-a8d0-57f58d3c723c,c4,c5,1256,?,x7,
1769466395.4728744,FORWARDED,611bf3e6-0b0d-4710-b879-b5bae7ec97dc,ebab0781-a6a3-4bb9-a8d0-57f58d3c723c,c4,c5,1256,?,x7,
1769466395.4791176,SENT,319538bb-40a1-4020-8468-86cc90c0bacd,0a2035ee-9e65-40cc-885a-65ded8aa1abf,c5,c4,1263,?,x12,
1769466395.4792566,FORWARDED,319538bb-40a1-4020-8468-86cc90c0bacd,0a2035ee-9e65-40cc-885a-65ded8aa1abf,c5,c4,1263,?,x12,
1769466395.5333226,SENT,ecd8ad8a-365a-4552-a7d5-c680e024003d,bc221ad9-fe2a-4108-8fbd-4d4696caea4f,c3,c1,1259,?,x4,
1769466395.5334556,FORWARDED,ecd8ad8a-365a-4552-a7d5-c680e024003d,bc221ad9-fe2a-4108-8fbd-4d4696caea4f,c3,c1,1259,?,x4,
1769466396.866122,RECEIVED,4af51293-220b-4faa-9b4c-a4420d50d0f9,bc423230-ed12-4e7e-a196-0082e1d7123a,c4,c5,1771,e7,?,
1769466397.0277698,SENT,d45d59b6-8a25-4226-a301-d71db0de1754,f769c09e-a86f-43d1-8db7-7b1d0e5b47fe,c5,c4,1259,?,x12,
1769466397.0279052,FORWARDED,d45d59b6-8a25-4226-a301-d71db0de1754,f769c09e-a86f-43d1-8db7-7b1d0e5b47fe,c5,c4,1259,?,x12,
1769466397.2003543,SENT,4af51293-220b-4faa-9b4c-a4420d50d0f9,bc423230-ed12-4e7e-a196-0082e1d7123a,c4,c5,1256,?,x3,
1769466397.2004724,FORWARDED,4af51293-220b-4faa-9b4c-a4420d50d0f9,bc423230-ed12-4e7e-a196-0082e1d7123a,c4,c5,1256,?,x3,
1769466397.2151952,RECEIVED,2ce80f2e-0885-4db4-8249-430615a4d9b8,5bcedd5f-ea55-4f42-b092-3350c3f9c8b7,c1,c3,1764,e1,?,
1769466397.2692153,SENT,2ce80f2e-0885-4db4-8249-430615a4d9b8,5bcedd5f-ea55-4f42-b092-3350c3f9c8b7,c1,c3,1251,?,x9,
1769466397.2693532,FORWARDED,2ce80f2e-0885-4db4-8249-430615a4d9b8,5bcedd5f-ea55-4f42-b092-3350c3f9c8b7,c1,c3,1251,?,x9,
1769466397.6320155,RECEIVED,4d746199-02bb-4b30-a74c-10aa1671c889,5cf6e706-f6b4-4436-88f5-e355455b8bc6,c3,c1,1775,e12,?,
1769466397.9667706,RECEIVED,053e49c1-06f5-45b2-b62b-f6f5ff28344d,57d48abb-214b-4b8d-bfff-3a3d9e613610,c2,c5,1780,e6,?,
1769466397.9916384,RECEIVED,f3e2902a-b2bf-436b-a295-560d339ec635,12c51286-25e6-4a39-bbdb-a9b0afbf2baf,c5,c4,1780,e10,?,
1769466398.1183658,RECEIVED,d3b184f9-e39c-469a-82f0-d5a6a21b6a1d,fa2d0f32-c350-4b3a-a28d-ffa3a71457b8,c4,c5,1772,e2,?,
1769466398.370759,SENT,4d746199-02bb-4b30-a74c-10aa1671c889,5cf6e706-f6b4-4436-88f5-e355455b8bc6,c3,c1,1259,?,x2,
1769466398.3708868,FORWARDED,4d746199-02bb-4b30-a74c-10aa1671c889,5cf6e706-f6b4-4436-88f5-e355455b8bc6,c3,c1,1259,?,x2,
1769466398.4284055,SENT,f3e2902a-b2bf-436b-a295-560d339ec635,12c51286-25e6-4a39-bbdb-a9b0afbf2baf,c5,c4,1263,?,x3,
1769466398.4285347,FORWARDED,f3e2902a-b2bf-436b-a295-560d339ec635,12c51286-25e6-4a39-bbdb-a9b0afbf2baf,c5,c4,1263,?,x3,
1769466398.4991596,RECEIVED,81bd42e7-24d3-43ba-9685-83a10e32310e,7c0187cb-2a5a-4f5c-8e62-50b9ac88bdf4,c1,c3,1772,e1,?,
1769466398.5371165,RECEIVED,7891c5fe-0236-4ec0-909c-990eda1d0da4,aaaa6b5b-8327-4fd7-8dac-6142f09568ff,c5,c4,1775,e7,?,
1769466398.5778337,SENT,053e49c1-06f5-45b2-b62b-f6f5ff28344d,57d48abb-214b-4b8d-bfff-3a3d9e613610,c2,c5,1263,?,x12,
1769466398.5779614,FORWARDED,053e49c1-06f5-45b2-b62b-f6f5ff28344d,57d48abb-214b-4b8d-bfff-3a3d9e613610,c2,c5,1263,?,x12,
1769466398.5847108,SENT,d3b184f9-e39c-469a-82f0-d5a6a21b6a1d,fa2d0f32-c350-4b3a-a28d-ffa3a71457b8,c4,c5,1255,?,x7,
1769466398.584845,FORWARDED,d3b184f9-e39c-469a-82f0-d5a6a21b6a1d,fa2d0f32-c350-4b3a-a28d-ffa3a71457b8,c4,c5,1255,?,x7,
1769466398.6435945,RECEIVED,1223c8cd-2134-4349-ad10-3e8f0270295a,11b351d4-3bec-46b8-a29e-4088919f135b,c5,c4,1779,e12,?,
1769466398.7563848,FORWARDED,81bd42e7-24d3-43ba-9685-83a10e32310e,7c0187cb-2a5a-4f5c-8e62-50b9ac88bdf4,c1,c3,1255,?,x6,
1769466398.8095949,RECEIVED,31eb3ad9-5681-42dc-827e-2b8c51b1dca7,d4a5aa87-7b6a-41e3-9180-270734cfaa9b,c2,c5,1763,e1,?,
1769466398.9302151,SENT,7891c5fe-0236-4ec0-909c-990eda1d0da4,aaaa6b5b-8327-4fd7-8dac-6142f09568ff,c5,c4,1260,?,x1,
1769466398.930349,FORWARDED,7891c5fe-0236-4ec0-909c-990eda1d0da4,aaaa6b5b-8327-4fd7-8dac-6142f09568ff,c5,c4,1260,?,x1,
1769466399.3045533,SENT,1223c8cd-2134-4349-ad10-3e8f0270295a,11b351d4-3bec-46b8-a29e-4088919f135b,c5,c4,1263,?,x1,
1769466399.3046854,FORWARDED,1223c8cd-2134-4349-ad10-3e8f0270295a,11b351d4-3bec-46b8-a29e-4088919f135b,c5,c4,1263,?,x1,
1769466399.4024413,RECEIVED,17488348-2680-415b-9181-d2e0b68fd6ef,3aa4e27e-53d5-451c-b537-ee39ae81d504,c3,c1,1764,e5,?,
1769466399.431303,SENT,31eb3ad9-5681-42dc-827e-2b8c51b1dca7,d4a5aa87-7b6a-41e3-9180-270734cfaa9b,c2,c5,1251,?,x8,
1769466399.431438,FORWARDED,31eb3ad9-5681-42dc-827e-2b8c51b1dca7,d4a5aa87-7b6a-41e3-9180-270734cfaa9b,c2,c5,1251,?,x8,
1769466399.4971287,SENT,17488348-2680-415b-9181-d2e0b68fd6ef,3aa4e27e-53d5-451c-b537-ee39ae81d504,c3,c1,1251,?,x2,
1769466399.4972615,FORWARDED,17488348-2680-415b-9181-d2e0b68fd6ef,3aa4e27e-53d5-451c-b537-ee39ae81d504,c3,c1,1251,?,x2,
1769466399.9777853,RECEIVED,9d7fff61-c563-474e-9e40-f64f6cf500d9,d4b2a7d0-9c8c-4261-920b-bdb872218f20,c5,c4,1763,e11,?,
1769466399.9824092,RECEIVED,297ed3a0-d412-4fe2-b595-3efbf52037c6,be2c1f3f-af9c-47b1-9264-29ed11a1a815,c3,c1,1774,e2,?,
1769466399.9917276,SENT,297ed3a0-d412-4fe2-b595-3efbf52037c6,be2c1f3f-af9c-47b1-9264-29ed11a1a815,c3,c1,1256,?,x8,
1769466399.9917808,FORWARDED,297ed3a0-d412-4fe2-b595-3efbf52037c6,be2c1f3f-af9c-47b1-9264-29ed11a1a815,c3,c1,1256,?,x8,
1769466400.891635,SENT,9d7fff61-c563-474e-9e40-f64f6cf500d9,d4b2a7d0-9c8c-4261-920b-bdb872218f20,c5,c4,1251,?,x5,
1769466400.891761,FORWARDED,9d7fff61-c563-474e-9e40-f64f6cf500d9,d4b2a7d0-9c8c-4261-920b-bdb872218f20,c5,c4,1251,?,x5,
1769466401.0379474,RECEIVED,4157a212-13c9-42b1-961c-90cfb3af8d60,d41d6aef-3a07-4e7b-a82b-d168082f9c5d,c3,c1,1767,e6,?,
1769466401.8842041,RECEIVED,1741720d-8b1a-4ef6-88c2-0ed03b9cacaa,f55e524c-ee45-4564-bb2e-5e45a3eaa8d2,c3,c1,1768,e2,?,
1769466401.9772136,SENT,1741720d-8b1a-4ef6-88c2-0ed03b9cacaa,f55e524c-ee45-4564-bb2e-5e45a3eaa8d2,c3,c1,1252,?,x9,
1769466401.9772668,FORWARDED,1741720d-8b1a-4ef6-88c2-0ed03b9cacaa,f55e524c-ee45-4564-bb2e-5e45a3eaa8d2,c3,c1,1252,?,x9,
1769466402.084194,SENT,4157a212-13c9-42b1-961c-90cfb3af8d60,d41d6aef-3a07-4e7b-a82b-d168082f9c5d,c3,c1,1252,?,x7,
1769466402.0842988,FORWARDED,4157a212-13c9-42b1-961c-90cfb3af8d60,d41d6aef-3a07-4e7b-a82b-d168082f9c5d,c3,c1,1252,?,x7,
1769466403.7687552,RECEIVED,d5c3a5b3-8442-4d1f-bebf-38fb3ee106b7,64e12b5a-670e-40a7-822d-f3a123c92319,c3,c1,1759,e3,?,
1769466405.0464187,SENT,d5c3a5b3-8442-4d1f-bebf-38fb3ee106b7,64e12b5a-670e-40a7-822d-f3a123c92319,c3,c1,1246,?,x3,
1769466405.0464766,FORWARDED,d5c3a5b3-8442-4d1f-bebf-38fb3ee106b7,64e12b5a-670e-40a7-822d-f3a123c92319,c3,c1,1246,?,x3,
1769466405.7538564,RECEIVED,0c02d653-8fd1-443d-af71-6b3fc301e438,82e7320e-2b70-4577-b77f-90e83d703280,c5,c4,1772,e10,?,
1769466406.008211,SENT,0c02d653-8fd1-443d-af71-6b3fc301e438,82e7320e-2b70-4577-b77f-90e83d703280,c5,c4,1255,?,x11,
1769466406.0083447,FORWARDED,0c02d653-8fd1-443d-af71-6b3fc301e438,82e7320e-2b70-4577-b77f-90e83d703280,c5,c4,1255,?,x11,
1769466408.1638753,RECEIVED,0a5858fa-6bdc-4a21-a42d-23d25e526976,a7b271dd-3030-46a3-95ae-b25dedc15454,c1,c3,1776,e3,?,
1769466408.4430153,SENT,0a5858fa-6bdc-4a21-a42d-23d25e526976,a7b271dd-3030-46a3-95ae-b25dedc15454,c1,c3,1259,?,x10,
1769466408.4431438,FORWARDED,0a5858fa-6bdc-4a21-a42d-23d25e526976,a7b271dd-3030-46a3-95ae-b25dedc15454,c1,c3,1259,?,x10,
1769466408.6020443,RECEIVED,75b6a50d-ac18-40cd-96c1-062bdc712765,f9f67f74-a25b-4d6d-8b48-aac373f8f0dc,c2,c5,1767,e10,?,
1769466410.0553544,RECEIVED,ddd08cd9-4c22-400c-a594-a4dc8faeedea,ae33e023-e461-4a7e-8e43-23433a140a07,c4,c5,1774,e1,?,
1769466410.526368,RECEIVED,588f2586-19e4-4794-b0de-298272bf4ff6,44674bf0-814c-474d-a643-beee91ddb7c2,c5,c4,1775,e2,?,
1769466410.8581133,RECEIVED,f0da3ee9-17d8-4130-8c04-230b6d0a9e97,94d0ebc6-b935-4db4-9e34-3118b3d635b8,c3,c1,1771,e3,?,
1769466411.1479409,SENT,ddd08cd9-4c22-400c-a594-a4dc8faeedea,ae33e023-e461-4a7e-8e43-23433a140a07,c4,c5,1259,?,x5,
1769466411.1483355,FORWARDED,ddd08cd9-4c22-400c-a594-a4dc8faeedea,ae33e023-e461-4a7e-8e43-23433a140a07,c4,c5,1259,?,x5,
1769466411.2805643,RECEIVED,ed618e3d-265b-45ff-9009-57679bebf1ee,fba52adc-5777-4765-9c66-3ee554bd311f,c2,c5,1780,e10,?,
1769466411.38511,SENT,ed618e3d-265b-45ff-9009-57679bebf1ee,fba52adc-5777-4765-9c66-3ee554bd311f,c2,c5,1263,?,x3,
1769466411.3852458,FORWARDED,ed618e3d-265b-45ff-9009-57679bebf1ee,fba52adc-5777-4765-9c66-3ee554bd311f,c2,c5,1263,?,x3,
1769466411.4326692,FORWARDED,f0da3ee9-17d8-4130-8c04-230b6d0a9e97,94d0ebc6-b935-4db4-9e34-3118b3d635b8,c3,c1,1256,?,x6,
1769466411.476518,SENT,75b6a50d-ac18-40cd-96c1-062bdc712765,f9f67f74-a25b-4d6d-8b48-aac373f8f0dc,c2,c5,1252,?,x3,
1769466411.476654,FORWARDED,75b6a50d-ac18-40cd-96c1-062bdc712765,f9f67f74-a25b-4d6d-8b48-aac373f8f0dc,c2,c5,1252,?,x3,
1769466411.8020432,RECEIVED,48d7b8e2-796e-47ed-a885-7aa9b4132185,089db20b-2db4-4e9b-8f7b-8fd8703c59ec,c2,c5,1776,e9,?,
1769466411.981717,SENT,588f2586-19e4-4794-b0de-298272bf4ff6,44674bf0-814c-474d-a643-beee91ddb7c2,c5,c4,1259,?,x10,
1769466411.9818466,FORWARDED,588f2586-19e4-4794-b0de-298272bf4ff6,44674bf0-814c-474d-a643-beee91ddb7c2,c5,c4,1259,?,x10,
1769466412.1901677,SENT,48d7b8e2-796e-47ed-a885-7aa9b4132185,089db20b-2db4-4e9b-8f7b-8fd8703c59ec,c2,c5,1259,?,x8,
1769466412.1902997,FORWARDED,48d7b8e2-796e-47ed-a885-7aa9b4132185,089db20b-2db4-4e9b-8f7b-8fd8703c59ec,c2,c5,1259,?,x8,
1769466414.4961092,RECEIVED,b6cc156d-c765-4830-9716-e0227bec8111,5017fee8-bc43-4601-bc35-96a7255b9661,c4,c5,1796,e11,?,
1769466414.5064116,SENT,b6cc156d-c765-4830-9716-e0227bec8111,5017fee8-bc43-4601-bc35-96a7255b9661,c4,c5,1271,?,x11,
1769466414.5064557,FORWARDED,b6cc156d-c765-4830-9716-e0227bec8111,5017fee8-bc43-4601-bc35-96a7255b9661,c4,c5,1271,?,x11,
1769466414.837114,RECEIVED,e98fb94f-5438-4922-8bd1-284593504062,0dda3de9-7fa3-4363-961d-3b95926d41c4,c1,DROP,1013,e11,?,
1769466414.8875823,SENT,e98fb94f-5438-4922-8bd1-284593504062,0dda3de9-7fa3-4363-961d-3b95926d41c4,c1,DROP,687,?,x12,
1769466414.8876626,FORWARDED,e98fb94f-5438-4922-8bd1-284593504062,0dda3de9-7fa3-4363-961d-3b95926d41c4,c1,DROP,687,?,x12,
1769466417.351315,RECEIVED,84a7075d-ae5f-4430-83c8-ab83d44f9ad0,12ac1d25-2ac7-4451-862e-8246c9dfd5ef,c5,c4,1763,e5,?,
1769466418.005213,RECEIVED,02ddb0d3-68b4-41c3-a616-7b920d71b90e,1ddc19fd-50b0-4495-ab52-d892d9625ec8,c5,c4,1772,e6,?,
1769466418.1865385,SENT,02ddb0d3-68b4-41c3-a616-7b920d71b90e,1ddc19fd-50b0-4495-ab52-d892d9625ec8,c5,c4,1256,?,x7,
1769466418.1866193,FORWARDED,02ddb0d3-68b4-41c3-a616-7b920d71b90e,1ddc19fd-50b0-4495-ab52-d892d9625ec8,c5,c4,1256,?,x7,
1769466418.211912,SENT,84a7075d-ae5f-4430-83c8-ab83d44f9ad0,12ac1d25-2ac7-4451-862e-8246c9dfd5ef,c5,c4,1251,?,x9,
1769466418.2119942,FORWARDED,84a7075d-ae5f-4430-83c8-ab83d44f9ad0,12ac1d25-2ac7-4451-862e-8246c9dfd5ef,c5,c4,1251,?,x9,
1769466418.358373,RECEIVED,46daeb52-e3d2-42aa-a04d-41712d1ec5fb,929890e1-5306-4083-a994-b8f1e45b0c82,c3,c1,1771,e7,?,
1769466418.6935792,SENT,46daeb52-e3d2-42aa-a04d-41712d1ec5fb,929890e1-5306-4083-a994-b8f1e45b0c82,c3,c1,1256,?,x4,
1769466418.6936603,FORWARDED,46daeb52-e3d2-42aa-a04d-41712d1ec5fb,929890e1-5306-4083-a994-b8f1e45b0c82,c3,c1,1256,?,x4,
1769466419.9959269,RECEIVED,cd6a47ef-0ad0-4179-8626-ce89f895ff7a,1565b8dc-0d2b-4134-8b02-eee2fdd6a715,c2,c5,1775,e3,?,
1769466420.7644875,SENT,cd6a47ef-0ad0-4179-8626-ce89f895ff7a,1565b8dc-0d2b-4134-8b02-eee2fdd6a715,c2,c5,1260,?,x8,
1769466420.764617,FORWARDED,cd6a47ef-0ad0-4179-8626-ce89f895ff7a,1565b8dc-0d2b-4134-8b02-eee2fdd6a715,c2,c5,1260,?,x8,
1769466422.9272172,RECEIVED,304d4cc1-ec5b-4f62-99f1-fac61efe476c,faa3c51d-85f7-4b44-a5b4-be4a72f171cb,c5,c4,1765,e7,?,
1769466422.9808168,SENT,304d4cc1-ec5b-4f62-99f1-fac61efe476c,faa3c51d-85f7-4b44-a5b4-be4a72f171cb,c5,c4,1251,?,x2,
1769466422.9808698,FORWARDED,304d4cc1-ec5b-4f62-99f1-fac61efe476c,faa3c51d-85f7-4b44-a5b4-be4a72f171cb,c5,c4,1251,?,x2,
1769466423.2659788,RECEIVED,1d45d267-d21b-4ee9-889d-ce792244634c,4bff7a5c-b0be-44b6-950b-b3fcac064c9c,c4,c5,1784,e11,?,
1769466423.2934568,SENT,1d45d267-d21b-4ee9-889d-ce792244634c,4bff7a5c-b0be-44b6-950b-b3fcac064c9c,c4,c5,1264,?,x9,
1769466423.2935889,FORWARDED,1d45d267-d21b-4ee9-889d-ce792244634c,4bff7a5c-b0be-44b6-950b-b3fcac064c9c,c4,c5,1264,?,x9,
1769466425.405476,RECEIVED,1cff07f7-66ab-4821-9e89-6b4df5a8bda7,b91a8290-9d45-43f6-b94e-96ded95c6da7,c4,c5,1775,e9,?,
1769466425.580734,SENT,1cff07f7-66ab-4821-9e89-6b4df5a8bda7,b91a8290-9d45-43f6-b94e-96ded95c6da7,c4,c5,1260,?,x8,
1769466425.5808706,FORWARDED,1cff07f7-66ab-4821-9e89-6b4df5a8bda7,b91a8290-9d45-43f6-b94e-96ded95c6da7,c4,c5,1260,?,x8,
1769466431.6845973,RECEIVED,287863de-4a9e-42d4-a02b-76b197475358,2a004b72-eb62-4331-ac51-252e58a514bc,c4,c5,1770,e6,?,
1769466432.094384,SENT,287863de-4a9e-42d4-a02b-76b197475358,2a004b72-eb62-4331-ac51-252e58a514bc,c4,c5,1257,?,x8,
1769466432.0945294,FORWARDED,287863de-4a9e-42d4-a02b-76b197475358,2a004b72-eb62-4331-ac51-252e58a514bc,c4,c5,1257,?,x8,
1769466432.17034,RECEIVED,0e3e823a-9940-4044-8b5a-de21cebab0e2,bca7b6ab-ec6d-40bb-abd8-209e53c0b0fe,c5,c4,1781,e11,?,
1769466432.2381854,SENT,0e3e823a-9940-4044-8b5a-de21cebab0e2,bca7b6ab-ec6d-40bb-abd8-209e53c0b0fe,c5,c4,1263,?,x11,
1769466432.238322,FORWARDED,0e3e823a-9940-4044-8b5a-de21cebab0e2,bca7b6ab-ec6d-40bb-abd8-209e53c0b0fe,c5,c4,1263,?,x11,
1769466432.9038572,RECEIVED,957ee813-84ae-44ba-9e11-34f60dee3bf6,499f7d58-bec4-419f-a463-5e3c52320c00,c5,c4,1768,e8,?,
1769466433.43903,SENT,957ee813-84ae-44ba-9e11-34f60dee3bf6,499f7d58-bec4-419f-a463-5e3c52320c00,c5,c4,1253,?,x10,
1769466433.4393904,FORWARDED,957ee813-84ae-44ba-9e11-34f60dee3bf6,499f7d58-bec4-419f-a463-5e3c52320c00,c5,c4,1253,?,x10,
1769466434.9245243,RECEIVED,826f2c96-393a-4c2c-a01b-593600bf607d,80669430-87fa-4018-a2c2-fac01f5717b4,c2,c5,1764,e3,?,
1769466435.3207877,RECEIVED,4e1cc9ad-12d6-411b-9377-f94416fbde45,e6edc634-13e8-4ff2-abec-e49b3e3392d7,c5,c4,1775,e6,?,
1769466435.329002,SENT,826f2c96-393a-4c2c-a01b-593600bf607d,80669430-87fa-4018-a2c2-fac01f5717b4,c2,c5,1250,?,x3,
1769466435.3291724,FORWARDED,826f2c96-393a-4c2c-a01b-593600bf607d,80669430-87fa-4018-a2c2-fac01f5717b4,c2,c5,1250,?,x3,
1769466437.3907669,SENT,4e1cc9ad-12d6-411b-9377-f94416fbde45,e6edc634-13e8-4ff2-abec-e49b3e3392d7,c5,c4,1259,?,x9,
1769466437.390858,FORWARDED,4e1cc9ad-12d6-411b-9377-f94416fbde45,e6edc634-13e8-4ff2-abec-e49b3e3392d7,c5,c4,1259,?,x9,
1769466439.9326317,RECEIVED,b07e25db-3509-477d-8506-f15601e948f6,0daf8ecf-63ef-4d62-92bc-1e83a715e364,c4,c5,1776,e12,?,
1769466440.0355344,SENT,b07e25db-3509-477d-8506-f15601e948f6,0daf8ecf-63ef-4d62-92bc-1e83a715e364,c4,c5,1260,?,x3,
1769466440.0356202,FORWARDED,b07e25db-3509-477d-8506-f15601e948f6,0daf8ecf-63ef-4d62-92bc-1e83a715e364,c4,c5,1260,?,x3,
1769466440.1146858,RECEIVED,c1d1d0ce-f203-44d9-ba6d-00ffc82166ac,7c4a5d32-88b4-4389-b079-104d52bdea88,c5,c4,1775,e7,?,
1769466440.3497276,SENT,c1d1d0ce-f203-44d9-ba6d-00ffc82166ac,7c4a5d32-88b4-4389-b079-104d52bdea88,c5,c4,1260,?,x3,
1769466440.3498588,FORWARDED,c1d1d0ce-f203-44d9-ba6d-00ffc82166ac,7c4a5d32-88b4-4389-b079-104d52bdea88,c5,c4,1260,?,x3,
1769466440.9206028,RECEIVED,81649f5c-b2e6-47d3-a218-f5d3485f79a4,b8a80a45-40ae-4610-9130-84abe0587047,c4,c5,1776,e1,?,
1769466441.120843,FORWARDED,81649f5c-b2e6-47d3-a218-f5d3485f79a4,b8a80a45-40ae-4610-9130-84abe0587047,c4,c5,1260,?,x6,
1769466442.6237447,RECEIVED,5ab2cd4d-763b-4ddb-869d-b407a5d1bde5,b1916cb0-ca78-4413-9be9-cf0efc29d855,c2,c5,1767,e2,?,
1769466442.94781,RECEIVED,e78fa8ab-cb04-48ea-881e-6e014fd4c815,ba74da9f-a226-49fc-874e-7a5bfef214f8,c2,c5,1780,e3,?,
1769466443.0622149,FORWARDED,e78fa8ab-cb04-48ea-881e-6e014fd4c815,ba74da9f-a226-49fc-874e-7a5bfef214f8,c2,c5,1263,?,x6,
1769466443.0718653,SENT,5ab2cd4d-763b-4ddb-869d-b407a5d1bde5,b1916cb0-ca78-4413-9be9-cf0efc29d855,c2,c5,1252,?,x2,
1769466443.0719469,FORWARDED,5ab2cd4d-763b-4ddb-869d-b407a5d1bde5,b1916cb0-ca78-4413-9be9-cf0efc29d855,c2,c5,1252,?,x2,
1769466443.9446833,RECEIVED,35871466-440f-47ae-90b5-2ad2c7c33170,fa702de3-4b15-4fad-ab5e-e697b5a2cc17,c4,c5,1772,e6,?,
1769466444.263832,SENT,35871466-440f-47ae-90b5-2ad2c7c33170,fa702de3-4b15-4fad-ab5e-e697b5a2cc17,c4,c5,1256,?,x7,
1769466444.2639477,FORWARDED,35871466-440f-47ae-90b5-2ad2c7c33170,fa702de3-4b15-4fad-ab5e-e697b5a2cc17,c4,c5,1256,?,x7,
1769466445.572605,RECEIVED,52e6b554-2d64-4cd5-a18a-864a7763846c,1b369b64-10fb-4417-88b5-6f9700900ba8,c5,c4,1771,e1,?,
1769466446.071997,RECEIVED,e644018b-87c1-4687-ad6d-ca951ea4c966,7a877a89-b695-44bd-829d-e681295e9f6f,c2,c5,1764,e7,?,
1769466446.1988654,SENT,e644018b-87c1-4687-ad6d-ca951ea4c966,7a877a89-b695-44bd-829d-e681295e9f6f,c2,c5,1251,?,x9,
1769466446.1989963,FORWARDED,e644018b-87c1-4687-ad6d-ca951ea4c966,7a877a89-b695-44bd-829d-e681295e9f6f,c2,c5,1251,?,x9,
1769466446.6027153,RECEIVED,301107a4-1f69-40e8-8ac8-069c20c88bca,892a6b35-6883-4f2e-a2fd-15039e4a484b,c2,c5,1781,e12,?,
1769466446.7533102,SENT,301107a4-1f69-40e8-8ac8-069c20c88bca,892a6b35-6883-4f2e-a2fd-15039e4a484b,c2,c5,1263,?,x12,
1769466446.7534382,FORWARDED,301107a4-1f69-40e8-8ac8-069c20c88bca,892a6b35-6883-4f2e-a2fd-15039e4a484b,c2,c5,1263,?,x12,
1769466447.159968,RECEIVED,e037d9d0-852e-4d54-975e-4c04ae6eaf8d,12112342-78d3-494b-9757-3e3332eea7d1,c2,c5,1767,e1,?,
1769466447.1882064,RECEIVED,1090d680-6e5d-4127-93a5-be4fecb9b06f,68c9f88d-23d8-4850-b755-8df2da07c378,c4,c5,1772,e6,?,
1769466447.3352504,RECEIVED,0e503672-6b7e-4f07-9df4-f3c1132944ef,f9a02e37-08a3-4d34-bba0-db806e8916c6,c2,c5,1775,e2,?,
1769466447.5419455,RECEIVED,51314885-decf-43f7-b86b-4b300a155013,257a2f5f-9859-4953-a6e5-db2a656bac41,c3,c1,1775,e1,?,
1769466447.620858,SENT,52e6b554-2d64-4cd5-a18a-864a7763846c,1b369b64-10fb-4417-88b5-6f9700900ba8,c5,c4,1255,?,x4,
1769466447.620991,FORWARDED,52e6b554-2d64-4cd5-a18a-864a7763846c,1b369b64-10fb-4417-88b5-6f9700900ba8,c5,c4,1255,?,x4,
1769466447.634509,SENT,0e503672-6b7e-4f07-9df4-f3c1132944ef,f9a02e37-08a3-4d34-bba0-db806e8916c6,c2,c5,1259,?,x8,
1769466447.6346653,FORWARDED,0e503672-6b7e-4f07-9df4-f3c1132944ef,f9a02e37-08a3-4d34-bba0-db806e8916c6,c2,c5,1259,?,x8,
1769466447.6957955,FORWARDED,e037d9d0-852e-4d54-975e-4c04ae6eaf8d,12112342-78d3-494b-9757-3e3332eea7d1,c2,c5,1253,?,x6,
1769466447.796239,RECEIVED,40b9ce03-2684-45ac-8fd4-79bd95710a5b,03fd12cc-f8a4-420d-8661-f2053819460e,c4,c5,1767,e12,?,
1769466448.059859,SENT,40b9ce03-2684-45ac-8fd4-79bd95710a5b,03fd12cc-f8a4-420d-8661-f2053819460e,c4,c5,1254,?,x9,
1769466448.0599911,FORWARDED,40b9ce03-2684-45ac-8fd4-79bd95710a5b,03fd12cc-f8a4-420d-8661-f2053819460e,c4,c5,1254,?,x9,
1769466448.0766068,SENT,51314885-decf-43f7-b86b-4b300a155013,257a2f5f-9859-4953-a6e5-db2a656bac41,c3,c1,1259,?,x4,
1769466448.076698,FORWARDED,51314885-decf-43f7-b86b-4b300a155013,257a2f5f-9859-4953-a6e5-db2a656bac41,c3,c1,1259,?,x4,
1769466448.7296581,SENT,1090d680-6e5d-4127-93a5-be4fecb9b06f,68c9f88d-23d8-4850-b755-8df2da07c378,c4,c5,1257,?,x10,
1769466448.7297466,FORWARDED,1090d680-6e5d-4127-93a5-be4fecb9b06f,68c9f88d-23d8-4850-b755-8df2da07c378,c4,c5,1257,?,x10,
1769466448.7715983,RECEIVED,8965b7a5-2368-4a24-b432-0c1c1901ea8c,6c679ffe-e5fc-4d6a-a1bc-7912b883b2a6,c1,c3,1764,e1,?,
1769466448.891569,FORWARDED,8965b7a5-2368-4a24-b432-0c1c1901ea8c,6c679ffe-e5fc-4d6a-a1bc-7912b883b2a6,c1,c3,1251,?,x6,
1769466448.9994788,RECEIVED,71fc8029-5a25-458a-9e2b-661660437064,0ca8df62-3e44-4e9e-9c55-4dca3b3d2efe,c1,c3,1775,e1,?,
1769466449.2443874,RECEIVED,1a7dcd71-87b8-4d43-905e-a291df978d28,e27793b8-804d-48dd-9a36-a60b866878e8,c2,c5,1763,e8,?,
1769466449.5767345,SENT,71fc8029-5a25-458a-9e2b-661660437064,0ca8df62-3e44-4e9e-9c55-4dca3b3d2efe,c1,c3,1259,?,x7,
1769466449.5768528,FORWARDED,71fc8029-5a25-458a-9e2b-661660437064,0ca8df62-3e44-4e9e-9c55-4dca3b3d2efe,c1,c3,1259,?,x7,
1769466450.1299443,RECEIVED,82ef3225-6d4e-4de6-8c5d-9846a72eeab0,801fc66b-0200-4570-9039-cf4419eb9ae1,c2,c5,1777,e12,?,
1769466450.1853778,FORWARDED,82ef3225-6d4e-4de6-8c5d-9846a72eeab0,801fc66b-0200-4570-9039-cf4419eb9ae1,c2,c5,1260,?,x6,
1769466451.116603,RECEIVED,0b693c14-ac44-42ce-8916-c4dd44197d9a,908fe8e5-3649-4bd9-b86c-b56ec1a84aed,c2,c5,1771,e12,?,
1769466451.3914983,SENT,0b693c14-ac44-42ce-8916-c4dd44197d9a,908fe8e5-3649-4bd9-b86c-b56ec1a84aed,c2,c5,1255,?,x1,
1769466451.3916037,FORWARDED,0b693c14-ac44-42ce-8916-c4dd44197d9a,908fe8e5-3649-4bd9-b86c-b56ec1a84aed,c2,c5,1255,?,x1,
1769466452.6874182,SENT,1a7dcd71-87b8-4d43-905e-a291df978d28,e27793b8-804d-48dd-9a36-a60b866878e8,c2,c5,1251,?,x1,
1769466452.6875505,FORWARDED,1a7dcd71-87b8-4d43-905e-a291df978d28,e27793b8-804d-48dd-9a36-a60b866878e8,c2,c5,1251,?,x1,
1769466453.021971,RECEIVED,45b57519-8c47-41d4-b9c8-b776caaa6655,8607a5ce-fcd9-462f-8910-e8acb6d3bf18,c3,c1,1785,e5,?,
1769466453.0365357,SENT,45b57519-8c47-41d4-b9c8-b776caaa6655,8607a5ce-fcd9-462f-8910-e8acb6d3bf18,c3,c1,1264,?,x9,
1769466453.0365899,FORWARDED,45b57519-8c47-41d4-b9c8-b776caaa6655,8607a5ce-fcd9-462f-8910-e8acb6d3bf18,c3,c1,1264,?,x9,
1769466454.5760212,RECEIVED,c1a77311-eed8-4db7-a577-7c841243663d,0b187399-af34-402c-9044-e33c659799d2,c1,c3,1784,e9,?,
1769466454.8078387,SENT,c1a77311-eed8-4db7-a577-7c841243663d,0b187399-af34-402c-9044-e33c659799d2,c1,c3,1264,?,x4,
1769466454.807977,FORWARDED,c1a77311-eed8-4db7-a577-7c841243663d,0b187399-af34-402c-9044-e33c659799d2,c1,c3,1264,?,x4,
1769466457.4369562,RECEIVED,05e43463-4426-4f9b-9bd2-615acc29a4dd,8361e08f-489c-4eae-bbe4-46ed7e838d02,c5,c4,1781,e12,?,
1769466457.7341692,SENT,05e43463-4426-4f9b-9bd2-615acc29a4dd,8361e08f-489c-4eae-bbe4-46ed7e838d02,c5,c4,1263,?,x10,
1769466457.7342618,FORWARDED,05e43463-4426-4f9b-9bd2-615acc29a4dd,8361e08f-489c-4eae-bbe4-46ed7e838d02,c5,c4,1263,?,x10,
1769466457.916237,RECEIVED,0947d2cd-85ed-4583-b2a9-d420860d07f0,f940d434-2f9e-4305-96ce-6e7d767901b9,c2,c5,1776,e3,?,
1769466458.1362696,FORWARDED,0947d2cd-85ed-4583-b2a9-d420860d07f0,f940d434-2f9e-4305-96ce-6e7d767901b9,c2,c5,1258,?,x6,
1769466458.1827946,RECEIVED,851625b0-dfd0-4429-a5b0-6f9e21d39065,fcce279c-8f17-4ad2-aa76-9fa0bf44c741,c5,c4,1771,e8,?,
1769466459.0397885,RECEIVED,4d3e41ee-efe7-4fee-9290-e5b6990493f4,d03cff19-b266-44a4-b047-1dd46af2dc52,c5,c4,1780,e7,?,
1769466459.3301985,SENT,4d3e41ee-efe7-4fee-9290-e5b6990493f4,d03cff19-b266-44a4-b047-1dd46af2dc52,c5,c4,1262,?,x2,
1769466459.3302796,FORWARDED,4d3e41ee-efe7-4fee-9290-e5b6990493f4,d03cff19-b266-44a4-b047-1dd46af2dc52,c5,c4,1262,?,x2,
1769466459.414315,SENT,851625b0-dfd0-4429-a5b0-6f9e21d39065,fcce279c-8f17-4ad2-aa76-9fa0bf44c741,c5,c4,1255,?,x3,
1769466459.4144027,FORWARDED,851625b0-dfd0-4429-a5b0-6f9e21d39065,fcce279c-8f17-4ad2-aa76-9fa0bf44c741,c5,c4,1255,?,x3,
1769466459.7377024,RECEIVED,53a50f4c-10a3-4650-a106-6e9395c6dbd5,f555ccba-9b8c-4ecc-bed8-0f63ed3b402d,c2,c5,1765,e7,?,
1769466459.9303124,SENT,53a50f4c-10a3-4650-a106-6e9395c6dbd5,f555ccba-9b8c-4ecc-bed8-0f63ed3b402d,c2,c5,1251,?,x12,
1769466459.9304914,FORWARDED,53a50f4c-10a3-4650-a106-6e9395c6dbd5,f555ccba-9b8c-4ecc-bed8-0f63ed3b402d,c2,c5,1251,?,x12,
1769466460.6683602,RECEIVED,ce482d37-9ad4-410a-a14d-9adfa2176c9c,35c7a001-418d-4712-8d41-84b2af610ec1,c4,c5,1779,e11,?,
1769466461.4097257,RECEIVED,7e538564-615a-43c9-9886-7c8e73af9240,2ab34c22-934c-45d7-b40f-beaa16374294,c3,c1,1782,e11,?,
1769466461.4745922,SENT,7e538564-615a-43c9-9886-7c8e73af9240,2ab34c22-934c-45d7-b40f-beaa16374294,c3,c1,1263,?,x10,
1769466461.4747214,FORWARDED,7e538564-615a-43c9-9886-7c8e73af9240,2ab34c22-934c-45d7-b40f-beaa16374294,c3,c1,1263,?,x10,
1769466462.5621996,SENT,ce482d37-9ad4-410a-a14d-9adfa2176c9c,35c7a001-418d-4712-8d41-84b2af610ec1,c4,c5,1263,?,x10,
1769466462.562329,FORWARDED,ce482d37-9ad4-410a-a14d-9adfa2176c9c,35c7a001-418d-4712-8d41-84b2af610ec1,c4,c5,1263,?,x10,
1769466463.263184,RECEIVED,24187752-94c7-44d0-95bf-eb68dd2ceb77,935d1540-57a6-4d67-891d-11da466fd617,c3,c1,1777,e2,?,
1769466463.2815506,SENT,24187752-94c7-44d0-95bf-eb68dd2ceb77,935d1540-57a6-4d67-891d-11da466fd617,c3,c1,1260,?,x2,
1769466463.2816794,FORWARDED,24187752-94c7-44d0-95bf-eb68dd2ceb77,935d1540-57a6-4d67-891d-11da466fd617,c3,c1,1260,?,x2,
1769466463.817406,RECEIVED,8f6e34e3-c864-412e-84d3-52b84a404055,b3e4457f-2c7f-4e1c-9d0d-e0125bf1fc10,c4,c5,1772,e5,?,
1769466463.8928003,SENT,8f6e34e3-c864-412e-84d3-52b84a404055,b3e4457f-2c7f-4e1c-9d0d-e0125bf1fc10,c4,c5,1256,?,x3,
1769466463.8929048,FORWARDED,8f6e34e3-c864-412e-84d3-52b84a404055,b3e4457f-2c7f-4e1c-9d0d-e0125bf1fc10,c4,c5,1256,?,x3,
1769466464.1526198,RECEIVED,c4df3b81-c836-4961-9ff9-3cdd1ace95e8,ce80f47e-0c10-445c-9378-46afdaa561df,c1,c3,1785,e12,?,
1769466464.2721303,SENT,c4df3b81-c836-4961-9ff9-3cdd1ace95e8,ce80f47e-0c10-445c-9378-46afdaa561df,c1,c3,1264,?,x11,
1769466464.2722383,FORWARDED,c4df3b81-c836-4961-9ff9-3cdd1ace95e8,ce80f47e-0c10-445c-9378-46afdaa561df,c1,c3,1264,?,x11,
1769466464.5568666,RECEIVED,62957869-7e5f-41f0-9221-dc4b85e15d06,e298139b-3b68-4902-8330-eab376bcccc2,c5,c4,1771,e12,?,
1769466464.9229057,SENT,62957869-7e5f-41f0-9221-dc4b85e15d06,e298139b-3b68-4902-8330-eab376bcccc2,c5,c4,1255,?,x7,
1769466464.9231129,FORWARDED,62957869-7e5f-41f0-9221-dc4b85e15d06,e298139b-3b68-4902-8330-eab376bcccc2,c5,c4,1255,?,x7,
1769466466.526185,RECEIVED,64e1cca1-916b-4a9f-aba6-6b30a9febcaa,9d2963ce-4c08-4eb1-ae9b-0b28844c0b63,c3,c1,1779,e12,?,
1769466466.7392604,RECEIVED,bcf72570-c4a0-4b08-8a5d-379939be3bb8,a6f0733f-fbf0-4e68-8a8c-d801f351638d,c5,c4,1784,e7,?,
1769466466.8405094,SENT,bcf72570-c4a0-4b08-8a5d-379939be3bb8,a6f0733f-fbf0-4e68-8a8c-d801f351638d,c5,c4,1265,?,x5,
1769466466.8427343,FORWARDED,bcf72570-c4a0-4b08-8a5d-379939be3bb8,a6f0733f-fbf0-4e68-8a8c-d801f351638d,c5,c4,1265,?,x5,
1769466467.0503805,FORWARDED,64e1cca1-916b-4a9f-aba6-6b30a9febcaa,9d2963ce-4c08-4eb1-ae9b-0b28844c0b63,c3,c1,1263,?,x6,
1769466468.4412553,RECEIVED,710ae1dd-fae7-4a35-aad3-d30ef8112d6e,7b472fb4-f539-4ff5-9c98-d6efdbe4edce,c1,c3,1773,e7,?,
1769466468.4720795,SENT,710ae1dd-fae7-4a35-aad3-d30ef8112d6e,7b472fb4-f539-4ff5-9c98-d6efdbe4edce,c1,c3,1256,?,x12,
1769466468.4721735,FORWARDED,710ae1dd-fae7-4a35-aad3-d30ef8112d6e,7b472fb4-f539-4ff5-9c98-d6efdbe4edce,c1,c3,1256,?,x12,
1769466468.5493505,RECEIVED,768108d4-758d-4223-901b-7576f2b9a9fc,694b275f-efa4-422b-aa85-d4d25c04b369,c5,c4,1777,e6,?,
1769466468.65099,SENT,768108d4-758d-4223-901b-7576f2b9a9fc,694b275f-efa4-422b-aa85-d4d25c04b369,c5,c4,1260,?,x10,
1769466468.6511037,FORWARDED,768108d4-758d-4223-901b-7576f2b9a9fc,694b275f-efa4-422b-aa85-d4d25c04b369,c5,c4,1260,?,x10,
1769466469.6756752,RECEIVED,8fd3e90a-fc56-4f3e-bdb3-6bdfc4c10a0c,13dabdfb-1eff-4bc5-9797-19de48a8876c,c3,c1,1775,e7,?,
1769466470.5176926,FORWARDED,8fd3e90a-fc56-4f3e-bdb3-6bdfc4c10a0c,13dabdfb-1eff-4bc5-9797-19de48a8876c,c3,c1,1260,?,x6,
1769466470.6848764,RECEIVED,22c1d64b-a926-4503-a281-295b7d4a8fd9,51eb5e88-7578-4e5a-90de-62420db41110,c1,c3,1772,e10,?,
1769466470.8274791,FORWARDED,22c1d64b-a926-4503-a281-295b7d4a8fd9,51eb5e88-7578-4e5a-90de-62420db41110,c1,c3,1256,?,x6,
1769466470.835598,RECEIVED,75ec6b70-aa7f-4593-9f82-c7bab8a43313,ea6b112a-6ed8-4e5f-bd23-5ce3eda4b41f,c4,c5,1775,e2,?,
1769466471.1400387,SENT,75ec6b70-aa7f-4593-9f82-c7bab8a43313,ea6b112a-6ed8-4e5f-bd23-5ce3eda4b41f,c4,c5,1259,?,x3,
1769466471.1402307,FORWARDED,75ec6b70-aa7f-4593-9f82-c7bab8a43313,ea6b112a-6ed8-4e5f-bd23-5ce3eda4b41f,c4,c5,1259,?,x3,
1769466471.273472,RECEIVED,67c00a14-fea3-40a7-92a4-4684da66af98,c00c516a-f9a4-4f06-9f4a-3fa9f550364a,c5,c4,1763,e11,?,
1769466471.767548,SENT,67c00a14-fea3-40a7-92a4-4684da66af98,c00c516a-f9a4-4f06-9f4a-3fa9f550364a,c5,c4,1251,?,x4,
1769466471.7676394,FORWARDED,67c00a14-fea3-40a7-92a4-4684da66af98,c00c516a-f9a4-4f06-9f4a-3fa9f550364a,c5,c4,1251,?,x4,
1769466474.8814425,RECEIVED,0740114f-1267-4ab9-af28-62331a4766c9,5b8b372b-3bbe-4768-9cbf-4d16cac30496,c2,c5,1776,e11,?,
1769466474.8843083,RECEIVED,f683af78-07bd-487f-8bac-efc79dd35022,29a565a0-bfdd-47ac-a760-88b027b7da21,c3,c1,1780,e8,?,
1769466475.2923875,SENT,f683af78-07bd-487f-8bac-efc79dd35022,29a565a0-bfdd-47ac-a760-88b027b7da21,c3,c1,1263,?,x3,
1769466475.2925158,FORWARDED,f683af78-07bd-487f-8bac-efc79dd35022,29a565a0-bfdd-47ac-a760-88b027b7da21,c3,c1,1263,?,x3,
1769466475.2998803,SENT,0740114f-1267-4ab9-af28-62331a4766c9,5b8b372b-3bbe-4768-9cbf-4d16cac30496,c2,c5,1260,?,x4,
1769466475.3000088,FORWARDED,0740114f-1267-4ab9-af28-62331a4766c9,5b8b372b-3bbe-4768-9cbf-4d16cac30496,c2,c5,1260,?,x4,
1769466477.9955034,RECEIVED,5b4165d0-f739-4853-8d64-d7ca071dc2e3,b545b7d4-2e10-476c-85ef-5296907a94d1,c2,c5,1781,e9,?,
1769466478.244827,SENT,5b4165d0-f739-4853-8d64-d7ca071dc2e3,b545b7d4-2e10-476c-85ef-5296907a94d1,c2,c5,1263,?,x10,
1769466478.2449048,FORWARDED,5b4165d0-f739-4853-8d64-d7ca071dc2e3,b545b7d4-2e10-476c-85ef-5296907a94d1,c2,c5,1263,?,x10,
1769466478.6474614,RECEIVED,0d1856e8-34aa-4551-86de-17e555806d2b,f229114f-e6cd-460e-b30b-e25e50d4387a,c4,c5,1785,e11,?,
1769466478.8913107,SENT,0d1856e8-34aa-4551-86de-17e555806d2b,f229114f-e6cd-460e-b30b-e25e50d4387a,c4,c5,1264,?,x10,
1769466478.8913944,FORWARDED,0d1856e8-34aa-4551-86de-17e555806d2b,f229114f-e6cd-460e-b30b-e25e50d4387a,c4,c5,1264,?,x10,
1769466479.735285,RECEIVED,1478c311-7e89-48c6-b24a-a4df2045f620,90a4c1eb-8687-4283-b68b-b0c91c90650e,c5,c4,1771,e12,?,
1769466480.104578,SENT,1478c311-7e89-48c6-b24a-a4df2045f620,90a4c1eb-8687-4283-b68b-b0c91c90650e,c5,c4,1255,?,x5,
1769466480.104661,FORWARDED,1478c311-7e89-48c6-b24a-a4df2045f620,90a4c1eb-8687-4283-b68b-b0c91c90650e,c5,c4,1255,?,x5,
1769466480.4358792,RECEIVED,31a9a87a-a720-4d61-8259-efd1a901ac9f,735ca1fc-9c94-48d7-8773-29469b49053d,c3,c1,1765,e5,?,
1769466480.467338,SENT,31a9a87a-a720-4d61-8259-efd1a901ac9f,735ca1fc-9c94-48d7-8773-29469b49053d,c3,c1,1251,?,x8,
1769466480.4674408,FORWARDED,31a9a87a-a720-4d61-8259-efd1a901ac9f,735ca1fc-9c94-48d7-8773-29469b49053d,c3,c1,1251,?,x8,
1769466480.6263237,RECEIVED,e9eef389-fce9-4368-ae15-ea672ac762f4,408f5601-2a2a-43d0-a586-18635e88904c,c3,c1,1775,e11,?,
1769466480.9291694,RECEIVED,c6ae7094-519d-4ee7-a49f-b2645e7c436f,8c6017cf-bd00-4ec8-905b-88db50283fa8,c2,c5,1763,e1,?,
1769466481.1563604,SENT,c6ae7094-519d-4ee7-a49f-b2645e7c436f,8c6017cf-bd00-4ec8-905b-88db50283fa8,c2,c5,1251,?,x1,
1769466481.156481,FORWARDED,c6ae7094-519d-4ee7-a49f-b2645e7c436f,8c6017cf-bd00-4ec8-905b-88db50283fa8,c2,c5,1251,?,x1,
1769466481.165435,SENT,e9eef389-fce9-4368-ae15-ea672ac762f4,408f5601-2a2a-43d0-a586-18635e88904c,c3,c1,1260,?,x1,
1769466481.165562,FORWARDED,e9eef389-fce9-4368-ae15-ea672ac762f4,408f5601-2a2a-43d0-a586-18635e88904c,c3,c1,1260,?,x1,
1769466481.5033357,RECEIVED,7e981bf9-e454-41c7-9638-464785b6db6e,3d8aefdf-6cc3-44f7-ae55-903d4d26978d,c5,c4,1781,e5,?,
1769466481.5238435,SENT,7e981bf9-e454-41c7-9638-464785b6db6e,3d8aefdf-6cc3-44f7-ae55-903d4d26978d,c5,c4,1261,?,x10,
1769466481.523959,FORWARDED,7e981bf9-e454-41c7-9638-464785b6db6e,3d8aefdf-6cc3-44f7-ae55-903d4d26978d,c5,c4,1261,?,x10,
1769466481.6971676,RECEIVED,f02fb09c-2a68-44c6-bfe9-f1c364f1235a,fe793642-ebbd-4308-9434-5cd956a598de,c3,c1,1777,e8,?,
1769466481.7088258,RECEIVED,77811a85-f143-4de4-8a99-1a01f8581622,46fb0184-5d21-4010-9912-45932c228010,c4,c5,1779,e8,?,
1769466481.8050423,SENT,f02fb09c-2a68-44c6-bfe9-f1c364f1235a,fe793642-ebbd-4308-9434-5cd956a598de,c3,c1,1260,?,x10,
1769466481.80522,FORWARDED,f02fb09c-2a68-44c6-bfe9-f1c364f1235a,fe793642-ebbd-4308-9434-5cd956a598de,c3,c1,1260,?,x10,
1769466482.5588477,RECEIVED,a786e673-4c31-460f-b424-f1c4896e03ec,0eea6b3c-23d7-4fda-83db-2ad3a941c6db,c3,c1,1785,e8,?,
1769466482.6346564,SENT,a786e673-4c31-460f-b424-f1c4896e03ec,0eea6b3c-23d7-4fda-83db-2ad3a941c6db,c3,c1,1266,?,x10,
1769466482.6347892,FORWARDED,a786e673-4c31-460f-b424-f1c4896e03ec,0eea6b3c-23d7-4fda-83db-2ad3a941c6db,c3,c1,1266,?,x10,
1769466483.2898004,SENT,77811a85-f143-4de4-8a99-1a01f8581622,46fb0184-5d21-4010-9912-45932c228010,c4,c5,1261,?,x1,
1769466483.2899363,FORWARDED,77811a85-f143-4de4-8a99-1a01f8581622,46fb0184-5d21-4010-9912-45932c228010,c4,c5,1261,?,x1,
1769466488.9642437,RECEIVED,1b9a023b-e268-4665-b0be-50b7792fa856,a1c744ec-1a08-4480-ad30-fbde82df4826,c3,c1,1776,e5,?,
1769466488.974481,RECEIVED,8a9e6b03-5dda-424b-97f2-211785c9dfd8,f6696f27-5de0-498d-94ae-7ba0b17cd65e,c2,c5,1784,e2,?,
1769466488.9988031,SENT,1b9a023b-e268-4665-b0be-50b7792fa856,a1c744ec-1a08-4480-ad30-fbde82df4826,c3,c1,1259,?,x5,
1769466488.9990096,FORWARDED,1b9a023b-e268-4665-b0be-50b7792fa856,a1c744ec-1a08-4480-ad30-fbde82df4826,c3,c1,1259,?,x5,
1769466489.041357,SENT,8a9e6b03-5dda-424b-97f2-211785c9dfd8,f6696f27-5de0-498d-94ae-7ba0b17cd65e,c2,c5,1264,?,x2,
1769466489.0414789,FORWARDED,8a9e6b03-5dda-424b-97f2-211785c9dfd8,f6696f27-5de0-498d-94ae-7ba0b17cd65e,c2,c5,1264,?,x2,
1769466490.2450087,RECEIVED,ab6163f6-d397-4d4b-82d4-a9f90a8f3c6a,991d1204-76c4-41ac-a259-1b5a6aa97ae1,c3,c1,1783,e12,?,
1769466490.3598144,RECEIVED,8f969b04-de3d-42e7-a40b-e377c840991a,7183b7fd-fcb6-4698-abeb-3510ebff552c,c1,c3,1780,e8,?,
1769466490.457724,RECEIVED,a2ad0ac5-e4bf-4ccb-857f-97a0fb3ff68d,534fafba-aee0-4d2b-9d98-fc6a81520188,c4,c5,1771,e5,?,
1769466490.4783728,SENT,ab6163f6-d397-4d4b-82d4-a9f90a8f3c6a,991d1204-76c4-41ac-a259-1b5a6aa97ae1,c3,c1,1265,?,x3,
1769466490.47847,FORWARDED,ab6163f6-d397-4d4b-82d4-a9f90a8f3c6a,991d1204-76c4-41ac-a259-1b5a6aa97ae1,c3,c1,1265,?,x3,
1769466490.748539,SENT,8f969b04-de3d-42e7-a40b-e377c840991a,7183b7fd-fcb6-4698-abeb-3510ebff552c,c1,c3,1263,?,x11,
1769466490.7486348,FORWARDED,8f969b04-de3d-42e7-a40b-e377c840991a,7183b7fd-fcb6-4698-abeb-3510ebff552c,c1,c3,1263,?,x11,
1769466491.4778438,FORWARDED,a2ad0ac5-e4bf-4ccb-857f-97a0fb3ff68d,534fafba-aee0-4d2b-9d98-fc6a81520188,c4,c5,1255,?,x6,
1769466495.5866058,RECEIVED,551188af-56d6-45d2-8fe9-6aee47449439,224c7112-f615-4017-82df-cbb079f96d32,c5,c4,1764,e8,?,
1769466495.767928,SENT,551188af-56d6-45d2-8fe9-6aee47449439,224c7112-f615-4017-82df-cbb079f96d32,c5,c4,1251,?,x1,
1769466495.768067,FORWARDED,551188af-56d6-45d2-8fe9-6aee47449439,224c7112-f615-4017-82df-cbb079f96d32,c5,c4,1251,?,x1,
1769466499.8799677,RECEIVED,60242db0-44bd-4065-ba18-77d0028623b8,dea0d90a-bd89-47a1-b916-1cee2c673d23,c2,c5,1783,e2,?,
1769466500.7776709,RECEIVED,4d1e54c8-1503-487b-939b-891ced9f28be,6d046fd5-c4cf-43ec-bc2e-511f112fdc1d,c1,c3,1775,e10,?,
1769466500.7799127,SENT,60242db0-44bd-4065-ba18-77d0028623b8,dea0d90a-bd89-47a1-b916-1cee2c673d23,c2,c5,1264,?,x5,
1769466500.7800379,FORWARDED,60242db0-44bd-4065-ba18-77d0028623b8,dea0d90a-bd89-47a1-b916-1cee2c673d23,c2,c5,1264,?,x5,
1769466501.494558,RECEIVED,855ef7b6-feb4-4272-841e-2bf83c155d1e,d4efe5c7-ba76-4efa-8318-ffedd7c690dc,c1,c3,1768,e1,?,
1769466501.6816444,SENT,855ef7b6-feb4-4272-841e-2bf83c155d1e,d4efe5c7-ba76-4efa-8318-ffedd7c690dc,c1,c3,1254,?,x4,
1769466501.681769,FORWARDED,855ef7b6-feb4-4272-841e-2bf83c155d1e,d4efe5c7-ba76-4efa-8318-ffedd7c690dc,c1,c3,1254,?,x4,
1769466501.9425218,RECEIVED,f74d18c3-4db1-4c42-bf26-b3a996c485d2,14edde5d-805b-4448-bcaa-558c42aea9e9,c2,c5,1772,e9,?,
1769466502.0437198,SENT,4d1e54c8-1503-487b-939b-891ced9f28be,6d046fd5-c4cf-43ec-bc2e-511f112fdc1d,c1,c3,1259,?,x10,
1769466502.043851,FORWARDED,4d1e54c8-1503-487b-939b-891ced9f28be,6d046fd5-c4cf-43ec-bc2e-511f112fdc1d,c1,c3,1259,?,x10,
1769466502.15735,SENT,f74d18c3-4db1-4c42-bf26-b3a996c485d2,14edde5d-805b-4448-bcaa-558c42aea9e9,c2,c5,1256,?,x11,
1769466502.1574824,FORWARDED,f74d18c3-4db1-4c42-bf26-b3a996c485d2,14edde5d-805b-4448-bcaa-558c42aea9e9,c2,c5,1256,?,x11,
1769466504.138641,RECEIVED,11f27714-52ff-402a-a7f3-8ad953d38da7,f8384fe4-fb2f-4a0e-bbd0-35cf2f02f497,c1,c3,1771,e11,?,
1769466505.2848399,SENT,11f27714-52ff-402a-a7f3-8ad953d38da7,f8384fe4-fb2f-4a0e-bbd0-35cf2f02f497,c1,c3,1255,?,x5,
1769466505.2849596,FORWARDED,11f27714-52ff-402a-a7f3-8ad953d38da7,f8384fe4-fb2f-4a0e-bbd0-35cf2f02f497,c1,c3,1255,?,x5,
1769466505.4978664,RECEIVED,2b280f23-f012-4ec7-9633-7c525ab2c79a,8ef66381-5a9b-4928-9639-7d96db92560d,c5,c4,1775,e11,?,
1769466505.5727196,SENT,2b280f23-f012-4ec7-9633-7c525ab2c79a,8ef66381-5a9b-4928-9639-7d96db92560d,c5,c4,1259,?,x3,
1769466505.5727713,FORWARDED,2b280f23-f012-4ec7-9633-7c525ab2c79a,8ef66381-5a9b-4928-9639-7d96db92560d,c5,c4,1259,?,x3,
1769466506.3416402,RECEIVED,a380dec2-be62-450c-bc5d-898d3c7a0c53,f3d3ae48-647e-4cf5-acf0-e380931a76cb,c3,c1,1768,e12,?,
1769466506.3790143,SENT,a380dec2-be62-450c-bc5d-898d3c7a0c53,f3d3ae48-647e-4cf5-acf0-e380931a76cb,c3,c1,1252,?,x9,
1769466506.3791802,FORWARDED,a380dec2-be62-450c-bc5d-898d3c7a0c53,f3d3ae48-647e-4cf5-acf0-e380931a76cb,c3,c1,1252,?,x9,
1769466507.0068038,RECEIVED,a7bf5bf8-9229-40f8-8588-e8a6462d1a75,d6f88154-9c50-47d3-a123-d2db93e37c70,c5,c4,1768,e12,?,
1769466507.61097,SENT,a7bf5bf8-9229-40f8-8588-e8a6462d1a75,d6f88154-9c50-47d3-a123-d2db93e37c70,c5,c4,1252,?,x12,
1769466507.6110237,FORWARDED,a7bf5bf8-9229-40f8-8588-e8a6462d1a75,d6f88154-9c50-47d3-a123-d2db93e37c70,c5,c4,1252,?,x12,
1769466508.5658953,RECEIVED,7d600d75-b364-4901-8c39-9eb1e9f8505f,acf57eca-e14b-4670-95e0-3f918c3768cb,c4,c5,1767,e12,?,
1769466509.7942557,SENT,7d600d75-b364-4901-8c39-9eb1e9f8505f,acf57eca-e14b-4670-95e0-3f918c3768cb,c4,c5,1252,?,x9,
1769466509.7943604,FORWARDED,7d600d75-b364-4901-8c39-9eb1e9f8505f,acf57eca-e14b-4670-95e0-3f918c3768cb,c4,c5,1252,?,x9,
1769466510.731142,RECEIVED,444c4a97-f1a3-4d30-a5a2-5daad8de253a,2947b4cb-45d0-4499-985e-fd827c373d44,c3,c1,1768,e2,?,
1769466510.7408018,RECEIVED,969f4793-f26b-4651-b2c4-6569984732b8,d1ac015b-dc41-4b52-936c-5410f02ae1ed,c5,c4,1779,e1,?,
1769466510.958707,SENT,444c4a97-f1a3-4d30-a5a2-5daad8de253a,2947b4cb-45d0-4499-985e-fd827c373d44,c3,c1,1252,?,x7,
1769466510.9589748,FORWARDED,444c4a97-f1a3-4d30-a5a2-5daad8de253a,2947b4cb-45d0-4499-985e-fd827c373d44,c3,c1,1252,?,x7,
1769466511.3145669,RECEIVED,475e5b35-8452-472c-aaa6-ea565251b10e,a0025b24-760b-4131-aa0a-4073114c4ac2,c2,c5,1771,e6,?,
1769466511.3769665,RECEIVED,9a4ac42d-5303-44a6-8e3f-f33139ccb2ab,ed352482-1234-4329-bea2-e91f59677594,c4,c5,1780,e10,?,
1769466511.475893,SENT,969f4793-f26b-4651-b2c4-6569984732b8,d1ac015b-dc41-4b52-936c-5410f02ae1ed,c5,c4,1263,?,x3,
1769466511.4759777,FORWARDED,969f4793-f26b-4651-b2c4-6569984732b8,d1ac015b-dc41-4b52-936c-5410f02ae1ed,c5,c4,1263,?,x3,
1769466511.569895,RECEIVED,af112793-48fe-4e89-9e41-7e07fb46c38b,cd77304f-2e40-471d-a92d-8c1c4e48a84f,c1,c3,1772,e8,?,
1769466511.571712,FORWARDED,475e5b35-8452-472c-aaa6-ea565251b10e,a0025b24-760b-4131-aa0a-4073114c4ac2,c2,c5,1256,?,x6,
1769466511.6849675,SENT,af112793-48fe-4e89-9e41-7e07fb46c38b,cd77304f-2e40-471d-a92d-8c1c4e48a84f,c1,c3,1256,?,x4,
1769466511.6850355,FORWARDED,af112793-48fe-4e89-9e41-7e07fb46c38b,cd77304f-2e40-471d-a92d-8c1c4e48a84f,c1,c3,1256,?,x4,
1769466512.6663659,SENT,9a4ac42d-5303-44a6-8e3f-f33139ccb2ab,ed352482-1234-4329-bea2-e91f59677594,c4,c5,1263,?,x11,
1769466512.6664171,FORWARDED,9a4ac42d-5303-44a6-8e3f-f33139ccb2ab,ed352482-1234-4329-bea2-e91f59677594,c4,c5,1263,?,x11,
1769466512.9802213,RECEIVED,f7c2493b-9283-46e7-9db3-346c12c24706,8b9e85de-d5d3-424f-b950-9885d1e4224d,c4,c5,1784,e7,?,
1769466513.5167737,SENT,f7c2493b-9283-46e7-9db3-346c12c24706,8b9e85de-d5d3-424f-b950-9885d1e4224d,c4,c5,1264,?,x10,
1769466513.516889,FORWARDED,f7c2493b-9283-46e7-9db3-346c12c24706,8b9e85de-d5d3-424f-b950-9885d1e4224d,c4,c5,1264,?,x10,
1769466514.9559338,RECEIVED,637b9911-e54c-48a0-a1c0-351bad0656b1,23fd0cd8-c224-49ca-8e20-3e14f5dddba6,c5,c4,1768,e2,?,
1769466515.076044,SENT,637b9911-e54c-48a0-a1c0-351bad0656b1,23fd0cd8-c224-49ca-8e20-3e14f5dddba6,c5,c4,1254,?,x2,
1769466515.0761247,FORWARDED,637b9911-e54c-48a0-a1c0-351bad0656b1,23fd0cd8-c224-49ca-8e20-3e14f5dddba6,c5,c4,1254,?,x2,
1769466515.6659057,RECEIVED,35cb4ab1-9aef-4d66-8b3e-60fee26fb439,5f6256c4-bc66-415a-b591-680b2b809243,c1,c3,1767,e3,?,
1769466516.4833734,RECEIVED,7eed7b09-2768-48aa-993c-5c422c52f957,3eede249-c379-4709-b168-9b4c4db61885,c3,c1,1770,e1,?,
1769466516.6293452,SENT,35cb4ab1-9aef-4d66-8b3e-60fee26fb439,5f6256c4-bc66-415a-b591-680b2b809243,c1,c3,1253,?,x4,
1769466516.6294096,FORWARDED,35cb4ab1-9aef-4d66-8b3e-60fee26fb439,5f6256c4-bc66-415a-b591-680b2b809243,c1,c3,1253,?,x4,
1769466517.1557486,RECEIVED,c7e167ec-18e8-47dd-9f82-8eb4a14a4e84,3c7f76d7-9fb5-4e4f-bd71-e51b84fa1477,c2,c5,1775,e12,?,
1769466517.4525087,SENT,c7e167ec-18e8-47dd-9f82-8eb4a14a4e84,3c7f76d7-9fb5-4e4f-bd71-e51b84fa1477,c2,c5,1259,?,x5,
1769466517.452648,FORWARDED,c7e167ec-18e8-47dd-9f82-8eb4a14a4e84,3c7f76d7-9fb5-4e4f-bd71-e51b84fa1477,c2,c5,1259,?,x5,
1769466517.8202457,RECEIVED,81286907-2093-469a-9338-08339b2708f3,584bfada-f1a6-4448-8a48-abf5bc1bd3c8,c1,c3,1772,e3,?,
1769466517.9961848,SENT,81286907-2093-469a-9338-08339b2708f3,584bfada-f1a6-4448-8a48-abf5bc1bd3c8,c1,c3,1256,?,x7,
1769466517.9962366,FORWARDED,81286907-2093-469a-9338-08339b2708f3,584bfada-f1a6-4448-8a48-abf5bc1bd3c8,c1,c3,1256,?,x7,
1769466518.550234,RECEIVED,d218c9cd-07e4-435d-bccd-858a124b0570,54af5632-b519-4fdb-afad-d92d76e5db22,c5,c4,1763,e5,?,
1769466518.5631266,SENT,7eed7b09-2768-48aa-993c-5c422c52f957,3eede249-c379-4709-b168-9b4c4db61885,c3,c1,1255,?,x8,
1769466518.563214,FORWARDED,7eed7b09-2768-48aa-993c-5c422c52f957,3eede249-c379-4709-b168-9b4c4db61885,c3,c1,1255,?,x8,
1769466518.9654934,SENT,d218c9cd-07e4-435d-bccd-858a124b0570,54af5632-b519-4fdb-afad-d92d76e5db22,c5,c4,1250,?,x9,
1769466518.9655786,FORWARDED,d218c9cd-07e4-435d-bccd-858a124b0570,54af5632-b519-4fdb-afad-d92d76e5db22,c5,c4,1250,?,x9,
1769466521.2925673,RECEIVED,bffe204d-dedb-4d33-abef-bf6ad15a5ef5,551540ef-f9e9-4eba-8a31-c9b5d313f345,c1,c3,1775,e6,?,
1769466521.89313,SENT,bffe204d-dedb-4d33-abef-bf6ad15a5ef5,551540ef-f9e9-4eba-8a31-c9b5d313f345,c1,c3,1260,?,x8,
1769466521.89317,FORWARDED,bffe204d-dedb-4d33-abef-bf6ad15a5ef5,551540ef-f9e9-4eba-8a31-c9b5d313f345,c1,c3,1260,?,x8,
1769466523.0300734,RECEIVED,ac5101c2-f436-4014-8b3d-81abd137b393,257bf953-6b76-4e67-b20a-807948f1575d,c4,c5,1784,e10,?,
1769466523.5389743,SENT,ac5101c2-f436-4014-8b3d-81abd137b393,257bf953-6b76-4e67-b20a-807948f1575d,c4,c5,1264,?,x10,
1769466523.5391083,FORWARDED,ac5101c2-f436-4014-8b3d-81abd137b393,257bf953-6b76-4e67-b20a-807948f1575d,c4,c5,1264,?,x10,
1769466524.8901548,RECEIVED,a058ad1c-fb57-43f8-b039-8237a59c2f76,0b6aa500-8ddd-49eb-aaa6-3bb3419342c7,c3,c1,1776,e3,?,
1769466525.20902,SENT,a058ad1c-fb57-43f8-b039-8237a59c2f76,0b6aa500-8ddd-49eb-aaa6-3bb3419342c7,c3,c1,1259,?,x3,
1769466525.2091215,FORWARDED,a058ad1c-fb57-43f8-b039-8237a59c2f76,0b6aa500-8ddd-49eb-aaa6-3bb3419342c7,c3,c1,1259,?,x3,
1769466526.4550755,RECEIVED,4aa56be9-fc70-45c2-867c-41d001399110,2dfe8e3e-58ca-4fb2-a6f8-6dff66d89240,c4,c5,1777,e2,?,
1769466526.467758,SENT,4aa56be9-fc70-45c2-867c-41d001399110,2dfe8e3e-58ca-4fb2-a6f8-6dff66d89240,c4,c5,1260,?,x7,
1769466526.4678636,FORWARDED,4aa56be9-fc70-45c2-867c-41d001399110,2dfe8e3e-58ca-4fb2-a6f8-6dff66d89240,c4,c5,1260,?,x7,
1769466527.0752034,RECEIVED,93bd2e4b-2256-42f9-8b9c-220f45387411,5cf810b3-ec47-49df-9d79-1bc3a560399f,c5,c4,1763,e3,?,
1769466527.570866,RECEIVED,bfea29ac-4fb3-4751-8e16-699c6e5afd8e,ef8fba82-fe4d-4f2d-a49d-391cb626a7b5,c5,c4,1764,e10,?,
1769466527.6504211,FORWARDED,93bd2e4b-2256-42f9-8b9c-220f45387411,5cf810b3-ec47-49df-9d79-1bc3a560399f,c5,c4,1251,?,x6,
1769466527.9178288,RECEIVED,a7ef1dd6-5e1f-482d-b155-a8cc44a6bb10,b052d317-534d-4d42-a3a7-e821efd5e47c,c5,c4,1784,e9,?,
1769466527.9234562,SENT,bfea29ac-4fb3-4751-8e16-699c6e5afd8e,ef8fba82-fe4d-4f2d-a49d-391cb626a7b5,c5,c4,1249,?,x7,
1769466527.9236095,FORWARDED,bfea29ac-4fb3-4751-8e16-699c6e5afd8e,ef8fba82-fe4d-4f2d-a49d-391cb626a7b5,c5,c4,1249,?,x7,
1769466528.0547688,SENT,a7ef1dd6-5e1f-482d-b155-a8cc44a6bb10,b052d317-534d-4d42-a3a7-e821efd5e47c,c5,c4,1264,?,x1,
1769466528.0548272,FORWARDED,a7ef1dd6-5e1f-482d-b155-a8cc44a6bb10,b052d317-534d-4d42-a3a7-e821efd5e47c,c5,c4,1264,?,x1,
1769466530.5974603,RECEIVED,fe16df4a-a7ac-4c1e-8c40-f47b296ad2c6,5901f877-dc0f-42e3-9510-3cab6273b81a,c2,c5,1775,e12,?,
1769466531.0647821,RECEIVED,83ac5c7c-ef96-4481-8592-1ce985d9536b,706dca97-8169-404c-85c7-543fcc594b83,c5,c4,1774,e10,?,
1769466531.2946334,SENT,fe16df4a-a7ac-4c1e-8c40-f47b296ad2c6,5901f877-dc0f-42e3-9510-3cab6273b81a,c2,c5,1259,?,x3,
1769466531.2947013,FORWARDED,fe16df4a-a7ac-4c1e-8c40-f47b296ad2c6,5901f877-dc0f-42e3-9510-3cab6273b81a,c2,c5,1259,?,x3,
1769466531.6388938,SENT,83ac5c7c-ef96-4481-8592-1ce985d9536b,706dca97-8169-404c-85c7-543fcc594b83,c5,c4,1258,?,x8,
1769466531.638962,FORWARDED,83ac5c7c-ef96-4481-8592-1ce985d9536b,706dca97-8169-404c-85c7-543fcc594b83,c5,c4,1258,?,x8,
1769466531.701643,RECEIVED,debad088-07f8-4464-83fd-5e5d235c06bf,3446b6fd-e84a-40d7-a4a4-dee2a1534114,c1,c3,1785,e11,?,
1769466531.941825,SENT,debad088-07f8-4464-83fd-5e5d235c06bf,3446b6fd-e84a-40d7-a4a4-dee2a1534114,c1,c3,1264,?,x12,
1769466531.941881,FORWARDED,debad088-07f8-4464-83fd-5e5d235c06bf,3446b6fd-e84a-40d7-a4a4-dee2a1534114,c1,c3,1264,?,x12,
1769466532.0039434,RECEIVED,09dc92dd-ef9d-4c20-999a-7ed6d0219ea4,1c12d476-edc6-49cd-9d5d-04b82c3c4128,c1,c3,1763,e6,?,
1769466532.452548,SENT,09dc92dd-ef9d-4c20-999a-7ed6d0219ea4,1c12d476-edc6-49cd-9d5d-04b82c3c4128,c1,c3,1251,?,x4,
1769466532.4526172,FORWARDED,09dc92dd-ef9d-4c20-999a-7ed6d0219ea4,1c12d476-edc6-49cd-9d5d-04b82c3c4128,c1,c3,1251,?,x4,
1769466533.4685645,RECEIVED,67b72c50-1c4f-4142-93ec-8408b4636679,c6c45e42-730f-4e7d-9716-16d1b166d135,c2,c5,1767,e12,?,
1769466534.1950915,RECEIVED,87d80794-323f-40d9-9619-33f75600c17d,882f8101-697c-4c58-af4e-10dbb0b51985,c4,c5,1775,e8,?,
1769466535.2129054,SENT,87d80794-323f-40d9-9619-33f75600c17d,882f8101-697c-4c58-af4e-10dbb0b51985,c4,c5,1260,?,x3,
1769466535.213037,FORWARDED,87d80794-323f-40d9-9619-33f75600c17d,882f8101-697c-4c58-af4e-10dbb0b51985,c4,c5,1260,?,x3,
1769466535.3241374,RECEIVED,8ae72b49-8c0a-4473-95e4-e7993d41948c,3613ad05-eebf-4cf2-bc29-48fa990f3859,c3,c1,1775,e7,?,
1769466535.6119854,RECEIVED,86145a0a-3b89-4a3d-b0fc-393495d23e9d,649c628a-2a4a-48ee-b5eb-b6e5821ca01c,c1,c3,1775,e5,?,
1769466535.9215808,RECEIVED,5f0133f3-7096-40b5-8daf-9957a8a4dd7b,54e22f7e-ed79-4716-9d1d-9cbe4d89a8c7,c3,c1,1764,e2,?,
1769466536.0704348,SENT,5f0133f3-7096-40b5-8daf-9957a8a4dd7b,54e22f7e-ed79-4716-9d1d-9cbe4d89a8c7,c3,c1,1250,?,x9,
1769466536.0706384,FORWARDED,5f0133f3-7096-40b5-8daf-9957a8a4dd7b,54e22f7e-ed79-4716-9d1d-9cbe4d89a8c7,c3,c1,1250,?,x9,
1769466536.192664,SENT,67b72c50-1c4f-4142-93ec-8408b4636679,c6c45e42-730f-4e7d-9716-16d1b166d135,c2,c5,1252,?,x1,
1769466536.1927967,FORWARDED,67b72c50-1c4f-4142-93ec-8408b4636679,c6c45e42-730f-4e7d-9716-16d1b166d135,c2,c5,1252,?,x1,
1769466536.594469,RECEIVED,5a82b040-6827-45e9-acf6-c2bfa929c25c,913b47b3-a26b-432e-b69c-ca06dc3e4348,c2,c5,1784,e9,?,
1769466536.631948,RECEIVED,adede46d-d2a1-414f-bf37-5ff96a671bc8,b1819c72-3512-46c7-8b02-49fd461f140d,c3,c1,1776,e2,?,
1769466536.663029,SENT,86145a0a-3b89-4a3d-b0fc-393495d23e9d,649c628a-2a4a-48ee-b5eb-b6e5821ca01c,c1,c3,1259,?,x1,
1769466536.6634302,FORWARDED,86145a0a-3b89-4a3d-b0fc-393495d23e9d,649c628a-2a4a-48ee-b5eb-b6e5821ca01c,c1,c3,1259,?,x1,
1769466536.863869,RECEIVED,924299ac-3074-4ce8-a2a9-050cb8ea994d,f5c92266-0a4b-4a48-a07c-2aeb75934909,c5,c4,1779,e7,?,
1769466537.0114937,SENT,924299ac-3074-4ce8-a2a9-050cb8ea994d,f5c92266-0a4b-4a48-a07c-2aeb75934909,c5,c4,1262,?,x3,
1769466537.0117166,FORWARDED,924299ac-3074-4ce8-a2a9-050cb8ea994d,f5c92266-0a4b-4a48-a07c-2aeb75934909,c5,c4,1262,?,x3,
1769466537.0760953,SENT,5a82b040-6827-45e9-acf6-c2bfa929c25c,913b47b3-a26b-432e-b69c-ca06dc3e4348,c2,c5,1264,?,x2,
1769466537.076236,FORWARDED,5a82b040-6827-45e9-acf6-c2bfa929c25c,913b47b3-a26b-432e-b69c-ca06dc3e4348,c2,c5,1264,?,x2,
1769466537.1134858,FORWARDED,8ae72b49-8c0a-4473-95e4-e7993d41948c,3613ad05-eebf-4cf2-bc29-48fa990f3859,c3,c1,1260,?,x6,
1769466537.4017377,RECEIVED,e7f94c21-c322-4122-aa43-1283352d3f3b,190587fa-45ff-4a03-a163-97b3f6fda850,c5,c4,1781,e8,?,
1769466537.4300706,SENT,adede46d-d2a1-414f-bf37-5ff96a671bc8,b1819c72-3512-46c7-8b02-49fd461f140d,c3,c1,1259,?,x12,
1769466537.4301264,FORWARDED,adede46d-d2a1-414f-bf37-5ff96a671bc8,b1819c72-3512-46c7-8b02-49fd461f140d,c3,c1,1259,?,x12,
1769466537.4470441,SENT,e7f94c21-c322-4122-aa43-1283352d3f3b,190587fa-45ff-4a03-a163-97b3f6fda850,c5,c4,1262,?,x10,
1769466537.4471107,FORWARDED,e7f94c21-c322-4122-aa43-1283352d3f3b,190587fa-45ff-4a03-a163-97b3f6fda850,c5,c4,1262,?,x10,
1769466538.0592473,RECEIVED,2a0a003c-d8c7-41f4-8586-ea76ea6b6f3f,b0185ab9-3989-416a-b324-45749d061a8f,c5,c4,1775,e2,?,
1769466538.4832795,FORWARDED,2a0a003c-d8c7-41f4-8586-ea76ea6b6f3f,b0185ab9-3989-416a-b324-45749d061a8f,c5,c4,1259,?,x6,
1769466539.4800975,RECEIVED,ba1eaba7-92c4-44d0-b65f-6d889de1da7a,dd51d5d8-80e3-4abb-ba9f-ac481e78bfed,c1,c3,1776,e6,?,
1769466539.8256617,RECEIVED,80283387-ad3d-434e-bd75-6502d0c3c2bf,eb2c19c1-86f9-4505-a04f-df49c3a5b0dd,c1,c3,1768,e2,?,
1769466539.8769784,RECEIVED,eb7fa912-4c7c-4b9a-aac2-7c7aae2ad01c,4d4edd10-525b-4295-832b-821fbd5378c1,c5,c4,1783,e12,?,
1769466540.0005753,SENT,80283387-ad3d-434e-bd75-6502d0c3c2bf,eb2c19c1-86f9-4505-a04f-df49c3a5b0dd,c1,c3,1252,?,x8,
1769466540.0007045,FORWARDED,80283387-ad3d-434e-bd75-6502d0c3c2bf,eb2c19c1-86f9-4505-a04f-df49c3a5b0dd,c1,c3,1252,?,x8,
1769466540.437255,SENT,eb7fa912-4c7c-4b9a-aac2-7c7aae2ad01c,4d4edd10-525b-4295-832b-821fbd5378c1,c5,c4,1265,?,x7,
1769466540.4373868,FORWARDED,eb7fa912-4c7c-4b9a-aac2-7c7aae2ad01c,4d4edd10-525b-4295-832b-821fbd5378c1,c5,c4,1265,?,x7,
1769466540.472041,SENT,ba1eaba7-92c4-44d0-b65f-6d889de1da7a,dd51d5d8-80e3-4abb-ba9f-ac481e78bfed,c1,c3,1259,?,x12,
1769466540.4722075,FORWARDED,ba1eaba7-92c4-44d0-b65f-6d889de1da7a,dd51d5d8-80e3-4abb-ba9f-ac481e78bfed,c1,c3,1259,?,x12,
1769466540.4896195,RECEIVED,4c029cda-4fd4-4dcd-b58c-97521ea0ec88,e433529d-46e1-434e-9baf-0967f4c725e8,c5,c4,1772,e12,?,
1769466540.7033172,SENT,4c029cda-4fd4-4dcd-b58c-97521ea0ec88,e433529d-46e1-434e-9baf-0967f4c725e8,c5,c4,1256,?,x7,
1769466540.703424,FORWARDED,4c029cda-4fd4-4dcd-b58c-97521ea0ec88,e433529d-46e1-434e-9baf-0967f4c725e8,c5,c4,1256,?,x7,
1769466541.8801916,RECEIVED,f8943be3-4253-4e6d-924a-8761bb13c0f2,65f435d8-07ee-4b30-adf2-603534cf7ab8,c2,c5,1769,e7,?,
1769466541.9672172,SENT,f8943be3-4253-4e6d-924a-8761bb13c0f2,65f435d8-07ee-4b30-adf2-603534cf7ab8,c2,c5,1252,?,x11,
1769466541.9673505,FORWARDED,f8943be3-4253-4e6d-924a-8761bb13c0f2,65f435d8-07ee-4b30-adf2-603534cf7ab8,c2,c5,1252,?,x11,
1769466542.875202,RECEIVED,3c5f0092-8a93-4e4b-b20b-cc1ef84d7a75,f800469d-8746-4271-a3c0-bce0caa51b17,c1,c3,1775,e6,?,
1769466542.8835297,RECEIVED,917c38fb-b657-4479-aa82-257de03a67d0,7686f60c-bf99-4427-bf9d-6cea82cfec8b,c3,c1,1781,e11,?,
1769466543.100387,SENT,917c38fb-b657-4479-aa82-257de03a67d0,7686f60c-bf99-4427-bf9d-6cea82cfec8b,c3,c1,1262,?,x11,
1769466543.1005173,FORWARDED,917c38fb-b657-4479-aa82-257de03a67d0,7686f60c-bf99-4427-bf9d-6cea82cfec8b,c3,c1,1262,?,x11,
1769466543.2405193,SENT,3c5f0092-8a93-4e4b-b20b-cc1ef84d7a75,f800469d-8746-4271-a3c0-bce0caa51b17,c1,c3,1259,?,x5,
1769466543.2406495,FORWARDED,3c5f0092-8a93-4e4b-b20b-cc1ef84d7a75,f800469d-8746-4271-a3c0-bce0caa51b17,c1,c3,1259,?,x5,
1769466543.9323564,RECEIVED,321f30bb-c1db-4281-8feb-20006e78740b,0a0f4a56-cfff-4e49-94b6-4338ed73cff7,c5,c4,1780,e11,?,
1769466544.9542658,SENT,321f30bb-c1db-4281-8feb-20006e78740b,0a0f4a56-cfff-4e49-94b6-4338ed73cff7,c5,c4,1263,?,x12,
1769466544.9543197,FORWARDED,321f30bb-c1db-4281-8feb-20006e78740b,0a0f4a56-cfff-4e49-94b6-4338ed73cff7,c5,c4,1263,?,x12,
1769466546.7115421,RECEIVED,54ebf821-98f0-469e-b751-ab53967434fc,b17d55b0-d66e-42c5-99cd-0a406f47f4ac,c5,c4,1784,e12,?,
1769466546.9341984,SENT,54ebf821-98f0-469e-b751-ab53967434fc,b17d55b0-d66e-42c5-99cd-0a406f47f4ac,c5,c4,1264,?,x8,
1769466546.9342797,FORWARDED,54ebf821-98f0-469e-b751-ab53967434fc,b17d55b0-d66e-42c5-99cd-0a406f47f4ac,c5,c4,1264,?,x8,
1769466547.706122,RECEIVED,22fc12e1-0d14-474e-9c2a-20f282614970,44ec5b0e-1494-4453-a66f-a4802262557c,c1,c3,1783,e8,?,
1769466548.5569887,SENT,22fc12e1-0d14-474e-9c2a-20f282614970,44ec5b0e-1494-4453-a66f-a4802262557c,c1,c3,1266,?,x2,
1769466548.5571253,FORWARDED,22fc12e1-0d14-474e-9c2a-20f282614970,44ec5b0e-1494-4453-a66f-a4802262557c,c1,c3,1266,?,x2,
1769466548.7375598,RECEIVED,7a8db428-9a88-4a6e-afd1-dad4935f1c45,6512da81-390e-4bea-b6f0-1d1de47780cf,c2,c5,1776,e3,?,
1769466548.8165145,RECEIVED,2614d1ea-d60b-4005-9663-35b104de965e,ddb54e23-b83c-485e-a53f-72a984dab96d,c4,c5,1776,e10,?,
1769466548.8352647,SENT,7a8db428-9a88-4a6e-afd1-dad4935f1c45,6512da81-390e-4bea-b6f0-1d1de47780cf,c2,c5,1259,?,x8,
1769466548.8353307,FORWARDED,7a8db428-9a88-4a6e-afd1-dad4935f1c45,6512da81-390e-4bea-b6f0-1d1de47780cf,c2,c5,1259,?,x8,
1769466548.8559809,RECEIVED,bcc91784-9abe-444f-8bec-96de84ff3b50,4667a29b-ab96-48c1-9c3c-247eb18feb9b,c1,c3,1780,e6,?,
1769466548.891457,FORWARDED,2614d1ea-d60b-4005-9663-35b104de965e,ddb54e23-b83c-485e-a53f-72a984dab96d,c4,c5,1259,?,x6,
1769466549.1065533,RECEIVED,54ed62d7-ccab-4ab4-9e6d-d3dd71b33fe4,2b291318-084e-4734-a489-35a22a5f6398,c4,c5,1760,e1,?,
1769466549.1191823,RECEIVED,377648fe-4a6a-48c2-88a9-be215d8f947c,00d35e57-8c3c-4e3d-9766-6d51a84ef76a,c3,c1,1775,e9,?,
1769466549.340891,SENT,54ed62d7-ccab-4ab4-9e6d-d3dd71b33fe4,2b291318-084e-4734-a489-35a22a5f6398,c4,c5,1248,?,x4,
1769466549.3410203,FORWARDED,54ed62d7-ccab-4ab4-9e6d-d3dd71b33fe4,2b291318-084e-4734-a489-35a22a5f6398,c4,c5,1248,?,x4,
1769466549.9054523,SENT,377648fe-4a6a-48c2-88a9-be215d8f947c,00d35e57-8c3c-4e3d-9766-6d51a84ef76a,c3,c1,1259,?,x3,
1769466549.9055834,FORWARDED,377648fe-4a6a-48c2-88a9-be215d8f947c,00d35e57-8c3c-4e3d-9766-6d51a84ef76a,c3,c1,1259,?,x3,
1769466550.1810188,SENT,bcc91784-9abe-444f-8bec-96de84ff3b50,4667a29b-ab96-48c1-9c3c-247eb18feb9b,c1,c3,1263,?,x10,
1769466550.181105,FORWARDED,bcc91784-9abe-444f-8bec-96de84ff3b50,4667a29b-ab96-48c1-9c3c-247eb18feb9b,c1,c3,1263,?,x10,
1769466550.7149422,RECEIVED,adfd0a5a-6e13-452b-8086-6b5fdf337eab,7b4c5651-e0bd-4490-b7c6-321ea6902486,c3,c1,1771,e1,?,
1769466550.9307754,SENT,adfd0a5a-6e13-452b-8086-6b5fdf337eab,7b4c5651-e0bd-4490-b7c6-321ea6902486,c3,c1,1255,?,x9,
1769466550.9309118,FORWARDED,adfd0a5a-6e13-452b-8086-6b5fdf337eab,7b4c5651-e0bd-4490-b7c6-321ea6902486,c3,c1,1255,?,x9,
1769466550.9598155,RECEIVED,45c3a74a-f874-4cb9-af20-67045b29d928,3f6ed6e6-f4d9-4a1e-8254-d9e3910e5934,c5,c4,1779,e7,?,
1769466551.4627988,RECEIVED,f7128c45-b1cb-4b37-9d3d-024cc1d9ae79,135daa84-831f-45c9-9fca-828760960546,c5,c4,1787,e8,?,
1769466551.7106237,SENT,45c3a74a-f874-4cb9-af20-67045b29d928,3f6ed6e6-f4d9-4a1e-8254-d9e3910e5934,c5,c4,1261,?,x7,
1769466551.7106965,FORWARDED,45c3a74a-f874-4cb9-af20-67045b29d928,3f6ed6e6-f4d9-4a1e-8254-d9e3910e5934,c5,c4,1261,?,x7,
1769466551.7562625,SENT,f7128c45-b1cb-4b37-9d3d-024cc1d9ae79,135daa84-831f-45c9-9fca-828760960546,c5,c4,1267,?,x7,
1769466551.756341,FORWARDED,f7128c45-b1cb-4b37-9d3d-024cc1d9ae79,135daa84-831f-45c9-9fca-828760960546,c5,c4,1267,?,x7,
1769466552.6232462,RECEIVED,98489f6a-4e73-43a2-bf8f-fd32c618e57d,3340f511-bc4e-4ef3-982e-7c50badde9e0,c2,c5,1776,e11,?,
1769466552.8462114,RECEIVED,4aef817b-3de1-492c-acb9-f2a67c9b65d5,486a070e-5001-45e5-aa16-f30ee4b684b4,c4,c5,1776,e5,?,
1769466552.865306,SENT,98489f6a-4e73-43a2-bf8f-fd32c618e57d,3340f511-bc4e-4ef3-982e-7c50badde9e0,c2,c5,1259,?,x7,
1769466552.8654032,FORWARDED,98489f6a-4e73-43a2-bf8f-fd32c618e57d,3340f511-bc4e-4ef3-982e-7c50badde9e0,c2,c5,1259,?,x7,
1769466553.034222,SENT,4aef817b-3de1-492c-acb9-f2a67c9b65d5,486a070e-5001-45e5-aa16-f30ee4b684b4,c4,c5,1259,?,x8,
1769466553.0343223,FORWARDED,4aef817b-3de1-492c-acb9-f2a67c9b65d5,486a070e-5001-45e5-aa16-f30ee4b684b4,c4,c5,1259,?,x8,
1769466554.0189974,RECEIVED,a35e9b1a-2d21-415c-b42a-f4782a9a3905,ef0a620d-fdfc-4686-98f5-80df76f6b52c,c5,c4,1767,e3,?,
1769466554.0915754,RECEIVED,5203c3a1-5653-4df9-bafc-7deb2e7a4b16,1d3265d3-60e8-4c49-8a89-b0067955eaa1,c3,c1,1770,e9,?,
1769466554.6597013,SENT,5203c3a1-5653-4df9-bafc-7deb2e7a4b16,1d3265d3-60e8-4c49-8a89-b0067955eaa1,c3,c1,1255,?,x9,
1769466554.6597471,FORWARDED,5203c3a1-5653-4df9-bafc-7deb2e7a4b16,1d3265d3-60e8-4c49-8a89-b0067955eaa1,c3,c1,1255,?,x9,
1769466554.8973427,SENT,a35e9b1a-2d21-415c-b42a-f4782a9a3905,ef0a620d-fdfc-4686-98f5-80df76f6b52c,c5,c4,1252,?,x2,
1769466554.8974743,FORWARDED,a35e9b1a-2d21-415c-b42a-f4782a9a3905,ef0a620d-fdfc-4686-98f5-80df76f6b52c,c5,c4,1252,?,x2,
1769466555.8910346,RECEIVED,5a7398ab-8be2-45e6-bc7b-777f18210c95,7b5888e0-0c6b-4595-ab49-a2dde90c4da2,c2,c5,1780,e10,?,
1769466556.0392988,SENT,5a7398ab-8be2-45e6-bc7b-777f18210c95,7b5888e0-0c6b-4595-ab49-a2dde90c4da2,c2,c5,1263,?,x7,
1769466556.0394986,FORWARDED,5a7398ab-8be2-45e6-bc7b-777f18210c95,7b5888e0-0c6b-4595-ab49-a2dde90c4da2,c2,c5,1263,?,x7,
1769466558.5162063,RECEIVED,a245006e-4156-4270-a2b7-e436eb42f70c,dd4c605e-1090-4503-90d5-b9c3586f1ad5,c2,c5,1770,e12,?,
1769466560.1259518,FORWARDED,a245006e-4156-4270-a2b7-e436eb42f70c,dd4c605e-1090-4503-90d5-b9c3586f1ad5,c2,c5,1255,?,x6,
1769466561.7604408,RECEIVED,6c1d3e90-5cf1-45db-8a41-f5a8688903a2,0d0e723e-f6ce-4af2-8a1b-30883a8254d5,c3,c1,1763,e6,?,
1769466562.0444717,SENT,6c1d3e90-5cf1-45db-8a41-f5a8688903a2,0d0e723e-f6ce-4af2-8a1b-30883a8254d5,c3,c1,1251,?,x1,
1769466562.0445545,FORWARDED,6c1d3e90-5cf1-45db-8a41-f5a8688903a2,0d0e723e-f6ce-4af2-8a1b-30883a8254d5,c3,c1,1251,?,x1,
1769466563.7156734,RECEIVED,0c1af237-55c8-40f9-96f7-b281f0c67173,c22e2a1d-4826-4156-b9e6-c94b3cf9bc9a,c4,c5,1763,e8,?,
1769466564.2844334,SENT,0c1af237-55c8-40f9-96f7-b281f0c67173,c22e2a1d-4826-4156-b9e6-c94b3cf9bc9a,c4,c5,1251,?,x3,
1769466564.2845304,FORWARDED,0c1af237-55c8-40f9-96f7-b281f0c67173,c22e2a1d-4826-4156-b9e6-c94b3cf9bc9a,c4,c5,1251,?,x3,
1769466566.4331315,RECEIVED,78c096c9-f8b1-4982-9fb6-775424b2c60f,b4183c88-0577-4106-a607-4bef92ba2870,c2,c5,1775,e1,?,
1769466566.4886434,RECEIVED,57369c48-f9bb-4d1c-9997-bf8b2a1b8389,b332762c-e091-4128-9764-31825f42356f,c3,c1,1777,e12,?,
1769466566.5274377,SENT,78c096c9-f8b1-4982-9fb6-775424b2c60f,b4183c88-0577-4106-a607-4bef92ba2870,c2,c5,1260,?,x8,
1769466566.5275013,FORWARDED,78c096c9-f8b1-4982-9fb6-775424b2c60f,b4183c88-0577-4106-a607-4bef92ba2870,c2,c5,1260,?,x8,
1769466566.6515853,SENT,57369c48-f9bb-4d1c-9997-bf8b2a1b8389,b332762c-e091-4128-9764-31825f42356f,c3,c1,1260,?,x12,
1769466566.6517172,FORWARDED,57369c48-f9bb-4d1c-9997-bf8b2a1b8389,b332762c-e091-4128-9764-31825f42356f,c3,c1,1260,?,x12,
1769466567.1560447,RECEIVED,882db828-bcfb-459b-9b18-5df617f301ae,15e21cbd-49f4-40b9-a871-31cb938340ad,c2,c5,1764,e8,?,
1769466567.416376,SENT,882db828-bcfb-459b-9b18-5df617f301ae,15e21cbd-49f4-40b9-a871-31cb938340ad,c2,c5,1251,?,x9,
1769466567.416508,FORWARDED,882db828-bcfb-459b-9b18-5df617f301ae,15e21cbd-49f4-40b9-a871-31cb938340ad,c2,c5,1251,?,x9,
1769466567.6775331,RECEIVED,8ce3d436-1bce-490b-a17f-ac60cd92c137,8c00db0b-10a2-4844-b2e2-e3f91245f792,c5,c4,1772,e3,?,
1769466567.831387,RECEIVED,37362fbc-59fe-43c5-a2b7-8cb8f87e7ce2,80d6be4f-56b1-4af6-bf51-c4b7c0e718d4,c3,c1,1767,e6,?,
1769466567.8643954,SENT,8ce3d436-1bce-490b-a17f-ac60cd92c137,8c00db0b-10a2-4844-b2e2-e3f91245f792,c5,c4,1255,?,x12,
1769466567.8645298,FORWARDED,8ce3d436-1bce-490b-a17f-ac60cd92c137,8c00db0b-10a2-4844-b2e2-e3f91245f792,c5,c4,1255,?,x12,
1769466568.5342803,RECEIVED,be924c69-31af-4b88-9538-750610c24757,64b7be80-de7c-4dbf-826d-4abd09fa4591,c2,c5,1772,e12,?,
1769466568.5615218,SENT,37362fbc-59fe-43c5-a2b7-8cb8f87e7ce2,80d6be4f-56b1-4af6-bf51-c4b7c0e718d4,c3,c1,1252,?,x2,
1769466568.561654,FORWARDED,37362fbc-59fe-43c5-a2b7-8cb8f87e7ce2,80d6be4f-56b1-4af6-bf51-c4b7c0e718d4,c3,c1,1252,?,x2,
1769466568.6831014,SENT,be924c69-31af-4b88-9538-750610c24757,64b7be80-de7c-4dbf-826d-4abd09fa4591,c2,c5,1255,?,x4,
1769466568.6832285,FORWARDED,be924c69-31af-4b88-9538-750610c24757,64b7be80-de7c-4dbf-826d-4abd09fa4591,c2,c5,1255,?,x4,
1769466569.8279,RECEIVED,6de2d318-95f7-4cca-9224-91914c7e78cf,e279650b-aa17-4af4-9a71-ee5cde7231a5,c3,c1,1776,e8,?,
1769466569.9751694,SENT,6de2d318-95f7-4cca-9224-91914c7e78cf,e279650b-aa17-4af4-9a71-ee5cde7231a5,c3,c1,1260,?,x7,
1769466569.9753296,FORWARDED,6de2d318-95f7-4cca-9224-91914c7e78cf,e279650b-aa17-4af4-9a71-ee5cde7231a5,c3,c1,1260,?,x7,
1769466570.832629,RECEIVED,be27231a-41e5-43e6-aa7b-8e0b392f97e3,83a38320-8410-4e6f-a387-a7fdba4cccfd,c5,c4,1775,e2,?,
1769466570.9019554,RECEIVED,12876bb4-b3dd-41ff-ae15-f4d57c661519,12e1b8a8-83ff-447a-8716-9b5fb623f38a,c5,c4,1777,e2,?,
1769466570.9394102,FORWARDED,12876bb4-b3dd-41ff-ae15-f4d57c661519,12e1b8a8-83ff-447a-8716-9b5fb623f38a,c5,c4,1260,?,x6,
1769466571.1594205,SENT,be27231a-41e5-43e6-aa7b-8e0b392f97e3,83a38320-8410-4e6f-a387-a7fdba4cccfd,c5,c4,1260,?,x1,
1769466571.1595247,FORWARDED,be27231a-41e5-43e6-aa7b-8e0b392f97e3,83a38320-8410-4e6f-a387-a7fdba4cccfd,c5,c4,1260,?,x1,
1769466571.7843065,RECEIVED,b3b0463c-b42a-4241-9dfd-409c0a4ba7c6,23055147-a564-49ee-b210-223ad25e22ef,c4,c5,1772,e3,?,
1769466573.1917396,RECEIVED,d6856c36-cb0b-40f5-9fe2-5716175eb719,f5bc3a44-016c-4a04-911e-dc7620be1228,c5,c4,1776,e6,?,
1769466573.2792752,SENT,b3b0463c-b42a-4241-9dfd-409c0a4ba7c6,23055147-a564-49ee-b210-223ad25e22ef,c4,c5,1255,?,x12,
1769466573.2793436,FORWARDED,b3b0463c-b42a-4241-9dfd-409c0a4ba7c6,23055147-a564-49ee-b210-223ad25e22ef,c4,c5,1255,?,x12,
1769466573.5582213,RECEIVED,1f79b9e8-1aa1-4e05-8857-7d7c0245abae,586b6acd-ad6d-40ee-9854-c1e14ed71742,c1,c3,1774,e10,?,
1769466573.570417,FORWARDED,d6856c36-cb0b-40f5-9fe2-5716175eb719,f5bc3a44-016c-4a04-911e-dc7620be1228,c5,c4,1259,?,x6,
1769466573.7582507,RECEIVED,d053dc10-fd3c-4064-9279-4d3755c3fb05,65430814-ae4a-4f40-942f-62106548e8bb,c4,c5,1775,e5,?,
1769466573.8050203,FORWARDED,d053dc10-fd3c-4064-9279-4d3755c3fb05,65430814-ae4a-4f40-942f-62106548e8bb,c4,c5,1259,?,x6,
1769466574.7792954,SENT,1f79b9e8-1aa1-4e05-8857-7d7c0245abae,586b6acd-ad6d-40ee-9854-c1e14ed71742,c1,c3,1259,?,x1,
1769466574.779363,FORWARDED,1f79b9e8-1aa1-4e05-8857-7d7c0245abae,586b6acd-ad6d-40ee-9854-c1e14ed71742,c1,c3,1259,?,x1,
1769466575.864871,RECEIVED,4f0b1656-6159-4562-b6b6-bde3591d9402,82f46d66-9945-4b1c-a92f-aca0adc2e2af,c4,c5,1768,e8,?,
1769466576.0308917,SENT,4f0b1656-6159-4562-b6b6-bde3591d9402,82f46d66-9945-4b1c-a92f-aca0adc2e2af,c4,c5,1254,?,x8,
1769466576.0309815,FORWARDED,4f0b1656-6159-4562-b6b6-bde3591d9402,82f46d66-9945-4b1c-a92f-aca0adc2e2af,c4,c5,1254,?,x8,
1769466576.4614794,RECEIVED,d5d0327f-7c4c-47b6-9a0a-cf596b2cb524,8f5ceb5a-4734-441d-8658-a9c642608849,c1,c3,1789,e10,?,
1769466576.7708333,RECEIVED,4e33e70f-b8bc-491d-b7d2-722c1b8a6079,0cd93b1f-db8a-439a-b48d-d50c5dc752ea,c5,c4,1776,e3,?,
1769466576.7942047,RECEIVED,183dc34f-fa44-4647-b28b-4e7b673b2563,21fb2f89-8b64-4131-911d-4445911dd85f,c5,c4,1775,e12,?,
1769466576.8742874,SENT,d5d0327f-7c4c-47b6-9a0a-cf596b2cb524,8f5ceb5a-4734-441d-8658-a9c642608849,c1,c3,1268,?,x11,
1769466576.8744214,FORWARDED,d5d0327f-7c4c-47b6-9a0a-cf596b2cb524,8f5ceb5a-4734-441d-8658-a9c642608849,c1,c3,1268,?,x11,
1769466577.07285,SENT,183dc34f-fa44-4647-b28b-4e7b673b2563,21fb2f89-8b64-4131-911d-4445911dd85f,c5,c4,1258,?,x2,
1769466577.0729718,FORWARDED,183dc34f-fa44-4647-b28b-4e7b673b2563,21fb2f89-8b64-4131-911d-4445911dd85f,c5,c4,1258,?,x2,
1769466577.119238,RECEIVED,8d7ac6ca-a7e4-43f6-b211-4fab0d35e314,e2045f95-783e-4eb2-9ec2-27f3e7600acb,c2,c5,1775,e1,?,
1769466577.2133687,SENT,8d7ac6ca-a7e4-43f6-b211-4fab0d35e314,e2045f95-783e-4eb2-9ec2-27f3e7600acb,c2,c5,1260,?,x9,
1769466577.2135015,FORWARDED,8d7ac6ca-a7e4-43f6-b211-4fab0d35e314,e2045f95-783e-4eb2-9ec2-27f3e7600acb,c2,c5,1260,?,x9,
1769466577.2212298,SENT,4e33e70f-b8bc-491d-b7d2-722c1b8a6079,0cd93b1f-db8a-439a-b48d-d50c5dc752ea,c5,c4,1260,?,x1,
1769466577.2213197,FORWARDED,4e33e70f-b8bc-491d-b7d2-722c1b8a6079,0cd93b1f-db8a-439a-b48d-d50c5dc752ea,c5,c4,1260,?,x1,
1769466577.8361995,RECEIVED,7520296c-7262-494b-acb6-0ab736e57665,fa0a91ce-d117-4555-a3eb-129e7028239c,c4,c5,1780,e10,?,
1769466578.1522691,RECEIVED,b6938834-43b7-41b0-bc16-596f7d550b78,ef93213d-ba7f-4761-ba32-eec237c911e4,c4,c5,1776,e10,?,
1769466578.4000053,SENT,7520296c-7262-494b-acb6-0ab736e57665,fa0a91ce-d117-4555-a3eb-129e7028239c,c4,c5,1263,?,x10,
1769466578.4001973,FORWARDED,7520296c-7262-494b-acb6-0ab736e57665,fa0a91ce-d117-4555-a3eb-129e7028239c,c4,c5,1263,?,x10,
1769466578.5656257,SENT,b6938834-43b7-41b0-bc16-596f7d550b78,ef93213d-ba7f-4761-ba32-eec237c911e4,c4,c5,1259,?,x7,
1769466578.5657115,FORWARDED,b6938834-43b7-41b0-bc16-596f7d550b78,ef93213d-ba7f-4761-ba32-eec237c911e4,c4,c5,1259,?,x7,
1769466579.9712706,RECEIVED,54b39ee5-cda8-4b62-9d7d-1587a51e4239,104122a5-89b5-4910-bd93-7db327f05ed1,c1,c3,1780,e8,?,
1769466580.357229,RECEIVED,44de9f82-34d3-4ed3-9d2f-533b2f0533d9,499edf21-b765-4284-96b9-59386f9faeea,c5,c4,1780,e11,?,
1769466580.4837072,SENT,44de9f82-34d3-4ed3-9d2f-533b2f0533d9,499edf21-b765-4284-96b9-59386f9faeea,c5,c4,1263,?,x5,
1769466580.4837942,FORWARDED,44de9f82-34d3-4ed3-9d2f-533b2f0533d9,499edf21-b765-4284-96b9-59386f9faeea,c5,c4,1263,?,x5,
1769466580.7565403,SENT,54b39ee5-cda8-4b62-9d7d-1587a51e4239,104122a5-89b5-4910-bd93-7db327f05ed1,c1,c3,1263,?,x10,
1769466580.7566721,FORWARDED,54b39ee5-cda8-4b62-9d7d-1587a51e4239,104122a5-89b5-4910-bd93-7db327f05ed1,c1,c3,1263,?,x10,
1769466581.687596,RECEIVED,f30bfc5e-e9d0-4b0c-b963-90712e4b4b64,41a5275d-c674-4576-8093-db90e189ab66,c5,c4,1776,e8,?,
1769466581.7538035,RECEIVED,707993c7-3345-4b85-bf6b-82c24af979d8,44f34f99-f219-4198-87ce-cf038f219039,c2,c5,1784,e11,?,
1769466581.7936647,SENT,707993c7-3345-4b85-bf6b-82c24af979d8,44f34f99-f219-4198-87ce-cf038f219039,c2,c5,1264,?,x5,
1769466581.793799,FORWARDED,707993c7-3345-4b85-bf6b-82c24af979d8,44f34f99-f219-4198-87ce-cf038f219039,c2,c5,1264,?,x5,
1769466582.3100176,SENT,f30bfc5e-e9d0-4b0c-b963-90712e4b4b64,41a5275d-c674-4576-8093-db90e189ab66,c5,c4,1258,?,x10,
1769466582.3103266,FORWARDED,f30bfc5e-e9d0-4b0c-b963-90712e4b4b64,41a5275d-c674-4576-8093-db90e189ab66,c5,c4,1258,?,x10,
1769466583.467558,RECEIVED,50f4e59a-dfac-4c57-abb4-e22f06584bea,d2c9266b-5611-4962-b495-0d1c324576c5,c3,c1,1784,e2,?,
1769466583.6207712,RECEIVED,1cf123c2-e871-4ec7-976f-a162b3adf92c,df32cffd-21db-44e4-9f77-97228d5aae1a,c3,c1,1771,e10,?,
1769466583.704749,SENT,50f4e59a-dfac-4c57-abb4-e22f06584bea,d2c9266b-5611-4962-b495-0d1c324576c5,c3,c1,1265,?,x10,
1769466583.7048395,FORWARDED,50f4e59a-dfac-4c57-abb4-e22f06584bea,d2c9266b-5611-4962-b495-0d1c324576c5,c3,c1,1265,?,x10,
1769466583.8994594,SENT,1cf123c2-e871-4ec7-976f-a162b3adf92c,df32cffd-21db-44e4-9f77-97228d5aae1a,c3,c1,1256,?,x2,
1769466583.8995934,FORWARDED,1cf123c2-e871-4ec7-976f-a162b3adf92c,df32cffd-21db-44e4-9f77-97228d5aae1a,c3,c1,1256,?,x2,
1769466584.074491,RECEIVED,ed069144-3805-4ef1-9893-7b7cfd1c9768,514eb46c-f838-48c4-b768-1e7db59d0c66,c5,c4,1769,e5,?,
1769466584.0868225,SENT,ed069144-3805-4ef1-9893-7b7cfd1c9768,514eb46c-f838-48c4-b768-1e7db59d0c66,c5,c4,1252,?,x2,
1769466584.0869522,FORWARDED,ed069144-3805-4ef1-9893-7b7cfd1c9768,514eb46c-f838-48c4-b768-1e7db59d0c66,c5,c4,1252,?,x2,
1769466584.8173463,RECEIVED,688bd631-dd26-4c4a-9dad-2c589d68505c,6159b98d-b334-4886-93b5-62207a9596f9,c3,c1,1776,e7,?,
1769466585.0487525,FORWARDED,688bd631-dd26-4c4a-9dad-2c589d68505c,6159b98d-b334-4886-93b5-62207a9596f9,c3,c1,1260,?,x6,
1769466585.0681863,RECEIVED,444a0bfb-5b6f-4b75-bd66-334e5d5b07a0,f9f10257-be00-46d7-8f84-2c823e6a13ea,c4,c5,1783,e10,?,
1769466585.0894282,RECEIVED,5bfadb54-a747-4ac9-bbb1-99f5a91024f4,7485f503-552f-45e0-ac0b-9e162ad7912f,c3,c1,1780,e5,?,
1769466585.3179393,SENT,5bfadb54-a747-4ac9-bbb1-99f5a91024f4,7485f503-552f-45e0-ac0b-9e162ad7912f,c3,c1,1263,?,x4,
1769466585.3181257,FORWARDED,5bfadb54-a747-4ac9-bbb1-99f5a91024f4,7485f503-552f-45e0-ac0b-9e162ad7912f,c3,c1,1263,?,x4,
1769466585.4044032,RECEIVED,dea80fa9-6634-4339-8d23-9fc4a5006b9b,fe6a7a53-c352-4b93-bd1e-914e3d28fe40,c5,c4,1764,e3,?,
1769466585.5084553,SENT,dea80fa9-6634-4339-8d23-9fc4a5006b9b,fe6a7a53-c352-4b93-bd1e-914e3d28fe40,c5,c4,1251,?,x9,
1769466585.5085108,FORWARDED,dea80fa9-6634-4339-8d23-9fc4a5006b9b,fe6a7a53-c352-4b93-bd1e-914e3d28fe40,c5,c4,1251,?,x9,
1769466585.7003112,RECEIVED,0a586166-80c3-4779-8965-c5c025548a64,476c7c03-3af8-4d65-aafe-86b07b666db2,c4,c5,1780,e2,?,
1769466585.9113288,RECEIVED,8e2928c9-d0c1-4fc0-9a01-16e958f82b45,3354c66d-3aab-4ee9-93d4-077d341307e3,c5,c4,1780,e9,?,
1769466586.0514512,SENT,444a0bfb-5b6f-4b75-bd66-334e5d5b07a0,f9f10257-be00-46d7-8f84-2c823e6a13ea,c4,c5,1264,?,x8,
1769466586.051583,FORWARDED,444a0bfb-5b6f-4b75-bd66-334e5d5b07a0,f9f10257-be00-46d7-8f84-2c823e6a13ea,c4,c5,1264,?,x8,
1769466586.1446834,SENT,0a586166-80c3-4779-8965-c5c025548a64,476c7c03-3af8-4d65-aafe-86b07b666db2,c4,c5,1263,?,x12,
1769466586.1448092,FORWARDED,0a586166-80c3-4779-8965-c5c025548a64,476c7c03-3af8-4d65-aafe-86b07b666db2,c4,c5,1263,?,x12,
1769466586.3015397,SENT,8e2928c9-d0c1-4fc0-9a01-16e958f82b45,3354c66d-3aab-4ee9-93d4-077d341307e3,c5,c4,1263,?,x12,
1769466586.301606,FORWARDED,8e2928c9-d0c1-4fc0-9a01-16e958f82b45,3354c66d-3aab-4ee9-93d4-077d341307e3,c5,c4,1263,?,x12,
1769466586.5865366,RECEIVED,9f9aaf54-928f-420b-97a2-ed9aa1bbb563,0f487022-3542-4bea-9317-d926c778c3b6,c4,c5,1772,e9,?,
1769466586.8327696,SENT,9f9aaf54-928f-420b-97a2-ed9aa1bbb563,0f487022-3542-4bea-9317-d926c778c3b6,c4,c5,1255,?,x9,
1769466586.8328946,FORWARDED,9f9aaf54-928f-420b-97a2-ed9aa1bbb563,0f487022-3542-4bea-9317-d926c778c3b6,c4,c5,1255,?,x9,
1769466587.5601444,RECEIVED,743be146-6e72-4b44-a89b-372f82b42010,858c2f46-589d-43da-b3ee-c48044591d08,c3,c1,1765,e7,?,
1769466587.6226325,SENT,743be146-6e72-4b44-a89b-372f82b42010,858c2f46-589d-43da-b3ee-c48044591d08,c3,c1,1251,?,x3,
1769466587.622758,FORWARDED,743be146-6e72-4b44-a89b-372f82b42010,858c2f46-589d-43da-b3ee-c48044591d08,c3,c1,1251,?,x3,
1769466587.8787081,RECEIVED,d0f8378a-ba36-4c73-83ce-7a81ad40efd0,4566eece-16cd-441e-bab0-41050d533efa,c5,c4,1771,e1,?,
1769466588.177207,RECEIVED,e510ab76-55ef-466d-927f-38be856d2a2d,0964f032-6213-4bb7-9b59-54dd028c1dad,c3,c1,1765,e9,?,
1769466588.4036756,SENT,d0f8378a-ba36-4c73-83ce-7a81ad40efd0,4566eece-16cd-441e-bab0-41050d533efa,c5,c4,1256,?,x8,
1769466588.4038005,FORWARDED,d0f8378a-ba36-4c73-83ce-7a81ad40efd0,4566eece-16cd-441e-bab0-41050d533efa,c5,c4,1256,?,x8,
1769466588.4751165,SENT,e510ab76-55ef-466d-927f-38be856d2a2d,0964f032-6213-4bb7-9b59-54dd028c1dad,c3,c1,1251,?,x10,
1769466588.4754276,FORWARDED,e510ab76-55ef-466d-927f-38be856d2a2d,0964f032-6213-4bb7-9b59-54dd028c1dad,c3,c1,1251,?,x10,
1769466589.6645572,RECEIVED,c734048d-2c83-40aa-a551-4fdfa1da6f64,783a6a9a-0491-4321-abba-9d461b194092,c2,c5,1764,e8,?,
1769466589.8503137,SENT,c734048d-2c83-40aa-a551-4fdfa1da6f64,783a6a9a-0491-4321-abba-9d461b194092,c2,c5,1251,?,x3,
1769466589.850379,FORWARDED,c734048d-2c83-40aa-a551-4fdfa1da6f64,783a6a9a-0491-4321-abba-9d461b194092,c2,c5,1251,?,x3,
1769466591.1484075,RECEIVED,d4df604a-75d2-4431-a17e-3d6bd2479d21,446e06e0-d6d9-4e46-91e2-9f60eafd82e5,c3,c1,1782,e11,?,
1769466591.1647336,RECEIVED,bad91697-de1d-49bf-8224-3e251bdf8342,63b728ae-cec1-4c1d-82e5-bc3c0fec3bf3,c1,c3,1764,e6,?,
1769466591.1873922,SENT,d4df604a-75d2-4431-a17e-3d6bd2479d21,446e06e0-d6d9-4e46-91e2-9f60eafd82e5,c3,c1,1263,?,x10,
1769466591.1874788,FORWARDED,d4df604a-75d2-4431-a17e-3d6bd2479d21,446e06e0-d6d9-4e46-91e2-9f60eafd82e5,c3,c1,1263,?,x10,
1769466591.1923501,FORWARDED,bad91697-de1d-49bf-8224-3e251bdf8342,63b728ae-cec1-4c1d-82e5-bc3c0fec3bf3,c1,c3,1251,?,x6,
1769466592.3272636,RECEIVED,d6bff098-885d-4d13-85f1-35eaea6bd946,285cb31d-cc1f-47fc-98a9-23384d3dea6a,c5,c4,1771,e5,?,
1769466592.856425,SENT,d6bff098-885d-4d13-85f1-35eaea6bd946,285cb31d-cc1f-47fc-98a9-23384d3dea6a,c5,c4,1255,?,x4,
1769466592.8564844,FORWARDED,d6bff098-885d-4d13-85f1-35eaea6bd946,285cb31d-cc1f-47fc-98a9-23384d3dea6a,c5,c4,1255,?,x4,
1769466594.3378787,RECEIVED,1ff858ef-960d-4c52-9f10-6732770ce057,4d4361fc-7db7-4ea4-8936-b495613d387c,c4,c5,1763,e2,?,
1769466594.6732702,SENT,1ff858ef-960d-4c52-9f10-6732770ce057,4d4361fc-7db7-4ea4-8936-b495613d387c,c4,c5,1251,?,x7,
1769466594.673395,FORWARDED,1ff858ef-960d-4c52-9f10-6732770ce057,4d4361fc-7db7-4ea4-8936-b495613d387c,c4,c5,1251,?,x7,
1769466595.8797758,RECEIVED,711879c4-0c00-4188-97dc-496d9f4e2a26,fa0e0c70-ee10-4575-958f-1c6f9973dd5e,c2,c5,1778,e12,?,
1769466596.4638548,FORWARDED,711879c4-0c00-4188-97dc-496d9f4e2a26,fa0e0c70-ee10-4575-958f-1c6f9973dd5e,c2,c5,1262,?,x6,
1769466596.8887956,RECEIVED,dfe20987-cacd-4ddb-9825-b2344b5652b0,05d2cf1e-6969-43e1-813a-6038a7e7fdb4,c1,c3,1775,e3,?,
1769466596.9942162,RECEIVED,0316860f-7421-4d06-a878-7b75a5a32313,1495953d-170c-4eed-aaef-f4388821bcce,c3,c1,1768,e8,?,
1769466597.1632602,SENT,0316860f-7421-4d06-a878-7b75a5a32313,1495953d-170c-4eed-aaef-f4388821bcce,c3,c1,1252,?,x2,
1769466597.163343,FORWARDED,0316860f-7421-4d06-a878-7b75a5a32313,1495953d-170c-4eed-aaef-f4388821bcce,c3,c1,1252,?,x2,
1769466597.9268153,SENT,dfe20987-cacd-4ddb-9825-b2344b5652b0,05d2cf1e-6969-43e1-813a-6038a7e7fdb4,c1,c3,1260,?,x8,
1769466597.9269638,FORWARDED,dfe20987-cacd-4ddb-9825-b2344b5652b0,05d2cf1e-6969-43e1-813a-6038a7e7fdb4,c1,c3,1260,?,x8,
1769466598.2453485,RECEIVED,ed27ea11-e226-48f4-8a63-3093e77b8138,a70c556d-9cdb-4b97-b3e4-972a1ab71474,c3,c1,1784,e5,?,
1769466598.4648817,SENT,ed27ea11-e226-48f4-8a63-3093e77b8138,a70c556d-9cdb-4b97-b3e4-972a1ab71474,c3,c1,1264,?,x1,
1769466598.4650223,FORWARDED,ed27ea11-e226-48f4-8a63-3093e77b8138,a70c556d-9cdb-4b97-b3e4-972a1ab71474,c3,c1,1264,?,x1,
1769466599.755658,RECEIVED,0f867464-04eb-47b9-ae69-7f366da02c64,230fa5e6-82a9-43cc-986a-c5f7929aa589,c4,c5,1772,e7,?,
1769466600.0514522,SENT,0f867464-04eb-47b9-ae69-7f366da02c64,230fa5e6-82a9-43cc-986a-c5f7929aa589,c4,c5,1255,?,x8,
1769466600.0515413,FORWARDED,0f867464-04eb-47b9-ae69-7f366da02c64,230fa5e6-82a9-43cc-986a-c5f7929aa589,c4,c5,1255,?,x8,
1769466602.15446,RECEIVED,b16d814e-172f-40fb-a96d-2914b36d6bda,5c255290-c83b-4c0a-818c-eacd7f31fe9f,c3,c1,1780,e11,?,
1769466602.3215578,SENT,b16d814e-172f-40fb-a96d-2914b36d6bda,5c255290-c83b-4c0a-818c-eacd7f31fe9f,c3,c1,1263,?,x10,
1769466602.321641,FORWARDED,b16d814e-172f-40fb-a96d-2914b36d6bda,5c255290-c83b-4c0a-818c-eacd7f31fe9f,c3,c1,1263,?,x10,
1769466604.0472884,RECEIVED,cae62073-93f5-42a2-b2e6-3698ace89e88,a1687841-3220-4bb8-87bc-47faa8efd9e9,c2,c5,1785,e12,?,
1769466604.0729904,SENT,cae62073-93f5-42a2-b2e6-3698ace89e88,a1687841-3220-4bb8-87bc-47faa8efd9e9,c2,c5,1264,?,x7,
1769466604.0732625,FORWARDED,cae62073-93f5-42a2-b2e6-3698ace89e88,a1687841-3220-4bb8-87bc-47faa8efd9e9,c2,c5,1264,?,x7,
1769466604.250268,RECEIVED,eae294c9-7332-4537-9fa2-e17636dd87d0,0ae5b7d1-3b23-4bbd-bfc6-e2ae68cc253c,c5,c4,1773,e3,?,
1769466604.2565281,RECEIVED,adfa1c3a-452a-43f2-860c-d69cf86f4a6b,761ed0ae-b749-45ee-bd18-0935dca7ab15,c1,c3,1776,e2,?,
1769466604.3089373,SENT,eae294c9-7332-4537-9fa2-e17636dd87d0,0ae5b7d1-3b23-4bbd-bfc6-e2ae68cc253c,c5,c4,1256,?,x12,
1769466604.3090043,FORWARDED,eae294c9-7332-4537-9fa2-e17636dd87d0,0ae5b7d1-3b23-4bbd-bfc6-e2ae68cc253c,c5,c4,1256,?,x12,
1769466604.5975559,SENT,adfa1c3a-452a-43f2-860c-d69cf86f4a6b,761ed0ae-b749-45ee-bd18-0935dca7ab15,c1,c3,1259,?,x9,
1769466604.5976884,FORWARDED,adfa1c3a-452a-43f2-860c-d69cf86f4a6b,761ed0ae-b749-45ee-bd18-0935dca7ab15,c1,c3,1259,?,x9,
1769466605.445896,RECEIVED,396e7e10-89d1-43b0-90b3-52a1b3ec0842,26d6578e-7eda-48b1-9706-15e13dea0e7c,c2,c5,1776,e8,?,
1769466605.89537,SENT,396e7e10-89d1-43b0-90b3-52a1b3ec0842,26d6578e-7eda-48b1-9706-15e13dea0e7c,c2,c5,1260,?,x7,
1769466605.8954344,FORWARDED,396e7e10-89d1-43b0-90b3-52a1b3ec0842,26d6578e-7eda-48b1-9706-15e13dea0e7c,c2,c5,1260,?,x7,
1769466608.6568227,RECEIVED,b30f512a-4812-4365-9f54-19c33fedb8a9,73da5336-5469-479c-8b9f-736a85d34e26,c1,c3,1775,e2,?,
1769466608.8298378,RECEIVED,c4fdda95-d1c6-4bbe-a103-0ec726fb03e6,12f79917-e9f3-4dc9-b049-04a850433504,c1,c3,1780,e10,?,
1769466609.0477555,SENT,b30f512a-4812-4365-9f54-19c33fedb8a9,73da5336-5469-479c-8b9f-736a85d34e26,c1,c3,1260,?,x8,
1769466609.0479138,FORWARDED,b30f512a-4812-4365-9f54-19c33fedb8a9,73da5336-5469-479c-8b9f-736a85d34e26,c1,c3,1260,?,x8,
1769466609.1987185,SENT,c4fdda95-d1c6-4bbe-a103-0ec726fb03e6,12f79917-e9f3-4dc9-b049-04a850433504,c1,c3,1261,?,x7,
1769466609.1988454,FORWARDED,c4fdda95-d1c6-4bbe-a103-0ec726fb03e6,12f79917-e9f3-4dc9-b049-04a850433504,c1,c3,1261,?,x7,
1769466610.227337,RECEIVED,04d48da6-c02a-4710-a356-b9a612db60be,3833019e-7223-41d5-8e35-10684b945a3b,c1,c3,1763,e6,?,
1769466610.400006,RECEIVED,ef7c5c2a-5d0b-40be-ae80-aa1de9f10998,3f98c4dd-21e3-4f24-8816-35331ca4f368,c4,c5,1775,e9,?,
1769466610.548239,SENT,04d48da6-c02a-4710-a356-b9a612db60be,3833019e-7223-41d5-8e35-10684b945a3b,c1,c3,1251,?,x2,
1769466610.548523,FORWARDED,04d48da6-c02a-4710-a356-b9a612db60be,3833019e-7223-41d5-8e35-10684b945a3b,c1,c3,1251,?,x2,
1769466610.9218824,RECEIVED,eea3555b-176b-42bb-90f2-a363b6e6d87b,1bf33553-87fd-42b0-8735-401c20348bf3,c5,c4,1776,e2,?,
1769466611.1503043,SENT,eea3555b-176b-42bb-90f2-a363b6e6d87b,1bf33553-87fd-42b0-8735-401c20348bf3,c5,c4,1259,?,x2,
1769466611.1504314,FORWARDED,eea3555b-176b-42bb-90f2-a363b6e6d87b,1bf33553-87fd-42b0-8735-401c20348bf3,c5,c4,1259,?,x2,
1769466611.5543883,SENT,ef7c5c2a-5d0b-40be-ae80-aa1de9f10998,3f98c4dd-21e3-4f24-8816-35331ca4f368,c4,c5,1260,?,x5,
1769466611.5545208,FORWARDED,ef7c5c2a-5d0b-40be-ae80-aa1de9f10998,3f98c4dd-21e3-4f24-8816-35331ca4f368,c4,c5,1260,?,x5,
1769466614.2913694,RECEIVED,a0be907b-9879-44e5-914b-e6ce2a39a4b6,5dc68f5c-de6f-4498-b534-ac39764888c1,c4,c5,1783,e5,?,
1769466614.458571,RECEIVED,b702808b-2b3e-40c8-a388-631631f1aee6,d9d747f2-f295-465a-b778-295770721298,c5,c4,1775,e11,?,
1769466614.5427206,RECEIVED,7c7d90c3-94dd-40a1-8d21-4f4b31f54217,e4a18fde-d55b-4b46-bce9-a35fa3dcb956,c4,c5,1769,e2,?,
1769466614.6006112,RECEIVED,8489d92d-7fc4-458a-9cd8-e68ca473d03a,ad68d83f-ebd4-40ae-8617-c82549d63a47,c1,c3,1767,e7,?,
1769466614.965307,SENT,7c7d90c3-94dd-40a1-8d21-4f4b31f54217,e4a18fde-d55b-4b46-bce9-a35fa3dcb956,c4,c5,1252,?,x10,
1769466614.9653726,FORWARDED,7c7d90c3-94dd-40a1-8d21-4f4b31f54217,e4a18fde-d55b-4b46-bce9-a35fa3dcb956,c4,c5,1252,?,x10,
1769466615.1266294,SENT,b702808b-2b3e-40c8-a388-631631f1aee6,d9d747f2-f295-465a-b778-295770721298,c5,c4,1258,?,x3,
1769466615.1266942,FORWARDED,b702808b-2b3e-40c8-a388-631631f1aee6,d9d747f2-f295-465a-b778-295770721298,c5,c4,1258,?,x3,
1769466615.336277,SENT,a0be907b-9879-44e5-914b-e6ce2a39a4b6,5dc68f5c-de6f-4498-b534-ac39764888c1,c4,c5,1264,?,x10,
1769466615.3363419,FORWARDED,a0be907b-9879-44e5-914b-e6ce2a39a4b6,5dc68f5c-de6f-4498-b534-ac39764888c1,c4,c5,1264,?,x10,
1769466615.5121586,RECEIVED,4d3c4ad6-2dd8-43ae-875f-df53e17960e0,693f1b3a-c0b6-43b5-8c4d-71bd26bf8449,c3,c1,1784,e6,?,
1769466616.0511794,SENT,4d3c4ad6-2dd8-43ae-875f-df53e17960e0,693f1b3a-c0b6-43b5-8c4d-71bd26bf8449,c3,c1,1264,?,x12,
1769466616.051336,FORWARDED,4d3c4ad6-2dd8-43ae-875f-df53e17960e0,693f1b3a-c0b6-43b5-8c4d-71bd26bf8449,c3,c1,1264,?,x12,
1769466616.3476121,FORWARDED,8489d92d-7fc4-458a-9cd8-e68ca473d03a,ad68d83f-ebd4-40ae-8617-c82549d63a47,c1,c3,1252,?,x6,
1769466616.893806,RECEIVED,26cd6eed-107c-475e-b99c-b6f8209e95fb,d9a68808-c4b8-40da-86d1-0e9a0b967875,c3,c1,1764,e3,?,
1769466617.0726535,SENT,26cd6eed-107c-475e-b99c-b6f8209e95fb,d9a68808-c4b8-40da-86d1-0e9a0b967875,c3,c1,1251,?,x3,
1769466617.0727084,FORWARDED,26cd6eed-107c-475e-b99c-b6f8209e95fb,d9a68808-c4b8-40da-86d1-0e9a0b967875,c3,c1,1251,?,x3,
1769466617.1461086,RECEIVED,a7c4b5b5-09f5-46b3-a1f1-c6a5db67edb9,a11f178d-c067-4cbc-a48d-8c3f9f060af8,c4,c5,1780,e12,?,
1769466617.4568765,RECEIVED,37598950-716e-457a-a2f9-798006680edb,6ee64d0a-e8f6-479f-bc69-783a432b9c9b,c4,c5,1780,e12,?,
1769466617.616873,RECEIVED,aff9d16f-a3d1-4040-8238-fdd0e76d4d58,06fed2b9-edeb-4f74-8d4a-63fb07839627,c1,c3,1776,e8,?,
1769466617.7536318,SENT,37598950-716e-457a-a2f9-798006680edb,6ee64d0a-e8f6-479f-bc69-783a432b9c9b,c4,c5,1263,?,x1,
1769466617.75372,FORWARDED,37598950-716e-457a-a2f9-798006680edb,6ee64d0a-e8f6-479f-bc69-783a432b9c9b,c4,c5,1263,?,x1,
1769466617.9302528,RECEIVED,f0dbe6c9-2a57-4984-b484-0f13942fb984,6b3c39e1-30ec-48f0-8d01-2395bbc717bf,c1,c3,1776,e5,?,
1769466618.0873718,SENT,aff9d16f-a3d1-4040-8238-fdd0e76d4d58,06fed2b9-edeb-4f74-8d4a-63fb07839627,c1,c3,1259,?,x3,
1769466618.0874794,FORWARDED,aff9d16f-a3d1-4040-8238-fdd0e76d4d58,06fed2b9-edeb-4f74-8d4a-63fb07839627,c1,c3,1259,?,x3,
1769466618.2253225,SENT,a7c4b5b5-09f5-46b3-a1f1-c6a5db67edb9,a11f178d-c067-4cbc-a48d-8c3f9f060af8,c4,c5,1263,?,x11,
1769466618.2254593,FORWARDED,a7c4b5b5-09f5-46b3-a1f1-c6a5db67edb9,a11f178d-c067-4cbc-a48d-8c3f9f060af8,c4,c5,1263,?,x11,
1769466618.414037,SENT,f0dbe6c9-2a57-4984-b484-0f13942fb984,6b3c39e1-30ec-48f0-8d01-2395bbc717bf,c1,c3,1260,?,x12,
1769466618.4142396,FORWARDED,f0dbe6c9-2a57-4984-b484-0f13942fb984,6b3c39e1-30ec-48f0-8d01-2395bbc717bf,c1,c3,1260,?,x12,
1769466618.5427659,RECEIVED,0b17d010-cfe3-4070-a9d8-f64b551ed1e5,92e4d398-6d1b-4d50-b922-d094e992a188,c5,c4,1781,e12,?,
1769466618.91142,SENT,0b17d010-cfe3-4070-a9d8-f64b551ed1e5,92e4d398-6d1b-4d50-b922-d094e992a188,c5,c4,1262,?,x10,
1769466618.9115555,FORWARDED,0b17d010-cfe3-4070-a9d8-f64b551ed1e5,92e4d398-6d1b-4d50-b922-d094e992a188,c5,c4,1262,?,x10,
1769466619.5468025,RECEIVED,10ce1efe-67c6-4d3a-988f-3e90e2458225,c2febe81-7554-4735-8d5e-898300677eef,c3,c1,1776,e2,?,
1769466619.8375525,RECEIVED,2f9e8c84-7de7-42e7-98e1-f16041aa3b7f,64f4dc2c-3a7f-454f-86b4-22ce1e03db40,c3,c1,1780,e2,?,
1769466619.9478009,SENT,2f9e8c84-7de7-42e7-98e1-f16041aa3b7f,64f4dc2c-3a7f-454f-86b4-22ce1e03db40,c3,c1,1263,?,x8,
1769466619.947932,FORWARDED,2f9e8c84-7de7-42e7-98e1-f16041aa3b7f,64f4dc2c-3a7f-454f-86b4-22ce1e03db40,c3,c1,1263,?,x8,
1769466619.9978838,SENT,10ce1efe-67c6-4d3a-988f-3e90e2458225,c2febe81-7554-4735-8d5e-898300677eef,c3,c1,1259,?,x11,
1769466619.9980192,FORWARDED,10ce1efe-67c6-4d3a-988f-3e90e2458225,c2febe81-7554-4735-8d5e-898300677eef,c3,c1,1259,?,x11,
1769466621.3677711,RECEIVED,ed2b762c-0a47-44fe-bc2e-a52301d15888,29867770-6649-49e9-b48e-faab3f9a9c9c,c2,c5,1784,e12,?,
1769466621.4263442,SENT,ed2b762c-0a47-44fe-bc2e-a52301d15888,29867770-6649-49e9-b48e-faab3f9a9c9c,c2,c5,1265,?,x4,
1769466621.4264743,FORWARDED,ed2b762c-0a47-44fe-bc2e-a52301d15888,29867770-6649-49e9-b48e-faab3f9a9c9c,c2,c5,1265,?,x4,
1769466622.057257,RECEIVED,c85fec51-5e0d-4741-ab99-1d296737f4de,84ee1d77-133e-43bf-b96b-def30597f83b,c4,c5,1772,e6,?,
1769466622.120616,SENT,c85fec51-5e0d-4741-ab99-1d296737f4de,84ee1d77-133e-43bf-b96b-def30597f83b,c4,c5,1255,?,x8,
1769466622.1207318,FORWARDED,c85fec51-5e0d-4741-ab99-1d296737f4de,84ee1d77-133e-43bf-b96b-def30597f83b,c4,c5,1255,?,x8,
1769466622.292345,RECEIVED,6b958c4a-2834-48f6-a4c9-f8157541ee32,b8be4eef-7493-4336-a4c0-7adcce55e93f,c3,c1,1772,e6,?,
1769466622.6505566,SENT,6b958c4a-2834-48f6-a4c9-f8157541ee32,b8be4eef-7493-4336-a4c0-7adcce55e93f,c3,c1,1256,?,x8,
1769466622.650687,FORWARDED,6b958c4a-2834-48f6-a4c9-f8157541ee32,b8be4eef-7493-4336-a4c0-7adcce55e93f,c3,c1,1256,?,x8,
1769466623.7774887,RECEIVED,5f978dba-09d6-4233-9f3d-ed9c41a50b72,f488627f-80c4-4fab-ab0e-838eebaa1c6b,c2,c5,1776,e11,?,
1769466624.2421815,FORWARDED,5f978dba-09d6-4233-9f3d-ed9c41a50b72,f488627f-80c4-4fab-ab0e-838eebaa1c6b,c2,c5,1260,?,x6,
1769466624.2807605,RECEIVED,fc8878e2-dbb0-4d95-bee8-1186ac9a6b28,9c6b225a-4abf-4baa-9f70-4ed655dbadbd,c5,c4,1775,e8,?,
1769466624.8548007,SENT,fc8878e2-dbb0-4d95-bee8-1186ac9a6b28,9c6b225a-4abf-4baa-9f70-4ed655dbadbd,c5,c4,1259,?,x5,
1769466624.854893,FORWARDED,fc8878e2-dbb0-4d95-bee8-1186ac9a6b28,9c6b225a-4abf-4baa-9f70-4ed655dbadbd,c5,c4,1259,?,x5,
1769466625.5356715,RECEIVED,95d10395-0793-4b50-aab5-1c6d1bb7f3f3,9b283363-50b7-457e-a701-78187c52985a,c3,c1,1768,e3,?,
1769466625.6570995,SENT,95d10395-0793-4b50-aab5-1c6d1bb7f3f3,9b283363-50b7-457e-a701-78187c52985a,c3,c1,1252,?,x3,
1769466625.6572888,FORWARDED,95d10395-0793-4b50-aab5-1c6d1bb7f3f3,9b283363-50b7-457e-a701-78187c52985a,c3,c1,1252,?,x3,
1769466627.117957,RECEIVED,809a5070-973b-402b-aab7-9f0442c327c2,a82aba8e-4300-44ba-9add-b14ee5256136,c2,c5,1775,e9,?,
1769466627.932631,SENT,809a5070-973b-402b-aab7-9f0442c327c2,a82aba8e-4300-44ba-9add-b14ee5256136,c2,c5,1260,?,x1,
1769466627.9327605,FORWARDED,809a5070-973b-402b-aab7-9f0442c327c2,a82aba8e-4300-44ba-9add-b14ee5256136,c2,c5,1260,?,x1,
1769466628.9562144,RECEIVED,caac6ac5-b002-4a88-a355-4fd2e1f7f28f,24fc8c7c-fbe2-47e0-b3ae-351ef99ac111,c2,c5,1767,e5,?,
1769466630.000094,RECEIVED,64b3a604-6d4d-493f-86a5-68b5ccad68cc,b8cfb846-fcf3-4acc-a3ee-091fecdb6717,c4,c5,1784,e7,?,
1769466630.2014997,SENT,64b3a604-6d4d-493f-86a5-68b5ccad68cc,b8cfb846-fcf3-4acc-a3ee-091fecdb6717,c4,c5,1264,?,x4,
1769466630.2015634,FORWARDED,64b3a604-6d4d-493f-86a5-68b5ccad68cc,b8cfb846-fcf3-4acc-a3ee-091fecdb6717,c4,c5,1264,?,x4,
1769466630.5824637,SENT,caac6ac5-b002-4a88-a355-4fd2e1f7f28f,24fc8c7c-fbe2-47e0-b3ae-351ef99ac111,c2,c5,1252,?,x9,
1769466630.5826292,FORWARDED,caac6ac5-b002-4a88-a355-4fd2e1f7f28f,24fc8c7c-fbe2-47e0-b3ae-351ef99ac111,c2,c5,1252,?,x9,
1769466630.7703776,RECEIVED,9dce007f-c6dc-4f6f-b0cc-a370666fcd3f,f3e7173c-3b3b-4149-a0ed-5f45553e67bf,c1,c3,1775,e1,?,
1769466631.354937,RECEIVED,fa6c2049-3d22-4c10-abd8-40f2d718df8d,0cc0528e-31e1-4ce0-8946-0874c36e3f89,c5,c4,1779,e5,?,
1769466631.442498,SENT,fa6c2049-3d22-4c10-abd8-40f2d718df8d,0cc0528e-31e1-4ce0-8946-0874c36e3f89,c5,c4,1263,?,x12,
1769466631.4426134,FORWARDED,fa6c2049-3d22-4c10-abd8-40f2d718df8d,0cc0528e-31e1-4ce0-8946-0874c36e3f89,c5,c4,1263,?,x12,
1769466631.5036576,RECEIVED,2f4fa54b-0863-41cd-97f5-9ed5af9f9914,bd979e61-cbd0-457a-9924-5e8dd8d5be11,c3,c1,1780,e6,?,
1769466631.6426706,SENT,2f4fa54b-0863-41cd-97f5-9ed5af9f9914,bd979e61-cbd0-457a-9924-5e8dd8d5be11,c3,c1,1263,?,x2,
1769466631.6427834,FORWARDED,2f4fa54b-0863-41cd-97f5-9ed5af9f9914,bd979e61-cbd0-457a-9924-5e8dd8d5be11,c3,c1,1263,?,x2,
1769466632.0661693,RECEIVED,8490e78d-4688-4a78-b46c-4041ad1a5621,3b7c9bcc-0837-4dad-a479-83d1c80af385,c3,c1,1777,e5,?,
1769466632.1489336,SENT,8490e78d-4688-4a78-b46c-4041ad1a5621,3b7c9bcc-0837-4dad-a479-83d1c80af385,c3,c1,1259,?,x3,
1769466632.1490808,FORWARDED,8490e78d-4688-4a78-b46c-4041ad1a5621,3b7c9bcc-0837-4dad-a479-83d1c80af385,c3,c1,1259,?,x3,
1769466632.4160268,RECEIVED,96ad4963-9246-459b-b01c-8c22ac5cb50b,64b2f849-a7c3-4b2c-b1d9-69bfa74ec729,c1,c3,1780,e3,?,
1769466632.6386673,SENT,96ad4963-9246-459b-b01c-8c22ac5cb50b,64b2f849-a7c3-4b2c-b1d9-69bfa74ec729,c1,c3,1261,?,x5,
1769466632.6387835,FORWARDED,96ad4963-9246-459b-b01c-8c22ac5cb50b,64b2f849-a7c3-4b2c-b1d9-69bfa74ec729,c1,c3,1261,?,x5,
1769466633.282367,SENT,9dce007f-c6dc-4f6f-b0cc-a370666fcd3f,f3e7173c-3b3b-4149-a0ed-5f45553e67bf,c1,c3,1259,?,x1,
1769466633.2824826,FORWARDED,9dce007f-c6dc-4f6f-b0cc-a370666fcd3f,f3e7173c-3b3b-4149-a0ed-5f45553e67bf,c1,c3,1259,?,x1,
1769466633.354326,RECEIVED,f21cd3ba-8499-4c8c-8ed2-c704a5d5201a,faf44ae5-f42e-4c2f-91cf-128ec1baf235,c3,c1,1763,e5,?,
1769466633.6316218,FORWARDED,f21cd3ba-8499-4c8c-8ed2-c704a5d5201a,faf44ae5-f42e-4c2f-91cf-128ec1baf235,c3,c1,1251,?,x6,
1769466636.354074,RECEIVED,6176e79c-bdd6-4436-b229-53c22d52b8ab,2f5a3c5a-f0a4-4ca6-9386-ae7761edcca0,c2,c5,1768,e5,?,
1769466636.501273,RECEIVED,1bc9a8c1-6f37-4717-8f5a-2fedfc1b60f7,c267d7ba-eaed-424a-92f6-828c9d09200c,c5,c4,1765,e9,?,
1769466636.5960767,RECEIVED,9393ad03-ccf8-4cf3-a391-b2f684835303,2d30f59b-6f2c-48bc-89c8-a1646180a796,c3,c1,1768,e10,?,
1769466636.709261,SENT,1bc9a8c1-6f37-4717-8f5a-2fedfc1b60f7,c267d7ba-eaed-424a-92f6-828c9d09200c,c5,c4,1251,?,x10,
1769466636.7093985,FORWARDED,1bc9a8c1-6f37-4717-8f5a-2fedfc1b60f7,c267d7ba-eaed-424a-92f6-828c9d09200c,c5,c4,1251,?,x10,
1769466636.8146627,SENT,6176e79c-bdd6-4436-b229-53c22d52b8ab,2f5a3c5a-f0a4-4ca6-9386-ae7761edcca0,c2,c5,1252,?,x4,
1769466636.814791,FORWARDED,6176e79c-bdd6-4436-b229-53c22d52b8ab,2f5a3c5a-f0a4-4ca6-9386-ae7761edcca0,c2,c5,1252,?,x4,
1769466636.9382083,RECEIVED,4d6a9ec6-33bf-431b-ac10-794ed2f7344e,f1849fd0-7055-4e97-a824-b7836293514f,c1,c3,1759,e5,?,
1769466637.5901208,SENT,9393ad03-ccf8-4cf3-a391-b2f684835303,2d30f59b-6f2c-48bc-89c8-a1646180a796,c3,c1,1253,?,x10,
1769466637.5902467,FORWARDED,9393ad03-ccf8-4cf3-a391-b2f684835303,2d30f59b-6f2c-48bc-89c8-a1646180a796,c3,c1,1253,?,x10,
1769466637.7978163,RECEIVED,0fed455e-425c-4f02-afc4-51c32035124c,5e504626-dba0-4739-8083-b6cc506c5bb9,c4,c5,1782,e11,?,
1769466638.4333205,SENT,0fed455e-425c-4f02-afc4-51c32035124c,5e504626-dba0-4739-8083-b6cc506c5bb9,c4,c5,1264,?,x12,
1769466638.4333913,FORWARDED,0fed455e-425c-4f02-afc4-51c32035124c,5e504626-dba0-4739-8083-b6cc506c5bb9,c4,c5,1264,?,x12,
1769466638.7606444,RECEIVED,c2965734-22d1-48a3-af89-271a34ea9281,785b8784-bee9-473f-880c-9d14954e1177,c3,c1,1765,e5,?,
1769466638.8401103,SENT,c2965734-22d1-48a3-af89-271a34ea9281,785b8784-bee9-473f-880c-9d14954e1177,c3,c1,1250,?,x2,
1769466638.840198,FORWARDED,c2965734-22d1-48a3-af89-271a34ea9281,785b8784-bee9-473f-880c-9d14954e1177,c3,c1,1250,?,x2,
1769466639.0491207,SENT,4d6a9ec6-33bf-431b-ac10-794ed2f7344e,f1849fd0-7055-4e97-a824-b7836293514f,c1,c3,1247,?,x9,
1769466639.049278,FORWARDED,4d6a9ec6-33bf-431b-ac10-794ed2f7344e,f1849fd0-7055-4e97-a824-b7836293514f,c1,c3,1247,?,x9,
1769466639.8129065,RECEIVED,8b155f02-969e-4d9a-9ac4-38b65170b3fd,02e92538-951d-43d5-8334-52a9e100bbe4,c2,c5,1763,e2,?,
1769466640.0361292,RECEIVED,d8b47d3e-eac3-4d6d-be96-89c7c5e0c4ec,4e49a04f-0411-43f9-aaf1-d41dd0b7a156,c3,c1,1762,e3,?,
1769466640.3200815,SENT,8b155f02-969e-4d9a-9ac4-38b65170b3fd,02e92538-951d-43d5-8334-52a9e100bbe4,c2,c5,1251,?,x7,
1769466640.320222,FORWARDED,8b155f02-969e-4d9a-9ac4-38b65170b3fd,02e92538-951d-43d5-8334-52a9e100bbe4,c2,c5,1251,?,x7,
1769466640.3268445,RECEIVED,399655d6-6bf5-4b30-89ff-2a6f87748c62,9e18bf6e-4d83-4f2f-87bd-4a26037faacc,c5,c4,1768,e1,?,
1769466640.513695,SENT,399655d6-6bf5-4b30-89ff-2a6f87748c62,9e18bf6e-4d83-4f2f-87bd-4a26037faacc,c5,c4,1252,?,x4,
1769466640.5138512,FORWARDED,399655d6-6bf5-4b30-89ff-2a6f87748c62,9e18bf6e-4d83-4f2f-87bd-4a26037faacc,c5,c4,1252,?,x4,
1769466640.5312896,SENT,d8b47d3e-eac3-4d6d-be96-89c7c5e0c4ec,4e49a04f-0411-43f9-aaf1-d41dd0b7a156,c3,c1,1251,?,x1,
1769466640.5314226,FORWARDED,d8b47d3e-eac3-4d6d-be96-89c7c5e0c4ec,4e49a04f-0411-43f9-aaf1-d41dd0b7a156,c3,c1,1251,?,x1,
1769466641.2958717,RECEIVED,205b8986-c6ef-4f60-b619-5f31d25d67b9,a9d0d02b-a4a9-4ecf-b769-370ea19737b7,c2,c5,1772,e9,?,
1769466641.4775183,RECEIVED,85c43a51-555c-48d3-844c-00d472bcbb9d,ab99b729-9dc8-4575-af0e-18192104e200,c1,c3,1777,e9,?,
1769466641.5316896,SENT,85c43a51-555c-48d3-844c-00d472bcbb9d,ab99b729-9dc8-4575-af0e-18192104e200,c1,c3,1258,?,x5,
1769466641.5317557,FORWARDED,85c43a51-555c-48d3-844c-00d472bcbb9d,ab99b729-9dc8-4575-af0e-18192104e200,c1,c3,1258,?,x5,
1769466641.6697955,RECEIVED,3fc0ce2c-b464-45c0-b095-122cae8726c2,1b62c16b-7570-4efe-a391-eb2834a2976b,c2,c5,1768,e9,?,
1769466641.7083542,SENT,205b8986-c6ef-4f60-b619-5f31d25d67b9,a9d0d02b-a4a9-4ecf-b769-370ea19737b7,c2,c5,1255,?,x2,
1769466641.7084622,FORWARDED,205b8986-c6ef-4f60-b619-5f31d25d67b9,a9d0d02b-a4a9-4ecf-b769-370ea19737b7,c2,c5,1255,?,x2,
1769466641.9054625,SENT,3fc0ce2c-b464-45c0-b095-122cae8726c2,1b62c16b-7570-4efe-a391-eb2834a2976b,c2,c5,1252,?,x5,
1769466641.9055748,FORWARDED,3fc0ce2c-b464-45c0-b095-122cae8726c2,1b62c16b-7570-4efe-a391-eb2834a2976b,c2,c5,1252,?,x5,
1769466642.6946313,RECEIVED,0d74e3d5-8abe-4b35-85b6-0af91136c88e,0363db61-5f44-4639-8aa1-6e194857ce7d,c4,c5,1776,e5,?,
1769466642.8751957,RECEIVED,9402e586-c570-4b39-ac6a-c04dc26765ce,bc2358bd-91c0-4100-8a5f-e05b9e438792,c4,c5,1772,e7,?,
1769466642.9620445,SENT,9402e586-c570-4b39-ac6a-c04dc26765ce,bc2358bd-91c0-4100-8a5f-e05b9e438792,c4,c5,1256,?,x4,
1769466642.9622045,FORWARDED,9402e586-c570-4b39-ac6a-c04dc26765ce,bc2358bd-91c0-4100-8a5f-e05b9e438792,c4,c5,1256,?,x4,
1769466643.1236908,SENT,0d74e3d5-8abe-4b35-85b6-0af91136c88e,0363db61-5f44-4639-8aa1-6e194857ce7d,c4,c5,1259,?,x1,
1769466643.1238227,FORWARDED,0d74e3d5-8abe-4b35-85b6-0af91136c88e,0363db61-5f44-4639-8aa1-6e194857ce7d,c4,c5,1259,?,x1,
1769466643.2364674,RECEIVED,4adddfa0-9d89-4686-9229-c6e98c7048d5,9738e51c-589c-4653-a359-df259b8dcb8d,c5,c4,1776,e6,?,
1769466643.8088284,SENT,4adddfa0-9d89-4686-9229-c6e98c7048d5,9738e51c-589c-4653-a359-df259b8dcb8d,c5,c4,1259,?,x10,
1769466643.8089812,FORWARDED,4adddfa0-9d89-4686-9229-c6e98c7048d5,9738e51c-589c-4653-a359-df259b8dcb8d,c5,c4,1259,?,x10,
1769466644.5002334,RECEIVED,83ed58ac-a605-47bc-a5cb-4fe2a9c6c2ce,a3333808-f7eb-421f-81e4-d5e0d0f6c506,c2,c5,1775,e12,?,
1769466644.7572906,RECEIVED,dd8a4145-3e55-46cd-a601-88f37d2c3cd3,9e7d9844-8832-403e-a579-054b601a2bd5,c2,c5,1780,e10,?,
1769466644.8765135,SENT,dd8a4145-3e55-46cd-a601-88f37d2c3cd3,9e7d9844-8832-403e-a579-054b601a2bd5,c2,c5,1263,?,x1,
1769466644.876602,FORWARDED,dd8a4145-3e55-46cd-a601-88f37d2c3cd3,9e7d9844-8832-403e-a579-054b601a2bd5,c2,c5,1263,?,x1,
1769466645.0526106,RECEIVED,1c09377b-0c8e-4995-940f-ca46aade4899,0ae566b8-a03f-4c28-8391-5339d8333556,c1,c3,1776,e11,?,
1769466645.1895862,SENT,1c09377b-0c8e-4995-940f-ca46aade4899,0ae566b8-a03f-4c28-8391-5339d8333556,c1,c3,1260,?,x3,
1769466645.1897187,FORWARDED,1c09377b-0c8e-4995-940f-ca46aade4899,0ae566b8-a03f-4c28-8391-5339d8333556,c1,c3,1260,?,x3,
1769466645.5448906,RECEIVED,ee354c59-7991-4bd4-8ce8-97a83dc04286,3c3741ef-c3db-4406-b640-d07ae505fb86,c3,c1,1775,e12,?,
1769466645.609394,SENT,83ed58ac-a605-47bc-a5cb-4fe2a9c6c2ce,a3333808-f7eb-421f-81e4-d5e0d0f6c506,c2,c5,1259,?,x5,
1769466645.6095262,FORWARDED,83ed58ac-a605-47bc-a5cb-4fe2a9c6c2ce,a3333808-f7eb-421f-81e4-d5e0d0f6c506,c2,c5,1259,?,x5,
1769466645.8226047,SENT,ee354c59-7991-4bd4-8ce8-97a83dc04286,3c3741ef-c3db-4406-b640-d07ae505fb86,c3,c1,1259,?,x2,
1769466645.8226964,FORWARDED,ee354c59-7991-4bd4-8ce8-97a83dc04286,3c3741ef-c3db-4406-b640-d07ae505fb86,c3,c1,1259,?,x2,
1769466649.5105543,RECEIVED,50382f2a-ca9e-48aa-ba1f-3c3616d263b7,7bcb31ac-1047-431f-ba5b-b362fbf8de3e,c1,c3,1780,e12,?,
1769466649.6764233,RECEIVED,045a2e4c-f413-4c50-9029-efbade24d2a2,817f90ee-7f5c-4b81-a9dd-362c4da24d72,c3,c1,1771,e11,?,
1769466650.017662,RECEIVED,d9533317-443d-4180-992b-ceda610fc03a,530e5626-4df7-43cc-a5de-1dc96c075411,c4,c5,1776,e6,?,
1769466650.0578673,SENT,50382f2a-ca9e-48aa-ba1f-3c3616d263b7,7bcb31ac-1047-431f-ba5b-b362fbf8de3e,c1,c3,1263,?,x12,
1769466650.0580237,FORWARDED,50382f2a-ca9e-48aa-ba1f-3c3616d263b7,7bcb31ac-1047-431f-ba5b-b362fbf8de3e,c1,c3,1263,?,x12,
1769466650.0756228,SENT,045a2e4c-f413-4c50-9029-efbade24d2a2,817f90ee-7f5c-4b81-a9dd-362c4da24d72,c3,c1,1255,?,x4,
1769466650.0757537,FORWARDED,045a2e4c-f413-4c50-9029-efbade24d2a2,817f90ee-7f5c-4b81-a9dd-362c4da24d72,c3,c1,1255,?,x4,
1769466650.0979376,RECEIVED,f67336f3-de28-414b-a2d2-fb1a5eb84ac8,a5399551-bb76-4e21-a3be-86d2bf2e553e,c3,c1,1772,e9,?,
1769466650.376523,RECEIVED,37b6be08-3e3b-4e4c-888d-3a25de60241a,10e71582-8afc-4a1f-ba28-50a4eaedbb4f,c3,c1,1775,e12,?,
1769466650.4095492,SENT,d9533317-443d-4180-992b-ceda610fc03a,530e5626-4df7-43cc-a5de-1dc96c075411,c4,c5,1260,?,x9,
1769466650.4096797,FORWARDED,d9533317-443d-4180-992b-ceda610fc03a,530e5626-4df7-43cc-a5de-1dc96c075411,c4,c5,1260,?,x9,
1769466650.4723852,SENT,f67336f3-de28-414b-a2d2-fb1a5eb84ac8,a5399551-bb76-4e21-a3be-86d2bf2e553e,c3,c1,1255,?,x3,
1769466650.4724522,FORWARDED,f67336f3-de28-414b-a2d2-fb1a5eb84ac8,a5399551-bb76-4e21-a3be-86d2bf2e553e,c3,c1,1255,?,x3,
1769466650.9869516,SENT,37b6be08-3e3b-4e4c-888d-3a25de60241a,10e71582-8afc-4a1f-ba28-50a4eaedbb4f,c3,c1,1258,?,x5,
1769466650.9870982,FORWARDED,37b6be08-3e3b-4e4c-888d-3a25de60241a,10e71582-8afc-4a1f-ba28-50a4eaedbb4f,c3,c1,1258,?,x5,
1769466651.426635,RECEIVED,dcd818b7-6017-4209-aea1-99de64dbcfef,ec058b0d-b64e-492c-b3b9-504b14303c4f,c4,c5,1768,e2,?,
1769466651.560433,SENT,dcd818b7-6017-4209-aea1-99de64dbcfef,ec058b0d-b64e-492c-b3b9-504b14303c4f,c4,c5,1252,?,x3,
1769466651.5605218,FORWARDED,dcd818b7-6017-4209-aea1-99de64dbcfef,ec058b0d-b64e-492c-b3b9-504b14303c4f,c4,c5,1252,?,x3,
1769466651.701165,RECEIVED,345a1c2a-7079-4ff6-b09e-c7201968093d,1bd9633c-65a1-4945-a2b4-7a8dff9db402,c3,c1,1764,e5,?,
1769466651.9603188,FORWARDED,345a1c2a-7079-4ff6-b09e-c7201968093d,1bd9633c-65a1-4945-a2b4-7a8dff9db402,c3,c1,1251,?,x6,
1769466652.4002872,RECEIVED,78d7124b-4190-46b7-adf7-2e99fed37320,b8018559-2305-4ba8-b2b2-a5e1de56a01b,c3,c1,1784,e12,?,
1769466652.4612858,FORWARDED,78d7124b-4190-46b7-adf7-2e99fed37320,b8018559-2305-4ba8-b2b2-a5e1de56a01b,c3,c1,1264,?,x6,
1769466654.0473673,RECEIVED,d4e5fc75-2fdd-4ad7-bdd2-86c35252f4d7,0d99a496-e00e-4ea9-b064-6c59f25ce575,c5,c4,1778,e5,?,
1769466654.0903516,SENT,d4e5fc75-2fdd-4ad7-bdd2-86c35252f4d7,0d99a496-e00e-4ea9-b064-6c59f25ce575,c5,c4,1260,?,x10,
1769466654.0904367,FORWARDED,d4e5fc75-2fdd-4ad7-bdd2-86c35252f4d7,0d99a496-e00e-4ea9-b064-6c59f25ce575,c5,c4,1260,?,x10,
1769466654.2074227,RECEIVED,eb064d76-1a01-4a79-b201-634958284b91,d08484dc-ab22-49ba-983a-25413facc54a,c3,c1,1768,e6,?,
1769466654.2669563,RECEIVED,d92e7775-461c-4f18-a74c-f54b9c504e5b,0d69b44a-f8a3-4842-94e5-b3229dbb5779,c2,c5,1780,e1,?,
1769466654.386566,SENT,eb064d76-1a01-4a79-b201-634958284b91,d08484dc-ab22-49ba-983a-25413facc54a,c3,c1,1252,?,x7,
1769466654.3866744,FORWARDED,eb064d76-1a01-4a79-b201-634958284b91,d08484dc-ab22-49ba-983a-25413facc54a,c3,c1,1252,?,x7,
1769466654.768423,SENT,d92e7775-461c-4f18-a74c-f54b9c504e5b,0d69b44a-f8a3-4842-94e5-b3229dbb5779,c2,c5,1263,?,x12,
1769466654.7685115,FORWARDED,d92e7775-461c-4f18-a74c-f54b9c504e5b,0d69b44a-f8a3-4842-94e5-b3229dbb5779,c2,c5,1263,?,x12,
1769466655.292027,RECEIVED,9fec23e2-6595-4a0b-9c98-a7954fd8496d,749674a2-cdd0-4b3b-88b2-9453895435b4,c5,c4,1768,e8,?,
1769466655.6178281,RECEIVED,3172dbe0-7ab9-4c9c-9d46-5efa27b2aa27,de19c8b4-689f-4cff-9ff7-41e966fbca43,c3,c1,1776,e12,?,
1769466655.6982212,SENT,3172dbe0-7ab9-4c9c-9d46-5efa27b2aa27,de19c8b4-689f-4cff-9ff7-41e966fbca43,c3,c1,1259,?,x1,
1769466655.6983309,FORWARDED,3172dbe0-7ab9-4c9c-9d46-5efa27b2aa27,de19c8b4-689f-4cff-9ff7-41e966fbca43,c3,c1,1259,?,x1,
1769466655.7178679,SENT,9fec23e2-6595-4a0b-9c98-a7954fd8496d,749674a2-cdd0-4b3b-88b2-9453895435b4,c5,c4,1252,?,x12,
1769466655.7179735,FORWARDED,9fec23e2-6595-4a0b-9c98-a7954fd8496d,749674a2-cdd0-4b3b-88b2-9453895435b4,c5,c4,1252,?,x12,
1769466656.110891,RECEIVED,59d2591d-d0fa-41db-a6bd-f6b10031f3aa,91e19e75-29e0-471c-af74-29819cc267a5,c5,c4,1768,e5,?,
1769466656.2833061,RECEIVED,1c85036c-55a4-47ea-81bd-e0ccb6fd5779,f15138eb-0271-4210-8b2e-1bd44519c1e6,c5,c4,1783,e12,?,
1769466656.4278007,SENT,59d2591d-d0fa-41db-a6bd-f6b10031f3aa,91e19e75-29e0-471c-af74-29819cc267a5,c5,c4,1254,?,x3,
1769466656.4278853,FORWARDED,59d2591d-d0fa-41db-a6bd-f6b10031f3aa,91e19e75-29e0-471c-af74-29819cc267a5,c5,c4,1254,?,x3,
1769466656.9963908,RECEIVED,4d1f9102-aef3-4502-9468-a077c305605e,5da67661-a890-4fc2-a0e4-3c1279647113,c4,c5,1771,e12,?,
1769466657.2666206,SENT,1c85036c-55a4-47ea-81bd-e0ccb6fd5779,f15138eb-0271-4210-8b2e-1bd44519c1e6,c5,c4,1265,?,x1,
1769466657.2666814,FORWARDED,1c85036c-55a4-47ea-81bd-e0ccb6fd5779,f15138eb-0271-4210-8b2e-1bd44519c1e6,c5,c4,1265,?,x1,
1769466657.3534548,RECEIVED,a575c959-cb23-4c68-8946-a741206751de,9ba01ee6-2ae5-45c7-9be0-eab3e8691659,c3,c1,1764,e7,?,
1769466657.7284586,SENT,a575c959-cb23-4c68-8946-a741206751de,9ba01ee6-2ae5-45c7-9be0-eab3e8691659,c3,c1,1251,?,x1,
1769466657.7285933,FORWARDED,a575c959-cb23-4c68-8946-a741206751de,9ba01ee6-2ae5-45c7-9be0-eab3e8691659,c3,c1,1251,?,x1,
1769466658.0812042,SENT,4d1f9102-aef3-4502-9468-a077c305605e,5da67661-a890-4fc2-a0e4-3c1279647113,c4,c5,1255,?,x8,
1769466658.0813417,FORWARDED,4d1f9102-aef3-4502-9468-a077c305605e,5da67661-a890-4fc2-a0e4-3c1279647113,c4,c5,1255,?,x8,
1769466659.0421286,RECEIVED,57168d1f-9c68-4880-a117-6ad11efd9444,bd4f8c37-16da-414c-8619-134ef84c3cc1,c5,c4,1775,e2,?,
1769466659.1627343,RECEIVED,6a52708c-399f-4a46-a45e-f859c33b968e,75fa06e0-0292-4fa2-80b6-096a2ef4914a,c1,c3,1779,e3,?,
1769466659.7122915,SENT,57168d1f-9c68-4880-a117-6ad11efd9444,bd4f8c37-16da-414c-8619-134ef84c3cc1,c5,c4,1259,?,x4,
1769466659.7124,FORWARDED,57168d1f-9c68-4880-a117-6ad11efd9444,bd4f8c37-16da-414c-8619-134ef84c3cc1,c5,c4,1259,?,x4,
1769466659.7634635,FORWARDED,6a52708c-399f-4a46-a45e-f859c33b968e,75fa06e0-0292-4fa2-80b6-096a2ef4914a,c1,c3,1262,?,x6,
1769466660.1054964,RECEIVED,83fa82d2-589e-49bc-a38f-8da2c15e0a86,4c1eebe3-4c39-4b08-8663-2335fe138ae9,c1,c3,1777,e6,?,
1769466660.123031,SENT,83fa82d2-589e-49bc-a38f-8da2c15e0a86,4c1eebe3-4c39-4b08-8663-2335fe138ae9,c1,c3,1259,?,x2,
1769466660.1231594,FORWARDED,83fa82d2-589e-49bc-a38f-8da2c15e0a86,4c1eebe3-4c39-4b08-8663-2335fe138ae9,c1,c3,1259,?,x2,
1769466660.231332,RECEIVED,8ad2999a-4aba-4ff3-adb6-5464db17757c,e0ce5dc8-3a5a-47b5-b1cc-d363c89a6b62,c5,c4,1775,e7,?,
1769466660.7743714,SENT,8ad2999a-4aba-4ff3-adb6-5464db17757c,e0ce5dc8-3a5a-47b5-b1cc-d363c89a6b62,c5,c4,1260,?,x8,
1769466660.774506,FORWARDED,8ad2999a-4aba-4ff3-adb6-5464db17757c,e0ce5dc8-3a5a-47b5-b1cc-d363c89a6b62,c5,c4,1260,?,x8,
1769466661.1773133,RECEIVED,b5b13b8c-41ba-46cc-903a-de280b8faa92,cd129c0c-172e-4015-ba49-6b204388100b,c3,c1,1761,e8,?,
1769466661.4373589,RECEIVED,0069bdad-99e8-43f1-a8be-6ee3af142cef,b2a6c46e-21e5-4eb4-8cd2-53b3b95f84e8,c3,c1,1772,e1,?,
1769466661.654662,RECEIVED,014d7a34-ff13-4136-9a5a-174932148541,bb794d50-a9fa-4a99-981f-bfbaab85879a,c1,c3,1766,e12,?,
1769466661.7321517,SENT,0069bdad-99e8-43f1-a8be-6ee3af142cef,b2a6c46e-21e5-4eb4-8cd2-53b3b95f84e8,c3,c1,1256,?,x11,
1769466661.7322927,FORWARDED,0069bdad-99e8-43f1-a8be-6ee3af142cef,b2a6c46e-21e5-4eb4-8cd2-53b3b95f84e8,c3,c1,1256,?,x11,
1769466661.982419,RECEIVED,849b566c-02c8-4860-b10a-5077c3c00fc8,841d459c-4726-4c51-a073-6f4b841b94be,c2,c5,1764,e8,?,
1769466662.337213,SENT,b5b13b8c-41ba-46cc-903a-de280b8faa92,cd129c0c-172e-4015-ba49-6b204388100b,c3,c1,1251,?,x5,
1769466662.3373806,FORWARDED,b5b13b8c-41ba-46cc-903a-de280b8faa92,cd129c0c-172e-4015-ba49-6b204388100b,c3,c1,1251,?,x5,
1769466662.3700848,SENT,849b566c-02c8-4860-b10a-5077c3c00fc8,841d459c-4726-4c51-a073-6f4b841b94be,c2,c5,1251,?,x5,
1769466662.3702185,FORWARDED,849b566c-02c8-4860-b10a-5077c3c00fc8,841d459c-4726-4c51-a073-6f4b841b94be,c2,c5,1251,?,x5,
1769466662.4413376,RECEIVED,ae7966bb-b629-45ec-9996-f518ba3417d0,5d2a7df9-6fd0-4b0b-8d10-37e550aa2036,c5,c4,1759,e8,?,
1769466663.0206974,FORWARDED,ae7966bb-b629-45ec-9996-f518ba3417d0,5d2a7df9-6fd0-4b0b-8d10-37e550aa2036,c5,c4,1247,?,x6,
1769466663.7742949,RECEIVED,6a1c0164-c794-4a93-9be8-d28ad0830892,089f10fc-15f4-475f-8a4b-776feb06984a,c3,c1,1771,e6,?,
1769466663.8588328,RECEIVED,1884c957-5e83-4c39-878b-768fdb56575b,35295f18-5912-4f5d-8bb9-ad913a9b3f72,c5,c4,1768,e12,?,
1769466663.930234,SENT,1884c957-5e83-4c39-878b-768fdb56575b,35295f18-5912-4f5d-8bb9-ad913a9b3f72,c5,c4,1252,?,x2,
1769466663.9304004,FORWARDED,1884c957-5e83-4c39-878b-768fdb56575b,35295f18-5912-4f5d-8bb9-ad913a9b3f72,c5,c4,1252,?,x2,
1769466664.1039348,SENT,014d7a34-ff13-4136-9a5a-174932148541,bb794d50-a9fa-4a99-981f-bfbaab85879a,c1,c3,1252,?,x3,
1769466664.1041043,FORWARDED,014d7a34-ff13-4136-9a5a-174932148541,bb794d50-a9fa-4a99-981f-bfbaab85879a,c1,c3,1252,?,x3,
1769466664.9616983,SENT,6a1c0164-c794-4a93-9be8-d28ad0830892,089f10fc-15f4-475f-8a4b-776feb06984a,c3,c1,1255,?,x7,
1769466664.9617872,FORWARDED,6a1c0164-c794-4a93-9be8-d28ad0830892,089f10fc-15f4-475f-8a4b-776feb06984a,c3,c1,1255,?,x7,
1769466665.1574829,RECEIVED,132b7c76-a75a-45b2-93ad-fa04df839097,6e89756d-a4f6-4cf7-be0a-58bca93ac3ea,c3,c1,1776,e10,?,
1769466665.1911983,SENT,132b7c76-a75a-45b2-93ad-fa04df839097,6e89756d-a4f6-4cf7-be0a-58bca93ac3ea,c3,c1,1259,?,x4,
1769466665.1912808,FORWARDED,132b7c76-a75a-45b2-93ad-fa04df839097,6e89756d-a4f6-4cf7-be0a-58bca93ac3ea,c3,c1,1259,?,x4,
1769466666.0538032,RECEIVED,80de8d18-666b-43e1-b9cc-f45bda4da050,f076c004-8787-45cc-8f57-fbefc6b8c69d,c2,c5,1764,e6,?,
1769466666.241819,SENT,80de8d18-666b-43e1-b9cc-f45bda4da050,f076c004-8787-45cc-8f57-fbefc6b8c69d,c2,c5,1251,?,x3,
1769466666.2419083,FORWARDED,80de8d18-666b-43e1-b9cc-f45bda4da050,f076c004-8787-45cc-8f57-fbefc6b8c69d,c2,c5,1251,?,x3,
1769466666.8283834,RECEIVED,f9019797-1c64-4cbd-964f-ac04d074e3a5,b6a88651-201e-4c69-8d29-5a120585261c,c3,c1,1768,e11,?,
1769466667.2445276,RECEIVED,7180129d-f859-43ec-8879-adac3123a2c7,e1913b12-c043-4d6c-9ec3-ddab1a5615fc,c4,c5,1780,e5,?,
1769466667.312196,SENT,f9019797-1c64-4cbd-964f-ac04d074e3a5,b6a88651-201e-4c69-8d29-5a120585261c,c3,c1,1252,?,x3,
1769466667.3123145,FORWARDED,f9019797-1c64-4cbd-964f-ac04d074e3a5,b6a88651-201e-4c69-8d29-5a120585261c,c3,c1,1252,?,x3,
1769466667.7740433,SENT,7180129d-f859-43ec-8879-adac3123a2c7,e1913b12-c043-4d6c-9ec3-ddab1a5615fc,c4,c5,1263,?,x12,
1769466667.7741783,FORWARDED,7180129d-f859-43ec-8879-adac3123a2c7,e1913b12-c043-4d6c-9ec3-ddab1a5615fc,c4,c5,1263,?,x12,
1769466667.9337127,RECEIVED,5a4b1c42-2633-49c2-a0a7-ab09fcc666f4,a7473182-4296-46ca-847a-169bc0bee826,c2,c5,1776,e8,?,
1769466668.204615,SENT,5a4b1c42-2633-49c2-a0a7-ab09fcc666f4,a7473182-4296-46ca-847a-169bc0bee826,c2,c5,1260,?,x8,
1769466668.2047358,FORWARDED,5a4b1c42-2633-49c2-a0a7-ab09fcc666f4,a7473182-4296-46ca-847a-169bc0bee826,c2,c5,1260,?,x8,
1769466668.9035118,RECEIVED,59755cc1-a962-4289-9465-f7b26fffc349,c5462ea0-6944-4b17-b979-cdf15575097d,c2,c5,1773,e1,?,
1769466669.0214126,SENT,59755cc1-a962-4289-9465-f7b26fffc349,c5462ea0-6944-4b17-b979-cdf15575097d,c2,c5,1255,?,x12,
1769466669.0214632,FORWARDED,59755cc1-a962-4289-9465-f7b26fffc349,c5462ea0-6944-4b17-b979-cdf15575097d,c2,c5,1255,?,x12,
1769466669.257248,RECEIVED,8fd0da80-71a5-4653-a4f4-89305e80f89c,8d546802-e18a-4a25-b3b6-da4c1670cade,c2,c5,1780,e12,?,
1769466669.5104225,SENT,8fd0da80-71a5-4653-a4f4-89305e80f89c,8d546802-e18a-4a25-b3b6-da4c1670cade,c2,c5,1263,?,x4,
1769466669.5104618,FORWARDED,8fd0da80-71a5-4653-a4f4-89305e80f89c,8d546802-e18a-4a25-b3b6-da4c1670cade,c2,c5,1263,?,x4,
1769466670.4201145,RECEIVED,3c910e49-3919-42ee-9e20-b2a75b00828b,2d907b38-3fb8-49f7-8418-cc414a776dab,c2,c5,1768,e9,?,
1769466670.6099818,SENT,3c910e49-3919-42ee-9e20-b2a75b00828b,2d907b38-3fb8-49f7-8418-cc414a776dab,c2,c5,1254,?,x11,
1769466670.6100998,FORWARDED,3c910e49-3919-42ee-9e20-b2a75b00828b,2d907b38-3fb8-49f7-8418-cc414a776dab,c2,c5,1254,?,x11,
1769466671.5773375,RECEIVED,121d77b7-24a7-4c37-b700-1d814b53fbff,81adf182-f511-43d4-852a-9368944e0fac,c4,c5,1765,e7,?,
1769466671.672929,SENT,121d77b7-24a7-4c37-b700-1d814b53fbff,81adf182-f511-43d4-852a-9368944e0fac,c4,c5,1251,?,x11,
1769466671.6730137,FORWARDED,121d77b7-24a7-4c37-b700-1d814b53fbff,81adf182-f511-43d4-852a-9368944e0fac,c4,c5,1251,?,x11,
1769466672.9479985,RECEIVED,287ac35f-5bdb-499f-a1c3-f875d3e87b07,94c4305a-006e-479a-9997-8abf8f9034bf,c3,c1,1771,e12,?,
1769466673.2964659,SENT,287ac35f-5bdb-499f-a1c3-f875d3e87b07,94c4305a-006e-479a-9997-8abf8f9034bf,c3,c1,1256,?,x7,
1769466673.296555,FORWARDED,287ac35f-5bdb-499f-a1c3-f875d3e87b07,94c4305a-006e-479a-9997-8abf8f9034bf,c3,c1,1256,?,x7,
1769466674.4950213,RECEIVED,eaed4af4-f95f-4aa8-b780-e90cf7424e29,335a420b-a2c0-43db-bbdd-26baf4b6f2e6,c2,c5,1780,e12,?,
1769466674.8916397,RECEIVED,ac2a169a-e7b5-4085-9665-861d00b71289,96039f63-d45c-4f6e-9342-63cfb66dae5a,c2,c5,1772,e2,?,
1769466674.973245,SENT,ac2a169a-e7b5-4085-9665-861d00b71289,96039f63-d45c-4f6e-9342-63cfb66dae5a,c2,c5,1255,?,x9,
1769466674.9733346,FORWARDED,ac2a169a-e7b5-4085-9665-861d00b71289,96039f63-d45c-4f6e-9342-63cfb66dae5a,c2,c5,1255,?,x9,
1769466675.004144,RECEIVED,c4eed5e2-6d8b-423b-be2e-ed50f2b46dda,9f433ff4-a3da-47d1-a19e-8f2b22a8f25c,c3,c1,1784,e6,?,
1769466675.2793274,SENT,eaed4af4-f95f-4aa8-b780-e90cf7424e29,335a420b-a2c0-43db-bbdd-26baf4b6f2e6,c2,c5,1263,?,x12,
1769466675.279414,FORWARDED,eaed4af4-f95f-4aa8-b780-e90cf7424e29,335a420b-a2c0-43db-bbdd-26baf4b6f2e6,c2,c5,1263,?,x12,
1769466675.5394714,RECEIVED,b58355e3-7921-496a-9ba9-5a71e6322f14,5269cd68-cad8-4170-956f-6bd9c64e04c4,c2,c5,1763,e9,?,
1769466675.6266317,SENT,c4eed5e2-6d8b-423b-be2e-ed50f2b46dda,9f433ff4-a3da-47d1-a19e-8f2b22a8f25c,c3,c1,1264,?,x10,
1769466675.6267648,FORWARDED,c4eed5e2-6d8b-423b-be2e-ed50f2b46dda,9f433ff4-a3da-47d1-a19e-8f2b22a8f25c,c3,c1,1264,?,x10,
1769466675.8796854,SENT,b58355e3-7921-496a-9ba9-5a71e6322f14,5269cd68-cad8-4170-956f-6bd9c64e04c4,c2,c5,1251,?,x4,
1769466675.8798068,FORWARDED,b58355e3-7921-496a-9ba9-5a71e6322f14,5269cd68-cad8-4170-956f-6bd9c64e04c4,c2,c5,1251,?,x4,
1769466676.3284724,RECEIVED,dc1e7982-9230-4f3e-80be-9458dae812e7,150dddb4-6438-4494-b47d-085ca38f64df,c4,c5,1776,e2,?,
1769466676.5387719,SENT,dc1e7982-9230-4f3e-80be-9458dae812e7,150dddb4-6438-4494-b47d-085ca38f64df,c4,c5,1259,?,x5,
1769466676.5389144,FORWARDED,dc1e7982-9230-4f3e-80be-9458dae812e7,150dddb4-6438-4494-b47d-085ca38f64df,c4,c5,1259,?,x5,
1769466677.3465712,RECEIVED,6012d21d-88f2-4717-b6a0-59301f9715f0,54c12145-cdfc-473d-8112-b15c9e7ea66c,c2,c5,1767,e7,?,
1769466677.7078764,SENT,6012d21d-88f2-4717-b6a0-59301f9715f0,54c12145-cdfc-473d-8112-b15c9e7ea66c,c2,c5,1252,?,x7,
1769466677.707961,FORWARDED,6012d21d-88f2-4717-b6a0-59301f9715f0,54c12145-cdfc-473d-8112-b15c9e7ea66c,c2,c5,1252,?,x7,
1769466677.7242515,RECEIVED,af72152d-a952-4690-9af7-4523cc6b8605,1ca18bba-e393-467f-9a94-4bcac0ed4894,c3,c1,1777,e7,?,
1769466678.12,SENT,af72152d-a952-4690-9af7-4523cc6b8605,1ca18bba-e393-467f-9a94-4bcac0ed4894,c3,c1,1260,?,x10,
1769466678.120136,FORWARDED,af72152d-a952-4690-9af7-4523cc6b8605,1ca18bba-e393-467f-9a94-4bcac0ed4894,c3,c1,1260,?,x10,
1769466678.6677957,RECEIVED,a6b6a0ce-6254-46d7-b8c2-5eae09fbae42,0f84f076-bce4-467e-8b68-aa30e61b1747,c5,c4,1769,e11,?,
1769466678.73313,SENT,a6b6a0ce-6254-46d7-b8c2-5eae09fbae42,0f84f076-bce4-467e-8b68-aa30e61b1747,c5,c4,1252,?,x12,
1769466678.7332237,FORWARDED,a6b6a0ce-6254-46d7-b8c2-5eae09fbae42,0f84f076-bce4-467e-8b68-aa30e61b1747,c5,c4,1252,?,x12,
1769466678.9842699,RECEIVED,256fa80b-6358-4f7c-b01d-eed60287c9ce,b5f92538-1ad7-4d55-98c2-2decbd991dca,c3,c1,1776,e9,?,
1769466679.200781,SENT,256fa80b-6358-4f7c-b01d-eed60287c9ce,b5f92538-1ad7-4d55-98c2-2decbd991dca,c3,c1,1259,?,x4,
1769466679.200916,FORWARDED,256fa80b-6358-4f7c-b01d-eed60287c9ce,b5f92538-1ad7-4d55-98c2-2decbd991dca,c3,c1,1259,?,x4,
1769466679.9064848,RECEIVED,b99688db-f077-4732-ae41-cc6c7a7da36a,4a1c5e7b-0040-4d3c-b533-e4b05e93ed94,c1,c3,1776,e10,?,
1769466680.033772,SENT,b99688db-f077-4732-ae41-cc6c7a7da36a,4a1c5e7b-0040-4d3c-b533-e4b05e93ed94,c1,c3,1260,?,x4,
1769466680.0339022,FORWARDED,b99688db-f077-4732-ae41-cc6c7a7da36a,4a1c5e7b-0040-4d3c-b533-e4b05e93ed94,c1,c3,1260,?,x4,
1769466680.1139555,RECEIVED,dfc9fa5f-15cb-4149-91a7-73ce083ff0a5,53f59d89-be10-4daf-9c5d-1f28a58a7756,c1,c3,1779,e12,?,
1769466680.7919168,RECEIVED,9d7447ff-4b19-4457-974a-f1dadd04eeb6,7f76b700-c21e-4fc8-8c8d-567a145a764a,c5,c4,1776,e6,?,
1769466680.9458752,SENT,dfc9fa5f-15cb-4149-91a7-73ce083ff0a5,53f59d89-be10-4daf-9c5d-1f28a58a7756,c1,c3,1263,?,x9,
1769466680.9460046,FORWARDED,dfc9fa5f-15cb-4149-91a7-73ce083ff0a5,53f59d89-be10-4daf-9c5d-1f28a58a7756,c1,c3,1263,?,x9,
1769466681.081602,RECEIVED,8fe76137-03fd-4ab3-bee0-bb8e1a3eae3d,507a2d23-6085-448d-bb36-f13065f91c7d,c5,c4,1764,e2,?,
1769466681.1363926,SENT,9d7447ff-4b19-4457-974a-f1dadd04eeb6,7f76b700-c21e-4fc8-8c8d-567a145a764a,c5,c4,1260,?,x8,
1769466681.136523,FORWARDED,9d7447ff-4b19-4457-974a-f1dadd04eeb6,7f76b700-c21e-4fc8-8c8d-567a145a764a,c5,c4,1260,?,x8,
1769466681.4028664,RECEIVED,1f694efb-b212-4d17-b467-7ad015de0f98,9e322835-d78b-47c8-adc0-2785348ae0a6,c3,c1,1771,e11,?,
1769466681.512734,SENT,8fe76137-03fd-4ab3-bee0-bb8e1a3eae3d,507a2d23-6085-448d-bb36-f13065f91c7d,c5,c4,1251,?,x8,
1769466681.5128667,FORWARDED,8fe76137-03fd-4ab3-bee0-bb8e1a3eae3d,507a2d23-6085-448d-bb36-f13065f91c7d,c5,c4,1251,?,x8,
1769466682.9206882,SENT,1f694efb-b212-4d17-b467-7ad015de0f98,9e322835-d78b-47c8-adc0-2785348ae0a6,c3,c1,1255,?,x1,
1769466682.9208255,FORWARDED,1f694efb-b212-4d17-b467-7ad015de0f98,9e322835-d78b-47c8-adc0-2785348ae0a6,c3,c1,1255,?,x1,
1769466684.3279629,RECEIVED,672b9c14-d474-4131-803a-edcc91645070,f37d2d05-4231-48fb-a645-b8630d94eb16,c3,c1,1784,e10,?,
1769466685.3843696,SENT,672b9c14-d474-4131-803a-edcc91645070,f37d2d05-4231-48fb-a645-b8630d94eb16,c3,c1,1264,?,x12,
1769466685.3845007,FORWARDED,672b9c14-d474-4131-803a-edcc91645070,f37d2d05-4231-48fb-a645-b8630d94eb16,c3,c1,1264,?,x12,
1769466685.6254988,RECEIVED,4ca3c08c-35e2-46eb-96ab-de9cf2f9d99b,964b2c92-15c8-424e-9065-be2b71441369,c2,c5,1772,e1,?,
1769466685.7620275,SENT,4ca3c08c-35e2-46eb-96ab-de9cf2f9d99b,964b2c92-15c8-424e-9065-be2b71441369,c2,c5,1255,?,x9,
1769466685.762134,FORWARDED,4ca3c08c-35e2-46eb-96ab-de9cf2f9d99b,964b2c92-15c8-424e-9065-be2b71441369,c2,c5,1255,?,x9,
1769466686.6568935,RECEIVED,0c056ec5-ad51-4371-af42-f80fa855df39,ec567a7b-fd3b-474d-adf2-ddbc758decc5,c1,c3,1780,e8,?,
1769466686.9931047,RECEIVED,72a28409-beae-4587-9516-c9ace460c6f6,8109d387-23f5-4e7d-ba97-a065deb3b1ce,c5,c4,1767,e3,?,
1769466687.0683997,SENT,0c056ec5-ad51-4371-af42-f80fa855df39,ec567a7b-fd3b-474d-adf2-ddbc758decc5,c1,c3,1261,?,x1,
1769466687.0685349,FORWARDED,0c056ec5-ad51-4371-af42-f80fa855df39,ec567a7b-fd3b-474d-adf2-ddbc758decc5,c1,c3,1261,?,x1,
1769466687.4787736,FORWARDED,72a28409-beae-4587-9516-c9ace460c6f6,8109d387-23f5-4e7d-ba97-a065deb3b1ce,c5,c4,1252,?,x6,
